0.5148563267246151
0.6890899152927731
0.3686895069234891
0.49888851451506944
0.7747797745007164
0.21313438041337257
0.1558071118559983
0.2117868662901337
0.4380394960922528
0.2979786990999362
0.38457272413931454
0.5166950211750649
0.669522403138751
0.4035504828170602
0.6459398484955015
0.2561661780737439
0.362102585356118
0.5383303981083382
0.8039704471610598
0.32313059292932894
0.43372310850991724
0.6514016618868866
0.22293070108133017
0.18720876009698204
0.31557332882581846
0.42094808161851277
0.7550051411113211
0.30912259217391125
0.4656065353542395
0.7878398590240328
0.48010004629089403
0.7943079686519043
0.63237595785528
0.6351297943082972
0.4484408724154435
0.6337903436552959
0.35529040710476395
0.3524075365403355
0.5864521292550974
0.7719939604142728
0.45098150417193833
0.6866275441764609
0.6031464633553683
0.6543774417834531
0.47369470193362434
0.7861340132652352
0.40493092311258766
0.6517386639805831
0.7850309850323104
0.45097482771198155
0.7934008235636866
0.34195117751220067
0.3147234791668565
0.7189388987651444
0.33021846900607865
0.33757276822048693
0.3562779423816532
0.6779612448758564
0.5466508665364063
0.7023540706113559
0.34570938389668676
0.45280920512546735
0.3996933374733585
0.5642130094734643
0.7168708733522289
0.24988399049341173
0.22477138744187408
0.3969990684811264
0.3781650586483051
0.4439462832131079
0.4453743678593468
0.5219337551316551
0.25837072282044443
0.48938225076154457
0.7675466692633179
0.32528924029316036
0.4284881207722758
0.6759343257456135
0.252726128620906
0.4001321940166301
0.46347853768842245
0.6899728687311559
0.33585887477553344
0.14341460142975274
0.4433607834963612
0.6716724870031974
0.35863511753664523
0.4016626078122844
0.6279976668862564
0.6726698115733593
0.677568338611822
0.47030308878391464
0.7945447450407161
0.21426931333564267
0.25871931201695597
0.482686731721389
0.7627585333979319
0.3688912319334737
0.2076778103830739
0.3399203446208224
0.30413446973484476
0.18504349544365817
0.31670556313632087
0.21410285880901117
0.17628203516100896
0.25091979913947315
0.3378288861847778
0.307102360950042
0.49432126034593876
0.7167997216203996
0.6506971714249514
0.7112542224781316
0.3169522835560101
0.5321862423736519
0.5827370665710089
0.7970305595033904
0.429499434519087
0.5279544589100599
0.8025839687216618
0.5971756839464375
0.7472613160045082
0.5396046688099859
0.679767635949911
0.7933758408454186
0.3121835525709132
0.5953153104996899
0.7290179703620171
0.5946168654527886
0.8077834329866471
0.26161460594690533
0.41060404043982135
0.40317271848525127
0.5356441301348448
0.7815728419183708
0.3444222913188942
0.8219198393739459
0.6798614765306457
0.6972799282721815
0.6894971222835016
0.4761586022314259
0.7880383236055611
0.5992040699686706
0.7576689498634414
0.3721739922659392
0.42909587445806047
0.5837651977053366
0.190944532617834
0.286198034566965
0.6384353209954533
0.5752147329962586
0.7754917098258213
0.3595939013527488
0.5691664223442093
0.6669101322370496
0.4864302909362017
0.6985893294810684
0.4723784938817243
0.7830015891342962
0.30862797183761287
0.3804617983009562
0.7336784872066838
0.40823296949628973
0.6063769992239799
0.38854127246914577
0.6485231199300956
0.23224143773931477
0.2966341046377544
0.2888429477388273
0.40825447306203766
0.778953270108168
0.48353235473376915
0.8220738405985274
0.3202668443879782
0.3242795331944906
0.552475595259397
0.8481978538743885
0.30354484019391265
0.3187470590466858
0.4554437651021204
0.6430154789898083
0.4379335260682719
0.7728426714869524
0.683674210262361
0.8904505985461222
0.7232359940110672
0.6129068628704525
0.8015016840106436
0.6895580918013117
0.7454615321184043
0.36671356293808716
0.615930256565929
0.4226789274559554
0.8303837067987877
0.16819503363587565
0.3960123817336469
0.5480806930517483
0.7641283806888955
0.4929401821173139
0.478614758650657
0.6901835848463833
0.6055955108753431
0.5880356181849544
0.6474096865011493
0.454053331219183
0.689600382014872
0.24328438159572707
0.3880089421409899
0.4039178191947661
0.5663430211656185
0.8505340360303109
0.5128649676082272
0.5641731482669631
0.6863348789350402
0.3337268204741199
0.6140634073199205
0.6721595420033445
0.38507996017980717
0.6837289870618517
0.171064514234386
0.26368985629873914
0.44187571111433616
0.7105602081911644
0.8682795389457523
0.4717462887356581
0.609559362463873
0.9173771588189079
0.42960736175094016
0.4249905174305967
0.5092202677072104
0.3817259474421242
0.34365558440870375
0.2868186648424976
0.6482040280101431
0.6373983985653672
0.43683287707891405
0.5473072573164232
0.4221076698301634
0.3490925793947284
0.3001589755525544
0.42820635484362957
0.7470059212499228
0.3504615971936428
0.562989395176218
0.4489326476519749
0.6126750081704527
0.3763106678827374
0.6488369278617013
0.2364788738509637
0.4661520431772301
0.6252373949770009
0.28043977373444706
0.31060576805941353
0.43126368519388164
0.7183691369464543
0.2108510483965864
0.17585538291958425
0.2614489261637892
0.24105841119861673
0.41786322127907155
0.7987193340093839
0.42449138936563574
0.6297900621022074
0.7404904130224113
0.5811056857644001
0.690027071732876
0.4561303008479729
0.6456745973546425
0.25583497684084644
0.5977186399401515
0.4275097804567617
0.6735004778637417
0.5506848287476532
0.8393419293068631
0.3952367054723965
0.47263866660915155
0.6523302076140023
0.826393917362329
0.4042112466744074
0.45042176801619493
0.39583828463566034
0.3444252040813508
0.36884015698198735
0.5274359736095938
0.6220837356215113
0.8115468298703357
0.6389720895306313
0.9096329954834065
0.5238337720840479
0.6855589850525431
0.8607186103514959
0.5217696861730585
0.6188385200253234
0.7746240650848796
0.35937849379277054
0.5970691553076855
0.6856410197054826
0.38244052107433785
0.6478297786770708
0.27890095284294086
0.4284106360846493
0.6747878590217946
0.3903997845989127
0.630905594892403
0.9578940789957695
0.6916265579494771
0.6773699582189414
0.7491162340198286
0.5292778477202088
0.5449857202820363
0.7043685989451315
0.36475023780321086
0.49374171866444466
0.7920656884086253
0.5566288995759435
0.804393802461522
0.3985605987635117
0.30030455018293956
0.35441267743267774
0.4644039408977632
0.33014347919529363
0.3450101097358463
0.6699093472713408
0.48543477960153286
0.7578326123771028
0.5312947896768012
0.6397169578625803
0.9578145910144581
0.4600485120054149
0.4833915932763133
0.6019543388299433
0.7764346664373003
0.46039644992911266
0.6755728628037767
0.8377550076025397
0.35586997958450156
0.5166894738844393
0.4982043633094873
0.5716471740563582
0.7511680556402693
0.3391985488980102
0.4415123770585892
0.40994555917333014
0.5656397305894494
0.46740833318496716
0.7272813421424533
0.2191906221308251
0.238146190111654
0.3085287317070168
0.2779254812835471
0.4094217145078727
0.6714336005396577
0.39867837607422457
0.6378643665560577
0.4266348333886093
0.8165650647838625
0.3260728836531689
0.6993397881947694
0.7414270308526679
0.3799460129880474
0.6786140375942817
0.6436672261358182
0.5741138807714053
0.534187823370975
0.6753323801048684
0.5773364160807258
0.8169116137986664
0.4316578644520064
0.5657839676901697
0.7314543025389838
0.28099698034977844
0.3078786710598143
0.22794790814687504
0.21156951248452394
0.0
0.13662617316000902
0.2534010926694058
0.3434989126415349
0.4604852989833148
0.43471544561289216
0.4549069359203673
0.3885856099618238
0.5370396841872713
0.1443860911641245
0.4391921037273183
0.5912019509195846
0.559776430291396
0.598656924705248
0.5812321675310388
0.6594837542724918
0.5288959644393959
0.7753662387903697
0.8229872689339698
0.5369651552580404
0.481638720873249
0.4328165868318108
0.7359282328873207
0.19963812530306826
0.479915705691086
0.8222437143069956
0.3162987276438339
0.3865226296046698
0.542852205292149
0.63316610259975
0.40220781446399856
0.514945817457533
0.7206930972565357
0.2927051864354644
0.46822241753221416
0.7268661279593579
0.3493659558271012
0.5089474534162222
0.4669643164027663
0.6419084569993205
0.5946580612918226
0.8049927777032015
0.4425317569389816
0.5458032030319054
0.6892832760792313
0.5283100242982235
0.6869137061033747
0.4412425013929624
0.6376170197330753
0.10941749184538421
0.3173724083927537
0.7280998734500517
0.6805710940690195
0.7935392607116167
0.750140437812071
0.8874903068483544
0.6198393415005553
0.6444965360294027
0.7848616348426024
0.4368923423024434
0.7445905712011739
0.39645912796096805
0.6711071047287143
0.7343961789676098
0.3090259998913399
0.5540834324241111
0.8301712103521237
0.3379875243108472
0.27098317303276215
0.3898279001778114
0.706047821542185
0.8613378020286978
0.46351148835162553
0.4654421098968047
0.61834808668717
0.804035966815054
0.4839339972773572
0.6714059410739308
0.8550145956193083
0.3350170439151512
0.5197634422768496
0.761500659686937
0.30029224598057247
0.1562406875170667
0.32779029319240927
0.4273970181341428
0.3430743585102903
0.5305771549705589
0.7168600345977422
0.8179548536977918
0.7580422088305157
0.8419629760873919
0.6309409736481615
0.866602103092379
0.6116159827552798
0.7856252813821042
0.3363788248331764
0.2078413391125906
0.1890647518005976
0.26007349782777434
0.23270777106960802
0.25273193006180106
0.42001594211393023
0.5146153394166767
0.8105365098121807
0.5096533833112122
0.6540805013334952
0.47437333313490543
0.6510837973764709
0.5930305331711416
0.6134746801028663
0.7222074746926764
0.4829119757380825
0.7609795454772564
0.32626434735467014
0.41398053762721604
0.6479489163429739
0.6998351370465329
0.348385630671196
0.3764374841641126
0.37652555328555126
0.34066253217063236
0.39237976763162963
0.5610297434564169
0.5592461006472877
0.40152376998721295
0.6667413231232956
0.8603989652364953
0.3433401739605916
0.5668543513864283
0.8135952906734153
0.3687550770410479
0.48875218785554414
0.7647361022607575
0.3307533344660528
0.5210157404877422
0.871619416758785
0.3980086382654859
0.23299893113636405
0.31416884950586194
0.296728389036972
0.2783948138708601
0.16360384012684112
0.42613231854133177
0.7189237225130567
0.8364611423612437
0.37096674154546877
0.6115547519341313
0.7166764341498288
0.5359822833822072
0.704766399378275
0.25963377492139067
0.21212010060732972
0.21317389931959493
0.28563589951959517
0.7027436197417246
0.5708470114335107
0.6830965370348812
0.4079408614714236
0.5489353983289393
0.4901829582683887
0.6998360461761921
0.6794193326927026
0.6138867686884532
0.6898747575186683
0.4906434057635269
0.5963110963063198
0.277843338594498
0.7197447084902189
0.36297411266920965
0.5438924846668584
0.8085945352830178
0.36234527530445226
0.435925779064918
0.44110770418622136
0.38498505616434586
0.6475001915550427
0.1435556540194373
0.11445916978688521
0.22567506097789156
0.532131934082177
0.725060556956021
0.5297191385691381
0.7022291870632348
0.4204523428446674
0.543199536261724
0.3291899821874028
0.5629542330389655
0.40249242255329065
0.42667129521447283
0.48127554209473805
0.730122182466938
0.6011421374412118
0.7672620610207733
0.36417652036624937
0.4761528046961168
0.5474404030009027
0.5101624956959621
0.2605559726363637
0.2901107265310114
0.5698371157761712
0.8895818984836571
0.3651381614085878
0.6401238830436126
0.7891618228911593
0.5174535005823352
0.725568690659546
0.6068858593436743
0.7513439196196738
0.35198905176556017
0.2797821723703009
0.5512685426335885
0.5434844640874882
0.782560182495761
0.3686686612628315
0.5124644831767394
0.6966705319366788
0.5174389348041682
0.6388502667433521
0.3156438539520956
0.5992233887432459
0.5871391213512009
0.7480350688342073
0.3372478566135371
0.646485429103396
0.35457408338604424
0.6544871454862009
0.6185573186929869
0.4713206090907549
0.6433961386337722
0.4972292137559739
0.7529783854672261
0.3352919534750384
0.24403255205826752
0.4716288237518398
0.8670527812785135
0.3254465524028176
0.529404702260425
0.6164554663009165
0.7583760534952798
0.22103287563661864
0.4174442042359792
0.726487507883088
0.6133553877554176
0.8313433024652268
0.32758092158179497
0.5629157331789114
0.7636222364843854
0.3959285204355796
0.7015394052102979
0.8241673668330335
0.7055717544366491
0.7247761862234804
0.7055101259633431
0.5602904526794253
0.6425617801323573
0.27727841975093936
0.3945959252480436
0.5858045942050701
0.7228031542250127
0.5919135449345425
0.7483566576697774
0.3578233877031183
0.6268878007154187
0.6113857313918141
0.8732299861890881
0.3798343263747664
0.5848014978460465
0.6702844788530085
0.30725736843358586
0.39537218367951243
0.628266509403874
0.37470490109640436
0.6289824498492257
0.729599168396356
0.6753220104937078
0.8260931822060367
0.22328833767349943
0.33944258901236685
0.6327009480753266
0.5014671174684971
0.9052828103264217
0.25905770058382116
0.37465479686741715
0.6990189415289833
0.270283659283079
0.2218076493358402
0.5372752709340698
0.33278884155634153
0.6850579359665838
0.1735302653627539
0.22101775030907378
0.4512898277133623
0.8200796442626355
0.4613924613358637
0.7940786709093175
0.3635857954589725
0.41650503823082363
0.7431986192952114
0.5763081932135055
0.8075321396423196
0.42156192317785735
0.5042477877014904
0.7104768540543627
0.49175032782392836
0.7163873992685166
0.3352260898712027
0.4436788688820816
0.6310482678301034
0.8701517866624733
0.747056786469825
0.7296014378229346
0.6228965225779445
0.5073352443958276
0.6042385207672651
0.5927031138996078
0.7442095219132978
0.33563002567272626
0.4191054526755082
0.539684923844555
0.7825393630547997
0.34118054437997664
0.41403614978942344
0.5658558053241924
0.7993730767952573
0.8670017366537839
0.43760196135783264
0.44179933772730506
0.7498200402673587
0.4937052766293258
0.5416539462343667
0.7932376693260181
0.46839128925395296
0.7233133648944755
0.7269774789024325
0.5638840435544212
0.6847311999653609
0.2668692299467636
0.2849455131511982
0.3515477179336726
0.5031302249207059
0.7523071300795267
0.491977287162592
0.5666281700522285
0.561740470268274
0.6966696317463716
0.4202634943897886
0.6783715840666097
0.5753834265808611
0.8426599875109004
0.4193972561515742
0.510566252175882
0.7887494285371488
0.46896095964727674
0.6753074198325625
0.40880230722212796
0.7092436946072477
0.4395318894484357
0.6459330367554784
0.631312091409868
0.35155124298974016
0.6318188478153415
0.47883409344816696
0.7272537880126804
0.2916862829437095
0.22874252242788168
0.23783957154555233
0.24499960875989868
0.21355296602459678
0.3752939144418482
0.7304303141715422
0.6202490128663947
0.7661226751779048
0.4937559792539171
0.7021312766337616
0.41215953213011
0.424824713537171
0.4622597729216318
0.805070537730924
0.7402170936530071
0.6776184982956304
0.45296062574617707
0.6591852066776821
0.31683370827559065
0.5880869007408751
0.44048443203441234
0.8030064313205998
0.2760138130616321
0.5551437236175878
0.8316014437413907
0.33723965517055177
0.17812772960501574
0.16014973361450002
0.43919902617160506
0.5780032469378422
0.5124613617969862
0.7422793901010942
0.4435370551228476
0.7730710390538333
0.316991727009647
0.5109886576081439
0.6432844104545152
0.5464159152612218
0.76578349169279
0.5610478662185155
0.6884489339051736
0.359564844242279
0.6882594661727636
0.41276277683654183
0.49083706519862436
0.7794233429918689
0.3371656817306179
0.6726816322088358
0.5166121424313228
0.7197014292826012
0.49370852268569004
0.5066889654298177
0.8099877773908325
0.44988109136853016
0.6651822761733234
0.6513102524307411
0.45904757895569376
0.8605855956367651
0.34084372078999503
0.3926597905955227
0.3491435792133086
0.5456045798133656
0.7198998082052518
0.39382918835176084
0.49254002346944
0.6780602562590474
0.46039161580949434
0.7777328922980657
0.3340285822766672
0.3900413279946245
0.7005829064494347
0.5038032791247479
0.6189271873950092
0.4666198202064877
0.6038985077413078
0.48479980512297677
0.7283124226476734
0.5064251057531288
0.37019679821189916
0.27324396811537854
0.18910445037332646
0.4237337289232575
0.6320303215186339
0.502711126072292
0.66299280442576
0.4053168530612563
0.3241666376744115
0.6451860724470275
0.3985998595147565
0.7094838834411552
0.6915863754592476
0.7392675613236248
0.29116864271621506
0.391510874500861
0.7731477397205176
0.3139317672517608
0.28814435327530147
0.3684009711804784
0.7896293626738875
0.3799659424968742
0.49578263597169914
0.7483831784157324
0.2840215790969183
0.4349183922097723
0.5325947056414351
0.4302374663974245
0.7201685018538396
0.2546271789989036
0.2708148435709688
0.22123077715244605
0.2030972872267954
0.3602181045330243
0.4527503231981263
0.7253798660534667
0.6349486663779851
0.43445819348992387
0.8160287594025754
0.3612157859721026
0.2744800867510741
0.313204514033564
0.45449950565949093
0.7379246272495055
0.3900782799127395
0.6211849795832461
0.6969646842387166
0.276649095070819
0.3890443509989696
0.42080886883384
0.683070787895434
0.5769171833197879
0.6881445927438158
0.4305099031428135
0.6813609425365575
0.314184818918661
0.30757010292337095
0.3098111337558677
0.4438060406898561
0.6622134374356571
0.48581587594685743
0.7424492687048965
0.32616918903897035
0.19989138770051068
0.4776693579751274
0.7037338267774256
0.12618224375533327
0.17421659916178261
0.20226418054158332
0.3973404270856449
0.7002082430549557
0.40128290031749253
0.6364583039230742
0.5242829263594764
0.8285173319461006
0.30734859868193615
0.13243472472627718
0.12153283716707858
0.1782642935088595
0.26010621188837874
0.26404471775671084
0.4125682328905911
0.7015837249726115
0.33420882120219303
0.612044684829523
0.6952475365058401
0.37032174762321723
0.5474276235262486
0.6642484247180486
0.4539735020212867
0.6117773030120898
0.4683524788888555
0.6487932348499078
0.2965304917538904
0.4153453999407415
0.59005928395765
0.6574439763344403
0.8608581412860002
0.2568218671295693
0.35074718967875484
0.4214215256853937
0.2095523041804785
0.3535743027920767
0.392629962474727
0.21850563998781852
0.37650077328113424
0.4512452342021031
0.6245854395963871
0.6025687007240088
0.7064866875537791
0.40391505910388564
0.6208673001677714
0.48791480850530766
0.6149276811099166
0.455474666099671
0.6651238022594478
0.2567807776717788
0.33237397813327857
0.3664451900557152
0.5334763266465118
0.48650827286513315
0.706870116798327
0.2686696611231244
0.3535550966433745
0.5873217370204
0.4897204006163204
0.5682821621313335
0.22327678213844776
0.3453551972399351
0.45085611730829084
0.7682251412036212
0.3580743727799088
0.45970299136591525
0.6697739901656753
0.7819532391070573
0.6258693672702007
0.8159355673616606
0.41164418175896234
0.6218880562531071
0.8359530631467791
0.4322079293750106
0.268503394270702
0.2056965496281466
0.38768805580388255
0.6264133947516611
0.7162023438625905
0.7550616803055767
0.7477087990312848
0.6521437800262548
0.8037824823085623
0.24102996995778686
0.5879081279337665
0.7620612706866275
0.334066137894548
0.2917800832255222
0.5226947099666905
0.761070173283246
0.594905022960469
0.8422138738509063
0.40580234522788583
0.47434366116360593
0.6942656194926051
0.7647957436865381
0.8153142173895885
0.6223058368693085
0.4671269985083209
0.815071558508395
0.27762638103686554
0.3152718557171478
0.22076992529646158
0.2124836416774666
0.259802396448408
0.6024010105899367
0.6214019844517057
0.37302841253886154
0.5693455860834401
0.18339492915683822
0.3166890527337176
0.31996842664310154
0.6134305700878093
0.7109840021963045
0.3731295133770388
0.7224268369662091
0.33527721355339446
0.4329073119734061
0.6378891737501212
0.5041418019750925
0.766534009111798
0.4278651351707709
0.8340348138636531
0.33052171535506475
0.47510482532620907
0.6900066793855725
0.33313484726301495
0.4805821416852551
0.6601114435790915
0.5883128904121067
0.5540858042786455
0.7294607793232095
0.2175645003032013
0.401837884663195
0.6726296856009394
0.33031008889929847
0.5407430838234718
0.5689336690500879
0.8375897742744318
0.39471880463079223
0.31864840142389506
0.5469225114133339
0.21651981752350974
0.48747374982997865
0.5945055482439745
0.5262097696854255
0.7585880727209654
0.4971984658759398
0.6010006842539514
0.5145615380804359
0.7232555527858949
0.6089469917952809
0.6488197368632409
0.29729695680925916
0.28731277495128327
0.28539726025995926
0.3011612447011953
0.37047748970029926
0.4524673397885582
0.7869761646936818
0.3905759576448482
0.4636502997112795
0.6474173332421582
0.6340916490878975
0.6201843694915697
0.5709058494976023
0.6596337532760416
0.24873005301868678
0.32042999609267786
0.5398882648801245
0.7781068685288682
0.6937693410060906
0.8100029974446448
0.3691480896800684
0.5244155666153325
0.7183605009870915
0.38247692063980543
0.42097952670506833
0.4024175898960177
0.5650491239593441
0.7586115574664651
0.4399954667570715
0.732695321661879
0.3239363204111525
0.3297751753181786
0.5040084377119235
0.796476016964247
0.6689615247519087
0.838886037064468
0.44608284889352795
0.4381724527035288
0.4870160637623168
0.6647272950734439
0.5310509019315683
0.7826623101263505
0.3148278842441605
0.27174108886852744
0.1644158865911424
0.3335425317228484
0.47655266420386055
0.4090862238737984
0.4733504258831767
0.7568196810318264
0.19393516496532853
0.28963176909634725
0.44585205532496924
0.739097412464398
0.295900683766485
0.3161325821284042
0.33570997509279843
0.3808270510917924
0.7028545085535864
0.3092439851704293
0.31004643683009686
0.2867824076861467
0.3768278165802024
0.5668168852539734
0.48558642525015566
0.4318665187866795
0.6645700557041303
0.38877267373395724
0.7437676860977545
0.6176645061324714
0.4537340877459447
0.43866927692436525
0.6447978845053086
0.3655538600468868
0.2831472628350563
0.29000045831100846
0.17627908466557946
0.193575274975175
0.23194773723221468
0.3821573287728863
0.5040228138176842
0.7715694143736318
0.37346284056885903
0.46045509788293165
0.5615166248507755
0.801393124818915
0.3580036148615921
0.5570707721857124
0.8428686485242232
0.3036141243849496
0.4402796235948899
0.6693028426770383
0.6195470111121203
0.6741020554038589
0.46868545147189383
0.769026746198971
0.48539517591374326
0.6447758854745537
0.8273427523199524
0.3221587411460985
0.48906751030942697
0.7476498725496118
0.4940219409938597
0.6988022456833052
0.47451423885507554
0.7664621290278839
0.4448992666618762
0.7028476060943217
0.40008606786143686
0.6883931999038791
0.4293980845950078
0.743234925881454
0.34334581407556874
0.44360019761191144
0.6052292835672733
0.3930146737120149
0.4305029152512902
0.8079236373615946
0.3502512782475826
0.41602607376771383
0.7433491959062828
0.4142408082269728
0.6107973569942166
0.46267557976505885
0.6511333339397113
0.3850522218215483
0.593467279750559
0.7001228571621779
0.32794510788813586
0.5808638858507303
0.5196779219085484
0.7741058118896077
0.23306350523115751
0.1953685739038039
0.24909915936003074
0.3478261799031006
0.43712838050836944
0.46341510722502666
0.43687673306118346
0.6368124649696155
0.688304444985187
0.44959081250531313
0.7215018662850233
0.49677123730931616
0.61932412328184
0.5058612536662382
0.7730851830380374
0.545369538913545
0.8343463301489563
0.6391135845343393
0.6813975657592853
0.24630479005252154
0.24507038758260408
0.6159497001503949
0.4590506111853441
0.7697355854793881
0.28523493605933586
0.3383513277650779
0.43109537705628526
0.7437862548630382
0.44694596680765813
0.665855057605949
0.3910907729974359
0.7338439308699919
0.5231430919205207
0.7490753525158157
0.33367587520265607
0.3521030190997087
0.41675685347781477
0.7245360117261237
0.5395500110425169
0.7313201676421149
0.425335600435188
0.5398720663897211
0.7743355865304279
0.37406973130186494
0.6771947984006498
0.4098645667030718
0.6114794149724545
0.7183719653567673
0.46931816305732643
0.8068783547153799
0.3743196424821651
0.3660404406186993
0.7806344127092444
0.30525737561576094
0.4435310820781314
0.4399435884189374
0.5159185079229642
0.5235606740367005
0.48316850080347856
0.7457920693007251
0.3046316287182795
0.28270434394798244
0.32837024817394617
0.43569084551990034
0.6401430977130558
0.2588166830931146
0.3562926090337057
0.4774139893194359
0.783913602122927
0.47257996132770824
0.5779125896880064
0.9364972902928341
0.6305380442817479
0.872757013456194
0.7141561478978666
0.6713830794008858
0.7266743287822715
0.3665595037820037
0.6506389518092297
0.36923126985968413
0.45330783660394736
0.20142133367840745
0.4475802325636199
0.8332720566720668
0.2886508352953089
0.2456424738521743
0.38530058981832993
0.5034580276295114
0.03785224669494899
0.13784187538092074
0.34865778267943887
0.6976803355423401
0.8491108486005962
0.44633940797036453
0.35725020267858987
0.3541921297826058
0.25909105805497695
0.35471983993610284
0.2990222747517849
0.1072761172497756
0.19359397754428803
0.11040407294913394
0.26357922333366707
0.3494552687838864
0.7203967044952502
0.3918177515304124
0.6733053447875179
0.5439009078683378
0.5875113827661362
0.6394035947822597
0.6764461728740587
0.7417534895725366
0.6402085285490594
0.7876362993139082
0.5049973980349158
0.767836844433623
0.6188735792777059
0.7060691178168971
0.3261253657887125
0.644020147571472
0.7050928845269016
0.8159635757311869
0.5577044728524684
0.8160590782465216
0.28113806442093914
0.2713627887881629
0.3005330454135818
0.11065644200804797
0.4420841666466955
0.5458183060109318
0.6620714250066749
0.6269634800661978
0.4540151484162893
0.6900538630194356
0.6509710437131231
0.7377476802721263
0.782807745216256
0.7166006907474787
0.5534514767225336
0.6985018765392792
0.42399088116769373
0.5418080574045152
0.6928992820531682
0.5630846544862335
0.7537815628417783
0.3353946993937972
0.5055130217810813
0.7872566952653207
0.5276194340198448
0.8354788432754355
0.7081169576850985
0.8142979048658047
0.17040428710647199
0.31419993305823346
0.29033863590980963
0.5953066271353943
0.8195507751389205
0.5258989915475478
0.7012762755692743
0.3701845490297721
0.7490750110154899
0.6621328811954705
0.68676005402554
0.7326698244440025
0.6349114483571243
0.7666859108571454
0.3086782255534063
0.29343436804617146
0.33693748152214736
0.6391378056231338
0.8135792385128471
0.7107951827061914
0.8506500289713567
0.5787550623969289
0.7736614994494628
0.7673230937389255
0.666578044988683
0.4638618246119799
0.6451293607058832
0.2196696223436772
0.42204171829487586
0.6279372773661371
0.7167554072176038
0.5382662553011175
0.7487994715083747
0.35307802739022076
0.5013282908049638
0.7267232416930387
0.33860137511351746
0.4619102915086842
0.435575577931707
0.6331937524940703
0.7819318202406546
0.40516720695702246
0.7104248635182894
0.50621488550738
0.6727459504107621
0.5204507148372997
0.6304986094003646
0.21089433891282017
0.2787295436370544
0.34418268154051596
0.6120881762408152
0.782414781149154
0.34274176844226084
0.5395474643593167
0.6313183519471518
0.43183070965349707
0.6485437324409782
0.6926249706905889
0.7335983667424726
0.4548402849804301
0.7859809659757728
0.20601972121783751
0.3054697638289301
0.3272560102468412
0.5015296893073966
0.49997824769851157
0.26242155771341913
0.5345692983027279
0.5920518712294291
0.2746036209363844
0.37209450435586783
0.7768037616577959
0.5606210135568952
0.8280991891917505
0.5396192035095045
0.7505529368782468
0.38061162876325366
0.6325429229800544
0.7168719270935615
0.5600699502066283
0.7860819856812058
0.3866111199048447
0.47651255569091217
0.737175353865214
0.3079336926296313
0.4476769753669147
0.684889840624513
0.5183043640614007
0.5792195412742354
0.3452693342261199
0.6391885466363316
0.8863135062594342
0.43257524902409566
0.3379889202370323
0.6106815486053602
0.6843675415321274
0.384796759525919
0.4759083016247807
0.6115707608267177
0.3116859382539841
0.4620216127686422
0.675560165512947
0.15708832431063555
0.2685712231957854
0.5291179326491362
0.5242459986389263
0.6703696469812429
0.33184861696068696
0.3451195421298421
0.4909369268011927
0.5883652686908144
0.18368559841413343
0.23096707059383836
0.18701015239494856
0.3467426724814591
0.33078737271503716
0.46077829174852536
0.6343357578575775
0.2292407682143946
0.2934759785425244
0.5392581465222358
0.6270209488223795
0.6246648392656711
0.5491868404573154
0.8264127481643464
0.36529284263088224
0.3091156849752931
0.4046404430080305
0.5460965367457854
0.75683993545498
0.2856056240452828
0.22005176626726017
0.4377070619876621
0.6706258064756575
0.7096705231928596
0.4224194140906326
0.6825448239004869
0.5016744886365846
0.5505519295714334
0.9153143238147744
0.5853036032906036
0.7559966939621473
0.8598028379073124
0.5273414632112836
0.44365437655621437
0.4331941125698312
0.5825415496481509
0.7598097362015888
0.46864810606604207
0.6503221039408585
0.6345270908333507
0.6971508753924508
0.6432313068481963
0.8320030441732827
0.5071984097553498
0.502925435004728
0.5487092932848696
0.8919449479250244
0.5297866263672681
0.7323456618082578
0.30229222787030263
0.3483039171813485
0.6043676733747146
0.47137037098328993
0.7986434232410417
0.5721185903496765
0.7636704275400141
0.5772530751638462
0.6593043947367383
0.2854594732858231
0.40803177625262643
0.7012125828171192
0.3544588351463349
0.5144777343945742
0.5902433154705172
0.3818662903256904
0.7584052195214201
0.3401453320337066
0.36630563542584643
0.5880382130746241
0.7156285961233853
0.5931452339914224
0.7082375333416303
0.46417752549458763
0.682210501017342
0.26980052479263694
0.2868016371787246
0.6434210385285846
0.8649421658012298
0.32955096112846893
0.4230769494132108
0.6764111961206589
0.5103045451316537
0.5561104558805872
0.48427093811643357
0.5815828537017089
0.3384062984462862
0.5742016849582338
0.6643298707405075
0.3979203788661724
0.6270177160371858
0.7654918184102198
0.5859962202381618
0.8573269860128231
0.4254579859426461
0.7977218048790081
0.3680417125176243
0.7885507681939576
0.5128473135961757
0.7369281324374152
0.6049258568305241
0.7748045842533199
0.5847817313564524
0.6191764388734532
0.28005288771868514
0.33279917768890155
0.33628049233408597
0.2284808911815773
0.3327084549581928
0.1487119736999098
0.22143773052657184
0.3083470765960121
0.23880778945627748
0.5687779483781452
0.6833622024236927
0.3566142197253151
0.6064961346105285
0.6355924796152949
0.7438719321103126
0.254385037863705
0.5487800976851698
0.8493602882444413
0.2813558234465885
0.3220004613461345
0.35378089429214515
0.5872067586842881
0.8773424759650993
0.39498623922755505
0.4315110863397305
0.690746792666066
0.8407215055718087
0.27963839379334854
0.2319891309424446
0.2181296479055827
0.2412556897156911
0.6375762140380727
0.6559050235090218
0.5484245663583608
0.8123681001724853
0.5059817477717427
0.6709026073162949
0.678437218039484
0.34750680054549904
0.6647513381266806
0.34978440548021983
0.3836557794335451
0.6510045135905133
0.38827626476275806
0.6124765404805738
0.34173925196329213
0.6578496694278548
0.21810849629006815
0.24740436396659105
0.4350955880640001
0.5746670198717133
0.2760327510519223
0.42547805696099306
0.7592104789669434
0.7709724623018631
0.3992863987651576
0.5933908193448567
0.5271372432348286
0.7424919564163942
0.40142242689648916
0.5370118991469008
0.7521951039222496
0.2820763872175076
0.28125137908339304
0.3564227653814305
0.6856794345817633
0.5604080924711303
0.7813210713154992
0.18684620057606027
0.3482708124324399
0.6177199687897529
0.8348456162284444
0.23065752806811354
0.291995060660265
0.3303375717762565
0.4152440923256881
0.5740563902029019
0.801575085700432
0.5145353745950554
0.8909843476439671
0.4321540709155518
0.25576102043788546
0.43476206065753137
0.5348483662987731
0.8111774310226905
0.28053118981162267
0.5153380545921457
0.597886788726454
0.3475310262421882
0.6620406846473651
0.2688553392528209
0.7264342844047279
0.49073643114220084
0.7465268614680284
0.5279505512412563
0.7672338975587978
0.8159513726327987
0.7405151174837019
0.5817720295048812
0.7032308240697349
0.3427634483258135
0.5679281182299859
0.742410881545919
0.34006132050488497
0.34725841624937354
0.4677831162295826
0.7220295564859999
0.3606933023312583
0.4401357691519844
0.4717892080550736
0.7146955147029559
0.5294246805808855
0.8296602601806032
0.4302059318416472
0.40710650495120665
0.619357610903036
0.7453098366490905
0.4149071642434498
0.3237267442594805
0.7085061816789917
0.45022147294446135
0.6487907518918227
0.7115489454598188
0.5078700430412528
0.5421577453693202
0.4560812578686843
0.7452808735379384
0.2929666678816118
0.7118632850557791
0.5226913100589897
0.6959451967851585
0.3577527519131227
0.6201551008134369
0.5296356692364967
0.22941595906524392
0.22328680275352164
0.2651610758574011
0.5018761036701676
0.6865180051974451
0.2918535497784393
0.6970499754792606
0.7528515844441234
0.661799692065826
0.8890713745434855
0.5443636918185824
0.50990719379867
0.6143844268530069
0.32991940828148
0.4983199798243171
0.7378441084437496
0.37579584058549376
0.6087356568519441
0.6196034341574903
0.5155010036064744
0.7185235959069142
0.46334275492345006
0.42577276466363945
0.7294518640400571
0.3681574522514336
0.43906258457572334
0.6971760586771768
0.348160248325198
0.5751706810241631
0.7383108587217891
0.35116483612793514
0.6479374405082383
0.6673253154252807
0.6210368841947203
0.8481966840099101
0.4176539870383043
0.5882230227606539
0.7207798299100856
0.44193629253490574
0.6246036896906837
0.6440380780122268
0.8753706654739709
0.3968694147239521
0.417102281980217
0.28793152691072244
0.2637282400989371
0.3436152264978405
0.5451986683498795
0.7154103002429415
0.44781716457341314
0.3882034016865975
0.5412252846968374
0.5034402543910842
0.3362111522366144
0.7131963172436578
0.18662852803995555
0.356586435553804
0.5897006932565487
0.4070161476799886
0.7086789551719254
0.6029950826116292
0.7476631640397621
0.28645392029238753
0.5370536686981343
0.57332798181974
0.37269524902411494
0.730333035216263
0.32578831625425436
0.3712069652817478
0.5996394947730068
0.8127371596934297
0.3641064223211344
0.4321992160546151
0.6309378979939062
0.7432648665145516
0.23340786109347517
0.35744175794464733
0.5870330621911858
0.7363179893554702
0.58199153751786
0.7131661158832525
0.3443849233298534
0.4573804914030132
0.6949788202456417
0.503252508615484
0.6794761864552243
0.265395249786798
0.5577886794788323
0.738518168609476
0.44404286076138544
0.7279780723895286
0.37510405440056477
0.5645025521873526
0.7312590344633274
0.471494486364732
0.6145283622723782
0.7620431117566354
0.25234236545874644
0.5181345526901671
0.7029304474300581
0.40301991975521506
0.5179317127572794
0.5052986196930778
0.6466547458591667
0.6181724758028417
0.3701152989669254
0.6752848174538062
0.6218585770623704
1.0
0.4055546817668925
0.39926340205469796
0.537191186786215
0.6609098662883652
0.19995277179684406
0.26111796539773774
0.34173107835911287
0.5592937143999892
0.44717783000881905
0.7358894819451676
0.1962739370858899
0.23876925352435865
0.46446669209408814
0.6657815243471866
0.6665138657047972
0.7047122263166232
0.406900716269095
0.6441344897285133
0.31278903539838254
0.4872002280256279
0.7247022181848783
0.5637096252015946
0.5774113207056392
0.7373477018458555
0.3665904170670727
0.5105837291986892
0.7033947971922643
0.21552061038945292
0.3571722328806779
0.3846759256804193
0.4975693518638984
0.605083716274628
0.8279620388601607
0.4114136424410923
0.6483557137614071
0.7344314304375117
0.42992223699261695
0.638368585347619
0.4603206349569586
0.6849340178492825
0.7391791451072299
0.3727617609540617
0.33650996555425455
0.5598422687169201
0.41077058194594723
0.7158658989710308
0.3604279501809332
0.11979069653194425
0.3363727368778356
0.545615319309293
0.878068593875255
0.3207733871995474
0.224237911546913
0.4507286262808885
0.7591559651563136
0.859064231658853
0.47273494096274354
0.7541809685321317
0.45109288902274464
0.5858293546634517
0.7809695828780105
0.5911926348762704
0.7611442097155314
0.32754218136148994
0.4950095933880042
0.557553823081263
0.6022539313112385
0.7394153228437198
0.24139733098273478
0.5579744047899503
0.8207448315495078
0.5266637103065458
0.8469125471293837
0.6020360015191598
0.8187306860467891
0.4148768189303004
0.4302802302036712
0.625227332086863
0.16762425086887633
0.31863715817814847
0.3762393082974574
0.5518149174599211
0.801457569229779
0.3605506775544623
0.4306710100438438
0.46640026489399206
0.6867712557151681
0.5942635477198207
0.6649424830934396
0.4115203504424459
0.6645299694194323
0.7543130834278684
0.5822003654728054
0.8317069360834625
0.36790857739960936
0.5821601755187026
0.8055756755507439
0.38121728889494844
0.25119135606649157
0.3671747448151694
0.6370521225447205
0.7831194204765163
0.3389323283096238
0.5245290277097959
0.8041185596040025
0.34267657956678654
0.4805602596512612
0.5691708263111503
0.7479601663351332
0.5716669517368039
0.731531246208844
0.38556554853842173
0.381239249334687
0.41972652832238233
0.6310457807076841
0.69645729360089
0.35692592002065643
0.6870819251217131
0.5124903427514591
0.8524481635423095
0.4560044353316834
0.4226753833937778
0.6011114791248919
0.7071118352796225
0.22659337303805493
0.32251704109613993
0.3777464654523836
0.5759314879367357
0.313643620135065
0.6878804137216372
0.6154463144751874
0.48834603581876274
0.6659569238891477
0.19295681751289034
0.487704331214249
0.7803871601602612
0.4222623857652943
0.5493914828239417
0.6746552513486935
0.4667956199343106
0.8280960604271804
0.3944859535128951
0.5372176695302334
0.6486478546351269
0.21037971974601785
0.3516542294318157
0.42936676672776675
0.6069944639912653
0.6386662229273279
0.6291868365875461
0.7747097262778023
0.3758104952652963
0.5084107323051228
0.742033143519919
0.559595223488823
0.5362700604382189
0.607429961058073
0.6808118306739387
0.44341857723528777
0.8409069761589388
0.44597087933477475
0.4217499498486218
0.8183141124333414
0.45710192856216736
0.8154659102222095
0.5974986732790853
0.8447957236092045
0.3099774163916122
0.30874299968369145
0.2801169887017721
0.20069497691524843
0.3130127941062377
0.48698615015722474
0.791949059691249
0.6312067180041269
0.7112978931822105
0.1895053160971602
0.25411652630863546
0.23398071194284076
0.3409857680112624
0.6950404658976936
0.7703270860659746
0.5002431795547126
0.7490121451763031
0.4947758994188835
0.718707824805469
0.37372577508864235
0.5459602563610225
0.8118995082856754
0.3405745817490879
0.38426328963523115
0.27437047705093465
0.3898108949064106
0.45381571208580646
0.651588065292117
0.9444683628244438
0.4989328881273584
0.4501465982807177
0.7413784525509832
0.39665905740747687
0.8142914844294267
0.45981021965921487
0.7010867750878023
0.2136623092384215
0.2717610733927602
0.5439846172316689
0.8421681576241387
0.4795423936988366
0.38623917759518195
0.6445536930353941
0.8034110732743664
0.3725467984872184
0.6519666734980133
0.7618002470921255
0.8359269643816201
0.30797518448449945
0.29787357400227604
0.3696893261032888
0.34356880358118824
0.4121112072538416
0.5264054945157174
0.6904113030687469
0.48163571023845464
0.7134508567971893
0.2592033146589085
0.3541691853772784
0.508547009373457
0.7465588608097863
0.8066310240190903
0.6202902433034766
0.694311793984022
0.2662867842556721
0.2883246383832402
0.5277355239754564
0.6573477152612001
0.33778987958069256
0.7444657084927969
0.12561808796423157
0.3335579168491733
0.5533378512052918
0.4907069836742448
0.6077064423140612
0.2847997787280038
0.5201260671952325
0.8400925700599556
0.5287895905751655
0.3854564212519159
0.3030591353853993
0.2973065099265099
0.30900333534917057
0.282608768484031
0.6268514366434003
0.3496054177726756
0.6178018745118119
0.6587011814532833
0.28574615128021724
0.5098387234828365
0.5349740258379028
0.3619822933806295
0.62607485024613
0.3555615694463092
0.6390170816980794
0.803157630671545
0.40315623327143596
0.6220350330260387
0.440777022120859
0.7379242349746433
0.4132324501248887
0.352631249869209
0.5018971414218555
0.7023461743580017
0.6227521961981025
0.7635041675738067
0.510460295304482
0.6848880311468678
0.5357099186322423
0.6970562870573331
0.20825350173485788
0.3206174474666738
0.54695686233288
0.4368332192836909
0.6825135069051429
0.3617544150580235
0.6410788051411359
0.37032357665560095
0.587969780376207
0.1216349468413192
0.28393562157458013
0.33710097931060773
0.34206426654439837
0.5733233070957278
0.8527648851625571
0.4448453117922749
0.39092614497096
0.48164121560489614
0.5256865501658919
0.2237585645971174
0.30192572794503686
0.5192202759791854
0.7371694848896478
0.3902544716784517
0.32340090252282483
0.39718728427867467
0.36458640481208054
0.31289983083103345
0.2507864548684896
0.475000219431164
0.6871528049648915
0.40596362651076956
0.5624842049492093
0.837834177387373
0.33852053105258045
0.4227887893354223
0.7479446323674965
0.49260312404376
0.7964350563793388
0.443077392626269
0.5847836135688724
0.5544620260111824
0.4701660361675024
0.6698998071070298
0.3993790702185732
0.333357753961957
0.4587229517024241
0.7594741870506132
0.37647031227993916
0.20514105807220664
0.09273121314927309
0.12151187133193954
0.1432964080380569
0.16916893604090688
0.2641204489953444
0.3269014914243195
0.34936412906473674
0.3863684515302962
0.5741636499770406
0.5227971054867621
0.8630410262922141
0.504165611342244
0.5732915043847869
0.7636645508178294
0.36291022709855447
0.622826648378552
0.7428055238663571
0.36798583805595897
0.5384565081523924
0.7720558745956834
0.28436286778620207
0.25583137357088537
0.1810108139453413
0.47575040154634207
0.49903030328077413
0.8182145978662922
0.4302536395736884
0.42320021023086685
0.7497624651959225
0.2894717582885752
0.28463076886261446
0.4870542099640912
0.6216868684836936
0.6363941219884477
0.42101230844349147
0.7602402156581067
0.32947552485527654
0.18651502998172123
0.31917708379233756
0.41120604728477794
0.5896965732061752
0.8097875655648981
0.5635674133948655
0.7921488607973155
0.4010904008213603
0.4859977737865203
0.7061515365224914
0.42128542357248433
0.7137214701228176
0.7121582717699075
0.5934285517305408
0.8285992689877527
0.380871719195476
0.42622050063860156
0.4376720454490553
0.5626337825005967
0.36532863492288575
0.4657451965616007
0.6974608810113216
0.380859851097355
0.6408792572869956
0.8413224233768616
0.3784505810296864
0.34949502068508476
0.6642797259285749
0.5882087012836341
0.7687185866426748
0.27405438773280155
0.3991498041738738
0.5765439055956973
0.7324085999930777
0.4301031624121271
0.3946002764439034
0.7862794855376245
0.9094565804939644
0.645267332165571
0.7563483305886227
0.5886753754188986
0.8078449404900756
0.3849280332507301
0.46516731441705567
0.652508401354315
0.7019765202347766
0.30665899297156135
0.4509452278959561
0.5848113943007975
0.5366214144986285
0.7337548144345712
0.2950362303870656
0.264187667545573
0.5794370928977555
0.7014435367225005
0.2625536851613368
0.31833206596686303
0.6069491014492815
0.6962458901479065
0.4566851118288948
0.7522348066929372
0.36915517829591415
0.5243614149350988
0.806868124421162
0.3128413566269839
0.24731352529014758
0.45004382345784155
0.6117941541167582
0.5025402806882772
0.7219941586244153
0.3635405819686855
0.5426671509956772
0.6975839248363854
0.22382369858761522
0.2310133458706273
0.3127183454215936
0.632083949880031
0.614018278396714
0.8121429838872648
0.4505403732722069
0.6167496568913704
0.548732898600844
0.6218305458226837
0.5862749608884493
0.7184266802723519
0.3103349224196662
0.438909167800295
0.8016498711587683
0.5416362058827315
0.8287353462094039
0.4100657038140906
0.42523476297790685
0.3579415829806406
0.6288394120695717
0.8203465595913887
0.4491832678116022
0.7148090109853863
0.5550187123877681
0.8911699456431481
0.18225421042992263
0.28768870349551756
0.44678279396857334
0.23796742879001218
0.30739399421195646
0.4248598541735397
0.7435622949061653
0.4195001338136827
0.4659515138824457
0.673394626109111
0.5831016503283821
0.8033604833714417
0.38366179334627365
0.6099262717767036
0.7594854290643942
0.5880895374071013
0.8827796869139594
0.4641673710867615
0.5550772678360363
0.6111807389159581
0.6735399032435365
0.45957957294815927
0.7006771111278636
0.2899546463828496
0.5074496447095647
0.7189733791674839
0.45897352678319275
0.5853358855000509
0.7646166193005492
0.21653597544696473
0.2787123683736314
0.6234882467710069
0.34494186192743465
0.618364283606599
0.3981306329656717
0.6338882243634303
0.2777738845811122
0.24448481704818517
0.4586706696334794
0.65371991193315
0.3167576494098013
0.4886957707340834
0.8144362814145522
0.3861424339740031
0.3718999932669445
0.6636215314001559
0.5313927266790451
0.7790866178185474
0.34056958104829327
0.34451013106681777
0.5379582367310518
0.7437589543991161
0.3070856425926433
0.4835616360197661
0.6749724807486093
0.17083839963199043
0.22566228705133146
0.0901219689931513
0.22008227610798362
0.2812948781336772
0.18358940451615338
0.49159024052389877
0.46075662200856154
0.6220466049790913
0.2674820859885328
0.1951158319724576
0.231751194531475
0.19440995050166246
0.28998949097292515
0.3716362934019901
0.6401353860927278
0.7806831091839521
0.28060161699101244
0.3277468662390422
0.4872858690410441
0.599719396418824
0.7948532804522597
0.694428511521139
0.7491085062873594
0.4075611564075359
0.4672693008308664
0.7672348040525828
0.5266513281689522
0.7584322538317775
0.460014681997538
0.5679093976486422
0.6732634524814459
0.265388254420535
0.5090094872506814
0.699379238575127
0.28904009647773204
0.36208682725151226
0.39884670905955577
0.6812572843146367
0.7352863869675519
0.6826846824056878
0.721642214501149
0.39556707098866084
0.503710525523053
0.5269118719060752
0.5257631485574895
0.47541593267662147
0.4447957649670884
0.529192683021562
0.41731356383930857
0.6526448817356156
0.42987691693276786
0.5857441278374941
0.41653455686910473
0.8206491245110102
0.3451881255520706
0.5867684767062352
0.5751770991890764
0.6026680163980146
0.6207206228855187
0.5114967286704295
0.8051900732287937
0.40186388440336174
0.5158885542340751
0.7984392072418733
0.32322957064591934
0.4170952453305148
0.682653082049356
0.3571744097343678
0.6643137068962642
0.1681035505591716
0.21477780861547752
0.3011805452754498
0.39600205222495155
0.4637175502570817
0.6919219889902123
0.20354121213745335
0.2331749259662038
0.3133687721305115
0.5847414481787291
0.624699595315008
0.4753549335171429
0.6686481839927644
0.33000446166685854
0.5764195461134166
0.650895101235221
0.16446094778712386
0.2513296162893166
0.31576448965455867
0.6508158101096152
0.8590709777236619
0.3983452922229542
0.4508770151029374
0.5706540761044027
0.7337191823792415
0.49432276013298115
0.7330954512945335
0.20464007580748556
0.23726469431622718
0.25126524503871034
0.1931246598331931
0.24185401195188175
0.4113028365287954
0.4244975142642541
0.349984822704773
0.3767881031329665
0.40303869094277783
0.5036348478403833
0.6528778986820475
0.3166702778081954
0.6108702041592518
0.8374937979806945
0.1263604753904637
0.26718119861058587
0.4572346647202582
0.7601703332210907
0.6127955483939695
0.9247442137951952
0.340841025210824
0.40483822879835324
0.3615275770825918
0.3013914650699462
0.5179168242375961
0.7168760870281357
0.2759869030666469
0.32526220270790307
0.2934605527992387
0.5836818096263048
0.2805588241459818
0.7233242266596052
0.4706572619550356
0.772870550601857
0.3967564482288953
0.4051663941218328
0.7649860438492012
0.6344201524633193
0.7562301987012764
0.4906354598314994
0.7895162653479696
0.39828328271257785
0.7424448226741919
0.6892486174860326
0.7314909866342121
0.5874747665703619
0.38214238014034196
0.722705935926468
0.44874975324815786
0.5218930962376476
0.7513073940803031
0.22680504829881576
0.3849706043399495
0.5309005342928109
0.7130233430269566
0.2846658269147902
0.48062783040907775
0.687428175747286
0.609388525155155
0.6219725261675699
0.6861078693478322
0.5735940615297765
0.7998231424018768
0.20652200648177838
0.35044554176220394
0.3209027992063341
0.5954324938448913
0.4660755463303831
0.8259505674142719
0.44694449262432084
0.3799653261477458
0.6505112489122309
0.3456443734973484
0.3522051588516086
0.47461942026982956
0.5726536475628012
0.48949059225951086
0.48687026778843656
0.7293772961407868
0.5862588762549761
0.7920062389546526
0.44758570537186526
0.7302233665428893
0.4413445083634589
0.7284894739704169
0.34591384073320514
0.5077634136409832
0.6449190366245062
0.38222274700774855
0.6641403272883332
0.33556878396472456
0.7488561928396545
0.5321244490067509
0.6641377826589842
0.6057553664105964
0.33645702788928644
0.70391796427468
0.25656965895611855
0.45928400855816365
0.6778508661255347
0.3949619699278321
0.663398922754497
0.8512403245489869
0.39887173919561325
0.4196432849551094
0.4605151756518612
0.6375543038093027
0.22431730257897176
0.31429703464581793
0.19447103910237998
0.5332677508963667
0.7459598140828723
0.46880948451774884
0.4707122229725037
0.6955161610251717
0.225935770761068
0.285003494163763
0.369194250645564
0.39104591877519845
0.47553238681935894
0.7873927130389352
0.6148634277060916
0.5364965543606962
0.517997402384723
0.7241071893266927
0.35051964977537775
0.5310836204463039
0.6567334163185062
0.4268199817276788
0.6977461174342051
0.5290651546149907
0.8188702248048122
0.3660037144959722
0.6867595421726507
0.5376846556993747
0.8883825860869178
0.37382481440880005
0.7166834790648169
0.3985376357964241
0.5369639983628356
0.8328423657487488
0.5972531829051215
0.7304364309191346
0.4336080349716892
0.4196609092096922
0.5416678500598866
0.5279998333492004
0.40181210372358833
0.7290889363385896
0.31250833248890514
0.3062678520904884
0.3937105852901614
0.5682402081417852
0.38981845176019925
0.6108086244299809
0.4747991711271443
0.74925956427074
0.3422656687768616
0.5335808230812744
0.6732380768117586
0.5186444036119586
0.6875662649741864
0.25292444955664395
0.41740455427193485
0.7049270051673654
0.20800339367892415
0.33791314867848354
0.45217618022574746
0.4553165668801615
0.6245859044247071
0.07425527000386298
0.22046682119316394
0.27606055445344496
0.4104782863860499
0.6670068375568214
0.5092622425649095
0.7860440714378379
0.45537156989492067
0.5530633120134169
0.7726029197070718
0.47433593179384337
0.6024268784943945
0.7847060652969085
0.17778133314682174
0.20114117525109815
0.40053456611434785
0.5005388748817212
0.7433532635397435
0.2692869396651829
0.42776777873646443
0.4389098279437628
0.6411037960659854
0.3241186887949507
0.5663845822040168
0.6384327040150232
0.4962692718576728
0.7112981130311171
0.14490285677884804
0.1257952312717654
0.30329337510589877
0.5411701918843735
0.5871695410704318
0.561071223398403
0.677670109685828
0.533369819023718
0.6459176500674162
0.0944067821568413
0.2532260686811519
0.44774478275978613
0.6635882065158536
0.6679126561168304
0.7613338167072439
0.7004329007581308
0.675680356728607
0.575564351553047
0.7237009064377364
0.642286530583336
0.8986994697570708
0.40201612208999793
0.321073113412351
0.3130748850886234
0.3785073233878264
0.6350132303700347
0.7343018592727139
0.14985750213991436
0.19802284275572704
0.2135735249439718
0.4209437807943407
0.7698278810436902
0.36930780250743594
0.45506861334450355
0.6704309494057693
0.7985459028629924
0.8370546927349288
0.5895640177511547
0.8458738376858324
0.42596463180102945
0.3690791567113299
0.6834895387992503
0.8070806143385744
0.44737280387121514
0.48945443513573345
0.7365727214606099
0.32783676905531395
0.35634594224176436
0.6858832015772394
0.744987826142358
0.3637898649365568
0.7011086430930135
0.4723749182353288
0.8002233761801827
0.7141262125418885
0.4841920243882375
0.7279530960112227
0.5827760240261979
0.7858707566984273
0.4559851056523275
0.5411163183536144
0.6540388595949882
0.3924401057039776
0.7110842105894378
0.2958977634244537
0.45046007319527753
0.719734063871178
0.3489240704158194
0.4132834813880853
0.6905286121396174
0.5515535008697507
0.7274695104755913
0.677076593250931
0.7637078807196104
0.3608234970736591
0.3686173472414044
0.5644440187545559
0.6905077332572737
0.45064906347583245
0.6563266775185773
0.702194283719045
0.6607314324464242
0.7402530854020187
0.6860288389262212
0.686226777993592
0.7438863969410249
0.5212777956880453
0.729125791559604
0.5304886570713253
0.5504220818259548
0.5975705528588197
0.6131491284972378
0.4656310678643454
0.7309529728084712
0.31750502897779626
0.31636588433517915
0.3709868932058921
0.5834542442638159
0.24346118913011597
0.6271732103876559
0.830570203661843
0.47807837487306015
0.6090225213617481
0.868273410214199
0.5516547754656581
0.5428988616705466
0.7985792329439848
0.2680831279441641
0.45571533428880545
0.767975968204543
0.523597391859069
0.7460782357676901
0.35932456910927973
0.6179126073004082
0.5374375919799854
0.726462467875535
0.2845451934784535
0.32753900982575757
0.4575364470993936
0.4439430166891391
0.791573310715706
0.7024705135400878
0.7801305108435969
0.11347875423671738
0.16003689282534395
0.19246776006108557
0.4484405519986776
0.5012683973175671
0.6037236051828795
0.7763604594120357
0.39007927511352375
0.6163681861214481
0.5250214124827417
0.6773719621573672
0.4199767441409543
0.7083674934293762
0.49314021383900997
0.7056473203236878
0.4017938961102915
0.4780131664182289
0.7891700025120616
0.46716141180550674
0.8123847754770429
0.541712845510415
0.6299458108295478
0.235062256575919
0.40426514479801234
0.674166799759446
0.43884990506568594
0.5341459618630034
0.7019390553963649
0.10903055509554675
0.3048135563729535
0.42947788067720255
0.5580027706584838
0.10240509128760972
0.2595434095296687
0.46819304613629276
0.7016581010243026
0.44953432004182814
0.7172686259944857
0.22853423618258134
0.34176726135000857
0.35813523589988866
0.7028835238196371
0.7847379949089751
0.5301723648589393
0.7362813283195742
0.419960751663986
0.698746538796571
0.8158592957637193
0.6021550643594105
0.8633931749512214
0.44923597486491196
0.34436418884709746
0.2559262095105002
0.2876278541984394
0.4374425373897179
0.6348293437003202
0.44326941039589685
0.8277518452537135
0.44770010605572985
0.6669042568662121
0.6383678394465709
0.5255959713520427
0.5956608954099637
0.2318151863591087
0.2652483562806646
0.6369441181024725
0.7673485029207977
0.43138828770516596
0.49913039576068347
0.619005017502155
0.36921008119732296
0.5764662484784684
0.5344296575538359
0.5021580458621052
0.555167708641738
0.43032508072672876
0.6032646392692652
0.31348183745764663
0.4925339874103703
0.7454582620305874
0.49598156238105706
0.7138067043402494
0.55666461473008
0.6375346214660389
0.3836712079559451
0.6380042753660171
0.5035945884054648
0.5951859530401422
0.3856592994084588
0.670177691056946
0.7001547960111704
0.8165576487248035
0.8855876336495879
0.686759863913445
0.9434127377827181
0.4411732867912934
0.4322878548124094
0.19175105248151614
0.33226353903635075
0.5961057173571958
0.7584265130735218
0.2730709931679394
0.3046343037889118
0.6549564092978047
0.6841012479754396
0.5599469363903686
0.6615418859013791
0.4046595138745801
0.6142904155659686
0.36828536210725454
0.712032424621093
0.29764867503851633
0.43279459075560994
0.5283916423395972
0.5798702164085114
0.1973411432895114
0.46305401674726643
0.575030016401449
0.7526642627684779
0.6624308966104172
0.8622424999365046
0.36794991516171277
0.42578419198763223
0.4241653279092772
0.781525083125871
0.4204089813863587
0.5345933019010637
0.7425002823026486
0.3471671652749399
0.42552281369610107
0.5820344665384001
0.5381114857922173
0.6680992805224951
0.31073346584797107
0.4441462917588895
0.7350276271667914
0.3912470411077976
0.552048821634788
0.7006465806255312
0.3489851785291937
0.3855299623315034
0.5315978820812313
0.7769712785030067
0.4958134759961605
0.8254995629380416
0.6218396552347552
0.9633959597447954
0.7435993115939591
0.9811874382446888
0.6869927231321992
0.948064701039175
0.4471356054293409
0.38883354475710064
0.3726722928702704
0.4419972662746243
0.7271500133162876
0.3287225487302328
0.6609218014008895
0.545290119977998
0.6461317391216115
0.32821042017015994
0.5055730333634392
0.7324191877546022
0.9024689396697518
0.5897008816843067
0.7812068389219163
0.4949617392846852
0.61038304246189
0.3990610661575624
0.5528521183034187
0.12974929414028302
0.22628178200109253
0.5536239818982622
0.2074366826490409
0.3238472599462664
0.5856368119146058
0.5297047398467409
0.809414840678343
0.4265276215521276
0.29755078835949234
0.3339155236597555
0.3582930628716163
0.5811137757852359
0.7282747295248795
0.49413856059259037
0.7142468051606065
0.4862318841258458
0.7419732347334406
0.37361716830191616
0.5566646187401081
0.7854929026314585
0.2537783434834651
0.26947631542530504
0.24131554083108153
0.574510357195848
0.735683567432963
0.5908667001324723
0.7677968771197045
0.5014498654823012
0.6700871767756102
0.5539563327595673
0.7084332063882306
0.368362780546191
0.5198149393835361
0.548507880270321
0.694304588503654
0.35704909888673914
0.5767672670132792
0.2047187316877761
0.5198937800904656
0.754755138204575
0.4869265701486022
0.7464386837805188
0.6055008244119997
0.8063503276477819
0.5238575240714413
0.7311564013936364
0.7730916194561482
0.513221006157203
0.8048160963000971
0.4680501656614418
0.841475404296522
0.25788255765785917
0.30987899929518264
0.574866488681364
0.6100882382697508
0.5023672935030585
0.7192570939914054
0.3372596741730491
0.39893842165399906
0.5189075681863471
0.4735270786637638
0.7146984056831184
0.33489797439061963
0.47120096072491024
0.7034520769053392
0.31377175650567174
0.5861702818514312
0.7225451435737652
0.6609197451726628
0.6632803516701961
0.345825350808401
0.5549493016912777
0.5880011312278688
0.7475223188916116
0.3607869201174825
0.5397571726626916
0.7977171978655024
0.5276619597050312
0.6479492930748804
0.24959635779425854
0.305624538033196
0.5529829338607476
0.3393137583759596
0.7084584122536267
0.5014550578312901
0.8562041913165142
0.5587527635638987
0.7048129426731828
0.3514121221701282
0.3584387881970071
0.26232398098674214
0.46018264688010924
0.8132000699342199
0.5558339036831429
0.8533744512412315
0.6805242927081648
0.7453547018247269
0.13961086766310948
0.24845328344276102
0.2712315231511982
0.5225700973626445
0.7123255418012251
0.4675936444284716
0.6956120271383024
0.5440631916354007
0.7287643889520922
0.43867083223417175
0.7315094064408268
0.5591603585059475
0.717210514470651
0.36860082462613813
0.45096176064816124
0.49003715457644315
0.6423373641855226
0.35534676414308
0.4741864645255634
