0.13791592058084917
0.3330615803660005
0.5823560109615142
0.7970116594940857
0.4124305343962139
0.7406557569034078
0.7715225982617752
0.35882787496162066
0.7174677952021667
0.16132281669948384
0.27096118945035985
0.7119476687768882
0.47302153668246216
0.6922972951000772
0.19384393221577148
0.47928430200283634
0.7987108246885111
0.45733771125551737
0.6590708518749016
0.6041978770369294
0.5479484498259269
0.6169418571099998
0.4751152984186841
0.7457894272563926
0.41590096389856873
0.36786098725674177
0.7352784582465788
0.6832855379733656
0.7426139079009216
0.32413238056397486
0.7444457629926958
0.7332291075459663
0.4411278649364557
0.5204251605636725
0.7663946304012575
0.2496234227608247
0.20842575512829958
0.5351219057292957
0.718697648708042
0.6168087501831961
0.4465845601967287
0.3018899879755767
0.3644910150053741
0.42959125763020306
0.3706444908683553
0.731579826891161
0.6896783609671998
0.3507119170515291
0.6415029986602158
0.6133352503341383
0.5443461016734017
0.5958726669915293
0.20070793622052283
0.6203676110319685
0.6432478304835523
0.5433827634350274
0.7302418906650475
0.3930978323490406
0.2739883627608586
0.35651989787769783
0.5946023155671065
0.6056521109170147
0.8179381658294073
0.7778202144261573
0.7135131415611192
0.0988667412877896
0.055074370621714316
0.07978276109896892
0.25412407261995634
0.281332095339844
0.5944118640730628
0.8942081874149787
0.5533878355313692
0.6377181033418806
0.5099203551220467
0.7579683082495675
0.7761478961813991
0.48772270362091946
0.5975085169223727
0.5352633926144015
0.6372297473858247
0.444830557336173
0.8035402614082195
0.3453993877363122
0.4776194458407474
0.7856025186847514
0.4617318015647186
0.6574703010580291
0.6765878993046827
0.5832761320940657
0.5979234379934805
0.6265320009452087
0.7750000903871775
0.3990277719539549
0.7365265610625293
0.4542356218085968
0.7879109475142415
0.25604949308252
0.4027248015092729
0.5618322387956243
0.8037855305789214
0.425194731027766
0.6712293787558733
0.39259846676580495
0.5920681699072331
0.6390140548662806
0.5324367139068437
0.74764803929443
0.2367637763466955
0.20015096220342435
0.385690706367734
0.6922894935631384
0.21943961016456387
0.49140764052741576
0.5697428649478384
0.6112696832495124
0.6880457176064187
0.36309916618980215
0.6110035815335064
0.2889139524259651
0.39148405669363867
0.770451576202916
0.45831410893683905
0.6587700176588803
0.38002234263605905
0.3766043019376984
0.27553905469635886
0.3915109072886509
0.4206832672649374
0.6550817869552584
0.6122441813956635
0.8316608661325264
0.36509827143484436
0.802785475766244
0.35252484719597305
0.34342097827387275
0.5896579121063817
0.7325795424551508
0.5439099121429286
0.7026240598227007
0.36978343708912825
0.5879990226595838
0.7799596897551732
0.7843731393070033
0.7091577766161242
0.6925263901352912
0.26260493598111695
0.3094598133155607
0.28137023029973035
0.2032318183108354
0.1079851421727128
0.1726297097912221
0.2882079109993267
0.36665965788026034
0.384848187544207
0.6899883763541655
0.40406208561519763
0.3247771805407788
0.48692171682983826
0.6759784861269658
0.15905518260036822
0.23051178456904065
0.47490932267463204
0.6337616855375346
0.5664868013907971
0.6330079434528577
0.5422093226582942
0.7185730647965476
0.3001507386799595
0.3727153651479344
0.6376747730266122
0.6866184537225472
0.7625741577398217
0.5587961464701958
0.7540613638263227
0.4105463629564283
0.5773948390741738
0.6168936097842413
0.44402105101389905
0.8690556136410336
0.5354696191883922
0.693974119119379
0.5843634259461388
0.5844154172027187
0.32988531578273567
0.42601979889102926
0.29976176795134657
0.5673406115007786
0.7277256432942172
0.14303054175272129
0.443593866918221
0.61978324844939
0.6004449730152251
0.7095289176350388
0.44533279235783174
0.8329188319665853
0.6673136717476995
0.5756528533730937
0.60863107513283
0.5944302381446745
0.5984936182765227
0.24574267890749318
0.6740506978363909
0.7594883871700241
0.35887269144319434
0.4745226984072952
0.5367794117961683
0.8339326475375796
0.28877141615449897
0.5117206436402962
0.7104154267582552
0.17065959214595475
0.32487958536776246
0.5238854473417018
0.5735953493521243
0.6810567889023122
0.24003053922178386
0.5495776232039544
0.3983451573778807
0.7598579285910719
0.3586167260834083
0.3310239652351545
0.211658087575041
0.4162449043927154
0.8110070121286737
0.5044684643457259
0.5929443397244283
0.9531517281808257
0.3013883079848025
0.6268489567267738
0.8700357405389625
0.30441282483759063
0.41351830301010734
0.4454911233495113
0.4756692687978879
0.5149415010883538
0.321890729054645
0.2897226229182041
0.548381794780143
0.8707379856866638
0.3639750728022365
0.449765920689802
0.6684310999745878
0.21777557593774236
0.29398071968875494
0.5209106027270982
0.43514612267235986
0.6146280381248629
0.6258730271768803
0.04503350176316152
0.2577447275524199
0.7143358872975019
0.24867260466933314
0.6781215422792765
0.5108059428634085
0.7868089421091518
0.30680149486517244
0.6552062490836749
0.4670048874029309
0.7568213085042096
0.2250679373749723
0.4159600363077237
0.5254338806460257
0.40691642082624985
0.7666967667216685
0.41141757073903773
0.7337435007526879
0.5961594278208574
0.7795592923203687
0.2959024706352071
0.2760935911764836
0.5833863856995125
0.48675857061168115
0.6550909620501423
0.1337807145953091
0.3435075035138413
0.6927004894813538
0.3048918984647263
0.25938284875295875
0.27876897563639164
0.6414197765077142
0.8884249765171162
0.4008059488673525
0.43191757224655414
0.7078799285749509
0.4057698018306437
0.7569987914551211
0.3698385087243805
0.5096878925490995
0.7510500045614128
0.6036327632570283
0.5397834163962361
0.4261836682997568
0.7177818537132133
0.26714335815929074
0.3726206777427235
0.6159410517805491
0.6947619468917006
0.6569780684809577
0.5190346621202446
0.7286850392240565
0.29485729221596396
0.32669274752092464
0.5355123767642823
0.6478286616210022
0.3599594622604543
0.5998274102635527
0.615041981948001
0.7575559255674728
0.5354863706975037
0.54876056316628
0.5545899913418691
0.6752681623405887
0.5206679483474096
0.5515666360694148
0.4883443097275416
0.7889202124883699
0.4098191824087565
0.4167517859190424
0.5746664074003867
0.7522705614904851
0.24774399816734338
0.3971086649307258
0.6128717074098996
0.8368487437115292
0.2385003998996713
0.3267526943460951
0.4779980359516967
0.5726484587606279
0.5346393097589254
0.8054273931510562
0.29712143736505164
0.47995987508575216
0.5607247874012389
0.7530056701672038
0.39883663081721665
0.6564392014316235
0.6043699263972707
0.7962117546035768
0.34309202218649876
0.40746801074675587
0.5930798198416282
0.558151882859533
0.7437658988066148
0.45555685967521586
0.7085394813955728
0.6572866927507506
0.7049278640689489
0.24757513735193964
0.5331221872618769
0.6448140217187839
0.2678326394273483
0.7171891800812115
0.38154417514033007
0.6346283714560527
0.4017397699195094
0.604970070594731
0.1236171356459133
0.27867841751601136
0.32864878693392346
0.4503652631786973
0.6410256390429114
0.565977591931628
0.6538417208725992
0.5435392497137229
0.7346349332950391
0.4555941557568604
0.5810016411359517
0.49691202060841405
0.6595876616287355
0.296480488619513
0.19607968012884738
0.4795143185864904
0.5500974166409353
0.48180873565807525
0.6036803463694813
0.5697973871661671
0.6998245057029953
0.6430633400385333
0.7132101505440059
0.3306451956263937
0.372443774123757
0.5016837902919165
0.763271008795724
0.44108015431115405
0.6902462113102414
0.34978250549868567
0.37449039339687445
0.6934330156899244
0.2971131249781604
0.12906760757428284
0.32808705935425947
0.5017448952396157
0.5130150382241778
0.5296302920082386
0.5735916883209419
0.8043705186816077
0.6138836314233369
0.8194550737594473
0.44775139493782157
0.7354756906675282
0.7729170057475615
0.24836671692313325
0.5288400481757026
0.7238921389449453
0.423891785732023
0.3588009901546673
0.6214334499239658
0.5926059278909592
0.21704611994112324
0.5205873980007696
0.4932933023476354
0.6911657895113725
0.5133540216930482
0.7019734737684497
0.33054934083901905
0.7110719534280672
0.6933940031054215
0.5905784002993852
0.7274756071005245
0.700535039118498
0.8034958666013702
0.572606209767177
0.7942740607437385
0.3180642558394478
0.32885577539197347
0.3732286599290894
0.7074598819307888
0.5785519618915266
0.64318960541515
0.6769721651876516
0.7910729370943455
0.5896944644954717
0.74606327982474
0.29951805540698984
0.41885865227779284
0.44847427088659747
0.30919320287192686
0.20886219891009378
0.35231151331856386
0.38987903031065085
0.5061115820253006
0.5255749636414189
0.30968365013084526
0.358410431046677
0.6073811629217637
0.3553078087502283
0.19849753179397217
0.6228784471604395
0.6813733750331499
0.4535881991788092
0.6608994631664709
0.2391969979373552
0.5168067695088757
0.749169500142794
0.5626225964048518
0.758121336410179
0.30124920816768747
0.28332098619177365
0.4308254634792448
0.6821108496626364
0.6252866848641536
0.7400785268398198
0.29113976763874244
0.6217601336226644
0.4210644502533939
0.5741181032621198
0.7005953502904692
0.6811681655978106
0.48774007431677885
0.7060531257519121
0.4494032757447297
0.5148332434410275
0.4766520121716563
0.43800489643208157
0.6293833452441393
0.3334405202755655
0.48376896141204356
0.5881682282390199
0.5231681328908702
0.6466010984590361
0.37322809930995204
0.5276933525372768
0.5439414631820277
0.4067538422317717
0.7615889319463227
0.22517888304619718
0.3878658424981451
0.45900879545309275
0.5509311389656256
0.4849702313043452
0.49176409314441943
0.7518254099367166
0.32227774765439693
0.7699862067753658
0.33807336941279315
0.5156670973156137
0.7491624074322641
0.5002480015560291
0.760152352219006
0.3922372061890763
0.6123156233185544
0.8786033933518352
0.5052079066943608
0.23851033875193628
0.1980144033147936
0.454857865947131
0.6891280649688984
0.2997760618517549
0.4366983249755674
0.5727263114769153
0.7758509947297137
0.3127036309081722
0.4813449999951393
0.7208090130150216
0.11728100553285406
0.26557274381392976
0.3150344534299522
0.0917898296766657
0.19166910029689188
0.10218196798465926
0.537298823914857
0.5969371201561887
0.5218283785917169
0.8266094204121789
0.5780888031750729
0.8321691061927872
0.27651032677429577
0.6285865301376792
0.6729211208456372
0.6946820911086623
0.4467971480189212
0.7872356581401988
0.5759691769880819
0.6064270544839092
0.8619912498212794
0.5597782548978734
0.9018848079487439
0.5424474922977964
0.6960903146241858
0.4716692298136421
0.4402322170575278
0.7549641351433878
0.38231017481787294
0.7872554723811023
0.6939662234279065
0.45280241832201
0.752833632557362
0.6931802377790092
0.5984292571770452
0.4712546004367824
0.7248568016121927
0.17903900436004935
0.17279533947337417
0.330393803891962
0.7631276384087375
0.2658851764523311
0.606783445955928
0.8057468103798072
0.23504919181101563
0.21502262197530536
0.5960934393013914
0.6717074160816661
0.4070677200627784
0.5563734857801166
0.5376911096659275
0.6295227369173145
0.6654531802819539
0.7557800806087517
0.23882682760382393
0.47694275121433166
0.7138105200306278
0.23220191931138595
0.45537526896602304
0.5576935002995909
0.5095910418200565
0.7602100162241534
0.41307538293391266
0.604140925833797
0.48709593725766925
0.8180268144054379
0.4205410129702423
0.6136560240379828
0.7158858260147053
0.687181263845159
0.43413951036448306
0.7960835948498222
0.2654890900617445
0.114785216859384
0.32575624589785973
0.5313762354254228
0.504678892225863
0.8321300510152483
0.4863095125182274
0.37633682140434205
0.5632003785319808
0.6214064623943957
0.5589630417735957
0.47740629707256094
0.4860625594395033
0.7702232335590933
0.4430898255970089
0.6099011295008835
0.2128319322632154
0.2932528397289714
0.5400636202694906
0.8371055083886386
0.3164722098554268
0.3138979683522063
0.3665530204213077
0.3514945177863583
0.33460590957358727
0.37796944621264666
0.5270199265747874
0.8086276790030646
0.44825741751024223
0.47829400281224316
0.671840063134237
0.5245719271873097
0.6552047213302937
0.22509091028919395
0.5457974264176945
0.5430376828729742
0.4357462431030385
0.5390940028905571
0.6030565299324825
0.3579894558088858
0.7656616782738331
0.40487870915511615
0.7369466639133948
0.7386862357267885
0.7194468776170553
0.37722328396997473
0.8540333249907308
0.2848095001900975
0.2922225278000282
0.21955243408192268
0.3639438712228625
0.7506043085948908
0.7119090578599464
0.6487219505799456
0.28091642538121464
0.27410347356753406
0.4447740484226246
0.7087147692171009
0.44557887920786937
0.4949696949151031
0.7927225123440993
0.4068413798176067
0.6001796539911937
0.7479224646328988
0.5256131659495173
0.679166833273343
0.36331046177992893
0.47466285156898064
0.6075806039138401
0.8040910484480253
0.33846589295477875
0.516080965908164
0.6724976387891759
0.2533458509219433
0.42134721014602156
0.6533029468584574
0.11147099204634354
0.10988550239223517
0.12982277386153926
0.4198891726226569
0.9138431281412288
0.5306494439819598
0.6354659213188557
0.3719433641601572
0.5334454762979
0.7410596087437152
0.18079023898389723
0.6384522634643675
0.6997426092781587
0.5477513934703165
0.7994326669754448
0.16780067202288426
0.24469237192080567
0.5794861509264156
0.7758757859593822
0.473008338603432
0.2284428565200817
0.31660976887330927
0.6344523026858602
0.39825687691799067
0.8146608587437963
0.39323268041267156
0.3467435431751866
0.35000040002001587
0.6642492764548139
0.5289456684336915
0.7379528697704063
0.74273455214973
0.6114490634827441
0.5106304370408008
0.636538137599022
0.18692697774302153
0.2624089901502776
0.3947584697030594
0.5905780592878588
0.31538891119595014
0.5400335776598497
0.6426649135108818
0.43908229575853214
0.7576162057014075
0.3601590097007132
0.4677707891431027
0.7048412836382042
0.34558379192235045
0.5534265177678671
0.6428880745743694
0.5515940778876716
0.2561809040587987
0.6299424958814542
0.5263372736546276
0.8400645864409837
0.3967228005627564
0.3424778667371366
0.3203101950323887
0.7037771244170427
0.44143099402560715
0.7731524568344957
0.42508594938713823
0.30186688260815203
0.24851147265555296
0.47734416709829464
0.6522566352789302
0.28016949201111574
0.3728894547461223
0.4778814554023415
0.7805457097854028
0.6014309977203467
0.8139030936926631
0.31910251235832277
0.3283554200311061
0.49354915569418806
0.7830589740592054
0.4567360264592389
0.7629760401595044
0.254625409272593
0.4202944116070475
0.669131570618111
0.7342327482013115
0.4440912784156279
0.5889206931567231
0.7759674602686959
0.17898531430611597
0.22485464502471875
0.17488366516634526
0.29155392360606586
0.3200978552467725
0.5203875321925112
0.7832870696032168
0.5393223957813928
0.6935995341208326
0.327809832942475
0.2985653620507771
0.490063239718604
0.8031794813483982
0.4279911421496726
0.40299598081125176
0.6217945134981244
0.7793741732243687
0.4909265685744912
0.6117751846238713
0.41818262117325056
0.5707318860794418
0.9465475733916607
0.3434435045811041
0.35062206068857715
0.684546061833315
0.7338541647274748
0.24014037165019203
0.27449588750142334
0.5606027221463656
0.8342252356387646
0.6511717831057634
0.8031885354461245
0.4846098819814124
0.8123956356848675
0.7002588824997839
0.8544373092310286
0.4034721070549551
0.7620167380798863
0.4516468762886106
0.3102205417779336
0.7705603901083931
0.40164611654183285
0.5099514531851468
0.8099076369427713
0.3896792159460844
0.2915209865344686
0.22415723166003326
0.2548247018134884
0.6468975930765466
0.6905453204338747
0.5365608699362338
0.783544171874231
0.4837140935235867
0.5349903741409395
0.5776083980954613
0.4377474795825009
0.685360304820876
0.8251112829100814
0.5967794894137137
0.754935971665116
0.4191797188789445
0.34558139623266887
0.40093423438412135
0.7775273059814173
0.5944686742667877
0.6888867924835868
0.6663771063298993
0.6899416645868658
0.4614705568389318
0.8779480237373728
0.16492338536580348
0.26813376476587947
0.39282528427781216
0.6933139531085314
0.4687747374243614
0.7613433815561448
0.21913404374159423
0.133796101153949
0.33894410008963927
0.6201022066370026
0.7055371160837909
0.6286421067780867
0.6522193239130575
0.38736883189005333
0.6765498705589321
0.5386104484671763
0.6933635873445914
0.5233683329758104
0.6724526369045951
0.24404387688470963
0.6201641772635977
0.8611438474841325
0.686191830106211
0.8748920651234681
0.20332535994630643
0.40432434650444066
0.48394704869269
0.6844129374128202
0.4655459772288773
0.6849539814080602
0.3246254626449915
0.20960277433438962
0.6578955763412113
0.4411720965116474
0.7494658900334651
0.33162876069691377
0.385083511164128
0.3619588793403759
0.45850656681124397
0.34355529392767153
0.2011618896196891
0.5259342302734223
0.5791211563624191
0.8380003212785214
0.3103098359491324
0.437405827255682
0.6517081392486992
0.6854100663368607
0.5522239501243924
0.7098282830980679
0.45213934113623927
0.6388861513017461
0.7800776273615109
0.5801384749531676
0.6904676218882371
0.43087450271705974
0.7128705033073446
0.337144800910642
0.5907213103912288
0.4901290012095899
0.6779519029785559
0.2743473234943302
0.7996460042414957
0.44042192007465575
0.71384480333102
0.5985104768547885
0.6836951409681883
0.560649659269331
0.7625472666474065
0.2148246538328372
0.3071506437547882
0.2604258428448426
0.4083966275603961
0.5523211154542835
0.6623613877709109
0.645961908424129
0.704306539896585
0.696152245341988
0.7695355801556334
0.2502510664085563
0.29444220068830634
0.3683872279543617
0.5530139298192828
0.7077988131068043
0.36108710957339013
0.4298192580584495
0.48511607288900865
0.8166419134282139
0.6739111019475201
0.6732660413153982
0.5072366696607388
0.7969347952869537
0.3108135856036795
0.3756125467510093
0.2992675594225292
0.16227512926033436
0.3427342986421362
0.8150781456814363
0.7734740077960139
0.15575983325667822
0.22909697074997162
0.3722995536207395
0.5007217244465112
0.6687975565687659
0.50647076133196
0.6497739908631055
0.6177407093182384
0.74442704074459
0.6013243581243621
0.7173579238994058
0.46669391012006084
0.7580382241626621
0.3586753312187118
0.6138610144599708
0.5912354854599496
0.2593302184235255
0.20594233009206936
0.2972722824212157
0.3306754071890147
0.3644096709958388
0.7111347929359111
0.14929919091604157
0.26844174124475245
0.34229260421872487
0.486407177280812
0.4270494932409989
0.5848911980331721
0.6579923452861896
0.8561652623344765
0.45311174231592016
0.7976981142822529
0.4668665472395257
0.3654977246155794
0.6613620195230034
0.058360209475894015
0.26864033941466103
0.2143236421111662
0.5512481853478168
0.6575061311259605
0.3511969233916251
0.38441407252053056
0.7588489435625603
0.29239007453381316
0.35433860605899936
0.5448825286439237
0.5833459211503305
0.30128173458942853
0.5795682852245925
0.24029593371714414
0.4652255237402297
0.7180744155028818
0.39344752657738513
0.7054578559147698
0.22951299972027217
0.43951941188563853
0.18650809168955523
0.2706855883129527
0.6186288785207212
0.3554083349141894
0.8014990928082081
0.550756767249612
0.8770861948699027
0.4416283882006287
0.562496988629032
0.8619084693907718
0.30533948464285954
0.5082988127722963
0.8505129899097271
0.6830965960781842
0.7591168217829827
0.35780362995652054
0.42486246209482775
0.28831332097370854
0.8361854361740028
0.3210626564491115
0.7569480692444254
0.4345709796027336
0.5007194800593366
0.17520937414323348
0.25960718070529537
0.47957619760671266
0.7267186234148683
0.33043291618968984
0.27417739546874015
0.2906701803923869
0.5086692582588375
0.6738566570930221
0.15442787982554684
0.07559831777878356
0.3201222924421693
0.3232850910191465
0.24040057895239467
0.2750910416256633
0.38104042884808187
0.6363301575446187
0.2527255165891099
0.20964994122432476
0.31950973565445256
0.4633143260946434
0.772072935950819
0.4941545502659874
0.6666342338237321
0.6029158139429481
0.6958367622637198
0.4968313983749043
0.6683936845143577
0.458886419158191
0.7410847583049444
0.4256656597584509
0.4479919676864491
0.8421063150147412
0.4073801941762483
0.17176411753195583
0.41823704273820067
0.5412229376775924
0.15063177363187827
0.5518056543123021
0.7936212251838738
0.2561428390632693
0.20475942385506196
0.8392389297569561
0.36007400729399325
0.4038607646654138
0.49226569678538795
0.7164773842482837
0.2432654640173526
0.3775896724806042
0.580308809430377
0.6641093695008192
0.4348431526869247
0.6955702947580389
0.3703231015434625
0.6906408611033684
0.5394726592708958
0.6781873377108747
0.4365482329374564
0.5797719559581085
0.4563047537934631
0.398128811492937
0.7586103013462424
0.5857038261579142
0.7513133171510078
0.5634099149749647
0.811148331007111
0.2703296268595464
0.14133864177147087
0.2424533002787863
0.36005579132469934
0.24056554105846448
0.17511038482458444
0.3309903250066304
0.3374020073456695
0.532915669709852
0.8774634470704328
0.15717915207025804
0.27025147826750445
0.5505402524972747
0.6794698622908024
0.4128060757098436
0.7495700948537483
0.3759595362125702
0.6031285116153225
0.755404349553339
0.6048328548211378
0.770277921173704
0.29818132184347407
0.2732888199368926
0.3960650178266238
0.14392487766250572
0.31747590650409385
0.47559579740945984
0.8169745732737074
0.446460319052395
0.29841429768872324
0.5856133449884802
0.20773826161268322
0.3586296675239538
0.7050956439814217
0.2896275589588465
0.514464055995442
0.7172381452481298
0.47787298613813617
0.6703335554767609
0.27105503613674
0.4155673544601229
0.7930594675186381
0.3929044125178305
0.7294472762182073
0.4987382151772011
0.5706021411643647
0.6641048725775495
0.4800080330948702
0.6666993960338701
0.342365077173017
0.6593658836877083
0.44307309810384066
0.6447541076236607
0.26619355438868236
0.42831446550377433
0.5136623967092412
0.5864313839809371
0.5689370243840152
0.9129335560002114
0.20287823986546852
0.43755050880766744
0.819774985990318
0.5062263524652058
0.6864325909646876
0.4394564761950032
0.7694071279588749
0.4722146507898635
0.7324873664822164
0.2759190823706635
0.4437995822986739
0.6816277140772843
0.4309516847287135
0.799881292515049
0.43347163414546647
0.53636141426434
0.6654654687552208
0.22330243891672713
0.6237768838612368
0.6637629613597976
0.27957206953039676
0.3911299410419345
0.7573303057712818
0.3765941515167841
0.33280337323465875
0.4117674117504287
0.6443170807513334
0.29821461765879304
0.588959596288704
0.5062336174110917
0.500300733269111
0.6097614185385181
0.26670997150529197
0.8651687688307224
0.5780502336525047
0.736803085039581
0.348274748327694
0.31690366917812113
0.2833606197689721
0.35727008235852664
0.6932526342310151
0.4921160399031301
0.8129620452816804
0.7797611956696537
0.8640716165324321
0.5378172974195965
0.6900261318657168
0.4461888469068979
0.668889698015579
0.2902109552620205
0.5101099628811148
0.7459501717115111
0.28567570260007447
0.33055396319399105
0.6405338822604831
0.6048350587030616
0.5455068891280437
0.6536300388427612
0.4672911114693049
0.692557526849332
0.39509986698552113
0.47848299522366916
0.808778141581003
0.19092790769469734
0.42496800414772945
0.636929392051585
0.38127682625238835
0.23970766873379395
0.3720202858153461
0.3172493827370632
0.5412082839152471
0.43452385009349304
0.42279539290668355
0.7494477424588247
0.309737958826478
0.28318534925627625
0.5257488024935553
0.8617146570126504
0.25643995935640207
0.4701626847211709
0.5638027307742717
0.6713550384696334
0.15995341946190894
0.43215842332349347
0.2507847819682005
0.3930809134736701
0.6497646642256439
0.8614864090401043
0.2922156727111788
0.22629291154727027
0.5390335857614411
0.6033856837517424
0.3798652500361466
0.7763566444303088
0.1869199915422424
0.7188228388404486
0.5481909164456501
0.6288515360283923
0.4744232223399123
0.7115242979675671
0.317806277692966
0.37671519208249676
0.7257353191058937
0.5488915303785994
0.7104217851215178
0.18326116357709565
0.4395642067222415
0.5183542018313101
0.39341619361231833
0.5989306143760493
0.4200807670829102
0.5081915250830445
0.3831962269750745
0.53244128526505
0.3284293373731127
0.7207799767345339
0.19985972890892215
0.3888218607640474
0.2269287158333914
0.2537813508712359
0.15755611135592412
0.22038919696180215
0.7002092185812844
0.20990703818564083
0.37759014953441017
0.6112130873055533
0.4187439176700671
0.7849196201349802
0.24929995670919342
0.5459971479238422
0.6760189647136827
0.42799907695517075
0.7360825150206532
0.21267775813274709
0.20796091494256072
0.3108542170932115
0.4555352104715492
0.7645335083291308
0.45478002590805694
0.7744406285952999
0.5398534502089632
0.6778534995454135
0.4873892968842408
0.3760516660452652
0.5515948723448967
0.45290276321746586
0.5159938278308251
0.7372928945222227
0.7427107181423701
0.6973242134113975
0.9049796510115754
0.48954483350051997
0.4184557342841602
0.6707458793232213
0.6305345051259177
0.13925311593851217
0.5753453825663788
0.6023230492118629
0.4596799076850363
0.6021969137094242
0.27810358513115957
0.6866598282141692
0.3413362469841562
0.21676942992805545
0.41619861766442345
0.7523602165500692
0.3679428518628138
0.23681730503178022
0.6725805690932747
0.705643317570269
0.33167732472858924
0.30334953064656406
0.46910803874446644
0.5720388774841826
0.8354425104245982
0.524280145995116
0.7578531910842691
0.6719934580011379
0.6715873194458623
0.34502630934003425
0.47697769586758154
0.7238401500201496
0.1137800875003556
0.4970425901463278
0.638348647594546
0.6608602084325532
0.7685554073261118
0.7768079669552931
0.21673464774886003
0.5603036729240161
0.5534941105166696
0.47406004046722205
0.727450114070816
0.5554025740193625
0.8780332380131941
0.6075891928824312
0.7129868835400148
0.12131345318461349
0.16972536449557643
0.6250363447655822
0.7422386225674916
0.27185639870600875
0.6773993387462874
0.8114260928978565
0.7220125601130315
0.5931734015990733
0.6330349280732126
0.4909463804517553
0.800228714799247
0.28432271570852946
0.6826510595567928
0.7008409855247448
0.2553561445984552
0.35551779256249566
0.6604232792119276
0.23601264334747213
0.6048566666300405
0.4337360415766589
0.5945775545056756
0.655969248991235
0.6869434361330136
0.5573799673878261
0.8128363059603817
0.3247517768987397
0.44857826708360266
0.4760320338285899
0.3970234210472639
0.6446988104916584
0.07920714377886576
0.28786302956259785
0.4622058367905736
0.6204482194541966
0.25595161126908234
0.42545650807960145
0.588342656192155
0.375718165833191
0.529188264122272
0.7481268270943967
0.38890030670681197
0.6293611639559002
0.6598932269435865
0.4735901475242444
0.6554131988884785
0.6278454406325734
0.6623438660217232
0.36632677140094927
0.7715516875923435
0.45058437442939697
0.6581532881189143
0.11942938351784026
0.1689276714175184
0.39259695292576413
0.5026433733491612
0.4686242541454207
0.5938358227860777
0.4591736672240056
0.6248693198515507
0.7378137211697765
0.6290118439753064
0.6264276189845465
0.6090012348098406
0.35831844227041626
0.7093596654260108
0.2125579032178106
0.3284325720265278
0.3669626444869114
0.6645278868329959
0.6147873879986056
0.34885116115604736
0.6305732671862436
0.2616850817903998
0.3750008780929364
0.5836644535862461
0.6813750807698085
0.5274530518019543
0.8472194315590569
0.38495149031014564
0.37068421032876825
0.5076982656652879
0.6192794594668855
0.282001744700584
0.3529943088680243
0.646372546365388
0.7409841820480575
0.42357455215500467
0.685271905888566
0.4574729772163085
0.657106014823184
0.4200024401920686
0.7353809101797674
0.3485346016825774
0.48075682815200355
0.5345636398344651
0.4224837197773771
0.6882774047231679
0.45389123154740313
0.6318196121339561
0.5444271141718099
0.5693699711420608
0.49287505901077705
0.5912827471268205
0.4477411838487538
0.7781517802767365
0.5509018382054609
0.7072131387031251
0.3586875411871637
0.5497839443440703
0.7433769834361408
0.3510589703468235
0.2842203117764494
0.22750479180853592
0.431407849214597
0.38044279378873536
0.3825495480878746
0.6821135150029669
0.2757923580183263
0.2591587164541165
0.28345100372456855
0.4665007443691592
0.7162235172473034
0.4734262732247369
0.8869860424597485
0.3051520631846281
0.41038954726207627
0.5646502537725065
0.715271512664362
0.20548503604769855
0.16745533704862203
0.2383022040818732
0.37221141118110534
0.6223297477840085
0.6963508017744064
0.7039479897559061
0.5191347665264883
0.5843289459619122
0.5214768425557708
0.8036477792596165
0.480311218658324
0.3918750250358076
0.6828405144966103
0.6421772853093964
0.6213792045010483
0.6425756290038047
0.7231164327912767
0.5099710244296157
0.7613902613692675
0.5730252289474387
0.56440182496977
0.01333663128075352
0.33269627609485397
0.7333847895349509
0.2129002533128233
0.6427847226184252
0.4160415626237375
0.5637518249855423
0.4320383646574677
0.6210492306580626
0.14667592634462634
0.2441198222490628
0.46755966054289666
0.5630595514211331
0.7205944369821469
0.8573467577238092
0.45812292589911474
0.6360907301530058
0.45266497408351464
0.5140694172534561
0.7578205028008269
0.39271544932669367
0.6958595819250852
0.21692810382022992
0.42291304102839045
0.7565126389093131
0.37581362550744646
0.5982644357639605
0.7435128508608914
0.27566221723782636
0.23395007996843337
0.35447305964451375
0.6929886780511345
0.37755661403361285
0.71577762399431
0.31863799332825377
0.5977303466113891
0.774640364656222
0.3795897537896601
0.5398261793315825
0.5445327902573329
0.8149036338856093
0.18477235000769904
0.16228018483373352
0.2388765396210129
0.33971006812376386
0.5685882036984558
0.7161166322761781
0.30158034005614826
0.3444428131702924
0.7330090321105585
0.3942649255127335
0.42701481725970064
0.6041056740899099
0.8510091780367697
0.3120270284295551
0.4048857430571103
0.3313707626939899
0.3662061282014848
0.5115392981473249
0.6958007712871287
0.2745714867908674
0.5157760752091362
0.254084978416531
0.7369984909623624
0.32064041812058497
0.28872233296866673
0.556946614802082
0.49063836191467236
0.6372122167654137
0.48505189941463606
0.7552768561746294
0.37666030668497313
0.5787508786341906
0.8999113433564914
0.2209714563604372
0.32005158834545927
0.7204224046539368
0.504953624748797
0.5063331926962734
0.6088984062161066
0.8366521842612985
0.7313670390977491
0.7860977263903787
0.09440424100509083
0.36914569152160476
0.3774159365230505
0.6334183455239275
0.13830247902558573
0.236102118833564
0.37458631377065876
0.37027891979961897
0.5158016874048172
0.3594028190508339
0.4986257619150916
0.6087618533551576
0.43142741828363296
0.5364962161966764
0.7784631412022484
0.6653257610753173
0.7807731374155285
0.39057176390958087
0.3315442345395689
0.3045966001156182
0.27714765927543084
0.7551690486030567
0.5635594707366038
0.7171903078374554
0.684483839741325
0.6977760221581596
0.31353154662817806
0.5044678056921981
0.6136061151706872
0.5876912459285085
0.6867190391526841
0.5172298930393661
0.6969743358436422
0.2544657922931455
0.2489252024352781
0.25484409650290435
0.0719631856939284
0.24200189013123058
0.25053901026783804
0.3777342452262337
0.48725444792415046
0.4537416976829438
0.8036173690311529
0.19782934110268113
0.5662980220974794
0.7090582718955366
0.1586364098113298
0.27573630654623443
0.12365135820098097
0.49643573727211066
0.5908881121375058
0.6672270470825648
0.5291139842057575
0.7806414290755724
0.5045455816168959
0.6722505798719504
0.2349879363816444
0.1989394685544123
0.3398491774438011
0.20503481551057837
0.4643454732012154
0.7968125991961101
0.31247562125237377
0.39454326708372833
0.7291195630397002
0.592719600360632
0.6663679574973169
0.11709881275057166
0.36714712114285863
0.5334879216435849
0.46429893350894885
0.6498611305019332
0.44911368412860514
0.6124196665610437
0.2847837434353015
0.2809147920113812
0.4587785520494389
0.5271274585230471
0.7465804270553774
0.22029777741444842
0.13800597614324525
0.3384781261728016
0.36965358864941733
0.7890615562516613
0.5552860266669367
0.7189195987533787
0.3899913944018718
0.5586292857756768
0.6135090254811228
0.7787123448150385
0.21836341833631417
0.5098696514441865
0.615174014167772
0.32529835612974617
0.382349152681996
0.6426308754644104
0.5384262344264067
0.3296042206253533
0.5107242363585222
0.2659773444966446
0.5364440124449278
0.4127429941446649
0.6935557850470622
0.21430385731776966
0.3052219566025483
0.27286974724650903
0.5889096718609069
0.599176100970148
0.644148857918876
0.6065268808293854
0.7293170997285634
0.2626156482214849
0.22925541747531825
0.2683266682074897
0.44527141349033456
0.6486630838280344
0.9117634301809145
0.5197939374123474
0.30517403121132275
0.5424753449755516
0.7592925691260802
0.603091551988392
0.7012428721571636
0.3776153140112766
0.22734644228705747
0.4416681376537248
0.6653045161603962
0.6244436177125826
0.44947401657278696
0.6986746623399911
0.24070347213223187
0.47908196369551725
0.491182229850993
0.6005383047292657
0.30530771463316103
0.36971567051728566
0.7176672033121559
0.6748956582136232
0.6042179080386293
0.46421380129215145
0.6686973451641637
0.309586701649017
0.8144611297915472
0.5200669549807229
0.6824446681176963
0.3288932798675621
0.43366010586645426
0.8459197582300921
0.7370111514439912
0.4629355970685336
0.5811467666950644
0.6609330948668505
0.6682616714767953
0.7156799558631611
0.6515081838634633
0.0850409963733987
0.1275922498232708
0.22042923478439533
0.2639278619913302
0.27012003937389567
0.4518081971276614
0.5391274988936533
0.2057280424011973
0.5787505897034123
0.7554771640695127
0.4028828928010128
0.7161871547601285
0.3010076648325457
0.6672224084055983
0.3994595456425587
0.556767694828817
0.8323085991783441
0.38388643540287526
0.7836933171986972
0.23823149774082555
0.25983183774427454
0.21638271133622336
0.6896683708327479
0.48973475815695033
0.5598057488283806
0.58083041564109
0.7955637795583882
0.5388766187781023
0.627924808950069
0.5759716757113162
0.7409241596843648
0.340364927644218
0.3087002973148384
0.6540747004637385
0.4373456055223687
0.738261241895659
0.6174806271326592
0.6388988549813196
0.1983577333267235
0.25765151734550606
0.4145679060705781
0.5165596260091507
0.5886042128531088
0.6093337232740922
0.32262097975322274
0.7286993604762347
0.6728522327197027
0.5214168901554456
0.36300451338565776
0.6865286057717841
0.5680087271534545
0.7258908019384047
0.5220399250990965
0.6178532413354465
0.27814391995174464
0.4263697504414973
0.7561546951510665
0.3020067824785649
0.29000348367912704
0.42708932222112356
0.8453329824437974
0.5568958673701525
0.8031186535952263
0.6200826747149453
0.7695530831186747
0.43282637457688694
0.40218680915918253
0.8401749115757675
0.43169631756924715
0.3772805307859023
0.5432508534054238
0.2659333253852734
0.42646866744573037
0.7114592011521899
0.43888643189289017
0.6609369600451438
0.45785858202815966
0.6144378476091891
0.546995063979848
0.7660821665153227
0.5000008634657924
0.7074352188215431
0.17623147782431267
0.3356739463359313
0.5112175463782868
0.6744846992801781
0.1417094828261349
0.4161119526713298
0.6574690315410313
0.4449096346883418
0.7403525312179692
0.27041988808101397
0.30084366690911624
0.384753033966318
0.17083230817168044
0.19888485275868184
0.5754917579493717
0.6687438263943724
0.4416510028852877
0.5232672676350679
0.7401341833909686
0.4592808884329191
0.7411171788465665
0.44153957770812835
0.3303551389295313
0.28190696320359737
0.3043352055246825
0.7124299516643459
0.5238000057481205
0.7561293174977858
0.4651372433196722
0.6254787000856071
0.35321116657168045
0.22587135456309862
0.5611369088819914
0.6502108632690423
0.4257552803376259
0.7812133066585687
0.7291802165454295
0.6263289288882916
0.5934189167593598
0.6005089901676199
0.8207546369028109
0.5306726338083091
0.7879591365990294
0.11000456863587449
0.3046155069344069
0.17459104658043478
0.17727942934776048
0.19010244412335053
0.27157092932450844
0.4634615666842688
0.6513543335986837
0.5124196805460223
0.8487541608194804
0.36618652568275334
0.3832164807073944
0.5239781873361954
0.7309612547074872
0.40567772880848035
0.5054323718623098
0.6487485374950319
0.1248326769428969
0.3267835830412072
0.32499611458044386
0.21597123940525662
0.37431860623250734
0.6498235986482619
0.303253062681887
0.6106339594501756
0.4850167895874801
0.9122551956537033
0.5377895944728313
0.7967658009353615
0.6312822099350616
0.38911454350142255
0.5704219115407456
0.47805723498535363
0.7359030148945089
0.24167190518348491
0.11822858519433267
0.263242112738648
0.26348846157935435
0.328513126356784
0.5005119443344732
0.6059401541102433
0.5339136949209949
0.7167396999505288
0.8024961033332154
0.5676069310803186
0.7506909708360101
0.1803714246631742
0.28457538094077134
0.36871491039826004
0.3632331872518402
0.6146552788264458
0.4080238467411837
0.704266160426342
0.37573104247134614
0.7952076813277421
0.689772301636712
0.850475063736464
0.2868393728561944
0.4221672208530493
0.7048016858136269
0.3389837926576081
0.4451823998370699
0.6590222816554616
0.18057986468598353
0.2456322241656626
0.32380465506278083
0.3823489943318651
0.6141188644983208
0.8346564986655565
0.3880570740644679
0.4408582966722334
0.7693852774582919
0.6329129003755719
0.5462558846397643
0.48069168017459296
0.5390042256783294
0.7470488998616558
0.46744476199945434
0.6920673823034359
0.5668678467725429
0.9654571221417324
0.40095472680606054
0.3898819973856852
0.6843500894898479
0.5737841013224985
0.7519201524282824
0.5309525719225194
0.7303569409303349
0.4036303709066248
0.6724269038339292
0.4351214869248427
0.5554137747328
0.829884587434469
0.3833892441565162
0.565982010567851
0.911597155715211
0.40576465087614777
0.3993819039679087
0.6187379587011697
0.24102563052052528
0.6384736708936901
0.36499670959545727
0.4055597050870434
0.7435501237141683
0.4626276189198333
0.828569549562712
0.5076654958334523
0.7733865939551969
0.2710109330623969
0.532184310330236
0.7196593598172221
0.2781719825344017
0.5331317501072682
0.44372126966559655
0.727812214801821
0.31782655773872437
0.6346001698357518
0.6774510584708012
0.26541830978203795
0.25406719577877857
0.7267534593822684
0.5295148206552943
0.8761003718684529
0.42487059171504404
0.3214322907837502
0.5556099132052383
0.8676725399271754
0.1938132013639178
0.24770485395742511
0.0
0.5253101269210176
0.5907072181712837
0.5596393852363676
0.6123094499789623
0.2537207083192492
0.6044521608210678
0.5725656314330501
0.48723346198073836
0.6347029986400196
0.4231443609813789
0.6318426408479281
0.3056459406400278
0.44116538237929964
0.5952726004031909
0.33631738113772325
0.5117788105909348
0.8078450111956693
0.4414314742580768
0.6627149519556729
0.4105843904534181
0.8097363455270886
0.4999922804695091
0.6598337493113228
0.26532211854565624
0.5980114782367781
0.5762328125245119
0.6960792675487327
0.6033465766605124
0.7552530176421002
0.21865576054037408
0.22658909104482267
0.45822247496830737
0.5512262806581246
0.2429679494248794
0.24818944744959182
0.5201588142993767
0.6316389355013252
0.30866329443962953
0.5217134466656645
0.5656775045810998
0.4744807652956614
0.6947882345739147
0.42675113358769345
0.2861763105128242
0.6950547221489499
0.5590755126314634
0.8465561486232861
0.5658460981950085
0.7057372334222817
0.4510083545063475
0.4211775211248516
0.5377135229300319
0.6872472213933544
0.6222467743745658
0.9251755663892894
0.4147632569787418
0.5034153780032984
0.6631757899748612
0.36706150149224126
0.31444729585139963
0.3964774692968829
0.2860895111577471
0.5057135021530171
0.6502169098301122
0.49131483104093593
0.6294620169595675
0.6115017697075055
0.7131507015526343
0.5533488990117952
0.7706454592544437
0.5534904009617247
0.6008042742619821
0.26665249699991855
0.6255184468505972
0.2466578069444514
0.5780959470000775
0.5798818192273155
0.4794075480396251
1.0
0.2568886264632398
0.3261316413486687
0.27283869550391804
0.2784340051270359
0.2938744129449822
0.3313212457637528
0.7677765594549943
0.3275414713381819
0.7759564769764179
0.5617126766178291
0.5460705515713056
0.33938633756854086
0.6484058637546707
0.3094492255292682
0.46750933142526335
0.7856608871582932
0.30427007741543827
0.3866369660015625
0.5919281424372714
0.3383044909667938
0.6514559665443159
0.43817824608547123
0.6687285923334106
0.4743108884516326
0.6759284875442751
0.45425766687485436
0.6074674181821925
0.7427084756628509
0.4327215132346846
0.49629828473730037
0.6114173334661885
0.8879422511932514
0.30725524401462745
0.19006006716267365
0.44723485197685325
0.7398825813541393
0.39099802754723356
0.3635393953363362
0.7392015069267359
0.43349806344357755
0.3605035591514611
0.6951038267939482
0.2931906010039446
0.5340142235323714
0.7227981426111707
0.21395872424075638
0.39857482397771116
0.5156609285693725
0.10236074060162727
0.4595303561372996
0.6895939018564696
0.1734860277700603
0.45644034575061065
0.7967782391115649
0.23214824546121274
0.5041747234372156
0.597281835301302
0.4954803304164415
0.5273542832185024
0.5762335050300038
0.5893386809812007
0.9146532599084344
0.32694427252506486
0.3912552283787568
0.6196541462222684
0.6668714660349188
0.3270178966177307
0.4621841151802837
0.3117916930563864
0.7778803820623469
0.5061871409731729
0.7704279035412684
0.18337630866399193
0.27884833488502914
0.479153024126114
0.6663950059364538
0.5520320507326314
0.7294077614315614
0.6071856332360371
0.8015404208557488
0.3219565219730399
0.4254089904258751
0.805575451776862
0.7118622267006971
0.8311467050170227
0.38660897573749026
0.6146592160319666
0.7330802838504388
0.21421596424767972
0.2834473353670894
0.39424012432471806
0.6802356275095925
0.6475937461019454
0.4610463015784391
0.5287108957867114
0.7306501189877805
0.20063103946912614
0.31663057661524047
0.5766573492055456
0.48759363785505516
0.8141496214831566
0.27786652851404725
0.224324267605104
0.5363981111720846
0.734314197769693
0.7254521843987258
0.4252853845581276
0.8554468749635168
0.34299443874439595
0.24760540325096356
0.46351927470659016
0.5400863160452546
0.6701103987911406
0.15179450926075178
0.2923089833167778
0.7060101433364162
0.7441589878909469
0.6896357496137797
0.5271478816444994
0.6649202233995125
0.2740150326119704
0.2595602032855959
0.313952479818619
0.4790868628187147
0.5441247532476833
0.6889769499413457
0.6685073060607032
0.7941507062826191
0.3264436826254268
0.46003491255815504
0.5743136302745918
0.215396951221855
0.42353166159660083
0.617008440756056
0.27040327895262306
0.2596214418418611
0.5810876323356295
0.5127184062767451
0.5476030089121887
0.6765575889252551
0.9445769318375011
0.5722097045845227
0.5902301966135968
0.2541408391256198
0.2507590898607843
0.4926042430745512
0.8316888950541208
0.21879244784735383
0.2712378649470834
0.03181310362955416
0.10507716225363914
0.199725926952248
0.404635000507683
0.6018495604159275
0.6377161316282666
0.19743696993988488
0.24981450696149463
0.31540550678237067
0.4655827546505462
0.5410070556381203
0.6561107033205003
0.3846888167902737
0.4462889918176312
0.8059694260590574
0.3347242617727683
0.45525076877466286
0.4562193213475772
0.6193669085803095
0.36469655187775735
0.5888335610459556
0.6956557075413842
0.21569138091776419
0.3304673662309153
0.442389221869632
0.9332680890536085
0.4529818069106936
0.6776678496087172
0.46008681777239774
0.7982606227085626
0.17728065333544535
0.27138781192074307
0.3492660606924679
0.5412958812797984
0.9080256781609841
0.2926343586588722
0.5120314129014479
0.7046568359745192
0.7659621108828082
0.4263356956815641
0.8043809391004574
0.6880154751762632
0.692175836799435
0.4155854436421826
0.5793539918897112
0.5942735153981167
0.41822199426158374
0.659771084489387
0.9043393892173738
0.3585861078564618
0.5577398955438272
0.6223738569660585
0.5906047364348033
0.813669809542585
0.2419807462849858
0.29918071676293334
0.4618975976651512
0.7039709697175239
0.6144049567465936
0.6076769460091137
0.6758264795109242
0.6203142515843844
0.5787896130611794
0.5179653651248306
0.499102073422053
0.6802333227345945
0.5564295106953201
0.6903747459554357
0.3979556495124892
0.681687376228789
0.6456873596358088
0.26206249089401057
0.6655748750747805
0.6748214669642469
0.5747253381911898
0.8458829176931942
0.5924711741891441
0.8980812919099372
0.33220028504236254
0.7211549501800487
0.34643988042004825
0.5588822984073714
0.6678083774357575
0.3811400761339444
0.49399891036786353
0.4615802117692023
0.6148286899732534
0.6400734086939988
0.7076798249974727
0.5513171684980626
0.8603039585673875
0.4332719369311324
0.26348746527823164
0.31577018518349187
0.25826343310130323
0.4475192949794008
0.8783088702561753
0.29109406161216544
0.4919861296427397
0.81970998706772
0.13200531736035198
0.07650939943650885
0.2683562311061988
0.4085260650834097
0.6386482633019358
0.30383565010675706
0.3702866280475433
0.3555723011964325
0.48148562153478813
0.6802627478546822
0.45766438890570205
0.8712402517588516
0.27577097098094194
0.2882390088757391
0.2744329902878549
0.27438271130754993
0.3206104499927548
0.35313092956056535
0.6125797038356818
0.5787150901091375
0.5760760162390512
0.4608536398902367
0.7328925873597468
0.22012109065633886
0.23402084433271875
0.2230574324560151
0.4365360444866784
0.785665703941747
0.17348527460038318
0.2218319517734979
0.28072565212370326
0.4182193544805252
0.2184271912859293
0.5088917989105877
0.4349408306193513
0.7593789557264958
0.37528950138064526
0.6338097528087532
0.8074125764363937
0.4324499562367695
0.37308102525409714
0.4431236799490318
0.7115736993878045
0.22383662777696853
0.2937408399425178
0.407844848307772
0.6607314378609705
0.5802193072359978
0.7039779505510513
0.2098243361341673
0.496024587046657
0.7226029518979097
0.39828588773275214
0.4844149236966777
0.5836412725285298
0.3064723304563091
0.46436941578576146
0.5851971861772226
0.712901909209576
0.3620254100711902
0.7472968896707057
0.6733342009811787
0.5506945801487733
0.4823122492697277
0.7293412341086634
0.406271458138494
0.51121746386016
0.4395176653843239
0.5294825061341287
0.5841269088636976
0.4308643153549313
0.6791057120852313
0.3724761124227362
0.5223661553672476
0.8199020906564319
0.29299159281196313
0.30298443629877564
0.5421521592323153
0.5864247143956421
0.36580867615153223
0.5433336046008487
0.655108313135307
0.5045410632982401
0.5942328881342698
0.7185846985541102
0.2832982960903674
0.4010332351386532
0.7339530594283535
0.37879822752425435
0.7061269779532404
0.7809256506172911
0.46459720802292875
0.8700057887205992
0.44447332014808577
0.7768272201666819
0.5194530507870612
0.8764683474979127
0.7230543260175369
0.6641855435860403
0.6095231207818632
0.8194811560400106
0.2627850888118437
0.38781279074419084
0.6434572589729327
0.2702668110955209
0.3715461526810967
0.7667283532823403
0.2571754489715312
0.6477149472851808
0.7041267610653539
0.7370740927763044
0.358850034707135
0.5686167780639033
0.19444876104942224
0.669950494953822
0.7679093393210311
0.5607988061344303
0.8291933464078479
0.2999370437979778
0.1924804019046757
0.23753014991668361
0.2083919967612909
0.34056853519662467
0.5453401557472862
0.5693996666911183
0.8332556346358365
0.3685532588464803
0.7117519234075081
0.8380189766280465
0.6877135081290102
0.6400015401449642
0.8515520006173641
0.5177165132127779
0.8288034346004398
0.6363050416898853
0.7481883136907209
0.5038834317157992
0.7549379330562158
0.31962772625067637
0.4677287255415653
0.5693348018729798
0.81578877113128
0.4921593638819749
0.7066265386941094
0.34243084422814124
0.608642966455477
0.6628257769396139
0.5269574371676224
0.8300479509526668
0.2402616735522799
0.38586230904195706
0.48032725129629505
0.659345362968008
0.444690292703379
0.3231043394445593
0.413911744587968
0.3901871116768435
0.8616172118404114
0.3682355472942106
0.4949428735331557
0.5258896818036636
0.6865238266935012
0.38894299163501883
0.5651053503228357
0.390319732342644
0.585015824785651
0.5370150340739177
0.8297547028264699
0.2518237097230254
0.2465952896538899
0.3035516184031938
0.3348542346131754
0.6120080872324316
0.8928232668864029
0.46792033446255965
0.5352960879484939
0.6601279129685893
0.3078164273077158
0.27659854555553737
0.44078229863632307
0.5817681652388784
0.5084025974911333
0.6731248480852982
0.5341809449684957
0.6604617097399218
0.5301080754465376
0.6102530726624915
0.23562034293280476
0.46058069457089107
0.7651501808639504
0.20812405290634503
0.3992345638224798
0.5226438248252159
0.7922794968614613
0.6815512782918777
0.8080640322045888
0.3230371286082096
0.5818178666166649
0.4693557654373434
0.8589769344350257
0.36767457126472375
0.43590471962677596
0.5603933123632097
0.5900786775554717
0.7946517317786314
0.5892055890744406
0.651367453280331
0.6783738939313245
0.8152135936122086
0.4751746172105221
0.7438885030942614
0.5194026646026088
0.5103616966593136
0.562058583341155
0.3426858279263834
0.5142176671709741
0.635723958976149
0.6691636936813091
0.530214351056317
0.6290435270451268
0.23841647565915836
0.3798591610469165
0.5594665014363023
0.8009576278961827
0.5056746386196892
0.7620445575391664
0.13578629698090505
0.28228956656202653
0.29499557867906023
0.528563137558939
0.6934468460999492
0.5437679164394102
0.6442684002640502
0.23468640316137604
0.18319483558917507
0.46198549799260596
0.762210251541237
0.5052775288104082
0.660414927834666
0.1470508376391275
0.35756314942328343
0.4199719188063805
0.6374264994626107
0.3166307219141036
0.44428894421984505
0.4599893975956018
0.7067619426615052
0.18702949998673338
0.18708324062671836
0.31892431040752095
0.7570428563832392
0.28870898003349266
0.25539129611576866
0.2771496675481566
0.5050360714625581
0.6724006381303549
0.5295164418988738
0.5430905090420982
0.890020167734049
0.4009892446905206
0.4385127838102431
0.8444167434046027
0.3382911287822378
0.5449941506515439
0.6942007962147574
0.5339161957885191
0.8457481919740151
0.3415929961342696
0.5868328741171531
0.2792695568667822
0.7169402371912559
0.48812178395678263
0.554878850006745
0.35647285168282106
0.5328932409512842
0.5199720429552732
0.6289764062599509
0.29412445032635126
0.7512045917699116
0.33834742501253384
0.3333844655510939
0.34918891779970546
0.4460500167693194
0.5282900370549327
0.7867283221340853
0.2847612790138749
0.6053282971529124
0.515557757134957
0.6859347874359076
0.19260140638219786
0.5348142994259699
0.9325824075592115
0.17290774516217403
0.29893644736510144
0.20600124100675402
0.20357143063983726
0.4344096310008547
0.5326251143806314
0.7572631914596375
0.3354628912227645
0.2912081168358859
0.23605493463048532
0.42567282129192435
0.6416101469718457
0.27459702248058365
0.5455512070375315
0.680199113177116
0.22074197772405532
0.5902792838146461
0.6983369032329287
0.6362930041663126
0.5070900211936374
0.5166779512455512
0.7239069717671061
0.6457355769966734
0.6922497074111467
0.3470674065706344
0.4220689747373535
0.4241057743601063
0.6318140683146084
0.7019811178466309
0.719475712125271
0.2890385540799536
0.42432589709439705
0.5760157314116888
0.23151022578987535
0.44032895304962766
0.8114029781958785
0.400281971443598
0.4358500570007227
0.6405919861900523
0.6811340337880119
0.27785874170261
0.3857029133164728
0.39385908092374533
0.5163500262557424
0.572444129064362
0.7281717646739532
0.26019649426262426
0.4549273176771982
0.6330457097280541
0.17587529673140764
0.19309678381376008
0.37434211709340953
0.5814783873037852
0.8086731985531831
0.3621910206539014
0.5594369377935814
0.6823835219734131
0.2571153355934831
0.5238519472805456
0.8199347684559788
0.27677996428779106
0.1888919450477807
0.38107273898512484
0.30592906164179406
0.46476670143195725
0.7050809154081057
0.3320002600154604
0.4224652885750807
0.7530441881283655
0.2447048734706495
0.2939218372467817
0.2896366376089106
0.5178516011085023
0.6288458439293692
0.4451526863754562
0.8120677147473505
0.2926391586612237
0.445775250085752
0.8387754311035961
0.5534920926360659
0.7378942657855424
0.2883684250096121
0.6570998919429593
0.4479265478015924
0.5707769816644359
0.2980774374200608
0.25158398572146456
0.3554873203391075
0.32577955017279775
0.3885957826142324
0.45245539637449067
0.3043732721097823
0.2614955898745604
0.20033037535494777
0.2718886582021059
0.043781113847869826
0.3264597482205936
0.24124790918979014
0.2628717131771026
0.37545408999563734
0.686878842756157
0.16211336665938628
0.20243178827510513
0.2661954740727231
0.7774410209550972
0.4173156599956081
0.6574720352785063
0.37280016122789633
0.5815220392880831
0.4106481407758774
0.7791132048844048
0.42592515959267685
0.7054308504910194
0.6479085534587973
0.5223237521308491
0.5953991173259487
0.15322567178108468
0.6615526320841967
0.6268522994561561
0.15736208892062384
0.29410749012086224
0.5374828150493383
0.8393547984855625
0.29330032627853003
0.32852234347007586
0.3727172197687231
0.6225451953379508
0.2189083280151732
0.3144358016767441
0.5167835789263243
0.7506387875239987
0.5934609441823216
0.48332573610213
0.6392087167561823
0.6452958598888228
0.6567134501271199
0.33750623110711536
0.5103613321106217
0.2234799055737118
0.4089416376033273
0.7370737678125453
0.7318517164326996
0.381968162404234
0.5752881964576431
0.3116293187067038
0.5479930183359467
0.4870547435981659
0.5819274044353113
0.37057054446415916
0.5963105425552762
0.5416174790283171
0.905796290515459
0.5933011041952182
0.6713060144771705
0.20376228846069253
0.4810283557254627
0.650777088042624
0.7027180148914524
0.5439749103901648
0.5129742528432958
0.683718574667571
0.6576373229086389
0.7457403900026374
0.2932903869269615
0.6204653000233722
0.6058515794771161
0.705729077910715
0.5723308535158899
0.7952899222385487
0.4652750326863875
0.6248647552504605
0.7384036291003341
0.46124325669392446
0.7153015109111701
0.4693401891398272
0.6868658370017809
0.6679209627166562
0.8895691055774445
0.25352700788633264
0.26317982224369535
0.5210162134334948
0.7064792799992913
0.2865506466115471
0.1327177609083014
0.24394965468200955
0.28281444915609105
0.4098784275856543
0.37289607224802557
0.4494158121742336
0.6562815855999254
0.7009984323787929
0.6411648410208615
0.8763660263182893
0.42989774445144713
0.7077564801113421
0.26590827882745094
0.5840688233053977
0.6943874421920704
0.36251809835271614
0.7425105275312398
0.5844667935527147
0.7071042984037754
0.2745418411845675
0.3066114865443185
0.5771764906918392
0.8660016163666273
0.48135925697350485
0.9079002129949181
0.37579879093193
0.2556179509447937
0.27384032723858215
0.2646650766081297
0.6178300852648987
0.41283402588433293
0.5840784958087905
0.42932540145649856
0.6744246498396542
0.2738351380650338
0.4981701847876325
0.6000810596158096
0.5048685654000152
0.7090505544096786
0.23619643710092333
0.38728863321528045
0.7700552120114744
0.395896510000263
0.7959180458456631
0.484554217343305
0.75594928490646
0.5738128992414372
0.7031413757029947
0.296148923072244
0.6601922477407006
0.48038976362966157
0.6487000947120576
0.5508703331783322
0.6934290422253103
0.33077349807871537
0.7166825863719
0.6564288066171484
0.612504044480302
0.5349604575932756
0.500376696292095
0.8524926601901396
0.4037970109509869
0.38235597409610556
0.3074866525933048
0.4489547785136976
0.6575961065422652
0.38036523267164024
0.5685460419157201
0.5337967088433367
0.8408348248525308
0.6058046413831215
0.5650915669003146
0.7628488045521593
0.47903941083534396
0.5280411049211892
0.7318861275470513
0.208619670692518
0.2955151251313032
0.7657060698377149
0.28329235413948073
0.5259410573568969
0.7084516552598437
0.16714202738127193
0.4559649893724185
0.43442725626172446
0.5678321910131234
0.388412271799723
0.6977709295024008
0.4469639160286714
0.4884456204405526
0.8339919600845869
0.37054272815302186
0.6176521338030427
0.8933948457546789
0.16452021491281657
0.31625967689989104
0.35626451987453095
0.6872531808381881
0.41352721639848594
0.5897390873726501
0.2601139077402012
0.5170620261348376
0.6052616097175698
0.584356829729618
0.5859134347990361
0.736801788080658
0.30388445593059427
0.6249942204966528
0.32412762713252025
0.25403938954217614
0.7264567112960815
0.6710582809032318
0.7104751931531917
0.13780120265051723
0.25039423233144464
0.34664123186250695
0.7410291048573693
0.36524056643061287
0.7992773854616709
0.6045297527166927
0.6951024241445789
0.2896706255612182
0.3808662070226118
0.6719104572290321
0.28727776049061277
0.6796437035989874
0.6531798695859161
0.7875025771630912
0.3752212476653745
0.6415390070856862
0.6665551531509435
0.6938723121214807
0.4244901649066651
0.7744454277925977
0.35708585036756113
0.31780674739482306
0.4071181502421141
0.2660078133019855
0.13963554267613223
0.33807854068346876
0.3289824584687927
0.4107812035082579
0.7585242837943476
0.3125914452993053
0.4301418661874411
0.4435650004710705
0.6712672153354879
0.3701560056042842
0.521401223378806
0.6048436658607238
0.6236746833098087
0.7229283166979854
0.6618598583793098
0.6965499199180065
0.38725149830879435
0.3713576387847355
0.686973578717093
0.6794085120895529
0.6327699277154382
0.30150820624253466
0.7632168695332454
0.4961945664573368
0.7794622292079997
0.15838097189679112
0.3871181709316297
0.7278022666863613
0.4132306529518478
0.6553840681964933
0.8176994586304387
0.6189399340313502
0.8776690669617458
0.19157356193456807
0.3679026148406443
0.5186373611354467
0.8169481567692124
0.5206749538279642
0.7286733801579101
0.42378540599339265
0.7469227298654169
0.23906467718468485
0.2558131468118099
0.31273266306337044
0.41149923264697136
0.6264554000584356
0.3953966028171218
0.7363742513755469
0.4545992004463912
0.5980391668154263
0.42418387884187153
0.60867680891008
0.5535847159412511
0.5493186766102073
0.6277834150963781
0.6069177998157607
0.7023739208974411
0.5172022089265305
0.694377412472792
0.5193854512479251
0.8147190371418465
0.29632602237791467
0.3464791372060963
0.6111831470152189
0.6735563504989192
0.318814642137789
0.43040702006644355
0.42494737588702985
0.6454228988639493
0.46038795649640557
0.7273192744298033
0.3979093862468749
0.35395076174530204
0.596345465706158
0.18218317878960105
0.401309428614178
0.7592779643230839
0.5554154895486729
0.6877618150569943
0.5637376688869162
0.7871987739298917
0.602057783337189
0.5575905431705831
0.4121735107826409
0.4975431032658209
0.5556658797614651
0.5746669587877576
0.6893215407859552
0.6946837681400182
0.784431257699343
0.13648260480078922
0.20217723164966142
0.20928749489766948
0.4634099068224351
0.6796142667615745
0.8331419020800783
0.5327169886195936
