0.5821221594472454
0.7654211557180004
0.568792929668701
0.6591775471213673
0.41879760623531814
0.40466474331199886
0.6886936426766695
0.6092180693294676
0.5846082693008696
0.7775800781810617
0.25595592958688373
0.20996307070165113
0.2796104694441394
0.5819885544937828
0.6057192873806913
0.6050447805907734
0.8041952320159333
0.459594804171582
0.7401957003373923
0.2667760092565389
0.5242803089413965
0.7428443562512415
0.29314060400602643
0.42840294258267403
0.4686417769968286
0.631035186251081
0.6583144061517325
0.507099883063187
0.5809452312262453
0.8202793145909374
0.5701580394335577
0.9373600843605138
0.32890180931635776
0.38282357291309954
0.7917268495237093
0.34830293625969544
0.37353673287082195
0.9001602084383584
0.3587677408408436
0.37283829065098584
0.8878529558593639
0.7155170855253915
0.8644224447433791
0.410265823730044
0.6984265762937011
0.704649474074182
0.2493155633768017
0.3131745211613994
0.6544124672602193
0.5241860076348065
0.4354888994238695
0.7847792607139126
0.3165581326880853
0.3564966689171327
0.48408551248055914
0.8485924952642482
0.2011112265232321
0.5481749230596332
0.5556040999214965
0.7320136390516536
0.12728949591626867
0.27324353253482
0.43367910925876235
0.7310610621312436
0.6475334232369406
0.5922197388963648
0.6015130477970777
0.5981398734006156
0.6229867587036751
0.45556711755953727
0.6713706591212175
0.2726109299829562
0.37954021654758807
0.7481609354128853
0.0789748101577288
0.2560316136159794
0.2942781690281008
0.6374158822208664
0.3077632688150896
0.44957358980353557
0.8004425905625537
0.3220804142387994
0.5118536277719283
0.8164226925422035
0.18350368872519077
0.49659905070129007
0.8255213173599334
0.33217651159115236
0.30859060027945434
0.5926969473333934
0.9479482761676316
0.2834861888780902
0.18562374401894288
0.3252878895513728
0.3879689385223278
0.588284545932586
0.5888884978202958
0.5074057638394112
0.7175727536063473
0.38695221661226303
0.6333735968955755
0.29739811803162125
0.31996284871886416
0.290255159853749
0.5486339545743235
0.730245377045079
0.2837906029861376
0.5064621059755728
0.6719594774858643
0.22057517001364926
0.5401772739480265
0.6888627674971795
0.3376016673858549
0.8099473752315188
0.33068834694562055
0.4257338619267741
0.6206436104280301
0.41536113240568606
0.8409678439700945
0.4471512044470818
0.44466604828414846
0.8404166748150549
0.6541324897501539
0.930343616655427
0.34285849414371133
0.650832102682914
0.9431438868387912
0.3764184515357213
0.3578149622336313
0.5236772447381154
0.6956692489984557
0.4282865162291023
0.7304098985077587
0.6860112072987947
0.23701639713206
0.29639794743049275
0.1969268134482534
0.41825687192096656
0.7694782649962578
0.4080360966255134
0.759385702841054
0.255626087102285
0.42860163882981095
0.8137483247122644
0.27376079357530897
0.23157864163083852
0.40227609318048213
0.6958111894013543
0.21479487618202597
0.2186767592691493
0.4404659873343459
0.7066024376173394
0.07964084043536494
0.32986215161036414
0.507247034935195
0.7739499901082169
0.3941248073321903
0.5648762883961496
0.6677216772555347
0.14409643505567354
0.25537694222462626
0.5067947393799962
0.8107323229630568
0.24696630155088875
0.37742440415027023
0.39132160020530754
0.7080043306762657
0.8436708599137278
0.2464823491216278
0.43295623550227436
0.695411667435022
0.05555246959761101
0.12120638776889081
0.3738641950011354
0.5534356690640073
0.7711389984778171
0.7668376246234011
0.7236469616516856
0.6041304540220966
0.5192580417385977
0.6576598343070991
0.8073697650440831
0.5472104803459551
0.6511531892202744
0.27174756771179476
0.19524162691789004
0.11825189842087812
0.26787474535117
0.5301306965827963
0.7063965987449595
0.45615618242863504
0.6644047200508806
0.47262225337109415
0.5939691597776601
0.7750673639178727
0.7085456220684041
0.6422179654339171
0.8808132558175616
0.33658818857671313
0.766213795858263
0.5638735267830705
0.588892901173682
0.36991690787336123
0.7575591908291359
0.26569448469991297
0.40852881000597957
0.5415733175950487
0.9216922900104411
0.281599245373779
0.43862002617697865
0.9414944884891138
0.335247325886348
0.17319866172344953
0.34062573964168685
0.16670554901122916
0.21524249184087255
0.2164968772507474
0.614242455514941
0.8981684957915408
0.5463276912556485
0.4688652563378643
0.5897605574341634
0.8174791808838828
0.22631257348619643
0.22117426400439935
0.36387804753976505
0.6159456372984918
0.38276048001555907
0.7689881640868308
0.2979524944609629
0.31892937853203107
0.5014997318257325
0.8466212931056871
0.2830955323793224
0.36218778749919284
0.6638155381290751
0.5072656661725333
0.7443063988755473
0.26402350577529143
0.2496454276274332
0.4748359336612652
0.6250437399854727
0.34642305715779825
0.43285867450009263
0.7742591517490467
0.4241723684194936
0.23664709960808145
0.4288188720877279
0.5380698833700912
0.5679822625450774
0.7103998575148609
0.5353710459426437
0.6750967463060846
0.29971595344813967
0.6782425292570329
0.4760821600406469
0.6493880233156729
0.24372290044675152
0.6828324685878995
0.823956655200147
0.2831290483109335
0.33379360287959375
0.6241657919618275
0.5610190410842824
0.7189289797424875
0.40709172497516544
0.3976955418384261
0.7276474156628338
0.8364770313716401
0.4005775845994877
0.527297481089951
0.8493673319993725
0.3393637506901777
0.559665607267383
0.7106834191964339
0.4000043662957363
0.6633506339545513
0.4004406074843449
0.3002903826229036
0.5298466806724891
0.5711472970707457
0.7159683864283869
0.4254277853986261
0.9137367206346194
0.3788059094388001
0.4086656306071562
0.6253466332765917
0.3824342715378344
0.5681613488235205
0.5191191789171643
0.7841356625198854
1.0
0.5901075368325482
0.8374587805419816
0.32537312266075313
0.4861512094205328
0.4389623361666714
0.7800588688857408
0.34415046726380744
0.38102005109761633
0.7992286472131425
0.47422688934195945
0.7662285914660976
0.4508242881956184
0.9101703073744191
0.31863105670570196
0.26718011073232945
0.3300730850282059
0.2594736764030287
0.287475583177459
0.5233941827387589
0.7037562066760128
0.29941775650370145
0.49863635624513497
0.5609687385572025
0.23859691077277234
0.35523944035893085
0.5824301087400818
0.6148021004868299
0.5159350142494876
0.7439849949346765
0.2784692717041097
0.5812905796126199
0.7916920645162482
0.16403396369547163
0.3301719264455256
0.5470117313961306
0.5238498293700288
0.6565129099149943
0.47214585277478627
0.8354681757134952
0.595797729743574
0.852384732872267
0.5599492924537549
0.7007727247294379
0.2882220714461152
0.5898107296261977
0.6094151718023629
0.6025770468674465
0.7106330201982138
0.6924924051334358
0.6250024185839298
0.8152819244679278
0.3260438574536831
0.44605650211813713
0.6370151884954145
0.6478143014434218
0.6585619894015609
0.47288297376425054
0.5818142471490473
0.14014092581862195
0.31793038843172583
0.57785073162469
0.7614499034839066
0.585147603583784
0.8613407975976981
0.35369327714619764
0.2804730455493803
0.4075868956522834
0.7750904597483091
0.25372120573039825
0.3379898725003687
0.20745606190611335
0.2674106194202281
0.5222982783686769
0.6182696992773039
0.6062044206661048
0.8457718072637493
0.6208832024431122
0.8898820332202227
0.33023177001952336
0.3548939405889376
0.2277658016236927
0.2331312760838963
0.7061858169377608
0.7350785950745105
0.2512170265485544
0.6128466823467986
0.7225103681535996
0.4882280163756365
0.6227909928049294
0.13681993461998446
0.35535389692334246
0.645194882210096
0.2199004253804371
0.7099298491580068
0.4595003320817136
0.8758354733538325
0.2730207138055367
0.17028124462904057
0.4318972400122838
0.17155476930906097
0.3258703248784218
0.15947471754763765
0.16797348697655887
0.3501646053526316
0.23610992849806037
0.35408555257205665
0.26841430787001247
0.2981519972944803
0.37360912591680734
0.583674355538049
0.642812601262705
0.4026883445564059
0.3336806033344174
0.7079118175242559
0.8115300048866687
0.311921784587127
0.5663666210917787
0.5994845197414502
0.6987433345197629
0.4809759395614199
0.5574927510221579
0.2734198343801186
0.4403588224908829
0.5934075195849636
0.617961621290344
0.46302040402678607
0.8229412979378292
0.2955666817599396
0.4460119525731174
0.7729629363161085
0.6180483167489544
0.7959482201505205
0.1585083292381497
0.15625560207166408
0.19123993618498397
0.4705775010890906
0.5329721502181083
0.6014325972454734
0.6074342033793909
0.7463060339647422
0.23949373992311473
0.40887675908686527
0.7401075908645816
0.38851646276107976
0.5320334134394675
0.6433143385538893
0.4907411392611847
0.8392052948295453
0.33580772800287106
0.6113651765289472
0.4727899621858484
0.5690334476907042
0.20192926176516493
0.20575031119189874
0.4129002447493405
0.5753830549587116
0.7630067064501527
0.5259519140933099
0.7017174710880068
0.3900248551711981
0.7244545362460173
0.3456978633503115
0.7087396226460846
0.5711608096123507
0.839206676192657
0.4414182866541249
0.429581552410744
0.6905297867988955
0.8937254348199549
0.2717932078860164
0.36857036380833835
0.47722267398047924
0.7026276762445162
0.18166362826027468
0.2808930589032287
0.36937305810456034
0.6883261323678844
0.8001892339332745
0.7419938575421464
0.7722507614556571
0.5672482532145197
0.8117465777518628
0.3420491996273408
0.5850688101043767
0.643653170042027
0.32085252162186323
0.4693007789015534
0.683516360105273
0.4857886251566526
0.7974376159693917
0.3980089684652943
0.5386705208195781
0.6708836296563565
0.7090057113402362
0.3739795198246618
0.6679039209687427
0.4240812259543464
0.868647374594644
0.2954422701103928
0.48670427695019575
0.625006223507259
0.6561163778211596
0.4980548593356154
0.7116329195590309
0.2964274624539191
0.37933191221989854
0.917271198668905
0.22950140562859672
0.2547564584045291
0.4872902555856796
0.7050247756620656
0.5729783721125129
0.6707459747447497
0.30078926525793365
0.4432015460385913
0.7904068160558223
0.1812727465725818
0.3792643663327138
0.5829165971137525
0.7886047585920736
0.49959227572642606
0.5185761262905946
0.8320776615465368
0.32763602043950907
0.24042039515633012
0.30833215479224757
0.3442218469524916
0.2955263342110775
0.48354025138879525
0.7792035563364952
0.561280775814629
0.734301001987668
0.491538801766047
0.6207906888470428
0.1903369352989941
0.22392903793404464
0.5001060394563076
0.5366325907778392
0.5597080550529471
0.7762493026504961
0.5244561882402224
0.9483911363794948
0.14410567506029043
0.1510313113103666
0.1840576881517332
0.23561301925944977
0.5932384101929299
0.7725416338291149
0.5716728532990443
0.7457941766009573
0.246714394594036
0.5305894345970879
0.825948616383012
0.3038993848595479
0.49222992674694593
0.6097397245861088
0.7084595254591695
0.25265659570897464
0.1799795010657779
0.4855083713418809
0.6801018725132916
0.7139774112629106
0.686997483831259
0.282536686863104
0.5112945759508883
0.6599375804115458
0.3298405865368845
0.4880183284255437
0.5768867155723933
0.6409640047553332
0.3521271971154914
0.6132255719912987
0.6037811096657367
0.7148829285881328
0.2903215946388707
0.42776787687493595
0.6238010717728794
0.6378353192963667
0.6309169529265263
0.44856035779343223
0.7888631229283426
0.6552642415509408
0.7200003441993669
0.5007030438917935
0.46866080353198153
0.7154982690633152
0.21996456261517133
0.47684759537527827
0.6450615948163563
0.20635900549487352
0.29575371062006756
0.5922433497270525
0.5714864220320239
0.5774287380296766
0.2384559387764127
0.7108174553397852
0.28051492500937014
0.4344214578393545
0.39193629056266444
0.5567332424935298
0.26743156268656065
0.43159474702819434
0.8007764276235639
0.5905597978003189
0.7034182424389445
0.3908225671549666
0.368810033159361
0.5234345665146347
0.660921789887335
0.2910523215121794
0.2829817386763591
0.64235249384727
0.612625802845789
0.9002352140089164
0.15261614424507902
0.31232131740313707
0.1292381040413171
0.39238568421197006
0.6448969960870067
0.5253941070656599
0.8676342257899557
0.36281754750886297
0.32660947804846924
0.3842728962403548
0.8158862332541528
0.6706059435941512
0.8366341093483953
0.2385614927232601
0.30235816667788085
0.2658358626660927
0.2681019906114853
0.4166480411962471
0.7645127032356682
0.3606142086981656
0.345117591480993
0.6178927073091801
0.3117633432665904
0.20580916542476024
0.36877988637321896
0.7712148754421944
0.4437042422408468
0.6549787569219335
0.263892970754825
0.09893098082897646
0.30625076551071156
0.3740574239092086
0.8163701357866298
0.19330387787948874
0.2931213324130313
0.6371049546180428
0.6907716704937431
0.7824894462313796
0.8024552008603758
0.6001620271947934
0.6616113549823146
0.7400738139695132
0.7131219675471026
0.14644500334084312
0.33182781846274506
0.4854573730121151
0.6961176757994264
0.2847879460984405
0.4992993221321972
0.6347135698787431
0.24859281945701742
0.6428753553151607
0.6710693543910976
0.16290250776848358
0.7065644457339445
0.7413866912344684
0.5364070283993725
0.8346521002707917
0.30667436230682915
0.3893196473301727
0.5878276471613901
0.7762536223021755
0.4299219951390473
0.6473648852512969
0.6144885030905136
0.7930630067246328
0.3198154919434099
0.8511350450213815
0.3203080077004739
0.42408898635175385
0.4831333288899255
0.6302396428039078
0.7022027804570266
0.4107979747917282
0.5816976535149607
0.7779751366807119
0.1829000507422688
0.5459075218824682
0.934707147643861
0.3677569081980783
0.7642801124281227
0.3565364854946562
0.4097343326706837
0.6486167178468741
0.40703955813575565
0.452984440371294
0.4563962574195556
0.774771824149075
0.4689068637439137
0.7956770310031783
0.3970416050260721
0.48273681559297016
0.38295231012239195
0.8901428129916963
0.25758109040671096
0.26173112254703484
0.7152974125548541
0.24779665825849037
0.15667888814584108
0.233299216265486
0.4011313878970667
0.3346439904662533
0.282320149621507
0.6812117436528905
0.7987536485690773
0.44858355529678023
0.40311887144519365
0.2429698276309832
0.5135123656500798
0.5039208659612998
0.6157429726964077
0.45018916085516236
0.6946605033489143
0.18277140099034553
0.1133903348539709
0.306103346181827
0.43598917484339067
0.7831655084301866
0.22789183240405136
0.42999603254696134
0.587520529235149
0.47929066805407994
0.3098667597965434
0.738880349449483
0.2646084139136963
0.38845530692168745
0.47878297170993134
0.7073880647637634
0.1970748360512297
0.47455718791829155
0.5368416849722238
0.9808085847981828
0.42297381030888564
0.3448871030447316
0.5984067389263922
0.43194606173706807
0.5474646304054624
0.7048431244446732
0.5923091345289541
0.7358704660169005
0.5138038223986169
0.6754238421472002
0.04577204990267044
0.11490227779333925
0.41595798073471635
0.4410472184512297
0.4959379673129971
0.8648212529405819
0.5240120364198741
0.7860495561141514
0.2905488045075442
0.2852039133131995
0.5629758980902643
0.9234440296979451
0.35375160896246544
0.49371955310425886
0.8249140711894837
0.35832728530784147
0.6123101556636865
0.734529319670941
0.1717665457830881
0.10988030887281507
0.04207495683158007
0.30640408094691035
0.5952854466788539
0.8553529888278006
0.4944675950927533
0.8245430170787166
0.6405923586069314
0.8006042436085993
0.3240647225387677
0.48078368250097814
0.6899342150888457
0.7058755909772898
0.47713738321416976
0.33523679184337746
0.7834035264618845
0.8682638530624263
0.00858696868542088
0.3473683014879974
0.5807396675483248
0.4701058764275707
0.5229608862450809
0.8073253334005464
0.5031351940644868
0.5453470414040663
0.8171568632439039
0.31914950579530493
0.24194980593748835
0.6220553242581875
0.33114430604551537
0.48752452947673586
0.6266130944826386
0.5605660715194215
0.9517924228818286
0.3542624449337857
0.2590115978422732
0.34927396883348877
0.6456252843825957
0.7889924746051555
0.5738022355306684
0.6898727976676773
0.23634121543209174
0.6685354983575357
0.824384942890192
0.5300107806280361
0.7461646699364761
0.6857227423459078
0.5036083860154188
0.5484551947746996
0.5467918280038254
0.5741879690433583
0.39964762443925594
0.6867517980078478
0.5530228317790215
0.6269757309380398
0.3524403082626354
0.5708260108178232
0.7116072830254208
0.3259310198615106
0.277623207979789
0.8286246842584996
0.8514476016774667
0.6184926633207728
0.44136088794207495
0.599318529975534
0.2014743650733973
0.7323398496837762
0.3333173364252888
0.5845776204148181
0.6453932547877513
0.5626466260257561
0.6754728329997526
0.14524143907015138
0.3496211330771368
0.35872061013404727
0.4668843628569592
0.7196496979685718
0.3206729766511411
0.4440808318443076
0.7103866706800199
0.3222907582181837
0.4835813776652003
0.8224625402405296
0.3300814693225024
0.5134864860838051
0.6441613708624114
0.6219085927657761
0.48460409742045646
0.6814195339825455
0.3253576703907613
0.2610719641714784
0.5695628695787739
0.6852935288633003
0.5688716686680112
0.6576314064083134
0.861974159444119
0.414780819146466
0.5933782862037397
0.37776782254525154
0.6177631316723171
0.22434227873144855
0.07491342613147507
0.2250042725659306
0.3045160771973741
0.47718081062660905
0.4658507016266882
0.8503467520644242
0.25616279587116997
0.26331715445597387
0.7891107672816235
0.541290762975124
0.6359469105884642
0.3368711217646224
0.9123067186974706
0.36108498963696
0.41941248555506916
0.23971943536832327
0.3941566674266186
0.660238945744404
0.2863300187437142
0.21800443606118658
0.27235251464422927
0.5141284052282838
0.617128598805523
0.6239960169912492
0.6020963277858683
0.35367118956845106
0.6664872207088635
0.2685237734016827
0.38303960641286916
0.40883603753339265
0.6462988632849914
0.3514357563134343
0.7847985616631191
0.7190451415989056
0.8723878288890882
0.2784338831072172
0.34925175551686405
0.34615093241340317
0.25031253985776325
0.6993022823199379
0.6942748799692208
0.2106892574380495
0.5105188310339623
0.791081046757234
0.4471707853668789
0.7678492787489235
0.45761826408978556
0.8448283500790859
0.3429994629662883
0.23379418615514394
0.6217290478036023
0.36176795398311545
0.702720489311939
0.3528586423905495
0.3939905615255933
0.5270691032645186
0.653789680525908
0.826700392608689
0.5334099969473586
0.8308432089661195
0.14798697198292235
0.28217333578838644
0.3729114367672096
0.6061242064902876
0.8808320118523195
0.2301446461087627
0.42900090092296167
0.7582102687125797
0.7098794786541999
0.5271179294686085
0.845440360442327
0.3036612417828452
0.3583880571222613
0.38938483188527434
0.21848350969854494
0.18962042032282855
0.19724854855891194
0.2026870537627251
0.6288363762876911
0.8616436094062189
0.3226530626110024
0.20034023061978926
0.1362730440596587
0.14568012354019727
0.22210719881880275
0.21543627793700043
0.35777797285611584
0.1503329593226489
0.20790353994753666
0.3237089207520488
0.42396354151142807
0.6796221941382564
0.4297400122391222
0.6940346873056928
0.6011774012541796
0.7130278189978188
0.20358944143474375
0.28840303927048583
0.6050777794909488
0.7230957853174323
0.4323812717111244
0.3702847340164148
0.6892917040020486
0.4111869892366715
0.48766742250195116
0.6195629795624282
0.736553085075321
0.7454455702482858
0.28286176162514587
0.3661408088919869
0.3360496138831156
0.3369921168861702
0.6583758379067729
0.45937704313084177
0.8373286932419357
0.29907766345730696
0.26912230809861737
0.290541369501202
0.44006802248579097
0.6691831184355512
0.5337970321283462
0.8322701603699908
0.4527291842390788
0.7142005524071614
0.37300572425187767
0.503189475536568
0.6779128238502279
0.40487505798676454
0.7897290244149446
0.21011830824021965
0.5449536656014644
0.6481298593716824
0.17983565906568602
0.2787713806523888
0.3802981354642628
0.3227795123421462
0.5215492782080657
0.8063858937998629
0.35468037619289317
0.3190019632445051
0.3915558466624768
0.30340240799275964
0.23305894876606045
0.330094660724036
0.4291225436668346
0.6745204936295778
0.3309891818382526
0.43402358141559033
0.6273107642206553
0.13545537873018534
0.19445772833535419
0.39210356501117893
0.4888339235486716
0.5963779058437474
0.6700709076381973
0.362623422429301
0.6359540196485062
0.5139209785107616
0.5046661304642285
0.6733728868519435
0.7506423400145941
0.6518998948488187
0.37205768926211275
0.7698543020875581
0.3538790222361879
0.6021086490172303
0.7324965873472471
0.44850093051106854
0.47180474172999737
0.48893443196758674
0.7018570031553617
0.20022317861736577
0.7933844933776222
0.8525925188538298
0.6496075121762663
0.7291969091115326
0.40078715577900287
0.7817348420090736
0.5598287115419842
0.6896634711831225
0.7229784959715265
0.6336804669165995
0.5416024383666821
0.6257742447292132
0.256752248705068
0.649286103648488
0.38904820714493044
0.7400197669384737
0.201801756853331
0.3577086005825619
0.5269256894290174
0.9671057468641691
0.3180880317418871
0.5199083454029986
0.8348494631047794
0.6548967648657716
0.6778230701616148
0.34018962650800333
0.6192920559835136
0.43915899071035536
0.7124055247332192
0.9005963067504325
0.6245051584225779
0.707588546906717
0.3758350639464567
0.6765092712580777
0.23363439908459574
0.12848551080470522
0.2344480194582544
0.6140332943723547
0.769148024238214
0.2906781233673488
0.2456095644405951
0.2346013837958544
0.2976356852648403
0.2849406286994137
0.5716389069366831
0.6541277122899799
0.8759007350052264
0.5726573230831057
0.7985075544182161
0.37580697638648447
0.5750505498373758
0.6019269157451166
0.1860876623678392
0.3080672972739069
0.6014600385060239
0.7153447254175661
0.38751820379860175
0.723998055651926
0.2510776268766969
0.43489705191880007
0.43675783776060023
0.5832396318748793
0.6059070604855271
0.7606375290772789
0.2696400169832878
0.32753714380495186
0.3101403671843594
0.34287806472098836
0.36038512429195646
0.7215041991390517
0.24479959933366222
0.47896215840970835
0.5943826035082347
0.285832826068609
0.7984417098901732
0.8580501126163171
0.39239132831108997
0.8197571795219007
0.6701770728546226
0.43775616519441934
0.7324946408806252
0.3605232986998257
0.39415468910564716
0.25581183253454265
0.6748182945041407
0.4131183768325961
0.6506236398006104
0.43112749486999885
0.5938809110335863
0.4655469032502152
0.8382966191038208
0.4274959400900217
0.6277111618512383
0.659313565202403
0.34745767407295786
0.7742742389680195
0.4478115384110495
0.7105851817890979
0.30924954236925173
0.2614825740723534
0.14821787828858507
0.215317673763028
0.28958236365339024
0.26969510787629597
0.3000381614061561
0.7755838927608145
0.6439461598961294
0.5901019400628033
0.5558750740248907
0.5410658410775963
0.6512756928557811
0.629187706432092
0.7655466527230673
0.46253733225570703
0.6673496342837792
0.12751052674792188
0.35721985734763784
0.5720148899089552
0.6724375424419591
0.5209928581247613
0.8228913440050548
0.29000735412427264
0.19568546316965277
0.3697917850469301
0.6004597557412752
0.5996023868887603
0.32386223603257847
0.5719139913822541
0.7904237859117366
0.41128599509252023
0.609066742484418
0.7854872225287693
0.6620646274517354
0.8365264252153757
0.6417790786099082
0.7441788986689162
0.36867234173154917
0.7856963925456733
0.4954058676373729
0.6558757923269786
0.5439641144753797
0.6753756627761366
0.5154519418174266
0.88070071240017
0.444518628055741
0.3668605329426676
0.45018938850296264
0.5193164065074655
0.8075565438948792
0.32793594588642033
0.5421143733908395
0.8384809833410294
0.44974054451487
0.7397810906322625
0.5013001893752085
0.6719410188837844
0.6132045867663908
0.7986180553228504
0.38205881079082754
0.7110935827475082
0.4496048873620787
0.5706430007646088
0.4691129992541428
0.3950845379002616
0.5439445138729686
0.4070362989100419
0.641132694136551
0.06651863138506245
0.3601236878102788
0.29843609631319656
0.6441270370748234
0.21522386290535486
0.23624344173409967
0.249659494727553
0.5252921996889485
0.6420010837005932
0.7179608615926685
0.24123667268284774
0.34207730436927736
0.5423875547173288
0.7682028272244659
0.29808123519269164
0.24978193957978187
0.3178320767300936
0.4127959937682189
0.41514088252196185
0.6296936150465999
0.7780018116161411
0.5457330294708974
0.9987143274885784
0.36699451898136776
0.40549721628056723
0.7300492118647228
0.1709436186772916
0.363396630511229
0.6843359033851507
0.612791638647127
0.7773363119343641
0.38398463725548215
0.6214312411806014
0.7431920239349732
0.6994119736670699
0.5726056153199041
0.5306142882709467
0.7908674855027076
0.5616244782824812
0.6775205124306385
0.1937536692930079
0.38733387221538357
0.7396339597185645
0.3512982583727206
0.3019342727159223
0.3462349196197922
0.4892684447058512
0.724081970276728
0.5454270682081247
0.7597867227787912
0.3003182911439279
0.3872375238129926
0.7280100139638516
0.2940745770128694
0.13104712245825204
0.5681499625016678
0.6605594169326474
0.3204693222627713
0.5494435072457651
0.8564402249803559
0.3474742637119821
0.27297863455385185
0.5412285569890456
0.7391603191049775
0.31571235654753166
0.653627167920236
0.847004031884374
0.5215633006221584
0.5508584876717995
0.8869649857647591
0.437061787110287
0.6281219025293017
0.6387021987493716
0.37255474313162207
0.6319933077449658
0.35011288828277753
0.5269377224140832
0.7100519544473691
0.4241842709602743
0.0915270435815197
0.17862687703276423
0.35501572132514386
0.38157157270922987
0.761607857154191
0.26789555679859073
0.30974807152848094
0.8313853427048391
0.49970068141716684
0.35003768732133683
0.4056678540664333
0.7069112975759692
0.30419289594458504
0.5782717806219954
0.5095087671590078
0.6723462857652318
0.45876912336676695
0.5825715995025603
0.7631147523607279
0.6696473707208697
0.8446964993310366
0.278589142462573
0.2209091806500544
0.39035885631429645
0.6825792380558429
0.08513377681041336
0.4859832333251834
0.7758680194890321
0.3706182166334982
0.3702583129192315
0.7288952678849419
0.4424567173474016
0.6822035145332687
0.3667694554593823
0.510682623473138
0.3717075235266456
0.6282476039477829
0.7046903807922176
0.5983999392112153
0.5364804522502126
0.7311697548477115
0.4287828308201176
0.5639125864917695
0.5661325627793896
0.9337001413079072
0.39760432196638323
0.7352948045735836
0.860868071520278
0.5887807241696348
0.8833176034896609
0.5604711906277696
0.8757700483806403
0.5298891136422749
0.5263700351428506
0.4093585786364164
0.8338709319625401
0.2443617864339659
0.523019294196328
0.7664438677179732
0.1844301077850796
0.1644871724377243
0.21313694048431958
0.22688063059275293
0.24369003252200158
0.632155178289621
0.5703543262092311
0.7888453199105497
0.4012880863121696
0.6050276273441747
0.48344324546886036
0.8627576681619781
0.3968582929137615
0.3867436990323863
0.5086535715787011
0.6190461728471701
0.22695781767771858
0.3826563283721138
0.5310695645294187
0.6419039850767666
0.5414984760853505
0.6501493824508047
0.11293471722749804
0.12544522905337435
0.28666169926318863
0.472214591607062
0.8637303243617629
0.5109673048009327
0.8794854074595865
0.3888014771909123
0.5911661969542373
0.7822346227371461
0.3527511734749983
0.5105197915389317
0.5930173345363332
0.2999127546485334
0.7937777194066858
0.3648672564077253
0.7674281634767655
0.2464329388460722
0.23741980223356898
0.27225764705441674
0.43115306576233825
0.5138277450606495
0.6867491549910333
0.35408990235616516
0.7248149986889564
0.6141014002715113
0.7188212361667409
0.15305079443919267
0.3202590877032813
0.5371422961374891
0.841240084160009
0.39329544273062667
0.5405115550816698
0.9059644526202436
0.4857809303287049
0.28407611165582775
0.6740768946751483
0.47858768169110266
0.4500678303437813
0.2497274124146514
0.3483027017350088
0.5819328682124308
0.6229635862571328
0.5384679684141909
0.7947191337307817
0.2465269661514479
0.33863268673871433
0.34455658935637773
0.8884600180522905
0.39371340333538385
0.6019671794257259
0.6279452985816433
0.5639892658825518
0.7865469371302224
0.33648240936510215
0.30477376387803057
0.14158704303773573
0.29026974136985206
0.28409275678817686
0.2871387495480723
0.3888206028707213
0.7182581566109555
0.34319007684334724
0.6744359087101018
0.8025189406562926
0.5884093623626919
0.6326840146185506
0.22353960589977556
0.3332805995883299
0.37211706518340787
0.7960457489142925
0.5200644155856872
0.7578540114375427
0.38991275161284544
0.6547444645134809
0.41488559975383593
0.5567940292368235
0.3106235947226207
0.47328954428538245
0.7277499425438955
0.8368449045895552
0.225728845691107
0.31681532497337067
0.24371973744542666
0.5109110248551223
0.6678534094601466
0.2074263996844923
0.42726068501442754
0.8427563357822969
0.5799703938920756
0.655098555354647
0.0711710931408708
0.2747438300714174
0.389485729691669
0.640573247020232
0.6219572620941424
0.7301026567132876
0.7132047785117396
0.5635354265598588
0.7653477354269411
0.621633056364033
0.7160975903640708
0.6679812621206593
0.6618208053975645
0.2761324056113825
0.16737629575681015
0.5395081373670667
0.6434942008826336
0.800937851677174
0.6271926439003258
0.7095531190532927
0.2872960581710403
0.6955832996536876
0.1831331753964505
0.19731185103680196
0.3818003530014467
0.7924347422959799
0.43898067664313867
0.5390236710211797
0.75628211889548
0.19111497094247193
0.2840757371886931
0.511336720756778
0.7359183180144945
0.4768688408311532
0.5613134744315339
0.7122363409261477
0.41408770519037824
0.42352024483096107
0.45744502133936105
0.807178846177226
0.2864528496665286
0.4020444905859775
0.24799564306017488
0.30277208010167184
0.543225952564293
0.780704135767471
0.40614078763259637
0.5825798123551548
0.6944577894572703
0.35469510918787683
0.6209841137019214
0.5169349644831619
0.9082674474571611
0.20199226026149994
0.40449888803393197
0.5174427675949722
0.9553362521110256
0.3891014138131536
0.21205457700155556
0.5747540247212205
0.6814618068822911
0.2188098803533973
0.23417937639571837
0.2499343044478924
0.21219002567568948
0.683631155165802
0.6916277591566005
0.27589462457648317
0.4938102044910069
0.7783688172939894
0.22744062820013
0.36965998503523345
0.5003880396747896
0.699873713428281
0.30383982046999736
0.5997575065283078
0.6885674113935069
0.34597375705855615
0.5646813044967831
0.9452092851334979
0.3742497825787648
0.4619730162734854
0.6858700902045967
0.2510219674163737
0.5097849938492436
0.6646124286315996
0.46657596143211594
0.5574086938600044
0.6137191174049984
0.6414145550478842
0.21206589452161081
0.19501984370699765
0.4773593052717747
0.6227331777335251
0.745998234341521
0.39923896972316064
0.6384622398945603
0.8547417986129517
0.4981747667268782
0.6629544395724967
0.25926582147278887
0.755177003221914
0.3948143707889403
0.5569801547178398
0.7394016830998692
0.24531350732769674
0.3066891255634407
0.7278050879881967
0.5202388679184191
0.699414147975669
0.4936440048706941
0.6883796032191695
0.8641515713931707
0.6613261301777799
0.5053746652513255
0.7075346808161357
0.30983809022525416
0.3403278848752994
0.28634491804684553
0.3298942034400881
0.2887688968244265
0.41231646158468244
0.4414376716874739
0.7548523242708447
0.6709521781639349
0.716046466200808
0.026173598953424554
0.05777497440114346
0.31901334402870507
0.6488886291247998
0.7135905465646221
0.5739430798955805
0.8115130521653237
0.7373852623185561
0.5674373801482975
0.6192284543691747
0.5173445370076936
0.8459635306723617
0.4329265249294852
0.6003456280251618
0.7692429822717085
0.41858870265841946
0.32949000802390854
0.46609158885790164
0.549298816406766
0.6825144440430192
0.414927951265218
0.8046128106439208
0.41760801420675864
0.5881395537884723
0.2249097630397647
0.2990431390041045
0.45794797384574976
0.8223698640524318
0.39998501992163893
0.6063635203716867
0.7751341550223743
0.3369780683023884
0.5279364984567073
0.6356892976884118
0.7265611175865947
0.5484338276602235
0.7824438584587445
0.10541784126239637
0.4829082502074667
0.5394619695098504
0.24378870993132593
0.3477172016471385
0.33313213321301127
0.6215086608992084
0.6370900211714073
0.45556916034590905
0.6604151146046531
0.6698027712276441
0.7557057726033489
0.7535176698045597
0.5640635483437935
0.5524402586982858
0.3973475062464369
0.6756391559631092
0.1346208876730277
0.5472828231843336
0.6970570767506739
0.6771246787182977
0.7481763228763566
0.2703216135298508
0.5940678699666968
0.49226728559634886
0.6871633720208853
0.35276980771041627
0.4185452492248674
0.4344460082109324
0.7645616954374486
0.41751688871820647
0.5975115768607414
0.31204220117645726
0.5922447072773216
0.3102670999406962
0.6088201691739807
0.2877039854531452
0.7194659918123543
0.8004139038304113
0.3158615550585088
0.2600994750860988
0.3765482936514228
0.7181213079791974
0.4613519650043388
0.668210778993679
0.8028769517793032
0.2707264383601035
0.42211693675395806
0.6047861767711733
0.5414047920344479
0.7809033636320006
0.4624580289009257
0.7235186735205532
0.8882972438706259
0.2809121995768047
0.2665845638849023
0.667301588512732
0.7040208406248132
0.5908223577147228
0.8034425385209184
0.49038158937064147
0.8128905397297591
0.5154917107018915
0.8079841520530617
0.3720732501981384
0.5742232048193092
0.6737449666969564
0.37941238459564075
0.4006380146593099
0.7281561079526679
0.18717775923834118
0.599497144805404
0.6989320685178181
0.5016388770731169
0.5234083056510875
0.4872016332748929
0.7377814280474151
0.8518454835173417
0.37673124017004017
0.35065510661699867
0.11874514630722918
0.13031420893618995
0.4534611552003708
0.6947405974368642
0.26741487141345505
0.28112861731003475
0.5896870733595913
0.8582313869837891
0.31188648690283116
0.6554066380119853
0.3577608592449335
0.5191035499557447
0.5466653440220052
0.6459608236982728
0.3357789381864884
0.5830322479298649
0.4114910015732536
0.5543930391284501
0.13937412804268925
0.17761482489601668
0.4918380162528981
0.4952327216658395
0.2284132876508061
0.5699954681194259
0.35732087816568986
0.781048152838816
0.21133142330439006
0.3685708154613892
0.38475505944084637
0.7264414211431789
0.2879404279226131
0.682543575245192
0.7134979683834959
0.6733667423332776
0.7169091236188215
0.7747052684039255
0.5096713858264041
0.6702643181841639
0.22559044614503854
0.7214815717557873
0.48709304882049
0.684454770345624
0.3225134879292459
0.4662181926553957
0.6937082984224474
0.46468619534687794
0.7537948376484285
0.5586378885388951
0.8529219825530137
0.3247633127246482
0.35028707258929725
0.4752129674680624
0.7725450828908317
0.3931976209105998
0.3914639512751144
0.40957943969778904
0.5698727616281724
0.5748197074329869
0.43433072034819264
0.7068308982189705
0.24999582383332278
0.5813061107183164
0.7397537413558654
0.43486007027395307
0.7962179827385384
0.3068358226825439
0.7084787216977331
0.7936025512860052
0.15249354167222873
0.2672945856317466
0.8434260563380317
0.6800153705065602
0.8480707685452791
0.2713864183180617
0.29579309946
0.5238816466449593
0.6469093769306359
0.7150351215030615
0.785816701400123
0.5263840195419338
0.5870538824610865
0.5845375188541749
0.6224819489380373
0.8638894161941053
0.40572039930982784
0.5098310923260361
0.6159730581629718
0.6888396714026815
0.6372061650700847
0.6639749527684925
0.4888193580254687
0.7512641745122579
0.3906605963584315
0.593883732732409
0.4272904248008984
0.6970881018525946
0.1980706926203957
0.09415519759568347
0.14341728329505363
0.11212970538065559
0.24002895060999202
0.2558253189177072
0.2506617106546693
0.11143456112329034
0.20290491385526638
0.3982474609885327
0.7039950306104269
0.20369740717966905
0.32256372398419925
0.3940540471749969
0.38973575036066144
0.7499293102530518
0.7861465770051818
0.7952610747894184
0.8147025953921666
0.6052601247408576
0.6834443634391534
0.7178177021163383
0.42620781788825257
0.7305136859318729
0.6320634372354892
0.7474311054343031
0.16794149584873255
0.22822530864944704
0.2896248440652596
0.7942578261803673
0.667116131158669
0.14774740493270305
0.2249937690978289
0.24964785359592306
0.6986928148705197
0.8380544665774031
0.25414818955819685
0.2914777837031806
0.312843234573992
0.34786054568401087
0.7739552215460467
0.3737009232389869
0.2445335857377304
0.359185816545738
0.6564425422230201
0.21945738599812686
0.39118067913992194
0.23963919151431384
0.4018451167984694
0.630049970289241
0.6871903886628719
0.5266910209917938
0.7358039512816457
0.14224171678456055
0.3458039844077007
0.5801597704652686
0.8819212722404985
0.4214111135908289
0.4063040282753545
0.24150772483165658
0.5808747299485105
0.7243346986015514
0.2688289987697735
0.28241955843376154
0.3298243807179981
0.7593091355499457
0.6678517570267878
0.8594909292423615
0.19889705723994724
0.2747436197289454
0.38692995036440175
0.5533996453490745
0.7387404377316202
0.4737543270464785
0.728940085802928
0.3799700490906686
0.6366089038936765
0.6864891414283253
0.3825637805484629
0.5995561453385466
0.3991375706469445
0.46077200473642127
0.9197434655515568
0.4548708160215631
0.5408936052571658
0.5313004396439222
0.730819928516548
0.2953814734704632
0.3877242801449494
0.5840100428245146
0.8813039313291309
0.5215509413306437
0.8139646771880084
0.2749686662338985
0.273489642183171
0.6668037020088099
0.6560390443344694
0.2707417020605115
0.7404547915151711
0.8625002816969485
0.33546328267825215
0.4400398106800364
0.7182972347646113
0.19965065451177413
0.4222641084356656
0.7232622369092776
0.30555813149297606
0.31806586214972443
0.4425800382102888
0.5863366888844896
0.7405629562557224
0.17441760865526826
0.6161522472033183
0.30347156421515004
0.6153773901979668
0.15767303784623662
0.4572877469528852
0.3961407750274893
0.6237679947387416
0.27035258230304776
0.21440643991957528
0.36950526432230696
0.40852319555095473
0.42239825219715305
0.7817927691929951
0.7148219215120061
0.47867301792773087
0.6695185486510365
0.21317100405981698
0.4487143570157227
0.7713605188577627
0.6144854730561756
0.7689677127544023
0.1680506950229687
0.448432851849626
0.7794191636919001
0.49494656537745957
0.7178364532612547
0.12970577808191566
0.3459020205781911
0.37407728698061354
0.5827494100211773
0.7833199118247155
0.3111541721483976
0.6990608698816153
0.5420280210555621
0.6401054313380901
0.6069514606020998
0.4034662475429612
0.7280809314041454
0.24506085641070405
0.38202058758334606
0.6901990299003433
0.22087863415364717
0.48389034513706997
0.46511637334423794
0.7387348322692325
0.32865543437820227
0.37265353620056213
0.38067486047891136
0.3972275064181173
0.7409978261930057
0.35932636901496623
0.727744593081369
0.43693804032923245
0.6839732490060918
0.3088044733789165
0.355675102865505
0.81062288531654
0.4214354283335954
0.6896749438023048
0.4628567627419022
0.570392549787167
0.23980580143045402
0.18384861156332863
0.4421098949360208
0.6437754873023237
0.5753915049773114
0.37907308934130396
0.7181509700378305
0.2809562012435411
0.6537569925886858
0.6196634878915038
0.42148031025992855
0.4498012080027535
0.5994204055218872
0.3863947693864495
0.5487506782206821
0.785939368931488
0.2476119528071343
0.6621008610215794
0.6051903273987602
0.5118540996505216
0.3054108045571933
0.4331368567713784
0.6455813411853277
0.19336485804942058
0.2238584854092453
0.2582494473924189
0.6357470034066102
0.8483309156772092
0.3360305890946678
0.39189527504381577
0.41887431888895355
0.39127974796747317
0.8681428720097347
0.17688569083852473
0.2152682724211627
0.3460530520265823
0.4549627580433005
0.666157250288964
0.13954881261955127
0.23818702922214
0.3666588556164962
0.3568654374718737
0.6068209823611894
0.7238225713278661
0.3844717325891704
0.6673024816341918
0.21367474540555562
0.3182835010640187
0.5100401968481602
0.7726165188518848
0.3223107439204292
0.5034693471887127
0.7937497219085067
0.2345662695844352
0.15317155141724367
0.2212828137694707
0.505485217705909
0.8033309223220726
0.5384481912400662
0.642212240341667
0.530743148588268
0.6647701052303896
0.5401899338587749
0.5719829950358379
0.4278741822021155
0.630536403071488
0.5208444624960843
0.8958384890094425
0.3109900790968108
0.21154329234552827
0.3468399177667805
0.39628464218694515
0.10472933741311416
0.27654738653463673
0.5370350684121563
0.6818740607380573
0.916009702098702
0.4355190624074322
0.5916606308231582
0.6164069331045173
0.214091203565503
0.30065230406629206
0.5645975360041994
0.3785139036227162
0.8220114216774657
0.36498140396572776
0.5210964482737859
0.718834402327071
0.4361720456992713
0.4823641786773719
0.6133240186371783
0.6040483226240719
0.6311515996144746
0.6572699767685163
0.4746190143826059
0.6166583664744552
0.7822499976373094
0.40562805021823317
0.4471031283027387
0.5707981371419605
0.7571085095731008
0.2767830599097406
0.4559850745863218
0.9031668068714346
0.45191536714625136
0.6258936684419609
0.4839340921883228
0.8738735640977094
0.481050373661298
0.4064333921747772
0.4685282041847615
0.7744424233756225
0.4106135923163611
0.4862757852968155
0.8712869120316811
0.17196558731868916
0.34782316963321747
0.45628821613338355
0.6992432622545135
0.7528137424727819
0.4044469965267161
0.5406610912906005
0.6548993385723918
0.3397724259700611
0.47056942813718644
0.8801087773947361
0.17221046403180273
0.33339981263379376
0.30024401913884147
0.1570852306781524
0.2843476557283875
0.43858137495356087
0.8451778814450296
0.4462688746736059
0.5485660547914976
0.6494525707141334
0.28302188365595987
0.2977417311431799
0.3265060507123453
0.47255612308493467
0.7843529282124114
0.7830797610315193
0.2471230036204352
0.387625160356976
0.27464502387840617
0.2751237719339413
0.4935182733657174
0.4611643575197384
0.554653841862304
0.3093117491277176
0.6140294399277317
0.8916805927652542
0.3647074788721022
0.46646754941885465
0.5590721073013356
0.48974416658274383
0.8130413515507989
0.46949489881363354
0.13952995860529088
0.36316936534001837
0.3823948710281802
0.7612785691084492
0.23613632770301515
0.3093908654631759
0.5999734872307506
0.5591601685362313
0.48419582791307597
0.9245062830834672
0.13870749013473738
0.485308386408389
0.8823090183293525
0.5355750257871815
0.5602650987712093
0.8413564542600129
0.40651317445948104
0.5181940073912671
0.650054592793277
0.3094896269421433
0.3839931064715781
0.4003956625017483
0.8712411179518629
0.21950646689956016
0.33313069487373864
0.6456207751417382
0.2750599459644572
0.31671139740039783
0.2991499766119493
0.657222814570353
0.26257562468196205
0.6272388910257979
0.824750795961751
0.5048633445778011
0.7100041435443548
0.6710889054882219
0.7996516811544973
0.5480813479050535
0.9353838967787045
0.4133048119566297
0.6867580932776008
0.785940476394482
0.3182900305262617
0.373681617384396
0.4762156357359449
0.4383688784926809
0.6664478595630821
0.5218627966898296
0.8998078545120222
0.37628728115199134
0.7422697076787177
0.4153988825083295
0.3210852092364879
0.5726005783327128
0.4255824438018415
0.8052683377487311
0.37639281280628184
0.4439305936082003
0.44960838335714276
0.4806966648087541
0.5522120838231793
0.5045647417397069
0.5635312885276407
0.7799360554947368
0.25082237884287933
0.11689031976887596
0.3761658271030859
0.4232422050941733
0.4333996952858952
0.7454546159268507
0.40686963697942463
0.8085166546175523
0.6073402215327804
0.8288179458654247
0.04694372783065842
0.3277721412475987
0.31995261451874824
0.17807542996442108
0.4420200947733279
0.7358437298734075
0.2539047162805494
0.313013416163631
0.764417555771356
0.3517714369189818
0.5633970636095281
0.7279828576328208
0.505471176429169
0.7823259987973182
0.6245226614616209
0.8668964612569614
0.38309652503974023
0.5606393904681551
0.6823301261757504
0.1820999027696549
0.5120484289634468
0.6900929162205024
0.3782876433872639
0.6064867477117227
0.8169167388192458
0.048900338545267034
0.18418461604975733
0.34458865880625356
0.657818393453926
0.26288697510252607
0.3883687081150564
0.5390735811415096
0.582205678594302
0.6265550632474002
0.7284545321804127
0.5228517713996664
0.6660250842347059
0.2698759673627313
0.24540117137394504
0.1846229751606418
0.3511927769027
0.6088287967409746
0.5867705471861143
0.6596483383774235
0.67606448195156
0.35813083989030453
0.7055850552089162
0.6781721238882706
0.522295322038225
0.7877528049697792
0.15495904886357612
0.34165208405345454
0.5356627922727121
0.8438192868024708
0.1464600577342745
0.25814057566397397
0.6349891267104636
0.8700302361857267
0.6092449615485273
0.7239366845549139
0.4004782111637246
0.6779519137371043
0.7782534098317437
0.0939484563485951
0.29776814730557694
0.585485660213465
0.6150732980574185
0.7170180737065247
0.45613580362890443
0.8146311836236825
0.2871406027562236
0.32519661475755496
0.23552398341568095
0.2661987936058427
0.5071208139845746
0.6742720451493164
0.42248016655603626
0.629173608482889
0.40632164274960975
0.6979724581322581
0.5611161143958444
0.819300391234991
0.49858538866251406
0.7841107547592544
0.5311170152582485
0.5189114624417559
0.3536798752570305
0.8113087254973969
0.36566618089328085
0.5917134503412415
0.6668261296224042
0.7952279068343703
0.5100025154434061
0.6429990172248423
0.7378211271486524
0.6553934583459463
0.6601228332894892
0.3284152813365577
0.3925113216960292
0.7320285020320342
0.025204522589263575
0.20248305290823665
0.34937378274776765
0.49547284223887333
0.7382319663343372
0.17310151591151074
0.30408970418716613
0.4250097862994923
0.12965819626560052
0.20804383246505254
0.3801243264972421
0.6103054403591082
0.8043097167382128
0.4422610605330161
0.6458300574608854
0.3781883591335011
0.8116694535469107
0.13466063151931248
0.14092811006915246
0.42532506241273194
0.6744056101424244
0.6675956978821144
0.6642243707500296
0.33475624601085896
0.33090445738833
0.3936522404570062
0.4194875967958392
0.7149646350784983
0.3208014342361564
0.5232285584327903
0.6738338057681468
0.3962459718525713
0.5388570928785028
0.6500835909023468
0.19566676819324766
0.5233714895254241
0.8318043495025879
0.3685290425880063
0.18663903285228686
0.33805651614152227
0.3375314527220751
0.5749337306626287
0.6996579140073901
0.23771718385178683
0.14206381682821204
0.31608525157551765
0.30311669053815843
0.4552139896442166
0.9757148433960462
0.24017047760012547
0.22650374095262218
0.46318895542324473
0.6890740885280929
0.28614787558075955
0.30045139428139755
0.6063478541603236
0.6514725204005626
0.5934701706642482
0.8800920793705347
0.14330989526983873
0.10945348811391395
0.22126723476691088
0.43562818989331864
0.8124023384062287
0.34525890613206756
0.3901006982918968
0.7476755092710794
0.7306111559082159
0.640224920825594
0.4751723563282877
0.8071888438948256
0.1006154640942302
0.09699125582732716
0.22288869980434337
0.400453582818548
0.48805012099226625
0.71344961041248
0.5638426040110425
0.565679118543486
0.2990666230461839
0.5083259196395273
0.6202470985826858
0.18951246459698914
0.33520977902645105
0.6526231513033424
0.48309208357764244
0.8048170696575702
0.2861754820235939
0.47583773809058416
0.6343901045355393
0.09384495772881199
0.5410367309431263
0.6494591414015759
0.6640027366534103
0.6682951060104138
0.574994279022978
0.6383599027275794
0.6844372342980729
0.6558512765530595
0.733792708527377
0.2885173994002239
0.41121325460633706
0.8059586321730967
0.625819348989968
0.8453384768684014
0.06590718504085749
0.23221954127493594
0.33376268105476387
0.3761249272177687
0.9070295601971574
0.30129837366907064
0.339796010835114
0.6940627766851678
0.3927634087168473
0.747565304964446
0.4850126221043103
0.704632509133611
0.2648277806265753
0.4053725873280537
0.3038977178445127
0.6443611023048299
0.3771202260100499
0.9048094623354418
0.3151818879143859
0.3884501601123805
0.8098953468843002
0.5892588859051794
0.7177129245567363
0.33493295054400235
0.5379562342261013
0.720200466367801
0.5135500250192321
0.7187223473842461
0.46173901547844154
0.7033818744447098
0.3455448575263072
0.7945826933690012
0.3008735172298436
0.6240125355295228
0.7917167850972133
0.38611802631033126
0.32571680949022214
0.1795570363615387
0.27050561620459657
0.26315449395934437
0.4345269797976674
0.8547732836957619
0.5840761293903499
0.7266008688162721
0.556717223168226
0.8629476857467041
0.23323296980988803
0.3080310088290954
0.29519556166778477
0.4348104054816041
0.6042425683861502
0.6975461109371954
0.40683125846705315
0.5324384909277993
0.7538531193073104
0.14514955681899802
0.23770363274317255
0.43528870489053556
0.6213630737697463
0.6786833773515534
0.5851086384724155
0.7477973070959942
0.5380252861672599
0.837660059055652
0.5026286758809793
0.4451672444823413
0.5864375678276316
0.8939448897025821
0.3012246829123654
0.16940179181096232
0.11538986360672433
0.2758590336442592
0.3970841347399358
0.3527526463773965
0.5719617771729005
0.7032009425687299
0.5128229435892037
0.5738908025287275
0.222149912281148
0.3157429299375604
0.5283532694573753
0.738166817627611
0.506993949679806
0.6981376786413596
0.22284536232138988
0.10050449831710757
0.3262578230759948
0.3429670746124781
0.44567095061614725
0.5860492359898319
0.3928248618197114
0.6078980478975331
0.2621066523373657
0.6300196479434022
0.7292874607318718
0.656709787755506
0.5088563147630983
0.7667156589718994
0.45413296834632794
0.4170507585769244
0.5018591528718231
0.7755029543924636
0.5129123411641368
0.8402105937892361
0.7479816718572665
0.8633684640718542
0.46474978134544115
0.6102388370480961
0.23940888531597943
0.4029732556396853
0.6267853730327402
0.7855043302641794
0.3326990596079863
0.49510409513560233
0.6764810898524679
0.0
0.043479022450955
0.25277768809534445
0.3924519370540526
0.6890480218709379
0.3470654351335552
0.47939974311063577
0.6887491074142875
0.22917816054103055
0.4881554768643056
0.8006362189723677
0.5345587782281864
0.5488204726533047
0.32548654941631067
0.35954515350025534
0.5628071030556222
0.013634846043603044
0.37297848417232504
0.2655148609585003
0.2276997369932047
0.5675239955780477
0.6867003512559452
0.5796878392136624
0.8151885970145764
0.3976519649629501
0.6050019619912386
0.6091547197107309
0.39422837022172275
0.5515175780102737
0.28040061154363044
0.8783856669954095
0.4438139020429947
0.43636020329135566
0.721450333341393
0.48244895631107826
0.785574440879402
0.1457690416607436
0.2734379931459013
0.23450605625347792
0.6354052707142668
0.9138606782473152
0.16810066707329852
0.36505135806162764
0.5758246901508938
0.5026468889905116
0.7555686492132024
0.3016619486768677
0.5268600820843133
0.3886051455531909
0.6120119722187575
0.23131056630750876
0.6024270123812628
0.48009521390811816
0.7666532759984811
0.20110547413893987
0.2530824619976189
0.22608044686950457
0.3085097136275257
0.8200896245765373
0.7053399585086756
0.7079952115746632
0.6297974923421362
0.607415188162294
0.5571391784646381
0.9215143573553387
0.49027645798598174
0.7068950648095607
0.4023030015366941
0.6206267126322186
0.33505994162369346
0.5718094175265743
0.35197788069202474
0.68240511243818
0.5402762053420667
0.7227448494776981
0.7075976797871585
0.46625809092101517
0.6208433987436243
0.648528144873591
0.8924520383334632
0.32707180632725846
0.9051530054589562
0.5418946220255163
0.6347378590952549
0.5801409275978446
0.5834658477646183
0.8547975598154307
0.47275029292614756
0.6614571871928409
0.6385632470509175
0.20303964416567954
0.261376440491018
0.5362101226740571
0.7105036716075831
0.13387369524313353
0.24339861614834718
0.3078791465019202
0.5429122819088953
0.7900782096694869
0.3328574684269686
0.5320825923746255
0.6794221664357172
0.4734850034164436
0.6583002226749196
0.20343282250731737
0.5660599634778901
0.6407468855185522
0.14627295310777932
0.6408330434843057
0.7787360643398458
0.6531203389218657
0.7795977316313678
0.25359835314535933
0.31192800015225014
0.33005875222109926
0.7484802018717025
0.45921189759965897
0.7798131985944493
0.6233346100080026
0.7615259550499811
0.40099357660670215
0.22873790324964072
0.4620952356951238
0.6722239118510381
0.381784681464784
0.38329844749759595
0.6272446389815803
0.7523921287781589
0.556077028370762
0.7084757416961799
0.43832433573262214
0.5344830947221073
0.4157948700736432
0.8202987210816943
0.5116754886571421
0.4663416198523
0.7177448738888492
0.4619116402418311
0.4608672001739459
0.7519537080423726
0.20909607275243047
0.16420231808911806
0.28549500344959294
0.6392136613632842
0.34403727428247993
0.6354581293695439
0.5920862356500606
0.6908759328122224
0.3631635773613461
0.7620622282791563
0.8463957568715766
0.38726967910356574
0.6610019357642349
0.8862507299444632
0.22885709086088146
0.35199580283355575
0.333968472494835
0.5468078742709769
0.2706727478601564
0.5998319938562681
0.35784121110179073
0.6851236893376574
0.692597414164895
0.74828632649226
0.24281238556441728
0.3115442921632619
0.7616740165185028
0.1182502533095886
0.32289294207213326
0.26479700661472816
0.31702708997351536
0.6103047532064786
0.37591938600539226
0.6976892940894136
0.9487003268641351
0.657571746511497
0.8706993324847699
0.2794655127492575
0.4441815240540365
0.6058486731425634
0.926071541822992
0.36118557999935197
0.6064607840745493
0.5672243141220354
0.5295513781590078
0.7044791871196014
0.5171969530149855
0.8849779861427788
0.5515226668330642
0.6604397447907626
0.28913716732589145
0.12666846538252832
0.2313789058837005
0.3212198876422985
0.2769158077295629
0.6241979158043642
0.8444353142808839
0.36624237258047915
0.25002229162325895
0.28550717678890913
0.7933732040261612
0.4257053139503923
0.5904398171958477
0.5414591528816949
0.6285120873050196
0.574075158377742
0.6845699588594835
0.5867350351935519
0.7993538502790716
0.30860545430180847
0.4069356937661021
0.3838020582038665
0.5631624479109396
0.5420249883275172
0.4457732912866968
0.8486074875841669
0.2618749462423212
0.4955375020978284
0.7851178164115952
0.35784812732521576
0.49128645471871707
0.5892104742915948
0.5145165560208719
0.7062994507100387
0.42419688391238336
0.6626796113875573
0.3751772934097507
0.6461027620339396
0.5842089634396804
0.6189294248072218
0.7699373531035784
0.2595273522245468
0.18440537757979267
0.2806455321980504
0.5044362960634443
0.6759318093544886
0.492773942556657
0.7871022581998017
0.16507971142759195
0.5627047267641753
0.661218229569447
0.6063947225576646
0.701668079475279
0.5313423327638702
0.546742893704817
0.67488635870615
0.3597362615907374
0.6402433219679241
0.3984681017982048
0.6413461129059346
0.25727396173653716
0.2943971610195949
0.18979909878933182
0.30856237749538284
0.09149729445502715
0.22216733119281204
0.31258589018139055
0.48813834863272915
0.6882435127514028
0.3585691276382133
0.28191382504443585
0.443551307102304
0.48607877253609927
0.07568443054812833
0.4559052829725781
0.6363579524288911
0.21261456241243695
0.18942358128533715
0.1893809141993171
0.27264015635251715
0.47610444813630526
0.6734194445551147
0.7072885977386824
0.45646850687224455
0.9474000660632386
0.1383272395829063
0.40179935577186165
0.21527165916402613
0.45268290594025684
0.6822379144354861
0.22351073279822434
0.3350039467600647
0.36828993409658106
0.41861768778422687
0.5669543293199003
0.8319205350015403
0.4094106276189392
0.6192781669087398
0.7889423879048916
0.11921325459434222
0.31578658667216386
0.6134736167772898
0.6605896527391877
0.90346716186228
0.6043898060902358
0.759374363616597
0.3954304310997254
0.4418042320868298
0.6570055080946008
0.20477306050866878
0.6288536995750224
0.4570019368477565
0.8793975491224335
0.24155071161884326
0.27436398442205134
0.29022431589353503
0.2959828040905325
0.18593610341855268
0.41331799829668997
0.5358426741409894
0.8337712621883974
0.19578354921947166
0.3342203907075556
0.29955180284268945
0.1722624816145414
0.16354062882464887
0.3938951128415871
0.7489961436249168
0.4159183645914144
0.604415262231135
0.5872690171397121
0.7790321217319748
0.7606286220019685
0.46272484930041774
0.7052941737271894
0.2543872443479712
0.5826981513243549
0.7300628252776331
0.27380850496633946
0.2986320410089883
0.38022262434466086
0.5243616225375594
0.7768665488081348
0.08964652252635114
0.2236569905852645
0.3533832839722389
0.5327153883224237
0.6778813853141674
0.5177411924770203
0.7223261129535371
0.5356551431664853
0.5376681475837992
0.8184085416178806
0.34932709842736687
0.464419109352112
0.6324719968858292
0.8461174323250085
0.44750237013715993
0.2800612008601651
0.3147418569416339
0.3022233632035103
0.634928071993559
0.7605636388456077
0.3624471815856821
0.11498535079660545
0.23033487408441408
0.19769304188673803
0.28543252419745174
0.2601668423381242
0.4385471901742404
0.7262557709168579
0.555468661494327
0.7940933864971461
0.4600246466986403
0.706327891364784
0.44080292791438047
0.6426126963302832
0.38359795140821956
0.5216296993992119
0.6220610456884494
0.5282277967458096
0.8712220342792283
0.25251354995983916
0.18762872274714623
0.2350938438984712
0.2324880200681984
0.6937694357704558
0.7181569571945412
0.15993684486436205
0.40543999796412816
0.6376606944537292
0.43489623158527413
0.6842632662794415
0.5619791469961434
0.2052901680922392
0.41533651504150904
0.20231323476939214
0.3257368323157371
0.4397685157691202
0.46589523034695035
0.5328433970244842
0.40167351820084024
0.7717237514515106
0.5011419636889863
0.5405284614771294
0.9416114945061339
0.37661720401867077
0.2174993434565347
0.7229398986044528
0.8206354851202401
0.3450904046197328
0.38725672053898846
0.43047617913633685
0.7370306580952595
0.21810506602453253
0.2077109814316153
0.22453467264711638
0.5151338534761615
0.8898894660528245
0.31771440652954486
0.2753725018731445
0.42981287380054223
0.8434442606431157
0.40516308781478827
0.49303049507262586
0.6084491994257155
0.12944117548969494
0.2992724430853117
0.5592182031549671
0.5915890110388671
0.6150259441009818
0.7391832381885136
0.5993221123090451
0.6909695820434653
0.1874226114396218
0.4980272323925557
0.5729558251025844
0.4087733370483713
0.9518533529395986
0.369726487212986
0.37727550375401553
0.8396279918905097
0.3171220144129336
0.23815145398735577
0.13615941552141142
0.3124590352134865
0.3969841671088587
0.5885704177352175
0.4623770592243771
0.8719639237308601
0.25358432464736924
0.2781132810401038
0.31143942546360437
0.7861416565464953
0.40728540917731093
0.45944707424506936
0.7279283513986616
0.5026385460726357
0.7044049094266699
0.3165704965419655
0.11110778844634234
0.3607797923935757
0.49714550220851167
0.7695568179169344
0.393328695917785
0.5365593325750576
0.6597311892584834
0.4340176007651571
0.6676193679074068
0.6582567810194304
0.4267206378486002
0.5237031803798223
0.3440318167386384
0.7065069776726114
0.29301525639192194
0.4116627655586717
0.28581240854002576
0.4049864374609025
0.4458300318815518
0.7113202923088522
0.1570664407551747
0.3398504395655611
0.30168995534298426
0.5349294931666032
0.8820047904991701
0.5243568884943531
0.691502553423937
0.8369366391524581
