0.6715476481618984
0.46997289922108637
0.6856154305527778
0.161067922403342
0.30056012665287224
0.36237499607590634
0.4963087386813839
0.5963924316066769
0.30773940302320135
0.5471057903516434
0.6287147505109467
0.16260725372715604
0.47725744915545304
0.792439560246805
0.49274034925727483
0.18925700391224792
0.6675725096676387
0.30523443390235827
0.49010438415487523
0.5273572374155285
0.8392045687755956
0.4300232688770539
0.6486069548150264
0.7468237153467947
0.3268462571000723
0.6757828449542743
0.771818181734146
0.420170272647524
0.8769658425226813
0.2583992194376909
0.5124390339378923
0.6310202255912961
0.45680909478243
0.6618091353757299
0.3232739512885765
0.44283423615058254
0.6922967636136627
0.33718987297395153
0.5718972633415245
0.5852903968515919
0.654958080330003
0.5955037599141302
0.7081818616427868
0.1587689239932893
0.3795990513132611
0.6325331498205017
0.40498859293534195
0.8014385536529579
0.3897560813665051
0.35811405061441687
0.5491110788834823
0.5852254402979028
0.7605792939663947
0.3612838160677616
0.47502757257935435
0.751498689861106
0.6966211222261776
0.7032548535716614
0.6620482379165659
0.598707968619435
0.45086764505471727
0.7129421137378866
0.7534653527200722
0.27886646604478665
0.29814152442219877
0.17234089791410515
0.14511644122253342
0.15724138060370932
0.12394331670218676
0.2060408054019419
0.0
0.555847391026755
0.7171280246181371
0.5305462857838387
0.6946401720905463
0.23775907822621717
0.5002662769488255
0.7766538596134509
0.48662150374239105
0.6270356892773479
0.3856804674836488
0.7037429907961177
0.3918829271452121
0.4779530036042903
0.5776761644258014
0.5283728443613103
0.8335382004277342
0.2857993244057795
0.37834564949283045
0.493835336757731
0.7568162220800242
0.12413588212664683
0.26842364728257456
0.28926635038516113
0.33694666431722253
0.45462194124392263
0.6856999334161962
0.1832411698761223
0.6340728730199852
0.43799511515005596
0.549221841515396
0.17075252264122895
0.15724728370280522
0.2620611400832648
0.3037866983502123
0.5479052631493211
0.8055191296088803
0.3240175841369257
0.20859501101679714
0.2699974953178218
0.4141089018386659
0.7614180224372836
0.37193409954448814
0.6909163910691933
0.2585971077459084
0.5727889043716365
0.47652132735685404
0.6659155915363848
0.4539807255860161
0.7120268943675941
0.28669278506401713
0.4211023602314248
0.7174235343668831
0.400754919640972
0.4370124765216111
0.31237449259844924
0.5779116994856054
0.8653509364330739
0.5571048523141181
0.4760650574933841
0.6102666558542944
0.3405578452406252
0.487228159269681
0.8673535497522288
0.3734067181301053
0.37232207275436285
0.6033569536278822
0.7855831941628577
0.46883060204279275
0.6849165114504111
0.4616985346349983
0.840871692769566
0.40511326010545456
0.25841324890323464
0.23965068944841844
0.3679016543106454
0.4571610057471668
0.7179249746541891
0.33333237595993165
0.4863265570996384
0.5463760749135993
0.342485233248231
0.5587607952913127
0.5299176529158524
0.9222623218463264
0.1509272146555522
0.14565289984532362
0.35891412985776816
0.4540955189272659
0.8376083828710855
0.30759877673402974
0.7250298604691314
0.7561573514352223
0.3297114637536204
0.31135361478899426
0.610918546666609
0.11973068411934022
0.18804321094205811
0.3450759455103256
0.4641642701443346
0.6133492929396714
0.663866034213355
0.7445867654233304
0.7849234980139452
0.5304694306116166
0.4974175974784971
0.7510550550072257
0.5330085435246669
0.5952089781360306
0.3594899301085911
0.29272751700754973
0.1988533592132288
0.30330779815476044
0.6297555879338574
0.7949740562424029
0.31616981858946525
0.5041500944477675
0.8415541824755566
0.3045606662410137
0.24882264314196073
0.22648738309822516
0.1852660730074339
0.29021520652514715
0.6646626239133249
0.8177572622015288
0.2173258257440774
0.3292973352098991
0.6589998090676399
0.804533505904259
0.36192699666053463
0.5853146830174666
0.7215825533012432
0.44939130193866444
0.6273954442727295
0.20973393236363772
0.40593832183911854
0.6866160985049228
0.2536343643310032
0.44900767611742903
0.5080432137855032
0.7333966715807516
0.502413239729916
0.7363419460093392
0.634486987944947
0.7174351039085474
0.3000939683533115
0.4892103353405504
0.8049168053500158
0.23711264580648742
0.37459319044666045
0.14248635321579425
0.25877709242866687
0.4065091385584325
0.7770756502065731
0.5599855024520664
0.741451221837386
0.34632271014456295
0.594464811704863
0.3894256752013794
0.6897937283676986
0.617974049384413
0.618614607028553
0.5356275271435332
0.7994985225446041
0.3004491114055801
0.46822187003247207
0.5576710342181356
0.3896358246921147
0.8078423381779712
0.477299112963607
0.5058008879658272
0.5358103109282574
0.48828886320342213
0.6955888913834202
0.36388060252936244
0.5283390335947853
0.7897568975745315
0.23617208524866204
0.2764341020167244
0.5706473486045103
0.6628499047561067
0.7557017119075542
0.3161917265572207
0.5162972878717278
0.6458855590656658
0.49971029840512177
0.6610063272671237
0.25187225987194417
0.30171939044781854
0.5600639308819293
0.43816453975790076
0.5467267928401864
0.5259412142734262
0.8155629270422022
0.6033643885365576
0.7836880222760828
0.27680914984125726
0.3539956131683437
0.5840922240102508
0.4338542924089668
0.5635521114022991
0.2643981635056999
0.47880450759461823
0.7685324662824741
0.2683878665714223
0.4335020611716431
0.5747997922003506
0.5542933442761084
0.21630358817273831
0.36821120988995476
0.40109207482702103
0.7178152582138094
0.31668105342658504
0.6643609844953451
0.5803582269384567
0.5203486170310324
0.5564303686064445
0.4185554131433027
0.7602547490335826
0.24584581812794168
0.43951340457251337
0.8457601106793409
0.2214113788667379
0.35954099710003984
0.31375067557160435
0.3373735345086893
0.5237061703928283
0.25072992452957615
0.23718232294595437
0.19882289628060704
0.4619263720630485
0.3591822620679145
0.5709213132578037
0.8698740702979788
0.6571345513731224
0.6920591778369374
0.311341307985583
0.5612694628959849
0.8235479539458491
0.47108379546145646
0.33169369345611177
0.2819290153347351
0.13510755807792943
0.3099529191656545
0.3840105227054342
0.5398438414823031
0.5907064771604683
0.21333760399400148
0.42939707396340154
0.7337318801870824
0.7729358923247502
0.6109090423195135
0.7399770835695614
0.4034146170869297
0.4066749849832293
0.48906285158302587
0.7965993087173435
0.3971674626689487
0.39525264935843263
0.4617648714129646
0.6950070680884403
0.35947689871750327
0.46061782476925756
0.6411665104987727
0.5108600479771922
0.649199234012236
0.2343326352217965
0.4031110049299238
0.6560254761167673
0.6175770378570286
0.8069332060030331
0.3076695689971804
0.34551820207788536
0.42005733885174934
0.46673301378087767
0.742139656404637
0.528215866264977
0.758961575109463
0.6088090406121613
0.42300392219953453
0.7252570555899603
0.2579788154153533
0.3065830907788347
0.5916585627803237
0.4330469337934257
0.5436588156819215
0.8151718078593294
0.2910593614153266
0.4964917033033313
0.6423800038318161
0.6723904362464458
0.8070963616663107
0.5846813045397731
0.7938317462231033
0.5338872581204708
0.29585804796226794
0.7140080120249056
0.5407387767117349
0.7198459859439393
0.3262976937123558
0.5521192646801085
0.5663658075507113
0.6877856514009326
0.28068454258020575
0.3919485524374351
0.8072873777628987
0.21112423554717827
0.31983792359227026
0.5062323978115625
0.6981915462537768
0.4286337604098509
0.480621037681032
0.7413984453293847
0.5819856273071535
0.7431687927901321
0.5025712750446527
0.6785309261239248
0.19518186053773634
0.33731094710948745
0.3921093677660589
0.5014969824131257
0.2840039545741281
0.4810067134511085
0.5047722584515913
0.6618034134252191
0.2262414738811127
0.3693441871885887
0.6854780937955975
0.5299959153668827
0.6271018293887058
0.5644665765656806
0.5861322596120248
0.3354202250408024
0.49924523280583133
0.630669959667693
0.7123487117489421
0.45175047742817614
0.7311217421118
0.3072228479527926
0.42128765980951616
0.6884477671496909
0.7241432838094459
0.6426286040422682
0.7245420238033019
0.6158415816527028
0.7907108054716993
0.40690334782628057
0.6148834485464778
0.5713361626139709
0.7961689280931982
0.2550302809380325
0.17522591131797094
0.07589835816054052
0.13378269555691297
0.13661676563296235
0.4029073534912372
0.4353880923999525
0.2619914446499377
0.5978803836475649
0.876195565233427
0.24121279275698534
0.384136834612502
0.6299819349540057
0.3737584882232524
0.6178925126527057
0.6303468710908895
0.7296084437889246
0.3917465802837599
0.7316826196829513
0.7684140703191482
0.6284667574494226
0.7583931630938027
0.4153729824185742
0.5778148465391666
0.3805069859561032
0.4369528438041376
0.7629332040929934
0.5824922620039521
0.8565664394198664
0.392769831286735
0.4794297524702683
0.7269762363481833
0.4404937090662656
0.8329203542074459
0.6770875877414417
0.4942892604706744
0.6482240240995877
0.2658722072293012
0.28298368340317154
0.6186011750909765
0.6047781249737397
0.8174679958972888
0.4496926981692533
0.874414076294903
0.3470209216378457
0.34209250542962566
0.3727408665441594
0.3192618249214407
0.3323812538191697
0.3319906312316994
0.522460071736883
0.7056510047934679
0.6452918544152623
0.7759705916185536
0.37220378776421126
0.3331735286436768
0.4373954235821391
0.3929377183920471
0.6374790153992321
0.480215334647
0.3861978879529989
0.6346502403189408
0.3680306707746847
0.38685952535577217
0.32512683075738075
0.3413221074620258
0.5576143114226229
0.437101813928723
0.6098913958627341
0.3575185047502366
0.5374718627388448
0.7129780521194518
0.2795234857105253
0.2918294856513775
0.2823291278654776
0.4769505403990646
0.8584951160538501
0.18701629142139486
0.19514103002326394
0.26383227676394777
0.10642074396749429
0.15394473641502587
0.5229641395566614
0.5730562476568964
0.7861599160713465
0.3953564382818343
0.6111350821729732
0.27710022219851393
0.3254654153304534
0.65940896350132
0.702743927190841
0.3075330046351062
0.6369654634553916
0.38251320671335487
0.36901784389249936
0.5764319920016842
0.7405413731767402
0.3334951047531251
0.6871736586177034
0.1658179797922504
0.594252313888138
0.683111404923282
0.7526224422772996
0.6762360459847551
0.5382392330420813
0.027694648062504813
0.31900267044502906
0.5430910856601177
0.6780738902180725
0.2712506125046512
0.6579927791235975
0.41509429563852696
0.7253201348000264
0.4968392304454861
0.9068258238069196
0.3450835882196058
0.39064643938325017
0.5557244527771066
0.6765042011528517
0.43821150652085156
0.5985393909621277
0.22061545577931127
0.31346856473028767
0.2108954072962808
0.3099662998345238
0.2592597300501662
0.3440034866955574
0.06975272895411984
0.06407570880811332
0.3345881061778206
0.706362161169846
0.42139436719158924
0.5173139407486255
0.6303004631014067
0.40466346563859523
0.330542698739462
0.5319503348681023
0.8282417690351532
0.452420771267335
0.613593928397915
0.8628309423057529
0.2617939867442868
0.2613743768204252
0.3261917492106953
0.30359827805535217
0.5241475402989332
0.632467432294017
0.4205393103437281
0.6503105357189267
0.6438695511351106
0.657887575292707
0.7681690265387389
0.4794926508031668
0.8924190932402302
0.40276546318111556
0.45557798693723417
0.2738699971256625
0.4320153970495691
0.5233599825019166
0.278349593498329
0.5346286844834854
0.7012671301686338
0.10440347614238793
0.19405306237688943
0.3831542652988141
0.5813201671117352
0.2559185186683518
0.6291478335956342
0.7822000315128806
0.30137225097137055
0.3849351926836011
0.41489952013558606
0.7061505461675083
0.6451812805484464
0.6582372353970337
0.572994264788764
0.7585264138597543
0.4505382887437443
0.4921648879136931
0.8432444648887819
0.39851503976397307
0.3274552897865864
0.2664932794889456
0.3054317386229454
0.2628295748141294
0.2880074914090459
0.4905834290758172
0.8198501552133329
0.24832705500484764
0.42090071261574447
0.5135270820480353
0.48103360867903217
0.6058421609724567
0.759441773459334
0.4222356794378432
0.411282222671815
0.6430227767426956
0.6656717290943686
0.7244720183380414
0.5009890230507353
0.6715664695883844
0.27746580271929827
0.6506779868030014
0.2276867058055854
0.2383612637781831
0.3829250919246567
0.39351284073793397
0.41728342811917646
0.32369549915080986
0.48493877653603273
0.37542803899784233
0.7357790709776005
0.4617728877175898
0.7483811406850942
0.13723056237649178
0.26876781867539185
0.23357923351304374
0.2884115444127023
0.33780628617614034
0.5034625183321259
0.6599198109354864
0.31877424571051766
0.3939414713101467
0.31162949565109765
0.40149137674458013
0.6589085334597758
0.3811824838380327
0.5349538318551048
0.8719790738907246
0.46317071837810814
0.7866745253172446
0.6027175846148853
0.5885448810882472
0.3460275049520561
0.9078292339482064
0.3992431662550368
0.6442825086728073
0.4796610478033695
0.5773306283830628
0.3038341548658851
0.3069367299900929
0.28120224594502197
0.48900600957278517
0.5026837095598223
0.1696047847329434
0.6126759382190601
0.5212510126372737
0.683531722772891
0.2154057429528856
0.21382110592930711
0.396053619248659
0.337099547267514
0.3771868147280078
0.274543161892016
0.5076647254826105
0.6434731542404493
0.39199833283828217
0.6150532168461199
0.47133581613010467
0.6159990664874341
0.25321618536638607
0.30393157714927627
0.5407688789616446
0.5614886077590189
0.3016008309188598
0.6921463418668995
0.38807118301155935
0.3885245803096943
0.653606512837332
0.4305295864509766
0.7617494036089408
0.3477669143667612
0.41520958024575844
0.6967253021589179
0.7443681903660297
0.19971868074146756
0.41672602663460284
0.6500226509566067
0.25922201887093577
0.32197933438792126
0.355335552013747
0.7084640646994751
0.29338382179908556
0.47992231409558694
0.3745917084519947
0.8492423923464698
0.3502237237163161
0.43970670567443654
0.39156300579348446
0.591454611389305
0.4248396485046861
0.8086183031341527
0.6233901377287788
0.7243514298557497
0.4547402889448533
0.3232091019621439
0.20357975502611567
0.35798910011781593
0.7219565762547214
0.41327947167698514
0.5349458148361796
0.1914236415032627
0.3831287718053762
0.6095668397945222
0.568059030401865
0.6852757410714742
0.4019884106960902
0.5362171508596456
0.3734078583681705
0.4028143697961814
0.8679400352561297
0.31540044509515763
0.32219896504619877
0.6469108071898175
0.588322220922312
0.344515347278703
0.26065974062576314
0.6239433803477019
0.8766541027928065
0.3105695153780258
0.7641493353540146
0.5368597380680804
0.7651261334351596
0.13539566862243196
0.11172405998274235
0.024456140245614696
0.08766938767403881
0.15087949602562692
0.20532598747415354
0.32394506179483623
0.36139626604120906
0.5769772023685561
0.763071779957354
0.410867180186704
0.6753895970029352
0.3468398183348192
0.5448772974186089
0.6598058142820532
0.606980440322647
0.8403811773945044
0.32351828922752174
0.2212428675953162
0.5652730442985094
0.9015896818003355
0.4404741194023861
0.5684983747008924
0.3726805084018197
0.8031278382253966
0.3588735061329213
0.5990497583967445
0.7446020474278625
0.31585333990805314
0.5753837649297904
0.6816941379232039
0.2644573315881765
0.20315662935644502
0.6157848236244627
0.39419973540879216
0.8175407244027142
0.6066014295789264
0.5810298095085337
0.49055891740395796
0.6443476360409893
0.37458416368194175
0.3299030082561462
0.3475382167641868
0.35288714564187595
0.49354554139741397
0.17072998809385
0.5333868843498683
0.7957588620303795
0.3901078668740249
0.3044791634506874
0.5345216985514024
0.38917112963041056
0.6475044382349975
0.26509331084827026
0.3309304978915251
0.58552452009096
0.5012095921436103
0.7417824491268643
0.3500061315367644
0.43244823738205246
0.5993378120065306
0.4454008951009844
0.701429311712645
0.5119749270713558
0.7079435031982214
0.5276820674093234
0.6254940793554384
0.1533854569940197
0.3495047502966857
0.6274605879250734
0.7655144422442217
0.4242809496180056
0.624956566557566
0.5325189005552283
0.3408475158213834
0.6108386448370935
0.26847561947249304
0.41809984074442164
0.2647693920699444
0.6043500277770034
0.2842262909925328
0.4548825732261462
0.29681322606185917
0.2890639879147295
0.3332306988997437
0.49643269106709415
0.616825519038498
0.268473555320598
0.29194787126125205
0.18692026772675643
0.5312615466974309
0.7627572372317075
0.2643428385692476
0.2849789018576103
0.28122523648345166
0.7037969358281895
0.23185534664788057
0.5738312179914149
0.7904291228699942
0.48319522757588124
0.6889684947060164
0.33629396541225454
0.6428107006359379
0.5624621547577376
0.5034137960792947
0.47659098966657837
0.4353579740206043
0.19617147476895117
0.35122509570307875
0.5734299185211978
0.75629425023085
0.38130977741167743
0.4496508481982665
0.3612101821887693
0.6718361644116239
0.7365191280951026
0.7120073278017008
0.5656865636621797
0.493730292277643
0.5128958869356001
0.23078568359708332
0.71661870841996
0.23118472772658816
0.09236485308423628
0.16154519394856753
0.22408558822758454
0.15262629070949252
0.4151278778628882
0.5464615420473594
0.7909052174306589
0.20425286267489587
0.24237542721401617
0.42718380843485093
0.17920621735119202
0.1902961288303391
0.22737482897250758
0.7182035911104739
0.7046495920191757
0.6214117995046006
0.6165444764403101
0.6980475821654438
0.0931442148229596
0.29489411889774414
0.33623105899923555
0.54698725592963
0.7715779398549507
0.2772245631743975
0.32030445899546967
0.5594925309970643
0.5851023298776343
0.7276218813977764
0.6427835481036672
0.5876863980205681
0.460780589689391
0.6572595736898592
0.47696263086797497
0.8532316212072971
0.3589488736801351
0.2450077903817721
0.2769803909857791
0.35948110226751656
0.6107739258676487
0.6560924621337302
0.4015598453759639
0.5273469672989842
0.6451431132497266
0.1479335885692424
0.2555224996686593
0.20545698033273604
0.3177629517286498
0.27004253665766975
0.615703052274759
0.5719263649009356
0.37014867837594584
0.7900679175014418
0.4339909926193617
0.44148827709829197
0.7516051703561722
0.22250198468879417
0.30653085986481293
0.25270963828228904
0.23868845105052608
0.1290386760777118
0.4139418656945948
0.44629714049354646
0.488138015746157
0.5996912706458285
0.24461389859151442
0.39232636752074346
0.46107700167672616
0.7460897295194504
0.4522382029993948
0.6582909209587458
0.3498563206192599
0.6373641444202555
0.31199738245078046
0.305832892199853
0.5566884859123014
0.6001488485404307
0.6173268668041418
0.7752707643361034
0.28693066648076376
0.25222397219272463
0.13898215779411605
0.36785102962812577
0.34972906857949493
0.573634917192781
0.6064363249778989
0.4371408737160964
0.7463985337874394
0.20820544270875058
0.17276869489627258
0.20390680209101095
0.6185449525655048
0.7589887627880324
0.34033158499687727
0.7168471128051179
0.6759246949845217
0.32306231745296055
0.6478132617413647
0.552234806848176
0.6995277138416414
0.3753781592674655
0.7591798400600588
0.4179220137589
0.4559822457776331
0.5634052378136672
0.5180869584113094
0.46482727296268567
0.7448732553563486
0.2630765470021943
0.36855163029217397
0.4572985185196039
0.5035052724752271
0.4334711622120444
0.7914253911359665
0.3178378153007781
0.24214656108449176
0.34043114389341445
0.9009637327793404
0.6873801034385276
0.626224585165564
0.9407441654787908
0.47572100531492106
0.6331466901716919
0.6493455070525158
0.5841829918611895
0.6743356274512896
0.5154499102886706
0.7236039395341467
0.4647162897390303
0.4749784451955264
0.5141440412368977
0.44525953822869985
0.32817049418518174
0.7089686660486584
0.1281232287494051
0.3293415097518329
0.46842200365348907
0.6760478114535279
0.2138580538118301
0.2783915608503691
0.3787565944411097
0.5919775283209554
0.24461695678479872
0.533757800695595
0.48253739137832624
0.8794664658465393
0.34782205190083143
0.40459086690031026
0.3342611126025084
0.3508530270250769
0.5742772209175002
0.6255019356292372
0.3666363429386706
0.5405604153963208
0.7131502978718285
0.2794241311507124
0.4870945833055698
0.6785976077937599
0.596885372714014
0.6994945033746092
0.3226919545458617
0.31553363794537026
0.7752831840468731
0.15298173696135633
0.33777081769919304
0.2833410678586374
0.6563918662941833
0.47440862893606706
0.5757888739381731
0.6423539173876428
0.25196337878625036
0.35911820243364456
0.42156385587183726
0.4211233061389071
0.27431686558508644
0.41007347150092127
0.5133971320175434
0.4734759313294838
0.7704078860321374
0.3522384462636521
0.3641893854565682
0.5664855712706048
0.7095534738773238
0.46204814804865046
0.6836699349335241
0.6258048496984371
0.8819447161098514
0.5567443952040436
0.6899530283601023
0.4113995705524147
0.8489928193813061
0.24518416962089015
0.2502844684099064
0.292871037955713
0.20272748437709534
0.1532716927496075
0.28339785303727427
0.5728771332213101
0.7364144830643939
0.4502591903785685
0.6387637539095532
0.6831033075099405
0.49633620662361305
0.7838047846918731
0.09902249178733913
0.41181789455354817
0.5494577539204225
0.54601153394871
0.8208800560180403
0.45031157420494716
0.4658787933957722
0.7479615829691479
0.2690293883606325
0.15808193997566908
0.5941927452420792
0.743662786519184
0.4385379158937509
0.6607824844036172
0.2744069578165203
0.38053491445687615
0.7345386788680301
0.22754478040847884
0.21990534278743226
0.3064226019636318
0.3735016591442047
0.6635466635579257
0.7218192682295683
0.6000805503243745
0.4960892558485075
0.3703126530483078
0.6957966845796286
0.8417625445152017
0.4427318142778247
0.39996655289427885
0.5938944667267231
0.4005389178794658
0.6542899490895142
0.7528976145896888
0.5083995498565008
0.6372031313670974
0.7317837328666176
0.15931024153643922
0.1368014197574217
0.31264286757589266
0.3891352882157209
0.6212416977449076
0.5609604746305532
0.6735797991995904
0.34996549686826744
0.5373234324515377
0.5224389581019182
0.7424096785971264
0.09813468070130466
0.26059745082561836
0.25442339696702054
0.41874176308527605
0.5837968591593303
0.6172700930222259
0.6945596729692096
0.686851745369467
0.6366393200147669
0.4469023321980305
0.6104097881836456
0.3918723421400658
0.5068000684101839
0.4274715673382537
0.7400528662132426
0.37944994909177976
0.6378856652220835
0.2180865966500227
0.30112616051904534
0.5890634325688571
0.7827634629328162
0.3908670134678138
0.5692085570909347
0.4490297009326584
0.7740691804603577
0.24274454014723978
0.324012815018182
0.3289858684994358
0.32833081077760284
0.5990013174562107
0.6771054862815545
0.3685683060770971
0.6773852425752779
0.3166865176131356
0.5968212965145703
0.453299047756866
0.4800860238628144
0.7161728575350782
0.2923784330005481
0.22665295879990155
0.48515254424561427
0.5758040313202057
0.8324438311016513
0.39880711421788806
0.3973977632641524
0.7910096218616818
0.29074481993189943
0.5162324653797301
0.25972093652505335
0.4227189319531045
0.33914725564121007
0.7689485041310771
0.4659763710803529
0.39425386537599677
0.5752281848848676
0.40643006407567733
0.5792825524894012
0.23907358123466152
0.5534012330113156
0.49500098903987677
0.6818425942649018
0.1664641114659243
0.3853225021976067
0.6128619995066122
0.7545484138644508
0.17718078042216512
0.4899378519449658
0.720905117704923
0.2129027817109934
0.5812288084506282
0.822446629526642
0.7431030255667672
0.6611638342421576
0.2818831385079754
0.42044323119774185
0.27248928101878644
0.618397095169855
0.5177641994892146
0.6425092575794643
0.7055964764123326
0.28921289101263875
0.6987834228537447
0.720319799169324
0.739154937951103
0.33740887732181724
0.356750766455432
0.6732948379609952
0.47718035340355996
0.8305504840452256
0.36292583927891575
0.45938976079263605
0.54351842743396
0.7206718578033847
0.4704771699430719
0.7133113280806689
0.43241357767488464
0.5927701970345249
0.5453360053951298
0.3963458196213578
0.7190524352535782
0.3560311498318736
0.427606438840782
0.6786239422716474
0.6683765945351333
0.5541891920096664
0.6615157890400035
0.6313359041858294
0.6327018801185232
0.42543084497347583
0.7843593159518885
0.3428716626123161
0.2876289468904492
0.5637208090147906
0.5695281614575979
0.6429919597088344
0.35854525485568167
0.5665557491159835
0.6751653634511898
0.1293325853034499
0.13952819363619146
0.2163903796788817
0.2960432662996606
0.5129158086824536
0.7001530970855827
0.2833790992133183
0.37803766953664875
0.22151566796180527
0.19592627725865414
0.3190174259229138
0.40851784434462823
0.7890160253767661
0.5790664118994473
0.7202355274028364
0.4759287430608329
0.6727621122891833
0.5505007809985322
0.8414641781972131
0.24289201010069295
0.44661930602434624
0.4212086164567768
0.5453661046891022
0.45398651394043993
0.6408311282634502
0.01463270205375163
0.39231873021247815
0.7071457544832818
0.4120004365752756
0.32111414014782097
0.45511408762021627
0.7928541236887334
0.22532831134803047
0.20177959102141865
0.345084606654151
0.7305013340073697
0.5707293724577248
0.4681221969108103
0.7443348976381846
0.2993579258713168
0.4382065622493506
0.652824436155294
0.3718271112122876
0.5403113286170665
0.5000475545231354
0.6281547920589123
0.2233186889956193
0.2686359165583378
0.2753887175403181
0.5389202944151937
0.7367901906441512
0.2638913512248283
0.37148984787698197
0.5891969380739409
0.7644770357251348
0.4621708229787789
0.7893557224127472
0.1997077289648347
0.13267249466729944
0.29340664671489214
0.3088916727148366
0.3467706550758254
0.32607843328451686
0.3300286355306352
0.6764233772709406
0.5878312949867162
0.6199041354024752
0.6659445767421376
0.39407322594258953
0.7276379425935222
0.26794915330252783
0.6259532967564911
0.3175683332008635
0.5840755433589935
0.4421087565009537
0.6497525405051369
0.7444109701880948
0.5723139686045527
0.7723720204781004
0.7177604131045535
0.83014826386999
0.4197846301036948
0.512773715292998
0.41625257159159224
0.7575940792478764
0.21183292239372514
0.3538341934681776
0.59707941777603
0.3569292526650952
0.30631922976224035
0.8428360176927774
0.5545745803025504
0.7626007717728955
0.45291343994543426
0.6682296424682316
0.8026242403224669
0.7919893971818466
0.681425749404977
0.7644277778866392
0.32039989939243074
0.16322936249328007
0.12826950140638768
0.24151006956889529
0.21624699771954017
0.6872352832519522
0.35693135557390093
0.6892654483978551
0.21551082236551622
0.5448851048908904
0.7820090583871399
0.5449886495575186
0.6464360662899677
0.5114552473483708
0.5348825335154799
0.6545237752868444
0.49161336974898556
0.6863727360105123
0.4725758885370508
0.8999760078370241
0.6546870088415923
0.8294196304096323
0.45740628525719335
0.6976432593033375
0.3278268296543684
0.6359713458617346
0.39211215545278577
0.40295909366614885
0.7038204647954822
0.1798132218604504
0.3032776263581747
0.467845797878248
0.5067317404744855
0.08909019167677515
0.22863373084055622
0.6623959406207571
0.5353265330717752
0.7023803723216476
0.3230212583671487
0.7761474216055849
0.5709728144162918
0.6409304767405711
0.5817028314969581
0.45261744701685597
0.7153771338403689
0.19672534348517673
0.30606105353718843
0.4542665597560632
0.7947800804181219
0.48270232216015563
0.491015841454693
0.40358813788008263
0.3546293891641413
0.7154656241960105
0.3332967422729771
0.324435294148545
0.6517426043836907
0.17432850516186552
0.4145601617271687
0.32630290835047887
0.5907316675983655
0.7643577882248154
0.2696628010849709
0.3157608817445505
0.2501834320745286
0.39587505918073945
0.8000995795180851
0.37556584299389845
0.5022499501689516
0.561765227772669
0.7909717000908167
0.4859047481858897
0.8034560007650939
0.4910007170726515
0.4789837625171284
0.6037131874835768
0.21730249151120204
0.4045312966521137
0.8724311131306928
0.3930795873184333
0.5226560517907255
0.636202176067249
0.7723421118093026
0.4213999216574979
0.6807120365650482
0.08860665250949376
0.19400554469178502
0.45518798892403456
0.5082447941168462
0.281440997643084
0.6232094002389317
0.7100307707259059
0.5355130097943467
0.7528959505761831
0.46128059283435574
0.5489171459050729
0.17019563395074644
0.5358469033033295
0.6625002548077721
0.2899011015079638
0.3832324704952117
0.573197826803097
0.2944013642879095
0.7259786164145834
0.45969480515578875
0.7843945191001105
0.26527522965605893
0.18063414702595032
0.4207089931282965
0.5820471554884443
0.7584241502933812
0.19583558192503334
0.30668672693423416
0.16746212645843964
0.2626799312704115
0.310119002494821
0.27720733628854205
0.47929412146538064
0.7581493244663902
0.4339846428629553
0.49699805486913357
0.6289238116668127
0.5163100856437762
0.7498326194164265
0.4044403004049573
0.7002981336653908
0.2525996157816079
0.2687141393458903
0.3933686549118615
0.5440926664651654
0.43872053312473613
0.6680254557341088
0.11756942647686076
0.3531046469374924
0.45014912040536526
0.5349918540218441
0.7131081608404672
0.3092223972365424
0.40509889084027917
0.38488267057175796
0.48068957688913805
0.7140325747901702
0.23690947987668792
0.3778066905168112
0.6548436051529833
0.21029029397970944
0.1836844825610136
0.20125267356586052
0.31660389781181425
0.7126920208967265
0.39170497118040365
0.6316605239713592
0.6004665072222475
0.7379706403950403
0.4962063752606993
0.6579328156847352
0.6919684358171264
0.592103791320152
0.7647864047659021
0.3730926622916255
0.5904686078338411
0.3987287956961313
0.6876240447271568
0.3727163123356946
0.6208976824783783
0.23367498218376953
0.560387466660812
0.778633116994403
0.3597955878897335
0.4861128846080737
0.6468669124401766
0.3365897940492461
0.3423112432652451
0.6181035415010105
0.5822038388179371
0.78733900286589
0.35267183996118295
0.39723493139377325
0.7579783002912951
0.7370412465282503
0.7172785463801105
0.4886442278955218
0.8299771932405021
0.387426178356096
0.6274679868959134
0.7013111267394584
0.34855781479484843
0.6121299858073912
0.4795291973859424
0.7563577943633469
0.31331301244182896
0.32543911362911365
0.44924605323956845
0.5288331815869833
0.6722406025624548
0.5822130678154339
0.43195067711187707
0.6707651798695347
0.4402134056718946
0.5824055596876202
0.602562231259121
0.6064149158073915
0.2243252726271751
0.24926272426721652
0.33268418912518904
0.3940210570435484
0.6205743044311317
0.30769732284450274
0.5164491347355049
0.5377085469434544
0.23526478860971167
0.3822401976063261
0.6746487095416928
0.5079991547036208
0.7733331142529951
0.13824754763689004
0.30942954547112017
0.3132749467022072
0.2299604206963663
0.5653185140790694
0.6952682377054212
0.25501219103429923
0.2581065074395383
0.30415718095691613
0.33880803722651176
0.3266343276850939
0.5173680701950502
0.5857801068985428
0.4252506864665239
0.6296412797858734
0.4080196256266899
0.7610072825162191
0.3922482976964327
0.6133008892514079
0.4277018313937778
0.6829388235907783
0.15917030845241661
0.1507801334680377
0.6802066972388643
0.7903912874721767
0.05491598821007765
0.39411323102783374
0.6453405127159062
0.792174132783201
0.27384167928720304
0.5627666936465627
0.9461159179925238
0.4588947535681621
0.4954361208034589
0.6947302950713484
0.3941574774175109
0.6986861261540639
0.314730567572301
0.18568786840899476
0.2852362941173239
0.49473636076598776
0.2541379047209009
0.4590693153838026
0.1698485198017429
0.2886953843720926
0.3719235906288095
0.7248649336809835
0.34413733119839063
0.186439188668706
0.4516799231661622
0.7244623479449243
0.2873458824392929
0.21654291424473568
0.46778349056186513
0.8195205427783001
0.5882542856068792
0.5424998005029694
0.3605936442467704
0.6693863798144888
0.21865028204328896
0.30265521734634454
0.31375619362739476
0.1413786907238192
0.3927406458579538
0.20874847312838826
0.41234469063744184
0.6950812538725353
0.36616946784775767
0.6317066894559661
0.34616738119687407
0.31989902386177976
0.6861399268364994
0.2514455040454899
0.3253786600144522
0.6114060864348735
0.7337756713044628
0.4653153725286551
0.49708541945247287
0.7012730807234104
0.28673635085416554
0.7618161421640505
0.4073573690175667
0.615393593998671
0.557117432087834
0.7882735706396848
0.3110156118801262
0.4051705933807495
0.816073353945217
0.4833850332237233
0.26848969924896254
0.5534770968193499
0.7615396923872635
0.4074891280483884
0.40413465530373627
0.2687201590311843
0.3286221243461203
0.46739511968771263
0.5076208404819561
0.802414988327808
0.2153789043852511
0.4920292731468373
0.6794717937085583
0.3301444028370705
0.4058804068944001
0.6080994463863763
0.684752579957506
0.3553501985960227
0.791331621334099
0.7271271035932834
0.443967206566431
0.6900910031913696
0.40715649766317696
0.6191730556560872
0.7192064150289237
0.2819774978820471
0.6218648810491293
0.3811728848346481
0.6121357808604599
0.2769906982927566
0.2536663057513364
0.29324502556110893
0.33957202587289176
0.42284599716890825
0.7063863301115936
0.7181760313687928
0.7921119180487276
0.3406445370701303
0.623717623325783
0.6499037580023762
0.6476801641616334
0.48113749474113354
0.5394073188500477
0.1812167203636215
0.6243086507069817
0.717391231630242
0.5886640543149153
0.7976912493093652
0.3162353992629636
0.5320286788680822
0.7280778143303565
0.5986960919065857
0.6459392906758442
0.38688314266578444
0.23722370966765718
0.3327365344165932
0.35079641092835057
0.7773595061711835
0.31587405445664085
0.31351823657538097
0.1571006308463727
0.3590710560378504
0.4974719200781831
0.6017948386199372
0.3270456263600272
0.5483291815068635
0.7904545413614612
0.384089767640583
0.28742451100283395
0.1942329067324914
0.30115756095078033
0.4544776952672861
0.7412541303612935
0.42219543147269706
0.2768203987377156
0.3665409010657501
0.5217292613290254
0.7718739133959683
0.26333509958503865
0.16923673687828555
0.5423452221026318
0.6366328058805533
0.29812235485460503
0.5819070564224577
0.2841431211195714
0.6738681360181292
0.1652006063137892
0.4047677135149492
0.6233478075000357
0.18098536687597375
0.2678967134380511
0.5655743258927844
0.8737319532229045
0.38985026588007415
0.4469084198425303
0.7202805378630662
0.4566410924280323
0.6564180962145064
0.4218893130785648
0.5190555482554786
0.6865139915679872
0.370857742596003
0.3448421681581645
0.2890443353535769
0.23880129433752922
0.05391744712228967
0.2992541959101669
0.21003715342309914
0.46210332568990803
0.8531841174076603
0.2774972004498605
0.5442701101149002
0.7930762759942253
0.37322284070402545
0.3790280117257808
0.7052122234751002
0.6422129576340807
0.4087619773509564
0.5850882298228837
0.39969617195725504
0.5600905101528081
0.49866505501407743
0.7592838600237618
0.5117572219181166
0.7650515362020464
0.3880363466594477
0.4723885151150163
0.5699354758489024
0.22387763201350766
0.17249066865654974
0.3453936504359679
0.13912542245447998
0.029916229593866608
0.36705534145361124
0.5587464557716014
0.39640823771532513
0.8052591457745253
0.360623631428482
0.3394981517652588
0.6470753416992285
0.5725190362474947
0.772396449401732
0.6096770909031688
0.7795772345602108
0.24413705945859532
0.4307698974902699
0.6444204734020352
0.6624290234187046
0.3647267318760638
0.616848938384558
0.37845064398082895
0.5849076374778657
0.6959776198612321
0.3946174264779403
0.24995801253728517
0.7256622906458908
0.57938929097181
0.7283351485220484
0.3511083374953381
0.47945434577653456
0.5905461790669659
0.4473923630737428
0.6896368226825188
0.3451599865424452
0.5226988417551485
0.557745863337544
0.7548100294434731
0.6742852670892205
0.7909557818311432
0.3940325915037065
0.7689195319753093
0.635550521179972
0.8078341869987172
0.32143654020560797
0.5466131028862964
0.9556842744534716
0.42751520614769467
0.23819789984091708
0.38208413675018477
0.3803695141575267
0.7524356472261211
0.4576162166595957
0.655502276591844
0.49247761467220563
0.878309684674163
0.28081215555356737
0.395895278840714
0.6368335254792254
0.42674910874147415
0.5921748792800042
0.23870148737775698
0.5878407178589341
0.5169412519069808
0.6432937655869173
0.6809824842732478
0.7342462718516031
0.8928609233892685
0.5202708421819454
0.7860429888877981
0.3696473176520438
0.3399438406124605
0.28499770776511046
0.3282357186090141
0.469614136749621
0.8093232970733556
0.5022039330473986
0.7259164334148339
0.21047153216086847
0.1462119949027305
0.31901034807847906
0.4053393339558558
0.6214714659133365
0.593545660947579
0.8146790682166638
0.40340961492830957
0.48456330837823686
0.6513593069132327
0.16340772865831782
0.21199684307862546
0.4373320344024877
0.7496406747956024
0.18524782522810537
0.2737818669667215
0.1454877021754306
0.19474641718940336
0.3811463068375831
0.5267773843012655
0.4688835180963543
0.6172821598184351
0.12344089164382384
0.21490554632541342
0.5752183058326943
0.7185416553691188
0.6356148984669648
0.8558021905933414
0.5003006127783433
0.4427846637395162
0.7937388347090246
0.38486414469660024
0.6028996339221718
0.7834391815755001
0.5183562574739359
0.7988792257972324
0.4897195114598177
0.6782001147411041
0.3922900106277344
0.5950138437761826
0.27492076590092646
0.49854850430808634
0.754037686828297
0.4391978056370303
0.23736561062872966
0.19578556260612123
0.4940676332870167
0.42243035058383693
0.4741528833203432
0.8464511940498183
0.3084627746313348
0.4669551739784593
0.8253051678130979
0.21880491377087627
0.2860008629295384
0.48495348386817955
0.7695226805308956
0.5624516618708463
0.676456511858611
0.2571758463861261
0.572175283728283
0.23925364414457148
0.5593921764288412
0.3511196605232872
0.7170579896686063
0.5714189147018154
0.7615863802238532
0.3409742656487386
0.3927230278216384
0.647621687222175
0.805333925124027
0.3611943809097004
0.4101114972695354
0.7365328210072806
0.4100714576606302
0.5874612360264475
0.741177492451153
0.1926168965222786
0.3161012285893281
0.715643000004485
0.5002525827802392
0.7014611852821692
0.6813309675345135
0.4747723008520745
0.7115611064413147
0.2441968356140457
0.23915814179267206
0.49860742726282575
0.43615822719469505
0.7895616570251269
0.25861551909142644
0.30145837203979287
0.31018343020833994
0.5630524343257882
0.3634898612403456
0.6078993251277701
0.6880886810646911
0.13173214354322754
0.5596858147886076
0.8075821312463977
0.4521638051874081
0.6953682212011002
0.47383356105030083
0.7269792344752066
0.2377383943584105
0.29575913108943364
0.31627667497475487
0.6648822290616577
0.1742528601715239
0.2509636053548086
0.32540885295518895
0.47351513344890134
0.6573404316430291
0.3860480854768925
0.710303064799396
0.5798939490758317
0.7166226886089324
0.47515366064678316
0.6460783251912854
0.6887694095607955
0.3942934344489189
0.7526458733917256
0.5646969295399541
0.7189490972899925
0.6032296501549564
0.8493382921677288
0.18959570332421
0.382952400713219
0.6451961907108715
0.5350258671695441
0.7544257148319788
0.2966538229172688
0.47220369193588174
0.5042883273817673
0.7954730288407689
0.21787740449193546
0.21576884619989917
0.349145786632219
0.5028847618743362
0.6445019302962658
0.7231894321581647
0.5008866844530058
0.5890706787785479
0.42242089435425817
0.6529515509738004
0.30942227472663497
0.2616206735706167
0.3716948347215706
0.5022710750242293
0.3836362603244916
0.7111672471607534
0.4633254678327759
0.7861519468536378
0.331312624695618
0.16285698834759438
0.20222102224335797
0.43159474789444774
0.5307641746127879
0.4998320300839898
0.595971262142181
0.5654446146775304
0.49171510358500864
0.8564505349988951
0.23476140863968017
0.25256609416745585
0.5417085865904171
0.910766734490935
0.2354866859617103
0.321559378460593
0.3662496124153539
0.5415620488673618
0.6771210502962987
0.2221696442900523
0.5519836969134686
0.6497045434348534
0.3085596648545903
0.2966554222291232
0.6931967947227203
0.806739385693153
0.5058783166488712
0.5146680743339924
0.3569326553319656
0.8043537350408915
0.5244293351940786
0.6158522773670123
0.7365816691738164
0.4257416222938067
0.5459574316015398
0.37066720810323617
0.7663793111889963
0.3833213262109341
0.3974241905988661
0.6992117894147877
0.4452449548379216
0.7918394545289016
0.580192594386028
0.7359657976695081
0.5434013066394899
0.5785816600570324
0.498497517733418
0.5385189835706942
0.3856413279715733
0.5440825823426592
0.6187102546372101
0.6256424906514618
0.37578221419917723
0.6705521900129433
0.6164563703110364
0.7835418881905369
0.4347682057501565
0.4840292202511216
0.40008238005575447
0.715688532069584
0.3410092471477519
0.6422684615055961
0.268716614492257
0.6152826123077214
0.8848196489653047
0.6062440835133155
0.7662902938062554
0.3581218740230162
0.39649598864099406
0.30114857841148496
0.37617687578900627
0.4211519067963896
0.6714387046892423
0.20553095690596473
0.1770673098154777
0.06405037981627312
0.391815534634619
0.5835797400716889
0.879863581482054
0.2202192558964812
0.21329787354200871
0.18462669284276936
0.3446198684364355
0.5584305634832002
0.8827403959973747
0.4172901685635163
0.19196211377642763
0.32539589504297434
0.6921508811069884
0.680176425751788
0.815067351326939
0.7790545045915397
0.2695070799066226
0.5379126275018163
0.4387170328935833
0.7267368470631304
0.39068138533159236
0.6947275890174389
0.2696896476809098
0.36026626848521626
0.27926350537048256
0.29325876804436257
0.5441763823594846
0.6910788056053001
0.3176882934783473
0.40130995532159264
0.3705019694037273
0.5574959156465757
0.6386762486461487
0.5614127219843178
0.5806085399904697
0.6031241061560908
0.546686243299238
0.7358430558773198
0.4200607489192825
0.569898635552887
0.6458220803145311
0.3191807071492382
0.6258166205531304
0.21005189352711015
0.40080980457348037
0.7954510563766518
0.689935486465639
0.4707432915982972
0.5403897952638852
0.6395139831996097
0.6108420899944241
0.6634961767452552
0.6560619581091057
0.7667943246020734
0.1992361975566784
0.38072479146051214
0.6562512853396346
0.6814168253520776
0.8494608176286415
0.5471509941712681
0.6534122591923474
0.21635751951089596
0.47896525228261544
0.5314714333715161
0.21786419578536442
0.37716144871227786
0.8286398342354878
0.4336962488549063
0.727752533815553
0.5298749527259193
0.678124841001963
0.18343086429243172
0.5064545002793571
0.7998868205018219
0.3110135908391601
0.4589196173974078
0.5860050560985066
0.4559749196130237
0.7621973839380447
0.1286061117803417
0.23896643264689849
0.37940326625104825
0.36230012313532983
0.39713942207939357
0.39120583869952974
0.6541467827187748
0.6397241179505937
0.420486623288552
0.7902621171412527
0.2298635632692546
0.29858441608513175
0.3873611702381692
0.330090802011991
0.48020872987204327
0.5746362346070512
0.42655574605148167
0.5640866290229876
0.19628725526673682
0.25471105149578493
0.2739306319446655
0.11140102592806682
0.30257383345698646
0.3800077677827827
0.8756647471176051
0.32005799137134616
0.13235047886265128
0.46475876722872467
0.7400472083744944
0.4232995601491469
0.5492869407199059
0.7702180148195196
0.33673302491214674
0.26444500257165904
0.36423840896584614
0.6213868405404769
0.331953467839425
0.24794393816543228
0.262411819145002
0.3993595331940088
0.6576957672479338
0.32578938440150107
0.7360351093615074
0.32600195964664225
0.5460957667324863
0.7651244263665289
0.5656933390463872
0.7110288996056551
0.36419720353350965
0.54516155811463
0.631002840961812
0.8254874535035615
0.38456341925748055
0.2851547652053896
0.5326695636224619
0.8388250466873481
0.4442048927752523
0.6371440479084883
0.6537842830222671
0.6055071388580502
0.6904059240061474
0.5044999136400055
0.6427000101231752
0.2833600407882879
0.2705263923064651
0.52176373180901
0.6517023625459752
0.31050397644365785
0.2515211626655152
0.15941347609904832
0.643359575620783
0.6873461772326075
0.2839496763500723
0.34367647597536816
0.7224726864300668
0.34254246156122253
0.8664170488366211
0.3272714723809719
0.5835580826794652
0.2716965421132767
0.535874144876329
0.5518899402153463
0.2944411570751112
0.7745493479902216
0.39995975120601923
0.8408963356605158
0.29626281357869094
0.43949292868892254
0.7755994035453815
0.25665069594532564
0.42195897059840715
0.8034576532920977
0.495263915097152
0.5730133667314576
0.5238232808378976
0.7006349876399804
0.47822343822810887
0.7663293852985703
0.6643283739199055
0.7760914090999476
0.2863920453596582
0.43250519142494376
0.7568219078398832
0.26993112009576065
0.28547058714433193
0.32943906886617935
0.414158201746877
0.7645203315782384
0.6183842644430382
0.8538451213078724
0.28282425363494423
0.18295806587671892
0.31307858948817024
0.7956830947347986
0.30164716945380027
0.3953582189529933
0.4114558604416524
0.6376960395762167
0.498348380338825
0.5854247718781537
0.31828325621510317
0.2955892916467983
0.5571769571243881
0.5652289806214238
0.5997948786441807
0.8365659760855032
0.5570409999286566
0.6639092731128658
0.8134989651165937
0.39460513573851813
0.6647854464198228
0.44399044714345903
0.6318447975524597
0.44162655354411895
0.5661426190692229
0.3470855755652392
0.563886371912561
0.7842916181762043
0.36268857630927204
0.6091933106615722
0.6972177587274374
0.45329219232608214
0.8534653325375341
0.7300439696041395
0.6433474479405975
0.6306058508409087
0.5978713884017365
0.38421267785997854
0.816902624803222
0.41206122950737106
0.4923650626553132
0.5554969050099142
0.5518632922669294
0.8136251989948429
0.45396176614247996
0.3748560988896854
0.6831756050967698
0.49066426184010786
0.5988713929439173
0.24052346058633828
0.48639024882163173
0.5467154078281394
0.6847057934690776
0.42188065916284295
0.8109117255330637
0.7601635716455605
0.4516887942419964
0.7637168722630615
0.30431046077933954
0.32235422203830494
0.3795970439587029
0.7307333980742463
0.18449208294192945
0.20986049466596884
0.205490164349201
0.3657425983799546
0.6650766639997
0.5769770742084962
0.2979416418800336
0.7663817648141321
0.3533771849224659
0.7007945147538577
0.5585402051258049
0.6247491865354925
0.7281390413452619
0.398860491979352
0.33008395758516224
0.6755154006427625
0.5646337123208343
0.762962791722049
0.36282453536069353
0.4523925055535579
0.5400379414047608
0.4085583374520706
0.6268776645940626
0.4804951966541251
0.7721095173465602
0.26153141340089087
0.5218415973008126
0.7361327877730931
0.5771386857754804
0.7598020114651189
0.3683112520137574
0.26031308192352676
0.516239964736433
0.38706818546476984
0.5256819348337669
0.6803151107208116
0.5175237925765299
0.6243029535111805
0.13388390515116372
0.3768711930068266
0.7180714035920729
0.6637464179408835
0.6496988455414164
0.5367686355625042
0.7470139076299877
0.22873784347290016
0.23884807908936906
0.40714070213606945
0.6619234689930288
0.2793450303280693
0.4903683214638473
0.6317230790499103
0.6887304299749992
1.0
0.22164054462127847
0.0936912416364569
0.34986846233018254
0.3619358313396179
0.3401301982461711
0.6908572547944223
0.20397557378076767
0.30579529581809134
0.37943425073004555
0.21420319248459788
0.3750620479328326
0.5541873533490496
0.7749790784991928
0.6678900680880274
0.7711035099783117
0.3514987900283325
0.3261023795376383
0.5391190113122988
0.7853226938279432
0.45963973915824546
0.6455635655561982
0.2955791077324274
0.5409237707063743
0.6548085939005871
0.4485287647988191
0.6690353994778092
0.6885759772886542
0.7452828692311751
0.571255341827303
0.7769297322219283
0.35039915551618145
0.261214225002484
0.3254021733981677
0.2629877127093413
0.38520803439371265
0.4974617360429528
0.7913229937870315
0.5366071878608774
0.7057551912388291
0.7232069013812243
0.5498993929666247
0.7229828219263579
0.5098763603499004
0.6518378603254475
0.5478630437903368
0.6376263214980946
0.09044871930890469
0.22139930515789663
0.2783967842562769
0.2953786030182743
0.3585696606726845
0.16977940032552005
0.30117292408410234
0.1843916604273871
0.29693834555768645
0.5695708152470924
0.43636903748812894
0.8037776046450041
0.41267379488382033
0.459117200045336
0.573374440884052
0.4407758556710868
0.7381639415582111
0.2977663872608733
0.3609362628147646
0.3353512038976547
0.40834963923626383
0.6115078098983107
0.7366548423483492
0.6730293564850669
0.8893897204984486
0.405129514639933
0.0984217418464861
0.18611052152304966
0.1737963207415213
0.16420175793280747
0.26045046444673897
0.2563741445199165
0.4022887480422808
0.40163197945575374
0.3532480177969551
0.6539030687563389
0.506536692707779
0.78767145127385
0.5718722480396645
0.571660380833891
0.5961206952131948
0.5222135701447692
0.4554517480523397
0.660430523321105
0.20795418611595412
0.2613688522004621
0.26018252078654097
0.564875355461808
0.707026351859348
0.23780310360898485
0.38491391653284285
0.6406633997388951
0.5419045253524105
0.8033819333886653
0.359064510610637
0.3825587376271126
0.5980951014035856
0.28131475214764334
0.3065152022491624
0.3329284941993161
0.2944243800272237
0.3674407173123554
0.5923202120017715
0.12823232990928815
0.5122513909705781
0.6518764010185226
0.30368336367370846
0.7379087643236686
0.3211310055483768
0.437907031609836
0.6267609315306967
0.07390978680638402
0.28196242178356096
0.19594704940841523
0.35874685677409607
0.3408847637008526
0.4650023011220504
0.6798808525233592
0.3875388368894106
0.42657315451924155
0.7325309111061044
0.17365399884657542
0.21840329670871533
0.30804562330150914
0.13160815443835644
0.24401115307323656
0.48498332890230017
0.6377513330359612
0.611169193413793
0.5197880205236817
0.6345108313797803
0.5549275767152603
0.6120986284880547
0.36131328715891514
0.6565971529389317
0.23067223847237173
0.36921584765237553
0.5117006802886911
0.6806224915475878
0.19555920383102787
0.3766595043803219
0.5514192143593283
0.6801992990530693
0.30943757528812366
0.3377446687958048
0.7002867452519677
0.31368788080247795
0.4802159692178497
0.5486490759173058
0.5270438374968267
0.5858944855948304
0.7848916853506962
0.44672472713860706
0.4939550422233084
0.6635985012646429
0.5054469244502663
0.8009761489567703
0.2579248687228835
0.474063332773645
0.6750579776470951
0.32429909661913103
0.23413600161517065
0.29410451284100697
0.46471868943919264
0.7167364187142363
0.35469459048435537
0.20355866410195056
0.5786483637956095
0.49449212855449154
0.41145821970717994
0.3760801261018778
0.7510335703593624
0.2654259904576674
0.48897428962401407
0.6647048665007746
0.6267676181541776
0.7881209661693005
0.24228176357301
0.2621657194523049
0.34244989739877457
0.6520664418298284
0.20231642897198077
0.2335572913513309
0.08938023804930545
0.21063265951294458
0.3477938963939773
0.1277910174913238
0.3247832173029957
0.40693672919777263
0.4393772598594297
0.7070634560370148
0.46764644911240305
0.41136281179160405
0.6557518152205953
0.7440111653290494
0.6102601316079236
0.6555009854958308
0.5977019521233831
0.7983831317695788
0.49063317508832804
0.4859455762558091
0.7234320718862777
0.3170056596909944
0.37657920331932265
0.6893526954485208
0.11908722150856052
0.2506295451980582
0.26195950704678744
0.3222455876990755
0.21091643788564918
0.1816178301504891
0.1586813970279981
0.18125112582362427
0.07745857799838828
0.37573268470486465
0.42474097629174323
0.5196154312556226
0.4457026813099066
0.6172235194373249
0.49717261597625856
0.5477831510654337
0.5273022134365736
0.709448244216717
0.4742552652665624
0.8198156720254218
0.3921676438629225
0.4539306345245439
0.6969432903436702
0.4946602987495022
0.660132840436081
0.6700454874054856
0.46915244442810916
0.3587439000177155
0.6339433040516605
0.6146901763252208
0.8104036215672936
0.32068244756357955
0.6696487681372763
0.7113358590815588
0.5119718942417494
0.7397989154171256
0.28808253826720787
0.20173410733738906
0.16145273934275553
0.24826726676608005
0.26887581215451295
0.13143233767207343
0.37276567604680505
0.8044112113098069
0.2370330116117255
0.5118932391235567
0.7495908546528747
0.38000425559126516
0.7509431099816443
0.25680714448581776
0.3269851259256674
0.5219396639153098
0.3566564281479896
0.3407812106341299
0.7659096718026939
0.8374236570764921
0.438037296820624
0.7076113998712981
0.30292728215108755
0.5229731875647873
0.6979520165379896
0.5235197790227415
0.7525703712843919
0.3798273050513393
0.2792064211242737
0.41075695681322516
0.7274196330281509
0.32263308453739914
0.23680638612514768
0.46211036598678534
0.746734625775422
0.8035974866380724
0.6629309488524439
0.6763716474990293
0.33789101644609526
0.5649532807883959
0.4386014118373032
0.9573039307569347
0.44710709111932595
0.656582183118904
0.6044056128106123
0.7626896499636578
0.2207301797019513
0.42656038081165415
0.45844576418795546
0.42188476262516017
0.6172463944842199
0.6606689443554702
0.4243060317481965
0.30197726646713496
0.7291754577223252
0.5203962777305557
0.7710576398843226
0.2650635053219931
0.3559567959030397
0.40045932786699434
0.3683637375941358
0.7633675849303666
0.6393863572320804
0.6441535163505506
0.873761331466319
0.3635448056563174
0.5432373726130838
0.7028650124111423
0.451293461886069
0.675460699849147
0.5425564786411216
0.6012482044307013
0.2089092910912775
0.5311035764519949
0.7753310463015286
0.267298631944029
0.6195277914384522
0.48411570706524293
0.6412080435442303
0.6791010734039273
0.32074756951004296
0.5273691543858813
0.8219165026407553
0.27727153955609823
0.38394753461979947
0.3429213418352171
0.5301911662723241
0.6757777339732838
0.28700114030416957
0.6997863979200908
0.571293655021699
0.6650918526339932
0.4388219078604137
0.6742680354364988
0.5203049185037351
0.2903497151488522
0.44749398966796206
0.46570913865117497
0.6481976993153372
0.612500852675478
0.5379864448685225
0.7353509317748211
0.759986167370166
0.5991098994366253
0.7327681672507226
0.2736959300228639
0.6549072403762436
0.6228315503098222
0.7823296697216207
0.2854958581174741
0.3122029002349688
0.2173007227923477
0.1828624344744966
0.5165220267013644
0.6391183497001274
0.26295294258390367
0.7285501515987332
0.4715325669032689
0.6832311065374064
0.4537706809613423
0.6562851717338569
0.6014143025868999
0.5875435891247663
0.7765799944028762
0.6323591306597198
0.6360528833479934
0.2870150770576319
0.3759959188533485
0.5874947100450215
0.28342975951536065
0.20746470473993703
0.20591043768363546
0.3007614211178133
0.7252123584122788
0.44190334420863553
0.6350346851500899
0.5081278416347641
0.7306833691817655
0.10231189667660548
0.2897889211438884
0.31859746380028103
0.6727352163682591
0.6368284529395816
0.7614876372990064
0.5918414265638391
0.8488466111019335
0.33905804073041435
0.5695313995540421
0.36276961757342396
0.6521521483890225
0.23098718506146731
0.2883734601931937
0.16800490636666654
0.11515175711938777
0.3104606654803479
0.3587036890545316
0.4844841801492403
0.639030515370297
0.44510929042097114
0.5924610573198296
0.4392430411306744
0.6555456296655113
0.5687999954342503
0.6191249574472674
0.5919988854364603
0.654436674513182
0.2461057500908016
0.3002957469018152
0.747298998757845
0.22995123532053816
0.16531266597898925
0.3503679218125021
0.5105634950004194
0.4373565663115982
0.8319162892819317
0.49772636196622416
0.628101951314832
0.27454955167125383
0.669588393679662
0.6543134222062194
0.40391267309784823
0.7504904908401258
0.3338908674475115
0.5776879193021509
0.7345790887270148
0.20876452951129984
0.2667675506018451
0.6751180215932429
0.36819237651504266
0.6480331250136787
0.6248883964915736
0.8501168753413179
0.50946095448763
0.5773656420281595
0.5881827649044022
0.6667640782693333
0.3302775228533987
0.3422651898957968
0.3191507227374469
0.47530682401767854
0.6870086066398953
0.5308197193483992
0.7640792352382884
0.2996343078168307
0.7852926988400788
0.5655753605126274
0.646717434149967
0.33453632774581743
0.7289287974599895
0.4983015073565668
0.7699006702444462
0.25328635910289377
0.2890476801637257
0.3686077786909839
0.41705196937666605
0.7680938952433457
0.36700767048482263
0.2627839174773646
0.3932653948519343
0.38821432855126037
0.5191498021725003
0.4567037940723887
0.5096018586975498
0.6705310022636796
0.6020359296403018
0.7996277090239682
0.2038301202965539
0.25047966062706584
0.4866669494235983
0.6803740110892706
0.17070922880259912
0.5538111564594539
0.6220115941541972
0.09969196719170424
0.24580605939438624
0.47401108139091674
0.6063314413583145
0.5706763273812127
0.47092399333401713
0.5873042046857425
0.42143412489132814
0.5262631029010102
0.8007479015019061
0.2607762003066438
0.32635869633564274
0.671114282506995
0.6933654949133116
0.4967015595115595
0.7209213489549613
0.46927626154253493
0.5349118859822117
0.872521306208041
0.3746113752937343
0.34194593367955706
0.28314302709244826
0.33461259429196205
0.6904904909779912
0.44564993648116924
0.5330448496492441
0.7478015995956343
0.2211666836090561
0.334664621179897
0.2959609719672305
0.23080428437925665
0.24658071343174165
0.44870975565931925
0.8450269147993212
0.30989448413638426
0.22821557712657334
0.2829937270358829
0.4477243790418119
0.592443056411847
0.4954549618135939
0.7208424030700915
0.29450891925334427
0.553744909689121
0.6236145485593011
0.21221959116745104
0.29692043036881105
0.5265051727990064
0.5890728773568513
0.31523504368229205
0.48058631678343183
0.6416827791051317
0.1805412724978551
0.5966315091900886
0.7691024427086489
0.5727851580092255
0.7058670151520533
0.24521799793464857
0.29659232083130366
0.31374920297702263
0.608015944569291
0.8752431070345614
0.5037876048691184
0.7296306784501879
0.41776999320140246
0.39123416622713614
0.6922032744901518
0.36487420473621324
0.21152482738487213
0.5189208542084816
0.6690842495265776
0.3209748375373978
0.53164870052782
0.820445991680997
0.22644145750476924
0.2402944440585446
0.4188256065035337
0.5188988510322281
0.5173132298509763
0.8141856602087982
0.4400629695420864
0.3257710864584252
0.5699067265128757
0.6573868385206048
0.39145022752140524
0.5862678900780639
0.5688649239384659
0.8713151790198179
0.3953478249579529
0.47695641453333415
0.6453169933275777
0.33018629062592936
0.7229760005769795
0.8983927336429514
0.4513417179014082
0.7038073304335163
0.7342899453214083
0.5453389246351984
0.7428829638049474
0.3761856382627552
0.38721983625070894
0.3779652842415458
0.36526297320645384
0.3311240967607729
0.4507613174043206
0.5729219036544456
0.5856301514664758
0.4901019095872886
0.51238263329701
0.6763485517881077
0.09808140299644025
0.215215483814963
0.19001821595567694
0.19845202389291727
0.30227223696717137
0.510722059531434
0.6000067638195526
0.22838613273696415
0.3533529926099738
0.25966710286416816
0.6785025096441232
0.3481412133623744
0.5083525622708637
0.34537920001600547
0.6802377604235476
0.4098903904308273
0.41393562918287063
0.6314989864738294
0.8459634725880171
0.3689849908656571
0.6780693176679916
0.7568102772650197
0.5563868537720722
0.7848250548504399
0.5187307158227408
0.7189777293291496
0.48521529677087677
0.5564039902030201
0.2225591377740674
0.2278836684267034
0.5326623488158868
0.3559369596855123
