0.6889349211992327
0.4623094588603069
0.6201407301794494
0.6288162807724378
0.6059733901861112
0.400629119709746
0.7077547368482937
0.4777141737787789
0.7637106670689652
0.6083870443521296
0.6808102811700136
0.500211441187028
0.5959426514446136
0.33822442947200554
0.9151740648322567
0.7089097454916738
0.6515978491595945
0.7432061413161066
0.4342155035527221
0.7834135422353878
0.4106623397498203
0.6170826207318292
0.855367888885544
0.36557684555372166
0.4723744687473885
0.781334269064712
0.7711842813240221
0.1830755080777664
0.49425997067170874
0.31444360354135364
0.449191651659739
0.6764819889802742
0.851729072590887
0.46542798197276414
0.33167278089469776
0.4310019550816937
0.47113840222596287
0.821381260427811
0.27104237531141295
0.23410799872334875
0.34790843103166647
0.38131416664224377
0.7599308396567892
0.47350879724197464
0.8617459357474142
0.4313761326784183
0.5948643509396625
0.7548281000984703
0.4294711584776274
0.691791429717005
0.8391979563434139
0.3482486211506226
0.39701727945239423
0.5327427271239764
0.7965522420116913
0.2195269227248518
0.21449222072026136
0.5680917175473698
0.7063416425824703
0.24391442188878257
0.5787486063288207
0.7623454912489879
0.46412220755442823
0.7766798197921989
0.5170358383551519
0.8284141785316755
0.6435494137380257
0.9738577039088538
0.4327702875786637
0.6872783790033253
0.6242018047111048
0.3785844122851112
0.6710671899880318
0.18745713143513165
0.31099408677581414
0.6337901643945293
0.7167068984743503
0.7597229914083733
0.4599462002253568
0.8092253208141886
0.4467330578779856
0.6731276548179688
0.5741258738265009
0.7861505548339952
0.28108452393370187
0.3840944906835541
0.7031414682042593
0.4734032952944165
0.6525917373883174
0.4314689857372895
0.608841081758305
0.5773685493640435
0.8162976516202131
0.29518079620115173
0.5555313791896553
0.8428596009271402
0.8849590036241793
0.26101751400112566
0.5663009413352217
0.546739314143663
0.519554592459381
0.9343928862408523
0.4996953601288741
0.8950805849036909
0.6914225785260139
0.6621650299541835
0.4705955093616878
0.6694645438987242
0.470390958675019
0.6588639539420136
0.484904903596226
0.6920807843686982
0.6647810255622517
0.3345405660128831
0.823611729339203
0.38467082115466006
0.5100260815378069
0.6125262510911534
0.5612685031246721
0.8368596430762199
0.20237793840812002
0.37679444496554737
0.3070851878675821
0.37496223831687425
0.5800587376378269
0.817072181386095
0.6102257279730361
0.7076734794969974
0.2817858257823621
0.3884913849731411
0.508264204704949
0.7368300577536743
0.27181909055670866
0.30000520703805506
0.49076557793657255
0.4614488111486581
0.5358178527690417
0.6242179864562744
0.2469873096833623
0.3033073310148619
0.5091228346634332
0.6030592205112948
0.2366304198203617
0.27064192699479
0.1745434603795945
0.1710383996514587
0.7943471307999137
0.5795618506234181
0.7349934745884528
0.2362157955843041
0.2792624231648184
0.40184785853733135
0.8834814728457768
0.5340162275054461
0.5550195834337394
0.6916777391730203
0.5058784367585648
0.41534406379899247
0.7051624921475544
0.29815988574727753
0.36681786594064797
0.28755782535166896
0.21904534975751005
0.2604668023111087
0.15865078520131978
0.3327065321118448
0.5092889354248403
0.6573045927195725
0.48868459664972685
0.7823300194460755
0.802117170266233
0.7237850036849024
0.708121887307876
0.6956508739431716
0.6331410358348816
0.9240726895360039
0.2691602209868879
0.12823348406924395
0.40634400004709725
0.48126777529227377
0.7547836510416279
0.5722166873940344
0.7256495748190203
0.6707655272445606
0.22221737680239265
0.5792484764514171
0.7584056842912658
0.5238076635229171
0.7671842271488196
0.6744902501948089
0.5119654365251591
0.4033788947263296
0.4001435927751365
0.596710486719075
0.7556451481960612
0.373443918230074
0.7552633956505175
0.6043639252042903
0.6865090100206046
0.8201848064543733
0.46802712064507185
0.6013938409530587
0.3215979870098798
0.48794001790648983
0.7481478368972703
0.30611175305041033
0.23694295221187875
0.10815816892188708
0.29677273954841044
0.38140074521474354
0.19547827514806104
0.5408796118874992
0.7333879880467654
0.5524231334885772
0.8119394466004846
0.12375804933226064
0.3903711933479356
0.6511728107277213
0.609869625940813
0.764554195238666
0.6776437099222964
0.746326814742109
0.37607232604699536
0.4209918334914401
0.6235624031865735
0.5347281896217826
0.7667563167385296
0.4679470495544219
0.824792172831033
0.3968929463283113
0.2970859525088741
0.3832246791780477
0.4666133780585204
0.6006878732067539
0.5997890424731933
0.8122065797439486
0.33382962670763955
0.4244954709752583
0.5795446316226383
0.44030066695192
0.852211219238271
0.33266407570186174
0.4155375801829047
0.679717451829019
0.6777679442833479
0.36036089644401187
0.5962031485036684
0.6100091208118354
0.5974183290312605
0.3947916728875439
0.8198268321564288
0.24973149301024866
0.5001745773064974
0.5148753956363484
0.699066919046828
0.3207613947989601
0.5579323166983744
0.7492662541967403
0.560461402645802
0.7222226443079096
0.43236580841819433
0.6919177182029081
0.6583058946586553
0.7286569740294999
0.4869982896275599
0.5862717896061951
0.5547720945104018
0.415530169985142
0.7975522627681385
0.35789998903273945
0.8806689669207355
0.6912018525639878
0.7174115379980691
0.4185167743682902
0.6818165011687601
0.5026506958520887
0.8628856924926204
0.4870003600239392
0.720706080870352
0.4217681401186873
0.7238305337202038
0.5426608583121701
0.4938734205905129
0.5771582105253182
0.5637249344395499
0.4380442841988962
0.6484650417588568
0.48235738155178987
0.5683939805959383
0.3976360982033522
0.5571377114830597
0.5711285826565835
0.7220025720870095
0.5619298175600931
0.8023731692127382
0.19968947088361516
0.4266404765842657
0.5385573486745265
0.73537888936567
0.11680868736998104
0.4334671462430388
0.5849364256438219
0.6736228475623941
0.46966403627722203
0.7146533401607233
0.4783145993997708
0.5489732663428433
0.7160287878833275
0.7982120081066036
0.4262169083229904
0.5251888403336955
0.6651122303037762
0.2940205684563427
0.3858458544173422
0.5272613128155662
0.598996351402647
0.7235560906610011
0.31860775392088825
0.4441135974917953
0.45039144140160886
0.7361919291357457
0.5749568237022712
0.7453844519514713
0.4581228352692537
0.45623149532545376
0.7126329094535832
0.5466683385294568
0.7895525291908885
0.47411291165518743
0.7784617160489381
0.550131180709838
0.6742687995087664
0.23935440281790743
0.11693674867343948
0.37380842125413
0.6807289857566259
0.3103075664527933
0.634208175401066
0.2872272381900625
0.4966621196385209
0.7698078416569302
0.26354561091139533
0.3465573959917531
0.5635599741400361
0.6285273175687861
0.3140963621914701
0.6431866101320939
0.4784406096584812
0.6587028705064514
0.5311652547320244
0.6683066134176507
0.29471436180087235
0.2732199475387394
0.4841621599269402
0.5665034806278296
0.5543914379587264
0.611708082844497
0.5308663888591811
0.6939949278690326
0.4063194718893164
0.34534938855002356
0.7561923116155344
0.46037647367585266
0.5786986308810191
0.38867005436042446
0.6311137369127264
0.43792188045424624
0.7025565783964386
0.3444564940466071
0.6903969885576775
0.3296598237121311
0.32305036178895513
0.5974326810017857
0.28172325167480267
0.7105339643970461
0.6317318799618106
0.4334291623953283
0.805405223438558
0.35410133038397096
0.37705322769703004
0.5591502765178694
0.7440636742132576
0.46209756772051025
0.8196221488850024
0.6593143643426025
0.7818758633522429
0.24125949879068978
0.6043597621757039
0.6494292244052599
0.3043182113571792
0.43665422802928405
0.7642752331830609
0.5576076704773762
0.7562562848810919
0.35018032704230045
0.47201754982410093
0.5192581641301357
0.7941202410292973
0.8218312005460394
0.38529498395479317
0.5433958249923181
0.7411995253832752
0.2933174790544691
0.3467695865873191
0.4447430459499681
0.6514811183888046
0.7660778181503796
0.31597097734586393
0.26621629336459013
0.3905242014121556
0.7251144965865407
0.25664585563718406
0.22692874765140206
0.5754190217880025
0.6156689195909351
0.5684046661702075
0.4608604242899749
0.6665852183776372
0.34531784485188555
0.3490858196227468
0.5780604104089779
0.5887129567302443
0.5683477554139673
0.669531508778687
0.41433533478490187
0.831229806376155
0.2565863722103201
0.351708982382115
0.664292007308779
0.5262082781236506
0.8089256827610679
0.23590375318851356
0.13696350174150304
0.2989475755240944
0.5203197737753016
0.7400075414623964
0.21354152849128694
0.34805359966474464
0.4022644998383144
0.49944382031833023
0.5793916781130305
0.45993444662861405
0.7259012030352933
0.3724428170803847
0.6367690204652231
0.6622124841690734
0.5272259387792968
0.7018452490984782
0.3958517413494259
0.3306649367366003
0.5829150998561429
0.36272092647783555
0.6327142293044151
0.47078594352891584
0.6050649929105381
0.7236346308932154
0.5032879780345093
0.6568070591248555
0.4204614207628618
0.6927996074479157
0.27320635410403876
0.18416039071747042
0.28586131454938635
0.4622240424176591
0.7797792863927894
0.2700721202190264
0.3824618721656835
0.41817791669623494
0.6679003648397148
0.6773737244450023
0.3453319334706212
0.5119172706714831
0.5275273409023451
0.4765753000059859
0.8026908692795257
0.5658044722501522
0.8508913197601076
0.312436141583558
0.5823639031394493
0.7884063764159972
0.4893833757330277
0.6480582611230005
0.5473439835742325
0.7565736155368658
0.45851471935685034
0.7999927650704821
0.15870535990426637
0.12697764983335336
0.24021771803641837
0.24705447016622575
0.4463354806434832
0.6381700743580762
0.6779138566567573
0.46071186663871727
0.7109359733764283
0.4356261948716312
0.7441578663145112
0.27980675938407484
0.20431546948605447
0.1877323178785995
0.2804091463635868
0.5399757102859707
0.6475290007527992
0.479683745279159
0.6653007963778562
0.2789172471138372
0.3716116608119963
0.4012530448570757
0.39602712115799693
0.39498270277723696
0.423714458648915
0.5780250112636739
0.8507438432609703
0.5962184126722357
0.9045043637325
0.37129976231804745
0.5436013789704519
0.7657850443727566
0.4308916987923399
0.7180980155814461
0.3922352523629089
0.4468805283394256
0.33532277820352835
0.6056965621492284
0.6662321073505328
0.5717844859743464
0.7209179965645357
0.4476947225145065
0.31781803754859395
0.31620715721157133
0.547289098859918
0.4233648049085223
0.4893642337420926
0.4304713294698867
0.6889146381219011
0.2105030099521553
0.3232899684798323
0.5343566077196125
0.5559465507545687
0.7817116806411529
0.37100494089495717
0.24664782501556298
0.4115593842923253
0.5643320761907599
0.8539105808340399
0.40133825389118577
0.29592197212182975
0.6609781596017325
0.8217729386991102
0.4318736421061823
0.30218122005346704
0.2831936924122753
0.21306595950648813
0.2655848191676785
0.31326016716459226
0.2314896271118569
0.37558567727007
0.7265767746552175
0.2588612720152883
0.5885823375665782
0.7960840224108688
0.4994340020099099
0.6216030159615356
0.6875559450313269
0.23224611843035822
0.3893311477412465
0.7985576000300884
0.5834870434367149
0.6141338857872446
0.2703467428693618
0.34823123441965165
0.2192400971145971
0.4410233428540644
0.6913876937809286
0.5840356662035684
0.6585268327736646
0.5628084495575069
0.6117113170076683
0.24058535704229211
0.2596523439160915
0.31704260923214544
0.22050202255518705
0.31435123525052056
0.5131715494064933
0.7221904341410886
0.3286451644435221
0.3679230729329193
0.3641162316415062
0.5527031107252702
0.3948832288074976
0.7961596985813835
0.34464947743686764
0.7131207996169715
0.6782580214995683
0.7794490117467731
0.4772065496620179
0.5870683996809503
0.5193737174248702
0.5155670280480128
0.7489661455448612
0.3849870868741763
0.5522587182167638
0.8061160624700868
0.26997692042420884
0.3756724315292821
0.6129116346633244
0.6591824958138135
0.34850073705023676
0.6498393758799591
0.9450084825224452
0.6252318102689753
0.6505344764368142
0.19397337858664068
0.23607889921964828
0.36662028372431493
0.36348954176335874
0.6033977453141361
0.8865185486645637
0.8122457284116699
0.8095221588606888
0.3925860905999911
0.6756035045014814
0.5502387161110766
0.6945134253259913
0.40835967398607015
0.4920661237767281
0.5670867404321693
0.6034497328667161
0.4389806675259797
0.6135532556907625
0.4239775207394363
0.5920015462188396
0.751580870485198
0.4615378167304754
0.8093606107561488
0.5496467606788374
0.5937234800488401
0.35356894338517897
0.647182325020317
0.49970398762671825
0.6524523280955052
0.3096254547017846
0.6193020221933542
0.7218747412497849
0.5140177910489147
0.6068040924237397
0.5744013005805693
0.7223670041067913
0.4003895316496215
0.5009422992040383
0.7352489036404266
0.1968279832925881
0.5864252217259788
0.7419930248298475
0.2884058339625543
0.6541524409518643
0.7157665571248757
0.18661442032078918
0.4601189704868292
0.6745666286513924
0.7025487958618591
0.4897149752327064
0.7982822324822727
0.6313644432136278
0.8062564530154348
0.2861519522879097
0.5931358998332192
0.7093211444103451
0.2935529455744117
0.3515050510210637
0.6176798037281106
0.47637613492087993
0.7285696128682954
0.4471300764096251
0.578410360131485
0.6262028182909178
0.6789618960943717
0.7525332407847851
0.6706534520293173
0.6793922838474267
0.483134531697229
0.6631398212527535
0.29247098542623323
0.3793800072167175
0.45697098742786374
0.5655237159970662
0.5372667669306757
0.8173678263706032
0.2501808761431048
0.33879143310844945
0.2201269570594426
0.2899408243537249
0.34922432748270765
0.30845980180951604
0.4155996551979112
0.6062938723330947
0.6522745656434576
0.34499121510220093
0.22330697596402208
0.47758594542959576
0.6258699883039534
0.45256160324795575
0.4754243810697329
0.6552968996472883
0.5417249076258198
0.6245920477496981
0.2245312842012738
0.3563652682361157
0.2808732306393201
0.3572786990142186
0.6211048646648989
0.765987962507596
0.4367221231193748
0.37083974471991754
0.19805501837755757
0.41487362833025637
0.5362000368884509
0.8123490754456805
0.8104399208882576
0.7496869925884149
0.30955420336683
0.6207598707834255
0.7824839343386054
0.4190697342476711
0.6388703021320083
0.7866917084913511
0.3353557547778857
0.33090205603447387
0.5234732101863392
0.7583064551201166
0.4539609186782033
0.465410966744371
0.8717370598504343
0.38417055289919194
0.3750252936489389
0.42326645711420785
0.7288144770605708
0.1521967632256023
0.21344561912204857
0.284129908176096
0.3730391366054693
0.5529989100574393
0.6342359459164165
0.6924594348797822
0.49507507373065485
0.5386688578526588
0.7764336699256618
0.2535478558269845
0.23976770806298586
0.4075697832527289
0.6788179228193709
0.15397931104749513
0.2476475050232863
0.2766640625859086
0.6176752290485267
0.9821611547651977
0.4764764581024033
0.34226104761714526
0.6459977687716774
0.29659318775951843
0.46313534152403496
0.5889782833048958
0.40301352777920035
0.6489303700540855
0.42294471823376645
0.6542923117025516
0.2829656653172109
0.6479021195672345
0.8192747934669331
0.630316837404533
0.8716702526637413
0.48587693257393316
0.7316399220564599
0.8544730994621047
0.4485188554959741
0.6847520497906012
0.37293931934679786
0.6903699869566353
0.3517206732960954
0.6420697794512857
0.3285378822871859
0.5366825617970645
0.8281815168129187
0.4415522338454915
0.3672953450688365
0.46356979891317024
0.8613789592891318
0.5244312524982124
0.7701617425923926
0.6653558104433226
0.7194208366760949
0.6331234215280205
0.2500269800707363
0.32477526237582843
0.2838308343421518
0.17136407747469762
0.19275876012834406
0.32756177376520673
0.2776392106257999
0.3808343344146663
0.6015421837310091
0.47318627632218724
0.6336895256543729
0.17508578737139882
0.28999260456774606
0.5594527413386211
0.6692184999223877
0.41791837661035874
0.6560762306599311
0.4613258320644316
0.8842847917643274
0.563170569408753
0.6934351303663245
0.29970593565789466
0.31468823868606244
0.07446996847089041
0.39936444012244854
0.8973686563459863
0.3883655326622686
0.2185033153323545
0.5519356015239619
0.6599448741646631
0.45871437581616037
0.4831196135280957
0.7605213777995604
0.6907293410458092
0.622145027400272
0.7374923487575465
0.5061402965666806
0.665310192890541
0.1666717723829586
0.27842578924566863
0.573351487120502
0.7481003322446999
0.4458015775488356
0.4526954678219037
0.29522171556649723
0.5728137353150689
0.7737065494995508
0.5794649757506044
0.8465759012496153
0.42180597102580447
0.7045032318049946
0.3769677079333906
0.7926186621033179
0.32948183050271884
0.326514860225793
0.25975268600050705
0.24487771581392367
0.4387077082974274
0.7219562996606411
0.2956506409299456
0.18195602989128415
0.41427492422676293
0.7171414292880237
0.5859207634097273
0.6487531373217132
0.7888036235800733
0.44923911955580464
0.5028664920791919
0.6601288153301761
0.3569864008143951
0.825765863102439
0.36440620543719937
0.7660558733826447
0.17734868054934452
0.35356686106496155
0.7611260378604247
0.5924495549673074
0.5934196492902001
0.3738815574145975
0.7893259087232558
0.28194295877559605
0.3630595242043704
0.39903483207328755
0.6614434059211486
0.41480165645777073
0.41717272567897334
0.5520575522405652
0.555617833974197
0.6719801387803652
0.7779636426602794
0.6475851773286595
0.8005762464226444
0.3133836298636593
0.6113818764517738
0.458074341486394
0.6823619305998702
0.2258752056559958
0.4239584443131546
0.44341996852945825
0.7621133272401176
0.4809285182679533
0.7385473410292749
0.31280352174339787
0.43158200068885577
0.5817796542420768
0.3893129044004052
0.44876216071821967
0.651520573504089
0.3749511415853732
0.3174499211291667
0.4317998936431078
0.4139074959975274
0.7952510819268512
0.3649201472224461
0.39071130738690457
0.5111336760048328
0.8293894173969494
0.22338457868457784
0.31930616704802317
0.5333957272144444
0.8209856943396792
0.3476655034314048
0.5433976864602253
0.646350138499535
0.7865301193719596
0.753804885220626
0.5461897592459592
0.7067974042111763
0.4663182890990247
0.5269898850217457
0.728986168106166
0.3572651925571444
0.2765244525448528
0.5913557759881136
0.7077670526437257
0.31933433483897156
0.7982989825437736
0.4683050408981783
0.7110488058043534
0.42281741086045316
0.7882268307298146
0.2558646514701907
0.25310602761851664
0.207696278408831
0.262107247025646
0.3489623814107658
0.22326735880994295
0.24762561503957822
0.4919135427398082
0.7552714449713758
0.3911976273057134
0.6213513581521792
0.3820648971848128
0.6545825275874213
0.49915763090679915
0.479856638487349
0.5384631640530054
0.5626881557364684
0.7743898355521431
0.4621256883557261
0.7089000373971578
0.4997152705827675
0.6218092166102092
0.32350615921936354
0.45304470280625203
0.4083461450416762
0.765112198230948
0.3170474344166013
0.2787079983609752
0.5822715415275869
0.7403275255324361
0.33759530605021554
0.3051473734807564
0.3669565347183724
0.658811381454247
0.6429585195462743
0.7495472474924123
0.6142688822547625
0.8647756666165648
0.39600352709917847
0.42734810098730447
0.3683700674878837
0.3150106641303819
0.3949125514167008
0.7329359884653568
0.19521509001187676
0.40911292736641613
0.5352464984451393
0.7892417948337482
0.44097144271230077
0.7089005544333277
0.505776692093761
0.6576743532618745
0.2902867302082528
0.21670828592214056
0.25259087316700896
0.2740652053216077
0.4441206435832408
0.4023812780770943
0.4181507157559611
0.8143122390090435
0.4100795274058142
0.3340066589489167
0.41588146555067246
0.7736801299970295
0.4709011771520437
0.5869912473438553
0.6338679567111103
0.4023389373634515
0.7370491779805595
0.5870254389465526
0.6040602910353269
0.6646464153174657
0.39932026055761255
0.6416701249092883
0.7369770949128192
0.3784617612307759
0.7229757468724237
0.34034735823638873
0.3812089888592352
0.46804248804058113
0.8582195906553894
0.2861244645310025
0.4179879920756589
0.7685005994634392
0.6662130062801698
0.8553332968628419
0.3469324372893009
0.3932442846373767
0.7436932004492216
0.674821687177713
0.6189644242035269
0.4207142333199336
0.6665531068875673
0.5538973709303489
0.8335489067344378
0.5131178817981653
0.6646355122022827
0.337226080148318
0.350834867396981
0.4746270134196228
0.35257484762469044
0.7378229839216572
0.19456165582195936
0.49991182103751025
0.8162069987529607
0.1673032808263203
0.2756999982713038
0.3986246977411661
0.5761378634059859
0.6129944535831199
0.778114076577797
0.7260680715902397
0.7021385490704023
0.4108286363103884
0.6909468584236611
0.7451552212602212
0.8677529536527288
0.4357896475985062
0.8535631590564616
0.4480688737102253
0.6641722745541357
0.38443191471104743
0.5563974128965494
0.701277670555246
0.7726223985712589
0.6243338422103681
0.6704486722318531
0.18049228999981326
0.36554393280044395
0.7548150329403517
0.1860028004891218
0.5451834061102004
0.7261437727515234
0.5712651809794185
0.8245785737617871
0.3685407036641217
0.26375788497202085
0.3882524443785915
0.44284665478374713
0.6686300557073767
0.3128180342215693
0.303803726254378
0.4498781133161788
0.7774096697558704
0.21222713870157503
0.3702845102769004
0.6415217395625824
0.2668542905607127
0.805340001788049
0.6721816205647114
0.7064246638625596
0.467682774521759
0.5879774156411827
0.7561734960805219
0.580026532052245
0.630247473032639
0.1801443206451644
0.17658955020410527
0.47553192175839115
0.773629331523183
0.2836139488241197
0.6013596033091239
0.5268728650098068
0.756570086706132
0.46673292766446023
0.6133065292660094
0.5360774229714292
0.7288260239449554
0.3344608881758543
0.2737375437844241
0.27246816566135273
0.34574425751751475
0.5937214714090475
0.6906532074441125
0.3500818586754585
0.11240431990119513
0.20988164379007893
0.32570079446704203
0.24011661976890267
0.3513583680016714
0.48398882150575717
0.8096232716257713
0.27044501148846384
0.20110837816282665
0.29201269717616096
0.27911105371869144
0.2543397063161536
0.4811429708578499
0.5965335871456049
0.40170230466373974
0.5102251314910257
0.2770323977444795
0.31031197241032243
0.39343318075483896
0.8270119176926463
0.8481368065215353
0.5602610608201507
0.6314875569977291
0.4147494928243035
0.5331593265697638
0.714664082534934
0.2479249575295971
0.2985927598800149
0.486724547706213
0.7187348166977847
0.45199520502036605
0.5458745360333155
0.6994705536933333
0.2105800029434978
0.6246527952650525
0.627513187293467
0.7860027221884895
0.5583445246899993
0.6420810410686714
0.25263732239755404
0.24881521782020785
0.4165807853972455
0.737892781778078
0.2695068611983452
0.387589339065886
0.506152999992116
0.5524607433904386
0.6887039249512679
0.6286627815102631
0.8468240448548732
0.30989034377383184
0.39522198534560066
0.24381684364638617
0.3279041822746673
0.719972381128208
0.7498800138415287
0.38009431021508033
0.43531742497631176
0.6532218205640913
0.6130066157764057
0.6579317207564653
0.8140048143329934
0.45021714295406184
0.9225564235489955
0.3910814152092492
0.36846379666312656
0.2925344246086609
0.5807143371945304
0.8155741767256112
0.6780454443744726
0.6189399000872269
0.44135961748409885
0.6881244641966329
0.30276223492485804
0.30735110589887127
0.4460460324575828
0.7705926819304793
0.4563656226173036
0.6995499307945017
0.4237710960958606
0.6133638662657761
0.5711164891351515
0.6834954980018655
0.45034578093377314
0.6268942620310254
0.6368911784164932
0.49805238306456007
0.7598900706848751
0.23794300716722003
0.2365935785194305
0.2928101947566935
0.5744524739161451
0.8379548893394464
0.3489680708193615
0.6272212074871355
0.7443814555774348
0.19232385120195838
0.22268762290209107
0.33646970535541576
0.5137642946809243
0.7296746852417022
0.22199947041291954
0.42271988081195955
0.6410834412575143
0.45300674504292765
0.781930790992212
0.7882149993897706
0.3014345704446353
0.327961934086947
0.6609949413265075
0.7670110616028286
0.2592042900024762
0.27387205072551785
0.3896163564810098
0.34204456076353756
0.6605880744077482
0.3416752397090049
0.37538013718952357
0.7434924123284323
0.43934757043637446
0.6704495833382842
0.3901462111152192
0.8056421627309882
0.25560135354006197
0.6492823595396531
0.6431790350330037
0.4727144169229605
0.7064837211450921
0.5494773503419478
0.6564230625795012
0.2951846294329301
0.6145456743640226
0.6318522451787554
0.4043441356341485
0.1973577705862686
0.3351914438100165
0.5671726253947852
0.5121344388924741
0.570980837331244
0.3072319880002337
0.49220441021096395
0.799549259772047
0.16583424676203298
0.2380189284903228
0.4212647009530375
0.6621278539787525
0.6685412529360742
0.4156961189425247
0.31875571786567425
0.6703213956557541
0.47106553685236824
0.7839330439206154
0.3795405387623071
0.4834926933301146
0.6557237906320282
0.22268639318894015
0.363087652893653
0.45340721913932214
0.7636658306807227
0.7733339249922745
0.668118243950656
0.20377773130569396
0.23727252156611436
0.28734031125976806
0.30890637956993633
0.3388202319804289
0.8503340685507828
0.18525223240697328
0.09252386223540157
0.16841606136135495
0.2672392955229322
0.6184063150524802
0.60223700433678
0.45836161223635413
0.8466109916339378
0.3591954007698855
0.428848864930005
0.482758273854042
0.8055755898378453
0.384653378773769
0.5470736865803227
0.4897304543649567
0.6115981896358168
0.34535440680617
0.4295734742657332
0.7905074307731971
0.29641388552038556
0.5867968300095037
0.48183643611374954
0.6143707970865636
0.2786505227683379
0.36266890843695593
0.5656081283348113
0.4704549780493023
0.5364767984248745
0.2571325584566919
0.4809429546587709
0.7365962838958188
0.48176316967140215
0.49491739102603916
0.7806902805574988
0.5460565478421862
0.8098604321877824
0.3401007747400051
0.6084221931436516
0.7880791888925168
0.3535480207354883
0.5450546563532679
0.4588457533975199
0.669342597043339
0.352847292791292
0.17884993056596352
0.6425287879952142
0.5310678675282883
0.7281913113463474
0.1547061768947085
0.4269381362984401
0.5848975247899255
0.3096869904168372
0.6855155473387963
0.5508229439705142
0.6673948366424394
0.15858137024452154
0.23176404278719379
0.2701588043682064
0.3995669248351449
0.6961087653966556
0.6219839825031669
0.49887914724390947
0.5644087050603566
0.600960975896989
0.7049047314597984
0.7969577888098641
0.6722927126735095
0.6498970448007194
0.775073220579599
0.4416487517262944
0.6367755063861765
0.8141356411244745
0.25637640430121333
0.2627622509534717
0.798902471917079
0.5044379471763456
0.863419888319869
0.43542199225881945
0.18217024780135682
0.32993290067594977
0.7143125407502018
0.3636046814661158
0.463021370989166
0.7609308902328356
0.31287513277472645
0.3340135498794088
0.6028164055617122
0.8171305141821102
0.31142427943562334
0.33688508650191984
0.3026316313800561
0.18055649929180292
0.3555072619563134
0.7117516124771671
0.5293133762678547
0.7718089076719659
0.42536736692777594
0.7533400441264387
0.6025748856947392
0.8523873237040311
0.31535172846304654
0.4406239530055127
0.8016464603016462
0.3571516062984531
0.42598580401863734
0.47959012298458814
0.675524729481037
0.3202157790767504
0.7218351585432878
0.4041575282804203
0.7474125941099639
0.3253810751287324
0.39694294516056705
0.7586012971327907
0.3798273432257758
0.6366664869981574
0.42815525903474466
0.8499253135155443
0.4392511441983241
0.6212025278631061
0.5259910941615366
0.8308765223422162
0.3099360624705679
0.5100849987780494
0.6989297665508851
0.4578158203086902
0.5969027262329253
0.5212006995566771
0.5150571350637521
0.7725443243539126
0.19525271044130804
0.20445305462495186
0.3090587381708956
0.3053503264895676
0.3451703136871698
0.3826556772241129
0.42700743147098547
0.31935508843868265
0.4312816159268939
0.7565169479701582
0.1827650771331399
0.3378019564827168
0.5049585585082486
0.717489414573238
0.19869752725400247
0.25026113599808286
0.26556402438792964
0.2904128576547144
0.7569504820932557
0.2777401247610555
0.23591154516656648
0.5360190450799034
0.6255302652074238
0.31088175926027695
0.3547647043182872
0.405149130215847
0.4942936765890874
0.7778975526911158
0.3539924777118407
0.5653013992376211
0.8380806896723147
0.46294217178613056
0.6354725991516769
0.8225358583809743
0.5058890749705206
0.6222881945897745
0.7250414724117943
0.3151465650642618
0.21036735646454172
0.4015306765491917
0.43403948942855636
0.6889469298696321
0.3380865156942916
0.46241763602330377
0.7892412361461113
0.40129529598370806
0.4137219662547933
0.761887908852101
0.6422015220495563
0.9522911204426614
0.532546003206074
0.7332990713280574
0.5892726924319933
0.7677986217304035
0.024996676173059847
0.1673658525065054
0.26167389833872384
0.4953045809499892
0.37012373951963534
0.6294327225338154
0.49467281017148373
0.6471466584750194
0.47772249947218554
0.7603269243213655
0.6067767994579342
0.5605934488757173
0.29335467995395237
0.2129011844832318
0.4133986732084007
0.3481706573176159
0.595258332572594
0.7747725073950722
0.4029090969504751
0.3294008232008096
0.4883646113995201
0.6344224196862857
0.569038127822996
0.5432606601709028
0.733648725866093
0.2976658649425572
0.45290852330128306
0.666146831874886
0.5111313535909677
0.8121909268015647
0.1599727832918049
0.5560594634567466
0.8140226421325464
0.7414818573076082
0.7481560304511906
0.3726938012877764
0.29457638402705416
0.6329580688679188
0.5351152841418291
0.7719951848474528
0.36831376041073083
0.5202868561699171
0.9725342905788571
0.5402207275357482
0.7194686016176147
0.7925145687871568
0.6599445109733022
0.7057114855111283
0.40821491612343586
0.5851372553632034
0.21544667680621407
0.5230730389401642
0.7595682865835168
0.41777617936213673
0.6227140284203748
0.7439688707575458
0.26953874321863797
0.3870216182873139
0.4797752117351648
0.28569773579403046
0.4967989751288629
0.6888468127312646
0.34473592025488037
0.30575932490588287
0.5392501594498843
0.5374282690125569
0.5815814202673714
0.3182838114372646
0.7424638521159268
0.11101960482076961
0.41188831065194376
0.5072362250425734
0.8532758040731427
0.39237161917074637
0.39490027760468893
0.5844451515812776
0.9379174432930788
0.3496735448761571
0.4470310057895294
0.5224891196231951
0.6789318322246503
0.6233057363810799
0.7804329710351536
0.5263358614020306
0.5680267304952263
0.693317226371093
0.4200949180893675
0.7856376163510529
0.22584259111903715
0.3982464228056261
0.684549563056023
0.4132565101728681
0.6634203992389541
0.32984828295337454
0.373495547686832
0.2598807312290938
0.4548214660344046
0.6144792974957148
0.7534262527743499
0.3420280801526814
0.3125699675642891
0.665103461463631
0.416534674010217
0.7496632694885224
0.3407477726813504
0.5131196385294153
0.6521099416142234
0.2717242019079735
0.5907297781818869
0.2974789125518249
0.7218832358480163
0.09415940129405603
0.19997025721400657
0.3366250007342167
0.44689953613526334
0.44657437678158396
0.18250428752389863
0.4158347626952325
0.730903745968673
0.5709972976443761
0.6832880979007407
0.5751510777964122
0.8764796760127533
0.4646260018623304
0.575779979016947
0.9055243328720777
0.4461721722429141
0.7021555380167448
0.4291547000476834
0.6783801701889054
0.6733286697565701
0.7443403084135176
0.16161506833945796
0.48419265794371447
0.6155992507831501
0.5543631626160518
0.5305675505482143
0.7177433166791614
0.5803008562665776
0.6084011772587049
0.4010137100454727
0.8391777449150739
0.3072138698783101
0.3342176488090735
0.6101957523949649
0.833804458007891
0.40567541671806573
0.2770079134046151
0.5394426324306901
0.7484450518138405
0.2773568002983975
0.4318150099931252
0.47709582708167064
0.7788641415613764
0.4717553536762131
0.9294194310753112
0.321266486317729
0.34206231479022203
0.7737931356572064
0.540949001077134
0.48634685530133853
0.6649583322524808
0.39654184645362023
0.5645929673551874
0.9452762809289789
0.47237700012827605
0.42113646792404225
0.390082275437935
0.3372961311437994
0.6344530286747637
0.6573956656235583
0.4038333115224559
0.790971533637813
0.5809682255580649
0.8520096333703773
0.36979823239635384
0.2904792660453359
0.7528749380016463
0.5192637308030754
0.30091779745027397
0.510166158681316
0.8331164018445221
0.4982332766665261
0.49034141508807755
0.7794447485761576
0.6663694322427566
0.8783216935493604
0.4292725412690674
0.5720401885994105
0.619532434867896
0.5288209425244877
0.5621306998282845
0.23163975021753044
0.42220852206360987
0.4667761832004118
0.5685735307669328
0.1192474795484179
0.35275928446894206
0.26448129888635824
0.4126108333887382
0.8201416207573778
0.6141630802951521
0.7583784211958186
0.3330759149044709
0.5305153593736339
0.7086704596731572
0.33752740649366153
0.5073647736510656
0.6184440036419092
0.41858380939789785
0.7676150081074664
0.10291304640597924
0.36852313651849117
0.49711097276920624
0.705416089480843
0.5828651544857727
0.8184369473544003
0.4008201935054444
0.5272863343606035
0.8335036773804874
0.16237112398290954
0.3869027024350302
0.8109682301696964
0.7802045718215802
0.5230119165027747
0.6649932239919075
0.4626068066318109
0.40083251725311675
0.5530732448706599
0.6051130235288688
0.45024565858730026
0.6467359799425996
0.23437762896119388
0.16316677305767585
0.19241568708286297
0.2979749976587668
0.5016730979605314
0.5439217098361067
0.7542125736897463
0.28837836495021096
0.41154547435720135
0.726133374768913
0.4717774706739698
0.6510853080553308
0.29903267847683845
0.563121895570467
0.5043561125209411
0.5624561372534413
0.34586347232002984
0.5340280713120149
0.7455144610177028
0.3170018803137735
0.3074540165144404
0.30492609844777
0.2342384697076476
0.5926240953921295
0.8004650876626515
0.13141689064439432
0.1342779774606893
0.3415991023034659
0.4521222958899053
0.7021124173455056
0.6759245128519231
0.8728274555758859
0.3793617355161671
0.548656434046666
0.9155581449191573
0.3177569739502376
0.291955169923372
0.5453298182089217
0.5253107907977805
0.14496479992224748
0.247945954852766
0.39844509329589417
0.6495334901926447
0.7675812676236353
0.5998350415725084
0.9208288564114856
0.25157352300982283
0.33606843855453417
0.2817618780403118
0.2977339766321151
0.5951479315432557
0.7253873693697139
0.20424861225457108
0.36835463984060246
0.3688215353317937
0.795832531458949
0.6100866770885893
0.9602553275592864
0.27338340341373724
0.3581897929828299
0.24412223916967202
0.6448593332597979
0.519309796502258
0.7354194949142177
0.3264119103466903
0.5113502585973216
0.803964610364246
0.5293170118795428
0.5383163608104762
0.6441067595380998
0.2914589478198486
0.3548843507863408
0.5489739144507325
0.712726246863422
0.27171383157963674
0.21588845391822162
0.49688346322786126
0.5908114139285868
0.8051022356522537
0.6580185608296659
0.7366421507415964
0.40466641577831924
0.8142204439125356
0.4735222614504991
0.7958018667199022
0.4411506527361329
0.3731727486096267
0.6156785859160673
0.2565950969224514
0.6025314749225095
0.8109148521854711
0.1822645370742057
0.35633953229226367
0.6626125791193322
0.7853739010384684
0.10348544918291637
0.335805782999213
0.40694537652838925
0.24135162940120264
0.6189445803601604
0.6847745126260711
0.7362494724367383
0.3321802326073076
0.27102384828092313
0.4901511233103011
0.5568822605121225
0.6982888905399975
0.6424140740518666
0.7274898274223028
0.5059544501236576
0.5228170284150012
0.7156125644856941
0.6488218355809312
0.831665893228705
0.47037587308303597
0.6065966412505631
0.6034200503270252
0.7062872198683678
0.34501007026383856
0.3365532289374473
0.3910497563863744
0.7784501571052965
0.22157013178731147
0.5156398649621724
0.4554298672509842
0.631724050724329
0.234293185563459
0.48266761418319837
0.8629692229378135
0.34361674574187556
0.2723302054952858
0.3284134910557855
0.5073182633308939
0.6768657256765906
0.6193161727039718
0.5539610393830174
0.6906047609319318
0.35609628020261486
0.30433713262303314
0.5965939709118838
0.8757039512713602
0.4814627894958565
0.598063494321253
0.8030501371608403
0.39777963418455936
0.34065123337806696
0.6836824578189167
0.6881415097957254
0.3959145242756999
0.8200929932271955
0.337342871274263
0.41832024761505426
0.28069057564973726
0.3261946403428561
0.5122195801260208
0.7091966417071135
0.10618448326721609
0.38217607386769736
0.3576648933742455
0.44368849391757326
0.7134638866264267
0.5902161079841328
0.7538312346178202
0.46719320471666037
0.5579857747144629
0.28590621658455034
0.6380674543224054
0.7664351173712941
0.4383834255084057
0.3107711266196999
0.39001842650289625
0.6307153639779051
0.720391821927287
0.3771589775562517
0.6552944774737111
0.5196270820681179
0.8234798112275599
0.27859084126468914
0.35382116621601695
0.8022507364700947
0.33626635357040585
0.8059716055078443
0.5461238902346551
0.7718684741078388
0.17260774500959836
0.4398277383643633
0.4199805586260108
0.710477698027977
0.12443243520342236
0.4034344606242474
0.5883136681567247
0.7075547374766077
0.32742145362810987
0.49424651732811037
0.5645033054693135
0.530416389673407
0.37489839312245116
0.5194678760949255
0.5806877637958245
0.5057688170304672
0.5188102657246749
0.7087004615782041
0.4638727168276413
0.7683765296090485
0.6200691311267926
0.7092191969444855
0.3737606099142279
0.6146025896502534
1.0
0.48191455529630206
0.4879989243606724
0.8583188641946238
0.22325097474178618
0.24931162702800183
0.41549124894281614
0.6414837877818403
0.8398528873566907
0.4088655989942387
0.5316547496455318
0.8794078910401384
0.3554753618157303
0.38715285552870393
0.6945245926203295
0.6992530557263354
0.5070398602809328
0.7201449595177798
0.32698529223758593
0.45327427505612666
0.6002438325426138
0.44603743244069743
0.5988863497465485
0.18495565071770345
0.48327130197498896
0.6830459277410693
0.5436722407692309
0.8510510929990168
0.7208028250581412
0.5265422774829807
0.6939445909838038
0.414019126288497
0.6709177628509644
0.8114428660665388
0.4239873028279007
0.7995292203593934
0.38507804527646483
0.5977139457430546
0.6066565276888132
0.7428712800783854
0.21540512662448388
0.30978267950468014
0.35857952303947205
0.6367264956024515
0.22895428143856572
0.42294942509767025
0.7098136511329227
0.7797678380930966
0.6239667452899916
0.719850663854887
0.23882130322594822
0.4337968019560724
0.28342450984361095
0.5362917981383786
0.6799940149706362
0.6481737962168151
0.44531763813276154
0.7977128902605218
0.338205081341615
0.396694080212009
0.7183891511079618
0.5367422795999574
0.797558316477451
0.5288623604045034
0.6219636363726548
0.36633652771825953
0.6075580363931582
0.5589733488023898
0.7907039767312466
0.32057229573912216
0.3882541215205687
0.6028507801321039
0.7331508431245034
0.29441749237753634
0.26183926138482294
0.4867241317285403
0.479888082650913
0.7253159103303319
0.5339641649994363
0.47849775942281697
0.7273338223448154
0.32892049558596337
0.7120367857522524
0.22158610930422615
0.21831160983786224
0.5824380331830186
0.4138176577476093
0.45651708276824565
0.5961411101322528
0.27570050734711044
0.6500825758703458
0.7350226405939201
0.22369976958705082
0.21080280291671918
0.21416089806312308
0.6303463429683341
0.8812584444008592
0.605681053471093
0.8313343904320387
0.27316453596470314
0.3534510177313529
0.3016643256085079
0.41586738602984363
0.48072398813810363
0.6983173813259725
0.8862654420461652
0.6630672898793001
0.8431120551349709
0.3325562671199233
0.43122494180690796
0.6525763572709841
0.5637604612080035
0.7495087010349399
0.3265310146985112
0.44649361944147664
0.8262798253147635
0.2699218347099602
0.26301707477230346
0.2835197320901587
0.5196219012836896
0.6243117794904751
0.17321712805640602
0.2512573968086308
0.7346972717551193
0.8608380241232222
0.3063897848663253
0.5667004444180174
0.9546541910946258
0.25582106853409947
0.22106197710656864
0.36129701474650466
0.26039124229241123
0.2641472097782039
0.43779287225696467
0.6583122524686147
0.8053636744424287
0.38282267539304343
0.44549769162165626
0.8620067142830905
0.454549569807941
0.8102183679638159
0.8085948108675395
0.8151737332327504
0.48007352180950763
0.8563923970555583
0.3426664427604781
0.4936035234799975
0.8701199523630395
0.7663092386808883
0.8809247491077623
0.30235991297423176
0.3447982424780494
0.647068158727702
0.6350452680165518
0.9092871510801176
0.5053058243776657
0.5720691093107272
0.38060851538216145
0.7663573651897964
0.3362061774344768
0.260987199495349
0.21281327611557374
0.524985292328661
0.9232127366068652
0.5652935633330877
0.7133250138908709
0.8941300004815576
0.36766311828019094
0.647002968273022
0.6935837821293789
0.34356690509144666
0.283103361762096
0.3921454572545427
0.8544534402476944
0.27899105838019783
0.2682436710430437
0.33048247752791204
0.346001703983625
0.7230788859563541
0.6078268651276908
0.4966900086310141
0.7032247821602496
0.3317869351359486
0.4711206416268269
0.6848830734684154
0.1368195313551547
0.24047415611977266
0.3926501759781655
0.4644159130963395
0.8261702193463568
0.3958704253231298
0.46644307009875563
0.6649877150507357
0.20351059846745553
0.37297097932866574
0.7573249437617541
0.3826200146062457
0.4344819105017649
0.42889977548428715
0.558553498910041
0.8034489449521955
0.5838414576849329
0.8761537408618876
0.6158190271457714
0.8600013759016947
0.5075596794924508
0.8152428782108408
0.5474615861733083
0.6688794594422028
0.7570301560322447
0.757595097272207
0.4166957139967619
0.49573528340272743
0.2212652250973463
0.4044122656686914
0.7161458860463035
0.20643439953794246
0.21861347910758516
0.7479284840396537
0.20754175834055102
0.3628026238109966
0.32097574061176476
0.2070152619274018
0.519416080649472
0.5391568422907546
0.7592719805110397
0.16868902009292888
0.210744295527542
0.21874647654662605
0.3029233760620189
0.3602826533800684
0.49101111697682565
0.7385893557057124
0.41157526642037295
0.3681515434207785
0.4460851828362825
0.7585820082036643
0.4678494919362149
0.7221018162721743
0.297990011051006
0.33676595522339986
0.2594984522030311
0.41377313390320236
0.4348547742642464
0.6826619400695081
0.4809543885909047
0.19958880784663197
0.20178852757907517
0.3809410754899881
0.4751934719733652
0.05379025385169346
0.36842010930776353
0.6001348630691358
0.6257990103306922
0.44345121930390824
0.7709181826577357
0.26355215935373544
0.28904768359170824
0.44893374050580864
0.8259874826229053
0.6107019702008359
0.5896401316006173
0.12776203995148416
0.2544912294976014
0.22560326005515546
0.36940462135085383
0.42453854082053244
0.3564000970120232
0.732652404112426
0.7491206586079802
0.5686100774324598
0.8140437600615082
0.4211797386560833
0.5114539830290092
0.6524172515749569
0.5736130886917418
0.7024407227535218
0.23938921902087676
0.5509489519565623
0.5543651088210767
0.4792760024021138
0.7263899862428483
0.4007306383278608
0.8660125861419612
0.9337916582811074
0.4117186547964227
0.31961871619661153
0.38091408517985703
0.5559169763300268
0.588476209071096
0.44763175948255385
0.6766160824411952
0.46237769027754905
0.4173457498765052
0.4252596320128638
0.7894543316489457
0.3170141674157158
0.4371889881485341
0.3622532715214371
0.7177784109410532
0.806929945633462
0.5886149033791601
0.6753291578223839
0.41004521281662915
0.5409839616200667
0.37365627335267143
0.4961183821782195
0.7186857884410708
0.49399470077817875
0.7556984601287428
0.42692552369414655
0.6848989963390145
0.8048038808947299
0.3105647840235768
0.2060960030657259
0.447644468026387
0.6474082770274835
0.8813393869122479
0.3143210167763479
0.38834844573975996
0.7854148393527156
0.25168972018365743
0.4097457523187473
0.720719745296485
0.3050648581212913
0.3592765550452555
0.5538604420309133
0.708553424714319
0.21711426668383013
0.3706955888839997
0.7065378178735741
0.3996996066333133
0.7880335601806452
0.5064259700757662
0.7944021252078243
0.5971476778555381
0.7867109607261427
0.29206418577388027
0.3511381144739194
0.6197115329508047
0.7049439188282306
0.6473570337684103
0.38817097387817406
0.6480210665608545
0.3854717356021252
0.4822601681177294
0.8836091476236624
0.21320261242859406
0.2875345984288981
0.4318643794297186
0.669405517647692
0.4636009296436659
0.5895435808358359
0.5636132233539286
0.4235882203062439
0.7382845973141787
0.40380860105382677
0.3807759949945525
0.2285498636801969
0.3361254965045514
0.7388295979526031
0.769618728315906
0.788131260893258
0.40588278352415436
0.48828941355347416
0.6604918856498417
0.4593734727748738
0.7069438747813509
0.558841256003933
0.7463693446210149
0.3935729558712007
0.681644065297468
0.3627408516309535
0.5093311833994364
0.2759339066437907
0.5802915589775786
0.7317034083190044
0.35294916810030746
0.5513386770922122
0.5666148549278155
0.5105109308013828
0.6180461402861092
0.32674038509212255
0.6388098959185573
0.5887000694831639
0.44573944437951113
0.6844818002427063
0.29404800528796043
0.5354660892249802
0.6588078204463385
0.5839161908436468
0.7895901894410309
0.41055173500842035
0.6166827606822061
0.7432883249381411
0.42910789625274126
0.6479700090731564
0.7316330258997897
0.5621185799677145
0.7608112712171361
0.4636550724634911
0.5357863718711551
0.6243835849111039
0.2732563724700535
0.5852609313893916
0.4107392704676306
0.6014216530193768
0.1320663564275213
0.3666871143305553
0.43833948000805195
0.5432781001410635
0.6796223284092604
0.45685202436781897
0.7990439993974339
0.44311193420421513
0.5357380376853041
0.676131864789072
0.3825609003834099
0.4959730831680223
0.7488677689306557
0.38224867529162493
0.35248915146560134
0.5142362101536763
0.6398351689133511
0.6785311334377352
0.5200052241470604
0.7570557666838527
0.3149127648896043
0.2035961882028599
0.5012770840771988
0.6398113955332788
0.5200907227798024
0.6152381548565229
0.47235550215287864
0.5722789427986477
0.31971186609638585
0.5365866376989036
0.8292023703105452
0.33767152984441146
0.4806200557774701
0.5232071765758276
0.5621293671229244
0.564849647409946
0.7970163550302506
0.3875737141008138
0.7258905010976601
0.5883387938462761
0.7355545271809937
0.37835319059133915
0.5577995574925682
0.8153741049694548
0.6184629242760914
0.6042763975520459
0.46832019680608666
0.32311242641106747
0.5717404886872565
0.6885187770462389
0.14722136349070808
0.21088051460502902
0.34605064274422626
0.44280340741108626
0.7039107489496358
0.14498543579290973
0.33264724542723584
0.4820944627154072
0.878281458214947
0.4994394263914338
0.24241996258824994
0.7170511160707204
0.82499206234091
0.5611169645892585
0.8858111752044714
0.39568241887288275
0.27078081504596746
0.5326226228762652
0.4453983583446982
0.32809024944728227
0.6579260925888911
0.5250803013485003
0.8062407828145454
0.15937726271087835
0.23409791477196482
0.2013477836284482
0.5817623630839431
0.7257463109018158
0.223554926700769
0.31622870639978734
0.7068013316212938
0.6288743531409068
0.5935667239795517
0.5768367576880183
0.7165621339536397
0.4041926302315316
0.4523265705531724
0.315328967396987
0.42890981382623655
0.7445351363990317
0.19298537447877742
0.2644390935984505
0.3600570218801455
0.5512828708808372
0.8286095819957889
0.3745958381025983
0.32428068998144716
0.7012940864214748
0.3165984392861709
0.5001489969205565
0.6272437995944439
0.4578237237964616
0.6579459632084947
0.7351044746986723
0.8255790801460323
0.17373475666560498
0.31174821772052963
0.3770897020252316
0.6353811681710869
0.2979576107291995
0.3082694992489584
0.5230493186485707
0.6752115047928081
0.4550369175891771
0.5915357811736698
0.2901098781454955
0.3162896778631794
0.28813531212094395
0.6379928825025002
0.6533941977131685
0.6663671218637811
0.3893731329675886
0.7144780081031558
0.5313206977509167
0.4457006939145653
0.2451188910194751
0.5407628676550494
0.6420073052781218
0.49258828979999475
0.18701590254489966
0.08271098398171305
0.03894219011532815
0.0
0.47516182769515275
0.6557530637359125
0.3368094504124732
0.22517693079497017
0.4394027659370926
0.6562963549553994
0.5204649543858182
0.8189057883178773
0.21066898309193216
0.2590228989925064
0.40845179116706093
0.3254944643769465
0.7775286402325847
0.6832702057470903
0.5986488258346588
0.7004124464368853
0.3359840673055293
0.7624244741338642
0.39116605418123024
0.7236978778596895
0.5470879805515263
0.5282901674814955
0.6968667306539094
0.25509395648749783
0.3252659904864254
0.3437374373409967
0.5854857210666482
0.4316832245396203
0.5154581065162726
0.5776402183058345
0.7857132782390435
0.33256051168510614
0.6612230075163171
0.1789149976032956
0.32285771478265635
0.385896761019601
0.5958574363518317
0.3796071776151321
0.6689552084417315
0.5668343091744382
0.5566882837468181
0.21080055081247212
0.34698028527297725
0.6952883654497698
0.3715924574134402
0.24533260412504393
0.4140384708213976
0.7878747612079977
0.31052436080611334
0.4046330365882757
0.40400673880036286
0.858277709547598
0.5566842015354074
0.5291550409053508
0.6792836154203146
0.22269216279724177
0.8603268627924283
0.8569441006602516
0.3179400225510698
0.7591259847514508
0.7240169866869048
0.7130155032451116
0.3945275127499306
0.5668203136233994
0.8085399116316788
0.5134885567300762
0.564982064518624
0.4700721131254966
0.8398075734863283
0.3821522193692301
0.33458636840604655
0.2959500745932526
0.1424708370570981
0.24804754855205086
0.3813113993138391
0.6584730416203567
0.3204791013580412
0.807814654865864
0.6029055223552989
0.6018073901673702
0.5640103047684107
0.6468051408319204
0.4771778703979705
0.7819800873091601
0.4072622150933809
0.5948418847538369
0.6822040791216922
0.36176710958757985
0.4527214532770433
0.6130689123047981
0.8928746460480046
0.2982582146379057
0.13243710588936086
0.38115016368156013
0.6008080935593808
0.549379984781056
0.6330433513710158
0.3501474337780128
0.2457227298320163
0.45919438829552345
0.4963145656175832
0.5495072789394909
0.7138713766196496
0.23384983687045546
0.2981650755411301
0.8403610360786632
0.2625102542550192
0.32903441509817194
0.3062103374830473
0.34642171984228703
0.5507239840401862
0.498749123747816
0.8077367927941415
0.2190300944395214
0.4747223697083935
0.5748239969900716
0.3304305324344118
0.5705479987335942
0.9524815965717626
0.30504484978814284
0.4561398441945558
0.43294360844724145
0.6961183736946385
0.41006107829111915
0.4741501524043548
0.7675422577643651
0.3470906494039296
0.21124712875535298
0.2219957059949556
0.3505293867647971
0.6016553101654021
0.8316961985359369
0.203746835957341
0.39637594098337847
0.27144594826688023
0.7047844138815514
0.4709251590205183
0.6175177865650637
0.28368964288558707
0.3971577952411397
0.8390992134019577
0.7157283557623048
0.6963109462671808
0.3350673669922167
0.5591906047446065
0.6666048164624809
0.21799261686106414
0.23691750068515974
0.35225763319260084
0.6892456472127628
0.7741527449550294
0.6747669784832231
0.3696390165409297
0.6009640626810914
0.17524449808189504
0.44904047811988734
0.5827753910805188
0.6725010821457625
0.5607579457988902
0.4601123721892473
0.8426183544011996
0.38342271091216273
0.311983168185771
0.609182130725483
0.1475409769111871
0.41590800755313745
0.2999258004358847
0.7346496442673395
0.5992312153983533
0.5256594615235695
0.707643198054239
0.8525320224157276
0.3221582678210122
0.38858680007736507
0.5546060458236044
0.6225801017023979
0.3266724709991493
0.49522200964137897
0.6853117263851664
0.4207731353168587
0.8026341097447354
0.3999795898837246
0.5473118580968219
0.8165333916119917
0.41976609705996015
0.5316067220186691
0.7778095813986297
0.30107601249989147
0.6344969683705359
0.8981237231182948
0.3322834532767342
0.4756379865669556
0.6209674988374054
0.6684384543645231
0.2332088795633896
0.2526294089933351
0.39784474340418735
0.5535839015296427
0.870682105424213
0.48578182929047653
0.5573787381378262
0.6904381923674565
0.7017392528425613
0.669352448036242
0.3493463686468878
0.8112399871413857
0.47498206440821295
0.5567677812417434
0.5629846782691811
0.3023341336314721
0.7597143642771484
0.46024239501488295
0.8247053357055353
0.28946022201723526
0.28701532576305205
0.3158500740901918
0.44972655749638535
0.4313651615176917
0.7184624330608437
0.5343187928289754
0.6622745280020512
0.13244063772599426
0.31257101193766673
0.4058693718722116
0.5477670946898764
0.7195224062380094
0.7820878933306264
0.7085909933126082
0.562913411123824
0.7287247821657465
0.534587105618622
0.5290615093110781
0.6389679001905768
0.5645787407486603
0.5390221399838289
0.5748333990462163
0.9264450683045997
0.47167263234423523
0.41449443554140697
0.781668115447023
0.42566614828752164
0.5753419475883015
0.8462069746537221
0.43646301290947864
0.7563493149614795
0.5302302611657103
0.6675830663799347
0.6773016379245991
0.6379712054453562
0.7422904267221662
0.5983823396916319
0.6713774926276428
0.18086328727871814
0.6013906941264674
0.716224547330533
0.6389682720735832
0.8918073712396223
0.4787491736814394
0.647045566507605
0.5862647164111784
0.8732728313343594
0.33545440557212924
0.5942476752970071
0.6472684256651213
0.47474256767546713
0.8175476439245131
0.2819325665394753
0.6274735093376238
0.775507079686962
0.4345217970668166
0.7420187482948574
0.5980743147961335
0.9134430540864608
0.2858449870813552
0.5013054580882913
0.3916710905378701
0.3610431817120946
0.4579175850873465
0.45427985512655467
0.7422357877353533
0.37962062599030416
0.4190805539262961
0.6125421492391244
0.8515468341312915
0.4796729309458631
0.5681302531728722
0.48164380678139346
0.6628261694412694
0.40009024429739376
0.6855766687604048
0.4513588530854469
0.7999324559529678
0.35161613421953747
0.25398594307553496
0.47062268647892974
0.6761500824497945
0.5033900472486272
0.6857198687868858
0.5077587407135015
0.6472580414814435
0.4538676823122348
0.7087665535713507
0.4261305046672991
0.34112103176735303
0.505653087255466
0.5470685607286545
0.3625623346423415
0.867443687662983
0.3051548125905989
0.38137572898137045
0.6874524576440937
0.8077760054740416
0.373177723748631
0.3460536589299184
0.6476866161539299
0.5796913197932692
0.7923740676031423
0.5496411428518093
0.6196009250856221
0.6029792132928412
0.7540899230705276
0.4401667950440751
0.5050883334509865
0.7339337164334047
0.5071992089727066
0.760857739877639
0.3201512833577428
0.4972862814261181
0.8446499540811983
0.3585765623683956
0.45209261436704884
0.6258371788459851
0.4869090238766439
0.6121525327101576
0.6649431290251977
0.5045471717779321
0.6859175859112768
0.49379924004306697
0.6275763939767327
0.5027201829212481
0.6981304485866698
0.6450449072758294
0.6655249529084891
0.5488873506692419
0.5762580584130432
0.3794360111577333
0.6205891607029776
0.19851134529982278
0.4348883096992993
0.6892161880563767
0.3491775463985224
0.5848406808174289
0.666719536224377
0.155024996636755
0.46681711020943595
0.6137966330888521
0.5072088775544502
0.8560160684167177
0.42111647766175975
0.34624540735213716
0.7696430022600315
0.364336476444129
0.44573071844909856
0.6306468886098913
0.5850787323573268
0.7574880363335215
0.3304663346256597
0.23223533549392159
0.585127964807586
0.8680111518694625
0.3835037677359488
0.5869551073763871
0.8416008376052994
0.4298725595964333
0.280456475026338
0.27705850564018025
0.39472190364020676
0.6089340773940661
0.5460551030721326
0.5657328202899519
0.6988020493188786
0.28429607376760074
0.26566295712293775
0.3593221621069226
0.6269500595855755
0.7383860265146246
0.46356298953252295
0.631092564009006
0.41303231914905214
0.662518301462992
0.7254698810643623
0.5886791478202257
0.595483614086806
0.30361770866102844
0.5143764528258472
0.7812703926213799
0.4226968174655839
0.43556877357447943
0.5240173602281951
0.5614040135819346
0.645759709659702
0.6618246108987554
0.34961980604240417
0.6625279318357136
0.44452625815214464
0.22953289373526056
0.44188243804142047
0.30960130962151533
0.44357868232784364
0.5823056415718958
0.6898842261739703
0.6145610770684126
0.7664307830593895
0.5311094784409925
0.7776401573207722
0.5383501935604608
0.8972173475932846
0.33985074110360186
0.35952711852924857
0.5217850562104379
0.4884514598895806
0.5515686686260436
0.7577459086200988
0.41868931110148044
0.44952806354447933
0.7009886600320515
0.2517800162764159
0.6171994346165984
0.6860602163051469
0.38069250333726407
0.7625357519022944
0.4178180396944053
0.7207918810360469
0.2943127399162833
0.3694796727801845
0.4806739488004643
0.5009595626348052
0.7341117453564383
0.49105930542582504
0.7095346185276582
0.5459122125391266
0.8214093284076636
0.48049089469680173
0.538478000319284
0.5601234788402606
0.48309109738850553
0.7586795530724051
0.6622663553216823
0.7518824037295726
0.392209264964902
0.34968272161459685
0.4396577930258729
0.4462996225509911
0.4959599107399279
0.5706045814688983
0.7392847870709144
0.6803785467508832
0.44184748334602153
0.4523669008843965
0.7471317445996067
0.7383007459361656
0.21098082982289632
0.4978192639084813
0.7944330773622726
0.5854930861891208
0.7020018377473309
0.48362659367616884
0.7243295157380825
0.3149800726768209
0.24661827834261188
0.6104435490303748
0.6927373420043543
0.2657752575005291
0.25720432720529135
0.3135312978016279
0.738298276639868
0.21847674687888963
0.18174497780634338
0.42155268152981223
0.23123806193844051
0.385870590344472
0.5415834543877118
0.6929061393395906
0.8693626206377156
0.49086454958126874
0.6817895900067068
0.6294608608552587
0.612487826944968
0.482843010757474
0.6321675965612297
0.7043335003363541
0.5652049191704275
0.7251093702486757
0.27129610050459085
0.5789974237327127
0.7298473474936523
0.6651186153432653
0.65448048207917
0.5874883466191575
0.8366704962590698
0.32605992127572225
0.33045532980451814
0.39838363932132764
0.682834881758302
0.5839852965002323
0.5820857132812639
0.5785637878652472
0.44013892256751364
0.9812614762902556
0.292701381012207
0.2785595030726057
0.27121424702552793
0.328211054276431
0.31939551969592
0.19822946702215113
0.5845757540832716
0.7288967742127681
0.37866282050269556
0.40981692907854694
0.7838102377401219
0.2669634217951737
0.42683795160873333
0.8069313306651964
0.44452198663568354
0.5763991620108245
0.6222613911025889
0.7598245154982411
0.6585645598174671
0.7552140296056573
0.3231808119369775
0.8377657039336863
0.300175072752482
0.22622338403917758
0.6014768508679561
0.7262177503964703
0.39944051474253484
0.5379534460873459
0.7227490268167572
0.4095804326804482
0.5592516290156357
0.9127567161146168
0.2529881895192773
0.33577439452536556
0.5664161725406042
0.8194061399879238
0.38240624252101735
0.7298308295677316
0.3266475253935049
0.5751145782864454
0.3755849156736924
0.5572101996453357
0.5466057442531829
0.6542674173801022
0.45980907508426827
0.5358032934203105
0.4918618045425978
0.5269509332376986
0.8552723934223865
0.3690066413821578
0.27128219758977
0.39430253374027147
