0.15930640413025735
0.20020098206574816
0.2935132792890101
0.5605349074319368
0.7422908774570478
0.3010456665244848
0.2700142800828842
0.47096459547391567
0.8349448850166878
0.2913627711795657
0.45833574079334655
0.7766160655302623
0.3531069777172277
0.563913025511146
0.6056619528723098
0.5300487581866661
0.5335213742803164
0.21259986198045205
0.5635478340076948
0.727094965520797
0.6805762219332678
0.8905587558449075
0.3197904864656276
0.25970692322476374
0.4188469084386336
0.5134941459231924
0.7681689568673697
0.11322766389442493
0.0035906987284582636
0.166572363762212
0.23184531278567952
0.5479906585633116
0.5444142174266646
0.6523555715088177
0.8917390591621619
0.4038518127407695
0.5558321197286331
0.43888643125582455
0.5809595943034456
0.3325248710203819
0.7339111395922177
0.34452055423016975
0.4109148437646512
0.5987806724898082
0.1900360191790733
0.3950502048944018
0.6955104769893357
0.2527569600202723
0.2571747038297522
0.6127589476299036
0.7401788212710101
0.39056893534912607
0.5504750137517721
0.8228440330953075
0.2169918142280325
0.24194012753145502
0.48276392216112146
0.8657811339909339
0.4131962578203397
0.5322257379618088
0.7700089107989033
0.45567889145204227
0.8570742164425512
0.3292578931859723
0.28033298910554655
0.47827877752999554
0.6125229900169588
0.2757435139324659
0.4954325191952716
0.13979525135005522
0.3333548843053542
0.5279342907421255
0.012493672848775499
0.31707664164058236
0.5977680898693826
0.1718534002634166
0.224474315505372
0.6315185045988229
0.6427900809267546
0.8388610702755882
0.35831139723877314
0.3963766678109946
0.554266068043693
0.6266566138193477
0.281445805168286
0.38102635556591347
0.5295572349478834
0.16672071168386596
0.3183360951034359
0.46564206048198825
0.5325515440174257
0.11628860020389443
0.38607461625246126
0.5943687249732025
0.1560842458806528
0.2625445422492911
0.28494237765925845
0.28789593668038427
0.3481423374685677
0.6035591076844387
0.30287984425437936
0.6385215640089921
0.7262097594298367
0.6009814678426184
0.719911633303559
0.25121835370418777
0.3786238024712419
0.5831366279630423
0.5625072358509907
0.7556967443181949
0.43910357803239225
0.651047738558713
0.43731985564923787
0.8575276939720403
0.6596449264484631
0.9403761374414706
0.44867462744011805
0.5583869369089027
0.5703851318862007
0.4051107231080605
0.6257414748176832
0.41180406238738365
0.6887290893536167
0.27996525751985785
0.2588489987347585
0.4413276667255494
0.6764272739714966
0.5140820547075015
0.7751409727846227
0.6141430766251856
0.8503080289124354
0.2753268275819263
0.47796904465871276
0.5181353038351378
0.6840981673845948
0.373429027439422
0.6499277515052354
0.2946535804562957
0.29113744384946005
0.5550435441153546
0.6343292350141767
0.3422684715102969
0.3961083404721093
0.4954089428971442
0.7503051807830741
0.1685723848545811
0.30750659146247733
0.6578229319143722
0.15674401845639255
0.24206886065786715
0.09965157759736774
0.1585581018015777
0.5224151738019093
0.4285167335010418
0.5530815216552059
0.21152434998252453
0.25846475757863924
0.5172951686412463
0.7237951894358403
0.46689598711571656
0.6737800077774448
0.17536217735410445
0.16959010968009586
0.13105110876590131
0.20940692443346107
0.6882516657974598
0.35511582351489024
0.5487363649392868
0.5932315597695188
0.6527574152439977
0.5112348883832205
0.7702567163647989
0.521170293637237
0.46018102417179485
0.33558634469804927
0.6550382008263704
0.4642144283832525
0.6092150069287545
0.15104445711753406
0.37205636054787006
0.5270985937486471
0.5219456787784292
0.5101797731766381
0.6306826127672334
0.3231837024671902
0.6025346667044922
0.48182684189498975
0.6102335150252036
0.38524778135307
0.6914700477723995
0.2851389950323376
0.7210070130272763
0.5200326712678144
0.6779354075793498
0.17469375696022743
0.29206043503336504
0.4052399369724837
0.41676377634124123
0.6462282832245505
0.6537526895435092
0.5635623363712524
0.6435699707614283
0.6338981266652157
0.5174365458798321
0.5263545223313169
0.4826078167652685
0.8041553556004615
0.3726149987091595
0.3585610854194544
0.6640453279596874
0.4401477731431004
0.7243116658248785
0.1704823652693793
0.3622771699784012
0.7838459633106378
0.3257554408687878
0.5493576377118418
0.7199357903044489
0.8465356155914328
0.18428744003189046
0.263005899870992
0.35547426315475333
0.4998851956253396
0.5712341247485414
0.6629167282020578
0.5933906359298526
0.668010233578516
0.3535158309797402
0.5377915126342122
0.6843304453221706
0.5972896280949233
0.885388964147979
0.4705100593072686
0.4210502891434327
0.5039573670336442
0.7614622549540546
0.5663468637834518
0.8484249327807778
0.262060580769003
0.3673095156462612
0.5896009178046245
0.6846133264149725
0.4183081164225522
0.5419903862004504
0.8969711699783027
0.2178127935581292
0.3535728308973641
0.3466603090433295
0.6947915500353483
0.11200679565587451
0.35476160534739826
0.6790646507066019
0.7337911301199087
0.24334518796366905
0.4104079845598491
0.8849888192282984
0.24652289572016173
0.1573684984317594
0.40481592367968505
0.70367115726325
0.4487171278881003
0.5910752631509139
0.38175362763702847
0.5929809425450828
0.8020076036494781
0.08227737590305605
0.2721572980734238
0.45751094850158897
0.6576186663352871
0.22350574231695425
0.50430156404038
0.78322848524503
0.5330582237607011
0.7715262828224299
0.3317766299868866
0.6746378269949657
0.4489911780770085
0.6387812976686271
0.18212684145404207
0.22387212285863448
0.3356325193903636
0.3299105155413653
0.7663387805742506
0.48727701453349426
0.8314280646471861
0.3460425035184582
0.32934101693681506
0.3672489999791493
0.22801818751387234
0.2560815559079326
0.40713799698057374
0.728931261277522
0.2949749611806637
0.2616853295039587
0.6630109202362279
0.35655354294869246
0.6779723849355002
0.2581855968377653
0.7662817248854149
0.6139738434676676
0.8152162879902382
0.30964474503025424
0.4519693135641982
0.6110397252986991
0.22799485486046658
0.565030750031066
0.6511835118300503
0.38479529625391157
0.5069038760520426
0.35401681902026594
0.5721204421512158
0.0697526713750056
0.15713092291705283
0.22856206511244345
0.2076432749027914
0.14447012950789825
0.18275000599784297
0.42114738602956414
0.433484130071704
0.33871269523850944
0.6020482392388676
0.423003726729477
0.616263296045677
0.3538322570665579
0.7072047813251026
0.49139285766318797
0.7377520651901442
0.39304304171512183
0.5644867147180499
0.5947473413766212
0.6134280233984061
0.48356407622605924
0.6616759639666675
0.37710836075469756
0.7580054706629276
0.24354694093410836
0.23155360023189775
0.15840592789444952
0.3748884697070922
0.6558045537756767
0.6197035936600263
0.5435202383490626
0.7618124975140491
0.1971607506862604
0.2301301212262025
0.2302659393173249
0.19386516598820547
0.46890953788470624
0.6272937852578991
0.6019783729599953
0.8998214001663716
0.2701697912213547
0.27929711191576573
0.18420080959962584
0.3689023016903186
0.6213765153169647
0.7970019448118558
0.38921369374131315
0.40279068241322047
0.5570131836507936
0.8094281226934533
0.41280879507176854
0.5066415864623877
0.7687722824196945
0.413356970793202
0.7017375936676116
0.6350928441580151
0.895483190084161
0.3790132330643487
0.46685421070708666
0.4947849127917808
0.7273834763613343
0.36574865082750924
0.37745938423206987
0.38328339160150837
0.5215073659877829
0.05967922053292386
0.04971194713543304
0.40423242490877054
0.6899057991139955
0.24384810634728354
0.4105803498269314
0.8341325977675348
0.47569069646380613
0.7011396152476789
0.34920154633818823
0.5805720134332859
0.5274699359470739
0.4537953823534013
0.7717938421373379
0.4562648381248642
0.42773916476902774
0.6799341089501886
0.7579332278071872
0.34995440020897517
0.6541895830089915
0.2944617899477988
0.6753681599516744
0.7393967802251501
0.5698378191783458
0.5130854417914362
0.45454629424727416
0.6701084967379037
0.7331652156971227
0.751248722113451
0.8889294194939883
0.8394391729700493
0.5194010201898671
0.7746669855508771
0.2675138612942842
0.26631410045077714
0.40541999352708374
0.4578982989946749
0.604751443101448
0.7542314886332284
0.48697046323378507
0.8142503333384652
0.17394379467822915
0.42367930796055786
0.4746636454822921
0.5213218560607195
0.4330442146865526
0.7104785878637886
0.3730742258787994
0.3612946542233427
0.4147241754147189
0.7598427882497358
0.37191140266410333
0.2723459673018478
0.3752208276706778
0.4866176991773585
0.3894040202560686
0.5719331652547697
0.6060905935339647
0.5685339606149271
0.49532203951868237
0.6425201340588595
0.37739897692913354
0.5853460002221296
0.2958979556655751
0.6343536588407983
0.5941886362261469
0.6846864112310453
0.16982938332184674
0.15744003820601807
0.37321540626927124
0.6695422979399595
0.3786511047737099
0.6813828981616408
0.6072462246566501
0.3078676697546767
0.580643605244227
0.4983414830202885
0.6781732939592272
0.08820579096693962
0.1559629374378244
0.2906227641976285
0.5953046995548918
0.14700138908725502
0.4604264011961599
0.7224312073638594
0.561928603814969
0.7621025553316788
0.1770950370347313
0.30916402672120813
0.3422948558246558
0.36013557565344534
0.46265982186952703
0.3783964884477462
0.6633406370259258
0.09062850454120708
0.08300074114149063
0.40537803027703073
0.4050487151360752
0.6365633699100134
0.6009540264882987
0.425819976121865
0.7307964802920384
0.630898592041057
0.7885378952583995
0.273288522705694
0.327045104975166
0.6863577624220772
0.5928353404022932
0.6243758922246329
0.1580860256612998
0.30070137692677584
0.8516664206197803
0.4254362923564954
0.829574517733951
0.4574057463331353
0.5068461528153675
0.36479614094861185
0.7544585438079716
0.41532143639708435
0.6652616853007245
0.48312084309972264
0.5882364730648725
0.14261335865775399
0.4014890275692296
0.8416221885140769
0.24214205078257747
0.2479024080347075
0.492432121267707
0.6807107454763255
0.3454560821874577
0.35325220289309
0.49034838282305154
0.8499984987464677
0.5112396346968494
0.730921514151253
0.5728261299233544
0.7315748893108867
0.5489742820791542
0.7940591125313304
0.32348345191462435
0.5709007846365296
0.7842615235630722
0.1456067443818801
0.4570556178558923
0.6628725515670144
0.4036096059103528
0.31046186790400543
0.6880000345344828
0.35231346510546174
0.5552154577880785
0.6076057396664043
0.4679708868473708
0.6887653411617622
0.16829835849069927
0.20327773318671466
0.32058480735479594
0.5285445360893855
0.8088604313838144
0.2569944464743702
0.17697786829418935
0.39204138310029557
0.7365895448706822
0.2757868975604013
0.4598324090511779
0.6916174471600293
0.23689462782571843
0.2599564991975006
0.26232503581581007
0.5994269065689612
0.38958141952755326
0.7166716614962212
0.1948718422333508
0.2521195457992084
0.48919791834997134
0.5948733204922724
0.7690927484978644
0.37324951866141487
0.6432575182261976
0.7147613850501884
0.23456913968625775
0.2016692045552447
0.4774784102383781
0.7359581145480638
0.18108949994222728
0.39771583644171493
0.5395305026684724
0.4857868783959988
0.4533958736932741
0.5174795240129404
0.5918996597345444
0.489942970031912
0.6527479121389081
0.2666215446922029
0.7201019844578775
0.1881317665157591
0.4298238924742646
0.5997927949750494
0.15938268758164245
0.3015503918199933
0.10195914354299697
0.1821180606412159
0.32101997409513633
0.7039791751643053
0.3766071755558913
0.5231064365647279
0.5940103551879471
0.16624071388281667
0.41431086646637555
0.5743600601918497
0.061667087347067995
0.3278369627981358
0.6080093754790232
0.6473693701828158
0.8326924499323944
0.47530965252689106
0.6237175687480376
0.18751923947919918
0.07499503639365895
0.20274621429088524
0.3199388661576297
0.6288413760691175
0.2617497436616125
0.5090729314409081
0.7010208524043633
0.46278788446660585
0.6655005314001953
0.6499522794149772
0.5472687181584415
0.3650469617686791
0.6733292643257678
0.10611136553186586
0.28178930774433936
0.8411485696007799
0.4673173697452382
0.7401687295461825
0.37009676891138177
0.5762745858652204
0.2939742261022417
0.7188327212136049
0.2860097317790438
0.39735477294904337
0.3536632095066765
0.5371895983989425
0.6092870159385688
0.5552047386883797
0.6770971373480128
0.28988964091288094
0.41312657654000634
0.6099931647781682
0.49707451780309775
0.5936239960696744
0.1883447045708844
0.24602095856169887
0.6044437922801065
0.12677567543135382
0.3764858328222457
0.6204434992590967
0.40515101417375327
0.7971421887368084
0.3592511537322298
0.49272645083094463
0.7096797895609126
0.4055203432125206
0.4561092784105162
0.6957728420864046
0.22656900155927243
0.2952722979175802
0.31957893217093036
0.4987242872699211
0.3932941494505047
0.39765472867671703
0.724576758605728
0.49086117324636463
0.7692165109463203
0.9104081127777836
0.4424598494955247
0.7312676176202971
0.6653889859533725
0.42513507485624036
0.6155242601803492
0.1909391363951085
0.2279461022501996
0.36433520180105783
0.6971206803098147
0.19947061586775874
0.1436925696001319
0.19517558428868906
0.2391776347095774
0.7182005974840843
0.2914039865408018
0.35874988845158
0.5518963658005444
0.4996168349869943
0.7320938923646848
0.14762262907781282
0.30084258104212164
0.4444945371890203
0.7590724835103878
0.2356074524956305
0.3790007397984393
0.16078379460051692
0.16951149370729165
0.5304017445605385
0.7417246700500977
0.28387492594379543
0.5368813623305432
0.8653270446064197
0.41897109772067315
0.274254686085997
0.6323560387160309
0.1642088530268955
0.13819146037632818
0.18921203726793592
0.28083231296725636
0.25505633593573485
0.23269373808180815
0.5252650358773695
0.6591592495624016
0.2340817042248362
0.3743175503360086
0.5316916616363121
0.5942718107178808
0.5143414596292238
0.9695568983963653
0.4149832867933817
0.5789373536413198
0.9057121928187833
0.302313549833672
0.16342823116732674
0.0398009741946282
0.0068510445818714925
0.11876271004003786
0.07971604394829901
0.23384390854775788
0.2583906084383133
0.5679756495287782
0.7704997378057661
0.09750524269924697
0.24386166175829585
0.4360374555373302
0.6425270184150536
0.26323979858387053
0.390636434934907
0.6973986428832611
0.1006742309228655
0.1986327947783364
0.552579306913293
0.858450930546401
0.6438226367262494
0.8974169154924286
0.43176701221896974
0.7611248954039166
0.6720208800826927
0.7349727239209286
0.5727183974298661
0.7963585508841242
0.24060378757017384
0.3306319818108605
0.532616969027089
0.564781949631461
0.4211220266818053
0.8367020162982304
0.36423143011520603
0.5244037908628931
0.7565147194231009
0.20111226993923134
0.3533014387299667
0.4495752092232103
0.419563128053514
0.6908948972149809
0.5594676084067809
0.7762563708233903
0.5197018457993986
0.6896769127635879
0.4108862099488322
0.807767514476754
0.21541324440719997
0.32585369095526673
0.3127790706496613
0.29706432849758974
0.46856016858507976
0.5704080127462318
0.3380663397896534
0.6508226629622228
0.3092935220367543
0.3447343097013785
0.6529476271836345
0.2772918465004688
0.6727130409617059
0.48943499206629054
0.7300457718431604
0.3751514043101748
0.6193744706077731
0.5792813809164522
0.8010915010510725
0.7370436079022947
0.6712025354520232
0.713734628542392
0.6305646510894816
0.7227475288516255
0.37292024638281673
0.5693628778149352
0.26327570555883767
0.5071276100625023
0.5958550489490598
0.347364008157919
0.7078000542075121
0.29152580420914787
0.3797325218595662
0.6706500663748788
0.16718314531389017
0.34956010748975697
0.4410272812154775
0.7437950443769559
0.15689481129193245
0.12824956085913947
0.4609698196752436
0.6781431304405446
0.2484819797376932
0.12573207465816963
0.2759308582962508
0.35387843742295894
0.34872838703056236
0.49009888486723757
0.4521694103451694
0.6689376641331571
0.2835979619365623
0.48513384733508685
0.44641472819114913
0.4856819588325719
0.46358861824666825
0.5705260045828766
0.7447229830083139
0.6236279547634145
0.8163623848775416
0.4423360261466123
0.5547405247951871
0.64975926350669
0.14209068115307183
0.22275372712191613
0.4254755698090631
0.5133146907040307
0.4778681270051085
0.5196357163722457
0.6321949599726611
0.1314656153679842
0.46418472758756535
0.7602923800620434
0.44301296935995554
0.706368970370946
0.6642426086599079
0.6818042026973695
0.6080728674755181
0.7794170901366668
0.3098327506584314
0.33731646898479045
0.36129862275672864
0.8489690616143976
0.31776809624473684
0.43191271386510544
0.59910812358317
0.6768193557554115
0.7312865950122398
0.5935379806762289
0.6806074710650619
0.32958082135167216
0.2372127895530228
0.11851485005209364
0.2801172053825394
0.34010609866824165
0.3846616591382959
0.3427915066107044
0.45690660563036495
0.6663078893283308
0.5376100768175678
0.709793332152904
0.425579130957513
0.5897571451082397
0.5659801508171656
0.5211322261913345
0.44990281846120034
0.6485360894555492
0.22662226183550085
0.5088371943167158
0.7011918761916607
0.35167321569992827
0.4149123185006229
0.8081590972641637
0.09803940562777844
0.20025279868005932
0.5054586229640977
0.46669491731387236
0.8659570207873937
0.2860941339582471
0.3541700570495082
0.30542154142067857
0.20714898768153994
0.12036038913037199
0.2383517609603235
0.38793785973588596
0.5988193091021723
0.7856628655451008
0.2130945262420254
0.37517278173638763
0.4811395598951719
0.7902274987087764
0.5215180879554666
0.6178233608915683
0.3816577841706233
0.7285627740889309
0.4516264748162636
0.3534502769310824
0.5703837486952978
0.2506588439247322
0.4539450091832505
0.5025614159483075
0.8152481157634078
0.5809361501998626
0.5934344108839528
0.751628967892372
1.0
0.4319162831448795
0.4481204894978708
0.40531396078904564
0.6829287842854947
0.792254723306705
0.3141491001104217
0.6771886642540508
0.5899509640508944
0.31249370360787015
0.6540640961866261
0.6991655458356477
0.46743503404704434
0.4785852392816627
0.2346107653079389
0.5452892920577388
0.9586070372507055
0.42492310918619364
0.5146227800285684
0.6580212215305927
0.5862049353796152
0.47856474000266047
0.6847072880472412
0.20015876302012442
0.127859775652364
0.3037571274906692
0.479309889392087
0.8216090330707585
0.3862334938497085
0.6610391241467579
0.08687054595240762
0.3223472126575373
0.2382382719683599
0.4513919574378636
0.6693064958622457
0.4674332354987926
0.6926765912233729
0.4316521151149107
0.6814618565843248
0.5322955006042505
0.6140592649345119
0.29613536285879694
0.5380793088798382
0.5971916694954756
0.2128975579158141
0.39347282532588457
0.6638834488584149
0.319053506536337
0.5846126670391972
0.7212055474679306
0.15612671329086034
0.40752345619795216
0.613186818956524
0.3038815815554451
0.3670949511197899
0.4735693021180977
0.6211199852026147
0.3421850190638404
0.6701046739539857
0.5074108309308246
0.6329728070279894
0.2362788369230819
0.40630654042415143
0.6974778260368076
0.32810216306243056
0.5190786792879687
0.7914027934736286
0.20654602753961943
0.4963697566270565
0.5342233912915706
0.3521487791703291
0.6895844444024929
0.346064632210883
0.4852486732061187
0.6282524323328557
0.18595932831092857
0.40485591986909036
0.702047922059912
0.6596349747071019
0.46194237028295837
0.7566438477035817
0.29693310748052615
0.3630171916156684
0.45617265170635923
0.6733933413933577
0.2744902496190437
0.4784503550268463
0.43442233784765366
0.753914772865854
0.14273985042655948
0.21462321918511404
0.5965977067554176
0.5039190775879279
0.36174859193810327
0.7005229293140073
0.07440237717095334
0.2978999635503255
0.6660154331625799
0.48445141867617175
0.7048192385717972
0.27785513164622544
0.5638118956421775
0.4087410099434551
0.49986794797364736
0.3699635695042637
0.700360345934158
0.2780251792594871
0.2878728728936792
0.41201985520775847
0.6863900576681277
0.32026848359964144
0.49521528151172794
0.7840830745349106
0.28398022492135844
0.5174169115208092
0.7216742695545146
0.4726129287462331
0.5802908167350457
0.8009000658179408
0.2002775054366861
0.3706266645349986
0.3334663924527111
0.3133602832944348
0.28418957082678653
0.598732754805983
0.6585118478838446
0.9146834332075733
0.36930207081640165
0.5059227459745843
0.7014966000905131
0.5611083768718972
0.6981085099097852
0.20367643844483974
0.4974936745409365
0.6203805739229408
0.61307250930607
0.5092618820924774
0.5895208104954978
0.3313410158320473
0.5692690107782911
0.08837852615592304
0.14335594685306005
0.24450836697367412
0.27409694582960065
0.5066772899087371
0.752027146010686
0.30733376279053176
0.2937769042065623
0.3021665186079793
0.5579914286428173
0.6942460633957602
0.7797647434716819
0.5596442626735726
0.6759677780018162
0.2452839177519351
0.511619445780008
0.6803645478032464
0.6290965451805323
0.7402908179048446
0.49441723579109287
0.7714650526385538
0.1294877980739396
0.480125516228015
0.8501279824694007
0.26541445663458646
0.15168323211933876
0.34557735589601934
0.481142162192534
0.5219040805570848
0.22668272247891863
0.39292363061164826
0.5465751155220312
0.15234103461548418
0.30329103687406617
0.6985038863574826
0.18840143324689168
0.275786967244842
0.4584045260958726
0.8004812501338517
0.5702327866475557
0.8574426976836211
0.4058371118596007
0.5679124495726616
0.5589408086405951
0.9268578027496086
0.5090198965974667
0.4972484728283577
0.8109061281620432
0.45966090008271526
0.8389132370329684
0.30081999210708127
0.1997245143027115
0.31095937611444385
0.3812096507422376
0.5627937701280084
0.8336559668014926
0.2846873982867201
0.22683143504406442
0.3894534452277745
0.5906019328285732
0.25243375859869527
0.31545498641938546
0.18987333655865465
0.2305223479825931
0.3046572487638755
0.6058325057483642
0.5747740196018195
0.6534481482497709
0.5350659933884058
0.648789114298762
0.5799834568271159
0.635684958058608
0.20519656258172803
0.44206464616296864
0.7295263078268461
0.2721021670179925
0.45334401501851057
0.41589321299052
0.6703350328539193
0.40917492167188585
0.8051030928554578
0.2939503049730772
0.522007968725168
0.8412890709237315
0.46495519867084284
0.6573376874616047
0.7281484588377857
0.3735848115998605
0.5561226620394045
0.8718205866289173
0.33876130441175667
0.25177931332692627
0.542986277378458
0.8941740400827698
0.6356970976068421
0.9917806295920185
0.5028869506685371
0.44502004692606084
0.6731082223365485
0.6134268028452153
0.2860958355278538
0.7324585576818562
0.19532013089576136
0.19072650473987787
0.19329794458169702
0.08120145188032803
0.18192962250968803
0.3782117387223397
0.4231290116189692
0.9419074898628003
0.31430047691402024
0.4163916719496214
0.3623140694307231
0.5509990797713167
0.7902387697932882
0.3675016438187078
0.3432421214120164
0.41468828554528764
0.5418189577117862
0.5844153807457184
0.4721796965807091
0.9342581126289441
0.3010658044761703
0.14139759167328295
0.37591165227945406
0.2884283094744709
0.3410568641104911
0.7252245545030024
0.5769562269071028
0.5782234873303155
0.4871782441336028
0.6219556970288977
0.35459740699896564
0.6229610990506184
0.7426897866675348
0.8462636508977299
0.865690666928581
0.21598033232048824
0.5393307148020354
0.47258353955127885
0.4734927419025205
0.3456980961117902
0.5795650061329332
0.7344232192295681
0.5241134727839071
0.7378742070516002
0.2600837339659322
0.6329859910192899
0.6543101338759439
0.24731604951293126
0.5672551926248671
0.5826448019442813
0.40562196351959495
0.520530866306135
0.19155183372693615
0.3540855688346305
0.6281427594148725
0.1658191257379195
0.33409589530898365
0.7824516913213733
0.2724355222862845
0.5536824820457692
0.5142494549967255
0.1288124138390502
0.4542282183620995
0.6918129004794558
0.5364480593599223
0.7368382426665993
0.45319489654232625
0.6992489009691263
0.7352675378676578
0.5921985711877755
0.6491411663696982
0.7976856110631498
0.6298408117207935
0.8368235077792991
0.1777732349823772
0.3165582987556468
0.337487328297078
0.5785271189433469
0.18421853488844653
0.39708469146805797
0.6067868233611307
0.7618105072712551
0.4108338412695795
0.712495512162232
0.3803469893897331
0.4769705300851746
0.4828469663195113
0.43911525769394044
0.4989505317663379
0.5765258135141633
0.6656256011278627
0.32644723403325787
0.7823378199074907
0.5159738322996246
0.44061283549371427
0.3696532320754827
0.7538488930203449
0.29611399522960036
0.26882382098043256
0.3627009694917857
0.4255222887922879
0.5604395391930647
0.12298557778712038
0.27216973295023666
0.4894620876187578
0.7895097296411283
0.3007362403280862
0.46761683767233236
0.8391006351151068
0.5421113512480548
0.8532610112815621
0.39225664584423864
0.777930368852819
0.14317505030151412
0.24000999983117474
0.18295139698659832
0.5647591826774835
0.8410021914422947
0.40611990048868873
0.6594842932007999
0.738807154132514
0.5625674775634975
0.5708601574782427
0.21706540260573218
0.41087569413310776
0.6050932370454772
0.413376044673448
0.8357514841573452
0.45474463599227644
0.6735940774848538
0.7578595919490763
0.6941447418513301
0.1742249961801946
0.4522862935200303
0.41276430915064655
0.6867998510196529
0.2783201275787809
0.38230281018025747
0.7202426140010229
0.41293873333252534
0.4943357339030706
0.6571995509850165
0.4080552251160442
0.6552942369135307
0.24888519941590487
0.5278678778069782
0.7921469026038084
0.428577501514676
0.526482169176539
0.8206041146877259
0.47587113737149506
0.700865403985429
0.18122842835903458
0.5760663739638895
0.8510635076262252
0.47040180297815115
0.36555539910782403
0.4551045144410854
0.7397606341706356
0.15041341315324414
0.3322343078653943
0.7696927615706649
0.16821091923864587
0.38636057819370495
0.5168534361663218
0.7260311949501472
0.2784114775299485
0.48878823856286613
0.6835139021940203
0.494164156186153
0.7957385354898422
0.36310459136310186
0.14205604198327135
0.34942397503222405
0.4348737805503497
0.5874481861641305
0.5359586835982655
0.6144897252802936
0.15466302069356164
0.29147882870390934
0.5922864401611334
0.07800152998862013
0.3493156928635278
0.5590399107015432
0.7922185911876255
0.47373735030403347
0.43790550237229753
0.5116088708575409
0.7720038952523876
0.07321482991386476
0.38667190128523665
0.7514169177929612
0.21357552973036253
0.2529010031528657
0.39458972450539803
0.6516477974754261
0.46914382426484935
0.7605546257105384
0.153737813071668
0.12325686766103483
0.262052028738884
0.55173117640165
0.7264562761663905
0.16076691684741665
0.14798064033997269
0.3785381603963867
0.686133413420507
0.2711261281129129
0.4768617733452466
0.5728891419346088
0.4509631327749986
0.668563362102132
0.38163846725553086
0.46138311249090386
0.7508739937036069
0.2859877089051566
0.2482810525175099
0.3526120558120597
0.420873714738539
0.32399445463594545
0.7427605852915183
0.39789098443825527
0.548476932836926
0.8072200401361449
0.6634630482152141
0.7880144602957073
0.4932616011003534
0.8317485944523665
0.33737388364843884
0.43988099032020067
0.6892479433412028
0.39582826113592645
0.7033593000568146
0.46612864654183594
0.7002766523849356
0.42588880072263025
0.5546274370278852
0.7431067667042406
0.7562852111188326
0.7778215874122548
0.27257364407178203
0.5904103333849486
0.8254900082064686
0.36198973373214177
0.31515187284907803
0.5459797454153741
0.4409748742267476
0.5803959212325157
0.20385726412669614
0.34478818862779004
0.6339545816820449
0.13663958739817944
0.13006005581787738
0.25698648244773875
0.35952427618140453
0.6455631131268048
0.6134165447078949
0.7337372060294548
0.2948421239235045
0.609174383001149
0.9343125863476439
0.38074279200253025
0.20962296548380985
0.40538916658338126
0.7872879286541279
0.3371830754939525
0.3483995344195488
0.4415800638624599
0.7895446550842773
0.4295029783915765
0.756805934444982
0.6057456626207867
0.770701098808632
0.26035613844584116
0.3997913203964273
0.3520563546263922
0.3783467566811892
0.5373695758194573
0.4918286862974828
0.6929527673227539
0.2751641293986613
0.5361209707084632
0.5201434704134758
0.4990189524708899
0.7702248096919999
0.35231851229042227
0.5454141090088108
0.5008244655971446
0.902576944349278
0.42238623404960884
0.5193836541543929
0.5976353991248741
0.6151080450131106
0.5953817477559764
0.6777035886523098
0.7141548934536691
0.8498270650058366
0.5042682686766901
0.8229045374011923
0.6312131852642184
0.7879207325304964
0.1404728805375381
0.1775050584133144
0.09624009332760915
0.2023770475225126
0.540720088484725
0.8085129434363877
0.2264642929532469
0.12530061432678805
0.23720929965765883
0.3062307074745513
0.31828066047423925
0.3415671030009055
0.4738267300784259
0.6380726909675014
0.13963069966150962
0.17415834222057489
0.4741072072231497
0.7515683136060528
0.2670882636422493
0.35998663223114147
0.5700085130719024
0.12992519011245418
0.16292757269327537
0.3220595774957961
0.5183733854268242
0.6353617688229505
0.20863911690109835
0.35606407295548437
0.4184063548311343
0.7160855730155387
0.06718090383536847
0.28778569359574113
0.6298889995381073
0.02114606637106652
0.13493904518024805
0.3864538092016608
0.6788091019320958
0.5012196631275729
0.879796762617633
0.30413090533195813
0.2910169275429279
0.41140302989825817
0.5027970376850808
0.06051090015605062
0.3224282246035638
0.2923460920142622
0.5529885148436037
0.5139778005902704
0.7504541209231977
0.36120554434374635
0.2429997219474457
0.2260644421029636
0.24530726030360286
0.5545887969112793
0.5953456960776533
0.33932554173079366
0.33672982651991673
0.4625123511988867
0.5865304142541725
0.2887936253128692
0.3065785834542341
0.3940724578930922
0.6244356759142492
0.722378662913895
0.647815289377487
0.6914135526960647
0.41682892905014957
0.7479660510731713
0.2994967609920551
0.19103732230228
0.4443422812840009
0.2884780535163899
0.2532157397446903
0.1810785259610729
0.284736565208055
0.6242680739962918
0.28274425430494887
0.5170186785449125
0.7225629790576965
0.7557823147565786
0.4011589459505576
0.7241609727190645
0.46014871167116445
0.43538152817717324
0.6818544931523572
0.24411991362238852
0.42289592187459396
0.5761654380119837
0.5671701101153505
0.6221290594269338
0.14072721875661426
0.3645737905902381
0.691183265359708
0.27210884410513136
0.4787135666004976
0.7504391921694405
0.20921558360902887
0.583269463625258
0.7215851998179423
0.5121077620801129
0.7840432320701665
0.2848961715759605
0.4891604891015438
0.6434752494827721
0.16539032155234884
0.3307893091278676
0.2524258674480091
0.25172637536819636
0.6326722542228581
0.6404814346396509
0.8310714138747004
0.25230758454699087
0.173598143980225
0.3093073253462316
0.425883127849962
0.4442771982633079
0.5362824444652471
0.6513622007931283
0.4862462588572016
0.6335672996195212
0.14012479103089873
0.2905989908316503
0.4951893417496985
0.6994851156174923
0.4298151419281897
0.5819034176852531
0.28027635645203064
0.617577699844002
0.5052206567561268
0.6662568136152912
0.31681970112933994
0.3601926510066837
0.6031406970663039
0.7440002769391348
0.20459637899980768
0.31914235742346764
0.3224829515963048
0.4159081367411974
0.5826641515658275
0.14282452446260274
0.35823767658903843
0.7012850811098171
0.31619814440257005
0.5764232963338306
0.15837972185545332
0.4041905996871784
0.6961376865578186
0.11609773851975698
0.2698786832003123
0.3148114364828108
0.2232022697973201
0.29524606491896555
0.2321010148335021
0.27013809876711253
0.5271047649414434
0.8484881769337204
0.4838340078414949
0.714462671618971
0.47010628291989653
0.7124201175072952
0.4140396418277561
0.5178473267918133
0.5384090511267169
0.3314965625455966
0.6669443376574832
0.7836065304801104
0.6838961932246789
0.7857497325042323
0.747997351277468
0.5507153958019477
0.6506928242217797
0.5625882621166626
0.7666596469822041
0.37704934668932505
0.3160798900189222
0.6413395613010708
0.6059925267460881
0.8117487561391855
0.3723669577939831
0.5067253586511743
0.5813524952948023
0.5938911306035091
0.7382665713418706
0.2355134043831357
0.21852138463405046
0.14561504773818992
0.28599944289923124
0.29706167499365344
0.47496925850254934
0.373336221467403
0.7040196293565422
0.3090081101624923
0.23883600514060174
0.22216181954281214
0.5149088683858714
0.6760757137669756
0.34585522395306056
0.6147897582385781
0.7179884443996031
0.15826870276308588
0.4359260665266118
0.6851758411161843
0.3332232163908304
0.5381976234583999
0.7628603868157765
0.6577460577960639
0.5500414526220186
0.31578996111538715
0.5215117519813105
0.439597632241803
0.6583259310183597
0.39177914672565645
0.38921040347028163
0.29178501779727856
0.3686614992544955
0.3609112490223929
0.35632310359319896
0.6638735253249639
0.5760011465729118
0.39793363815287053
0.5014246305656587
0.2447242223767752
0.6261634664672542
0.19886021031476953
0.21349625177418702
0.5567472725324979
0.6316422001075823
0.726806152399891
0.4170343969654369
0.5756314086622134
0.2708748942662987
0.4344302698996786
0.7684159429837657
0.16459514741615922
0.1725533297653686
0.20734150678950272
0.4178139818181769
0.7997110195682824
0.4754661740076535
0.75867985932051
0.547416546354385
0.7918826048504767
0.11265747121715065
0.14645011481508946
0.14901806568676215
0.20613922722989264
0.18617076112483985
0.27128463764683475
0.26530832495469303
0.564083978938565
0.8660732681204463
0.37333425615473115
0.23974660925832525
0.5414965047623754
0.6036785816741711
0.506622939099352
0.6172159465017917
0.8385165404441544
0.3816703048029406
0.613666998887298
0.7651058168905103
0.12708007888412684
0.3069291364199934
0.4172743875355602
0.5585665086520727
0.8471173742588759
0.23082737695327563
0.12954406414167097
0.241352870373687
0.3933210371205412
0.8258332796032755
0.4479401115854042
0.6268808314810482
0.6505829499569075
0.6617600911917746
0.11105657063211659
0.07065671093930863
0.31020408848769543
0.6504961601490652
0.7668285591649162
0.5075725441588443
0.7289157810454985
0.24380425503204353
0.37647317178313744
0.720958427519685
0.33965831259730983
0.5246764505867938
0.33402986017404707
0.6003253650892002
0.40440000697791817
0.5741450372267994
0.22047336973321766
0.4433197565200116
0.4460685219405504
0.5987975026555233
0.5227204781072324
0.7153540337189747
0.2657068043418888
0.4260240580196264
0.6856837945418071
0.22656458507636704
0.32629334287596945
0.43798543517450406
0.2684049464783244
0.47433500409376833
0.7984782866380497
0.32606472628161665
0.3219013246923654
0.5118964545726734
0.6624344686361433
0.4067618752172479
0.7022693286208
0.14054914888470563
0.10502102409488635
0.17565453964451933
0.5556865975641857
0.5515429887190643
0.52047544037635
0.6438839302420734
0.5418772278787836
0.4321598411768647
0.6686102235237609
0.46255418742694915
0.40641112526904977
0.7015316749117941
0.32418076475669017
0.5344472748940862
0.5625896412744269
0.2297455505708934
0.5819941687539903
0.6109679609571758
0.6005211970485305
0.41803950847659455
0.6869936554829417
0.38134269175162505
0.5866426474551258
0.49216566123115074
0.6066337992023271
0.3890115660975314
0.6878720381655
0.5991041966713704
0.8040680722064183
0.13108262325535994
0.17871931986408562
0.3639003880520327
0.6105688281099735
0.8384829495945681
0.24756781836034103
0.42445972665197645
0.4320975715713003
0.5145449257096715
0.6166091598035821
0.8552602750525101
0.46224888898907723
0.6636836703362059
0.08512346610661235
0.37995401104120563
0.66280508430116
0.29287496573914296
0.4784131476658667
0.7645322997911808
0.2429802402874694
0.21556151203884702
0.37205721278399745
0.34098953178530533
0.38015189712508146
0.6076054187135946
0.5317780772108228
0.6852884949995857
0.1636196852681561
0.19968223545151664
0.40780995260663727
0.774348455936413
0.07887249224686936
0.13055075415612058
0.09200532052919808
0.2818200449683925
0.15655895953206822
0.37760418291251163
0.5624797646186129
0.6028972650000728
0.5363790402013963
0.4932709864014524
0.6203392393976636
0.28435919756958977
0.6651788790533897
0.40076970462722145
0.7068871803929182
0.23812866682152614
0.4057538496876769
0.6924928258990093
0.5284799448165788
0.7466983893695351
0.3402692854349849
0.3773126806827309
0.24549735285762483
0.32981389774892145
0.3266788375467066
0.7905308106339537
0.7888409003381381
0.7615575654017196
0.5112205425764063
0.5914660675081005
0.5910848368766782
0.337245163644294
0.48599112455249166
0.09268204646823626
0.44617672712784545
0.5835338047042061
0.6074557736583661
0.22975484060754905
0.4410935607999929
0.7913257112259432
0.16915366749524577
0.2824253240685394
0.2473498373204768
0.6117455148658755
0.5224176701583866
0.7415195574969302
0.538510734839959
0.7222574742771388
0.3125782435489527
0.35060989234577145
0.6259609355417812
0.8822537732676187
0.47383252875417525
0.5965627087507903
0.612033643659202
0.2546597373545424
0.5743198883316353
0.3236275725560526
0.4754426815139724
0.6904194685761826
0.3210784504693757
0.5589714235181525
0.3942157766188243
0.6419946008562111
0.15475246991843047
0.3722062171699502
0.7547717239380323
0.37824773120783883
0.7220605187585024
0.8493165652314989
0.360816223907608
0.43951703737367354
0.4899192444222921
0.7841611364434802
0.19738184986149032
0.3082377833038077
0.4654567589267494
0.6150666275593764
0.14374995264065163
0.4422056646835663
0.8487061869637779
0.5163179830422031
0.7218074182234705
0.8165785626871908
0.43097600663784263
0.2498962936803721
0.5483573370844601
0.2702216566585015
0.521190542763728
0.5762998403928302
0.6157979927605969
0.1830390130110973
0.5217842886125559
0.47646114671890005
0.7278949690228204
0.07254915304273506
0.34032091337137427
0.5301003091675839
0.7855626184751047
0.31444833304640646
0.166950934434113
0.17103314913986117
0.3329941426425367
0.5809782017123212
0.5340680430284115
0.6104052678367249
0.3313192017932713
0.7104077001895703
0.6236228431965821
0.8092094122904138
0.4525613837664081
0.5614224693427237
0.3456965334877064
0.636481314513171
0.2998767541605399
0.22014788582814596
0.5223423831548468
0.2042031782599376
0.542192254430919
0.3171188767282934
0.4903716726583781
0.24675604536548243
0.7381106835249923
0.683102149316593
0.8712559999633643
0.5076449616925254
0.9379227733195614
0.5441329870532946
0.841106585440618
0.32322034619342555
0.316602551684322
0.605710285542278
0.34744203803402435
0.44462103211440307
0.6918336401446792
0.2494656192147885
0.23134671963635253
0.05204665023029445
0.15084206718085408
0.37264502104537955
0.668251453728574
0.5109148811476059
0.6148052410803542
0.38176022635680695
0.5427069664246352
0.562989480710735
0.7095781920962282
0.47743194368366587
0.6396024338530225
0.38362421336864283
0.6833950372069341
0.3945804809187606
0.7039793523512873
0.5689818171595712
0.8102242898250315
0.4851289503152739
0.7416780026551467
0.45981629889806047
0.6863323232683181
0.2641249515013607
0.28652814320743747
0.42742563108747206
0.8127906421476371
0.2498826961499707
0.5138378910003275
0.574449932953894
0.7134317526837296
0.6081114587015446
0.3877575034827714
0.5777519737595972
0.2614819200187
0.3900162443303025
0.5080665795263458
0.7606335326292342
0.2651511341086562
0.34711835251279344
0.28255783943423374
0.17507615210057395
0.2690835937822473
0.6982183177102989
0.4734095171665666
0.6791599044081549
0.3235912147638354
0.32732686176576065
0.4558875559883418
0.5562986282742681
0.3980985375992892
0.7406524026668061
0.24964154709560557
0.45865352402196224
0.5458934384648644
0.5326405305597188
0.49748027853878013
0.5753987777300438
0.6032144237338659
0.5301810526407806
0.6483551662024949
0.48642893966683687
0.7086508555615908
0.1268731188910531
0.20716105695543346
0.23782670166359302
0.5504178582789538
0.4828654199407245
0.8151632758577948
0.5716182915006791
0.8109003382758581
0.6362776372474811
0.7143186634226197
0.7859494669300217
0.6885300851851809
0.7673601299185473
0.6203521253493016
0.6882949976554086
0.482432615848165
0.8214498068765613
0.4761952625967781
0.5782463645230691
0.19959160425027248
0.27746765733918033
0.5434274771903076
0.33922505191319036
0.4066892224831281
0.3954088315558185
0.3739196798327733
0.6542418632494331
0.26284770661787915
0.6230753984753047
0.7600645191674255
0.5154404553633943
0.7369128379769195
0.20182330307821097
0.3059501230620243
0.3074806269127675
0.3865472318600938
0.707975659173166
0.7070644271168801
0.6936708190014194
0.6916263028453395
0.7862941026177845
0.2450559765758955
0.2551606115017415
0.7339557585446794
0.470547541545411
0.8243985473653239
0.2997322471725212
0.17766431622541895
0.5851802047306855
0.1288419061048398
0.07930242058545611
0.32565345928207723
0.595933981201152
0.09994252056967366
0.23241115198799403
0.6706386305697258
0.3540672525074675
0.6113702132436052
0.3041839514583148
0.5954777998410704
0.1812552270271485
0.4696712645812084
0.5746690768151945
0.2986313139693091
0.7547848992068406
0.3088150383786015
0.6130527380157057
0.41942526184985085
0.7224609304090941
0.36695724812093433
0.6350126346754484
0.5250672334637226
0.4313582889732032
0.7720422387735383
0.27160063840428056
0.2812186551576502
0.0765901005800323
0.2968660373535503
0.5192896475469163
0.556051576459876
0.29607889337515886
0.20020983033868658
0.41095826275894326
0.6270795593442396
0.1852726065143576
0.18650342512191806
0.21160103962426705
0.2271432875209299
0.32565804538296506
0.6539172411627837
0.2268833166831031
0.17558876533114465
0.24162825489083326
0.4756038484628149
0.47425616978241963
0.5271733396009516
0.6269043053551221
0.7135814995704449
0.6028031366475894
0.6342295700674749
0.5235414261458563
0.6844627551487061
0.18068273776124658
0.32557944266141375
0.504028020553218
0.542145035271769
0.7035536342849555
0.42111980970558427
0.7355421469423314
0.5114403316177415
0.7785583536054982
0.26950951319124067
0.3754610948774384
0.5907445894059706
0.15482420890787735
0.3189166848492847
0.6278339443958336
0.7142744166671077
0.33599110475124294
0.3764724393931078
0.6602603863241092
0.7963624534983855
0.33505573244956355
0.6108231236931274
0.64668121793838
0.5832301651948077
0.8026868215298756
0.5606375645047106
0.7933972731253844
0.6695048173770801
0.6564074404454482
0.47555893431130797
0.6338112727770234
0.23396568485852232
0.37427672362255815
0.769094298106731
0.5209709223706699
0.6283534530344292
0.3445418751235344
0.7965120795921601
0.1981880835405292
0.2778513493389289
0.22315590230636884
0.16867181670736023
0.23226231256267782
0.4721350092190051
0.7884220927679919
0.3304520032627704
0.3358824586560182
0.4962001759951019
0.6611988642259897
0.5289016994597662
0.7804145382134862
0.3934036626648838
0.60289511202034
0.14236849130066337
0.41740984675137827
0.4773655825116649
0.2942174036124067
0.6948835566907923
0.31653824959885907
0.3314766393359031
0.18489143098052374
0.15409129131799956
0.18985661809244644
0.1847540161632428
0.3815432708424249
0.44516930860905296
0.7908512341381511
0.17242259615349503
0.2609484292159746
0.22701222472606306
0.40096882256638394
0.5927788524607815
0.3845176443881327
0.5477090958275621
0.39178062576118045
0.6001068223110805
0.4793968569921894
0.5849752403550268
0.05772109694812507
0.24800668523341013
0.3620112612796732
0.7662579655006818
0.29741218114327794
0.3382642385013773
0.292098544703746
0.5141456121513255
0.807777337634898
0.38992946493940067
0.4303214600576692
0.6744714810070167
0.2909118892894076
0.5851725361160156
0.8445772335649787
0.4124792328408
0.49096866135612566
0.8112910410273426
0.4540427387372055
0.379554561816459
0.6159102007836049
0.33132824340428874
0.4023630524338238
0.5580018274009377
0.6983544437233571
0.6452522735875822
0.6717463426228747
0.253732098661711
0.2513694717058071
0.2248722220322399
0.14817276973820273
0.5262702476643708
0.667523762698729
0.4803144869328502
0.7074489073587744
0.3708776291125573
0.5305251718614794
0.8093376302114439
0.15216848940298489
0.18167146648451787
0.20753726882343282
0.2661871935326646
0.20366465935694356
0.3066292772003488
0.6889591721620215
0.37205476659230885
0.665819694127932
0.36432660340061357
0.5348481157412803
0.7188610668989341
0.2568241745834721
0.3902316882520675
0.5896813522331366
0.32847979370195346
0.43056280509421696
0.6413811659057768
0.24099190865029424
0.7219643498100144
0.24161128325871015
0.4437430265191789
0.8362804662177513
0.4070862422691186
0.5208562680690798
0.7511192969426181
0.4302661047267819
0.7899566888807678
0.40403381140563605
0.6393968128269788
0.7680256476796499
0.09100934747429382
0.23044985416748687
0.30930281097921725
0.4494653949415894
0.6532780585908017
0.35274130397733455
0.5702973749180572
0.6919055914205714
0.4414763657253606
0.7135725137795422
0.3912413510786248
0.5675134294106677
0.6921999296501906
0.27624993419059796
0.45267218418409666
0.6456732920548408
0.22229092211646495
0.5179656989297869
0.8302392993929709
0.2676528164643016
0.1647771309946915
0.24511004183419022
0.2254810755697278
0.3136953346294483
0.24645143698216115
0.14971498423362625
0.23879817930343572
0.28296167613866247
0.36694887693126077
0.5080724072454214
0.6704979244029445
0.6303816644460412
0.6675913808421656
0.39893968091554205
0.4990473583526957
0.7326747884533911
0.07202570520804219
0.03717314044615175
0.24810852253406585
0.44288506814245704
0.4152462719335498
0.6299870250915204
0.3136886156125461
0.6519199394928438
0.3719882589652443
0.47876237983012176
0.6932159967360283
0.6158010572534778
0.7458313430022089
0.5050739912261182
0.6695885054006903
0.5031126390142628
0.8584055425857811
0.2493274592154901
0.4836744952519363
0.5774972326878425
0.786412397375956
0.2581913370017437
0.17846448269185036
0.2959584993541065
0.5280929742137365
0.6868788195942591
0.7960359988262127
0.45163929295872673
0.42714366546353777
0.16974516952239693
0.5525146961747937
0.4220007396562171
0.7914862282510384
0.17102591044607848
0.24557652866736177
0.49373252598001893
0.5837188654134968
0.6825520008876407
0.530658794904036
0.7482780674376452
0.43806921436317847
0.569823118370239
0.5844043443485898
0.1060788838469097
0.17337596518029383
0.42013315087372466
0.3852114260185409
0.3060164200681461
0.24976948507202718
0.22803285054579386
0.6237012305937497
0.5100568265213882
0.3117890188795281
0.6484976786096266
0.1332551908061928
0.153798368735225
0.22692091939440256
0.14602375423189187
0.15449911684205023
0.5137809595491195
0.6822953953641689
0.3013196908608193
0.5896777485359237
0.34092625701276896
0.4286750126514459
0.6255809428046687
0.34775339187599513
0.7651036435547279
0.27279384575064275
0.22214552795074022
0.2695525538853077
0.07716841733947113
0.23777533994006925
0.25444617258124486
0.05493438571357269
0.1932295852549839
0.5423718203637758
0.6959659081013534
0.3483592784148713
0.6574329202464725
0.0
0.3139468704823699
0.7146335015242149
0.36373925992117967
0.21557338054425038
0.4467504852046497
0.7972069377248067
0.3105371002744183
0.26130084047538904
0.3987663937406231
0.5158468406386072
0.7694523428291218
0.3702144844216876
0.3192269871035006
0.5254515984652081
0.7181886824032578
0.5218684954228693
0.55586409667398
0.13397367258853368
0.3851284782848941
0.4713109344951353
0.05398212301133903
0.3734098909285722
0.5234934038420302
0.3093645603942287
0.6985052793052524
0.12941539107116204
0.337437971543515
0.5874849052433625
0.3101618779483163
0.30904300716060273
0.5200337214660801
0.8216972966220513
0.29786589449817685
0.5376177839088163
0.25626361569871253
0.5843155357109353
0.21138049606604511
0.3827385293677799
0.2583051184585744
0.3791396820451036
0.8407507128589818
0.5949025191755494
0.7057603488486824
0.850114499886066
0.3745240708758087
0.6559153400285167
0.7635042836822395
0.20685656609659564
0.2537672667881578
0.3483698621603399
0.6329165655838641
0.24819076433679166
0.6087770638976387
0.3413648005152955
0.7198178844721115
0.514374346662736
0.7924122647876626
0.38027074349446105
0.44835553835735176
0.8725003491983597
0.2539120596873047
0.40341159224937784
0.4216603970667428
0.6147816566959826
0.7880978676058121
0.2496612296674113
0.18402752433263686
0.41247825162407636
0.23968781130017136
0.5795844239362716
0.24595914622937456
0.514516453886698
0.40996314999628636
0.6571901164245957
0.4485725353855584
0.8726776170637442
0.46257795095397547
0.6395008466655683
0.7593088043248738
0.19624138350800063
0.29303012694759856
0.26695524373822094
0.6815968952594479
0.2914133771115178
0.6784357923637737
0.589655223833752
0.6333000722535349
0.43862751862153776
0.6018113899120047
0.23821234694568483
0.6365949262763847
0.7874249013713588
0.46062301239510833
0.7952516274190311
0.2729098147860535
0.3980010462254519
0.6893446980295794
0.2759088829542176
0.2046614107598438
0.5250676660188328
0.7045671023258437
0.133582724642241
0.41342010556818504
0.8230975294876968
0.22709788491354863
0.2813282899853288
0.15219292895751643
0.09958800182155984
0.36251428379211925
0.62398147368069
0.47826642873790637
0.4952690444866876
0.1241548450899576
0.31445418932220237
0.7011066079737329
0.36517827053038193
0.6954570376224001
0.8206014219738582
0.40046983273579806
0.5509690124749409
0.5725475699286925
0.5804172969679301
0.8570957147828914
0.5754207590551881
0.9945927151467147
0.42973717969986686
0.6925169578079009
0.7947961750858923
0.5606805919004278
0.7364267840367043
0.3101787381336309
0.2730259286363515
0.4245099324993908
0.6961053972067449
0.13893890209943754
0.20365954418578214
0.3120429931751983
0.3098156108613789
0.5846236574401072
0.3943860464639229
0.40014666780254854
0.4541375167926284
0.7345452916571117
0.2192392312540458
0.14026694939374595
0.1942918791668764
0.4290676872400478
0.41481377631256183
0.7468935796056403
0.34880565609473896
0.6973912441415111
0.7545153975802189
0.5048950695935094
0.6637983031391383
0.49714480577174697
0.5371255947568718
0.48123417271670466
0.6602235207863145
0.2217700443802829
0.33175595879996206
0.3872890463740949
0.7153346024135346
0.6156922685503504
0.6602783768527869
0.37505208701398063
0.6035605450117925
0.19726910471882853
0.27154027866024255
0.22416463606670226
0.3286175287989745
0.7618448088977728
0.4249560687871381
0.6938678747343017
0.21139544284876144
0.29211095658263425
0.6140679099832669
0.618697208603719
0.502791225405045
0.7001508629329632
0.1936686669048072
0.2638422301496812
0.4750545169113466
0.6331517066035784
0.280217299443498
0.714281236750466
0.8076627995111312
0.5856354072661768
0.5322511897798481
0.7128947266479418
0.47162974080120557
0.6782309333391712
0.30503329605628965
0.5850618255989825
0.1855729703915472
0.46173697520119145
0.7316917641332555
0.20612237379759785
0.1333409950749023
0.27485781197022796
0.3644357685397827
0.5976291731335494
0.550325454893187
0.3526405820705884
0.512405217988207
0.5855405286722993
0.781117259199847
0.30937645614935083
0.45525425093187094
0.7167493012811724
0.5107673869400646
0.7466499075580573
0.16585683941120463
0.15827373514911533
0.3796772479103346
0.5386609482508543
0.450253086493905
0.6830742353206883
0.3471527313840825
0.4629081621237447
0.7293540803446098
0.4594578272567853
0.8012181477842224
0.47179633050958036
0.648839440545881
0.1888831043928855
0.30493821934710247
0.31280939821047793
0.562205838567694
0.5308152010008966
0.655348840538498
0.3327585760144883
0.6088305132118709
0.2845873680855298
0.7892202270259986
0.500302236714465
0.7294089279623563
0.44703617533317824
0.7442832671037013
0.5304373601273235
0.6981248072746016
0.5178424294575685
0.5855961576878087
0.6125222467503619
0.5450988281437914
0.805649286924364
0.3522104937111392
0.5773837277932924
0.7046551947352209
0.20028669786742614
0.24395207750147535
0.24704966862891978
0.5458186749784553
0.5248717846504682
0.41500650975019865
0.3160428349871747
0.6600287966924538
0.0982615604565227
0.2130978109043324
0.11593241815480092
0.3856321177143219
0.6448094835171302
0.5889215632759016
0.30043493646228164
0.4869669275566153
0.6013175378863556
0.6848148034205223
0.30378446555315936
0.30092964697472335
0.7305178595830237
0.657684437849556
0.774545003207543
0.3013427879416355
0.3790764094909172
0.5789579676601736
0.8055122772440996
0.26235118517269385
0.3867430345649453
0.31506694972554444
0.48530328727687516
0.8321271945336347
0.41595875575551716
0.8175367737795965
0.20492060665671694
0.3353523418235409
0.6757878725558019
0.4703736866166353
0.45624513386721066
0.6662078345263923
0.4636739152235007
0.7685752852295799
0.27067848094563857
0.08824315947983846
0.1796618786827023
0.2642773437581964
0.4296322803033968
0.5617054501977132
0.706387799679028
0.22084401050444288
0.18887273158634357
0.4958499258412376
0.2837676980594062
0.6143234451137257
0.08683259966038458
0.39021607625060306
0.8676206101061023
0.37016149783425745
0.2541079003491845
0.2881934952189695
0.4130934586467461
0.2784049155919731
0.4034922296578789
0.7491677551293976
0.2964323031352165
0.2760689602262224
0.6322370718197766
0.40316101022178014
0.6211557152059579
0.22217583749656528
0.31459737197072096
0.6127118951414607
0.7942484954055344
0.2985653540402947
0.28820218200670117
0.53034153921865
0.9119456485345355
0.3386371922476773
0.38351770674802155
0.3925155314841758
0.6506831339230456
0.6569548136358007
0.30075716253800927
0.27545686473007747
0.5930870453976856
0.5806616024052027
0.4767254992792294
0.6699853546558506
0.48390324584241334
0.6897403320340655
0.3033622793706435
0.39109117628415974
0.46162370346023784
0.7559529871197919
0.5061241738111217
0.8204309228169314
0.3242881076626282
0.3953611237480189
0.725280363821479
0.18237950363021974
0.1195290861941514
0.3871851468995559
0.6186612638104283
0.6421507489609171
0.7250305980414847
0.313421545135011
0.35404507307105265
0.5805645781097365
0.16788297841387342
0.35177259030281105
0.6226310096966887
0.5638551693928554
0.8109716537577369
0.32610207439367045
0.4571609692703954
0.634780188734138
0.2752116704857047
0.5173962412399398
0.8264941390784102
0.41971162916752724
0.3403693727907458
0.48662920765732304
0.7433032479430771
0.19009300189565068
0.40178164133573185
0.5879048095090665
0.3020150795023873
0.5587646014023787
0.8333953800181053
0.3597674015485294
0.4504587823052489
0.5474244105235525
0.35620502135203086
0.787810458462694
0.30323671920215417
0.3100012086065564
0.430291412698872
0.6717284010424718
0.4178201622266706
0.6063742016938188
0.13015111823864886
0.2939583441478519
0.37986084884770294
0.6881405758348161
0.6007269923966827
0.7011668885832181
0.4621578669790508
0.9097282579267899
0.37118852567229205
0.5067023704039718
0.7485461334225781
0.42943341510605393
0.6503679930038109
0.4072357868205141
0.687278928590874
0.6029033496835695
0.6757525349769038
0.16856366045098053
0.19385785038141062
0.41323602811433635
0.9005796250091607
0.6776841964971537
0.72817880832356
0.38510715598266054
0.5941638085894559
0.3220705828335003
0.6554294089812365
0.3485523922371077
0.33870282643709054
0.40664626825160843
0.7484195658986242
0.20851481634712782
0.3140632824220805
0.5014881196906464
0.7866524141308339
0.3317368001124077
0.5845270714688069
0.7580673580443483
0.36009124476944715
0.5092116045871545
0.7214177867918149
0.3643371617424314
0.2946504712140394
0.4130503523690755
0.575209538212658
0.37719203979464044
0.7813082997074579
0.15077770972323168
0.18777736082114146
0.5307283981291081
0.8734794381569851
0.7293099679997107
0.7791502505441334
0.24411055970583387
0.367671502116639
0.5418453697313104
0.7107763465278091
0.422562370817334
0.6827849994016035
0.7568679943454684
0.41155016787098414
0.6190577263911722
0.4231710202414153
0.7085293605287847
0.21703835546981098
0.3798063525932008
0.6060326336797714
0.32395882686567506
0.7521316508991043
0.24774371248092372
0.30958173231862146
0.6440689635079219
0.3479981655039719
0.6565432833511052
0.10666057356119826
0.5260463686095156
0.6390438842507001
0.26932662995939277
0.1991662841041539
0.3517830772132175
0.24665143065749023
0.1518868447555418
0.3807019792771163
0.6311888833320912
0.1682227586742452
0.19354739901077064
0.3768646464858262
0.6868144978593625
0.7681725087754745
0.39338665438904286
0.8288430133071566
0.3297021890028065
0.6573384278569199
0.6076301601904706
0.6634523006803501
0.4424208624988883
0.8475893180792392
0.5479393360899957
0.7261120476826138
0.39649095041263993
0.631608953134311
0.7707177229792723
0.44326015658977413
0.6600623963720623
0.6883827868238246
0.601775872964258
0.5357588440464996
0.6871257687816965
0.4246824441444134
0.6407348014590446
0.1610248293122733
0.29940794339350213
0.351651155561665
0.6088362371702886
0.6812153806911148
0.6646238140815502
0.496188729805068
0.6592275863756789
0.3212342081987567
0.6208142136607618
0.3866634433927072
0.6526669806992511
0.3873352603475333
0.3920683723361784
0.6546959456024409
0.6387296663358811
0.807095518823122
0.6251235828798161
0.4539237786284245
0.1505295783714852
0.5758301661658728
0.3238905080541969
0.5288705659256531
0.5862989748116346
0.5687155593884058
0.7078108154361064
0.2954004666673504
0.24983719332684026
0.29476070367469415
0.26478031245834077
0.2350713880124815
0.21190261336782923
0.21773144237919853
0.3723794981572185
0.7363522710491979
0.5555337293510627
0.8935589643628983
0.6008945536470829
0.48377760399253095
0.7943230719187534
0.39231250281540203
0.6152609908593384
0.042753357586231173
0.1412873526291026
0.19838650414386616
0.44279545616781807
0.7715562023791487
0.22731815551390344
0.5719393487792857
0.3687667024634259
0.7140980513586291
0.5356218381002329
0.7668564735836035
0.1748762326806332
0.056984433188122886
0.24642234470513194
0.41440891159002485
0.5618233804790898
0.4353887400308506
0.7218378993928846
0.14898223973515132
0.23307742778431534
0.1849386430097043
0.20464882406330906
0.27040547807631654
0.3923950784044966
0.7417245454202588
0.3021543811795173
0.38022470811326003
0.609341078688866
0.1230375609784972
0.30410891096474624
0.3594672106893379
0.5493746919328165
0.8409953894568307
0.12452020750876108
0.07647175559142237
0.05278737718546031
0.10701876368584513
0.09503237062159423
0.09040315163790859
0.32657978142880834
0.6028721032989325
0.1596960412271193
0.23280293941888455
0.28924165446983435
0.36898640574513303
0.3900482918859681
0.48023964603962505
0.8052140033550906
0.43452102064134174
0.3337642463099032
0.21556789803576717
0.45598506796084415
0.5127699189210949
0.5677493749501502
0.5354432786493044
0.5645109180417548
0.825841843307692
0.34555264287073617
0.2734663366127854
0.5562932068883454
0.5876716942376454
0.5392307671584069
0.6832691281673255
0.12825122125534852
0.30490751212578737
0.6621444802645455
0.46047872856353544
0.6490743134563622
0.3123806640868259
0.7850870968776265
0.806163031448877
0.6847976876463292
0.4668155898585768
0.6112579259266563
0.40638921934812156
0.4830622463470513
0.5425039884269985
0.3867495965683246
0.6052704477882289
0.3539327329358156
0.6446154614000976
0.28088001540464225
0.36636051086724825
