0.514962169423515
0.6346038480601547
0.3894980084225063
0.7122158436281305
0.5287322544834545
0.7248433200310003
0.27094715261140107
0.49232885043466296
0.7036225645851559
0.32253494766242724
0.4151760392077988
0.5358162521437793
0.37860289463502833
0.6757287029355077
0.21856762051498513
0.38392028296454683
0.4914440758389226
0.588787308180301
0.2851317027205588
0.24999440684510654
0.3964236494663896
0.52083986744934
0.5887939114551701
0.6032961823096976
0.4441476859453973
0.8002025986259137
0.21179516241152546
0.33285909345285375
0.48118886273275957
0.45910241001656144
0.7358719034854122
0.4149748400324823
0.2010442371647089
0.3340658162512115
0.36602960213582675
0.4763124030840318
0.5740661755188691
0.5249462216953673
0.7053729791885471
0.08609702043101236
0.2593134340058927
0.21725027828714197
0.3133552611786173
0.567303997127472
1.0
0.4604094875303076
0.41629252929814203
0.6871081500513772
0.4952950235399265
0.6198175041684372
0.8317551019749406
0.26992338137205246
0.2892184357197292
0.4884038380290773
0.5314915496918197
0.5113601615086483
0.6286617960419162
0.47408874214135405
0.7136433466847675
0.5648207348085845
0.7321099022206436
0.4701743931650355
0.3258112590194351
0.5161262311946864
0.7390253740784984
0.3692653589106923
0.727912566622324
0.5524533130363245
0.6652233644259266
0.23017575452857333
0.14893244314057058
0.3585461873667933
0.6386655870552161
0.7163164029145307
0.32231014196421526
0.6332503843938856
0.4826047764577771
0.6224223806282968
0.3191704609426733
0.4079658354045737
0.653711953853364
0.31555699646442364
0.5278253084286966
0.6862683143271319
0.35235028098201443
0.6529927316197919
0.3828112481777189
0.5870566903968015
0.5478485805957336
0.7581155583880377
0.27704324050795104
0.3288124831509434
0.6823026374082021
0.16942981801437673
0.13842114604512354
0.22552251868525677
0.4911871698961429
0.7702103342338268
0.3241737033736368
0.5065467624232903
0.46192052641515174
0.49228526748060697
0.6475212311513172
0.45542632959809
0.6409248173204175
0.6406432252281761
0.7984454224927251
0.3513432317865551
0.3995383115607151
0.6555369860245467
0.5418084720127866
0.6771264860145166
0.5361389468287897
0.6641014379143724
0.6931743616727183
0.30468421866103557
0.5702748471982138
0.4507311319220402
0.7031419814044179
0.46693806095910384
0.48325603554866686
0.7668850632475298
0.22891683220712877
0.265321187453888
0.30827066956427635
0.35945625547807625
0.6616914761949584
0.47046350723061053
0.7964928074151453
0.8182809668836829
0.6016598701068152
0.6110945368019514
0.3266930484165295
0.6694151136146794
0.280410260290599
0.17567784535760378
0.23049621387835648
0.3363153868816927
0.44497175518747273
0.6850978984285946
0.8713778251164771
0.2128497682644295
0.18374934020549794
0.24829683242592798
0.365086588287045
0.6896401832534538
0.7047222352822515
0.5572846990388362
0.6489556848096096
0.44657563504484277
0.7332882880408411
0.3719368114184314
0.5424811249045642
0.6048392119888518
0.16128835022715826
0.15073180389392252
0.33438837106265823
0.5429161040343574
0.450030654171174
0.7783018811728919
0.30752064846222715
0.45050529123292127
0.7165725446900116
0.7715203507774936
0.6754884762773078
0.922881233254595
0.4470006274535597
0.5615026441855963
0.6409203781352344
0.3086258109541783
0.6625183812740987
0.7107129320705576
0.6323170106686677
0.5804130833832348
0.764021027649466
0.7546950572335939
0.7558090181686253
0.6066745992038023
0.6803743761122101
0.7108282495408187
0.6433610132435479
0.20820758916381776
0.5415640819885468
0.8079095174766688
0.21270052792098734
0.3932664073371324
0.5908183990990912
0.6478888128898974
0.6588141718834493
0.4604093345535314
0.6330785260784383
0.5774207978556013
0.8873330690633162
0.4420992725369827
0.5372644355402593
0.6836532073969042
0.1957035762488276
0.4978640253374821
0.6661797890463844
0.2740136990307465
0.29658185288120564
0.2468843578651336
0.4593992369681277
0.758802503908028
0.7861798716510694
0.7906041024853279
0.6137915694882456
0.778842609750081
0.42692401384437034
0.6110152365985096
0.6572183092096057
0.40460410414881914
0.8411117530710525
0.42052574197551346
0.4873530511803958
0.7580411180326878
0.4776391884704453
0.75547617678739
0.3634970969803598
0.444985827848511
0.331911564270918
0.2134194619505105
0.14848824079792747
0.38352068162991715
0.6406046868326707
0.1952877793746715
0.16211695533343923
0.24262674059140107
0.36527726112990255
0.5885743517858167
0.5341763557648025
0.7026392004357587
0.5264265188356472
0.8097834688944392
0.39973568945265053
0.5344353249436752
0.7280140319485626
0.3495246651642499
0.6821214117754866
0.6309922738381467
0.37101868476379457
0.6293313691187058
0.32364916345050926
0.5925774172382046
0.2681403390937819
0.3307577608313451
0.4210820157706072
0.6676023785806443
0.7563262216547836
0.33355023113977544
0.3540692856949112
0.40202938220867346
0.719450554659536
0.3898802954136427
0.62227477971722
0.7717493992262809
0.667749361827003
0.4047550836142747
0.8117548727831209
0.4353226828724893
0.6412510237934859
0.1573520702176658
0.38472088651122227
0.5001445230816425
0.7648594675569981
0.2848210577557052
0.29286939483938634
0.5122691432580317
0.5530297805688489
0.660942696684225
0.5950330849071999
0.6684383238708407
0.31829622146706016
0.5006460184085155
0.6324519435941169
0.7496522463926497
0.39175380702550827
0.42160694962179834
0.4989230677244839
0.4502423103211999
0.6358188776507201
0.4961122382596547
0.793735604043525
0.2562796217450765
0.18384417921835097
0.35657859686977156
0.3397511101208701
0.3477633673101744
0.6125916410190436
0.7542254383767596
0.4746934029838409
0.4505856381993773
0.69984193911591
0.3148699257957248
0.4716940635992687
0.36417451292807546
0.35366452279676586
0.5862038353294208
0.6002252513876227
0.6534420397290926
0.44251204924012233
0.7669974731033471
0.8013631863463158
0.5986635869352638
0.603971136829899
0.6291936222035821
0.26034461677836546
0.37552382686359287
0.40429206713774324
0.40263397780455645
0.7565282584672551
0.4455938641843935
0.6507966613759906
0.7155789590225139
0.40923322579259525
0.8298788924913472
0.31852931133864376
0.30220016187852583
0.34698236199728294
0.5041080267405718
0.7435216123192553
0.1760086361519357
0.2342149293550547
0.3669017654791096
0.5829113515511063
0.7239153493787944
0.3696154279582725
0.4935040835513534
0.48314663639014965
0.6739015290323508
0.7038873594134327
0.501088452370421
0.7674108495229864
0.4887011431921734
0.7703333211162442
0.20385176169061192
0.37546500690468076
0.4983937345419907
0.26058247615449065
0.513060850468366
0.7109007033160771
0.4993228074554894
0.8000708932221093
0.5985031025994046
0.5825844727368236
0.6430913605972829
0.6860881590808408
0.9119467145187694
0.49025173274429895
0.6594810267987911
0.48913816045390085
0.7999865490604314
0.23655631993347087
0.3117912754335447
0.3402569819860283
0.5063563983185421
0.6300946147681558
0.6171770237437714
0.700920482506647
0.40783089977170406
0.5383922368155424
0.7092345337853028
0.5189362924658196
0.7125826157799935
0.4562983402186637
0.5433166602369661
0.7501154056965164
0.5400740525019119
0.7212928992284071
0.33562911105755006
0.4723139788360735
0.8831402694965836
0.370408535350266
0.5360751753032417
0.40029805983038114
0.5877651436947562
0.14597004318586923
0.1790448990363804
0.3974478582626379
0.7184142914341675
0.03326915967919536
0.004264243004415971
0.056617232757067745
0.24177203075657142
0.5111389889133454
0.5363492147134402
0.6642525572356466
0.45288140117767894
0.6793631889259941
0.36324887245671866
0.5643091821007118
0.7738953937899906
0.4135515245955807
0.7220558893868108
0.577719507837838
0.7681691756132001
0.5297471679927243
0.7743624861697691
0.7080415505992443
0.7886772740005548
0.6459305759082409
0.7726850808185631
0.393044650128259
0.6301842455130651
0.6550191960027518
0.6615569542670395
0.5857484124029579
0.7652996850442905
0.36840913372334305
0.42242034204160805
0.8589922430768799
0.3278907621812903
0.45738747997463536
0.6218914963258076
0.5138536248126253
0.6106241947819291
0.19376530925440194
0.3038940385386476
0.290046354815749
0.36263257756376954
0.5925659275020521
0.8180714386191825
0.4149009432716196
0.34491116515482245
0.4368968716163164
0.4812349869825755
0.3767110399471584
0.6023420315055357
0.2795702293581206
0.5226461856999797
0.8101003840935754
0.2294306863808678
0.18357332653140898
0.32050001885523527
0.25116095880109157
0.643741556741589
0.7155725001438469
0.38515632021867363
0.8250714298101282
0.3030794246647628
0.3777868890174195
0.6887436300037191
0.5842631141040412
0.4102459232554349
0.7330521239590291
0.26894489906291824
0.25255695538947986
0.2888760875558551
0.39420424136039184
0.7843052631663266
0.6755290195082833
0.5524302936469416
0.7837880216570634
0.2956206108783856
0.4223003385325046
0.7532461469017472
0.6643970144091889
0.5094244067982575
0.4516269741031461
0.2991260588287723
0.538491716169432
0.5966721588002553
0.6620458529438491
0.5365924042421749
0.8040360844709651
0.3523139908646712
0.24991136018058857
0.4709784903336268
0.6162249784077319
0.27028324012212834
0.33040293936847176
0.3454292451416002
0.608841654275451
0.13018700093738939
0.13078341156945558
0.17621379852924207
0.18309423250545578
0.4509119070595683
0.7211683732137695
0.32890657806760093
0.4590170982683445
0.6691227188081296
0.5892828129581773
0.8823831947232328
0.39926752846804814
0.4422524382042048
0.5142921046540477
0.8218929700883528
0.5329439515641671
0.6439064222958115
0.8332775805535985
0.5356693213088033
0.7565792693311172
0.906580652806726
0.4668550934664279
0.4691591456167407
0.5798512759634851
0.755206654121435
0.28692892191332137
0.15938470430931284
0.4656467088022989
0.2863111139673685
0.6372250773417644
0.2244614211327471
0.3035718183199864
0.5825815012523394
0.2897236539038842
0.45907413441419903
0.7585074018102669
0.5862631541385405
0.9118110748732493
0.42758995604114275
0.43892676378987544
0.5782862505993068
0.5616331376304882
0.7274134616200634
0.26802276173944695
0.4596593498713937
0.6743933644552998
0.25117175630543664
0.3610545446620689
0.5765276884224199
0.28821810673065407
0.6092007516213258
0.5813433556622681
0.5855135127831119
0.7906205911661816
0.36230686951485586
0.40679692942907814
0.8087273071483316
0.5231282962627822
0.6800386108087029
0.8372248598586922
0.3771835787948599
0.5033410464946617
0.7217943163103319
0.33098179907671954
0.5047836906452269
0.5167709651976932
0.3213438875451014
0.6551091784893867
0.22356370545996193
0.12161616733251243
0.24784217154554247
0.4070572418457615
0.7053848444894929
0.26983271358751454
0.28531482392476304
0.6067829337594812
0.4064608839952142
0.5785295823027437
0.5112125712069095
0.6182404683171895
0.5825698038933317
0.8328286640924188
0.42190761429043594
0.43194504177604287
0.6158692528983678
0.3257172251670543
0.6337144197502144
0.2377417043858865
0.5824842143510772
0.9848755885758037
0.4746047775036186
0.4345581359057153
0.5727645599590484
0.7129379311332454
0.3153013125536404
0.179992721205716
0.26195750756528857
0.5007066663331893
0.5731521788936446
0.5388536473336732
0.9063554521939391
0.5456358825585281
0.7791826646177624
0.6530852084585096
0.4459478582574657
0.7942383428342252
0.24957462255527457
0.22385763871372233
0.3039483774490846
0.33658519052501795
0.5474232120156315
0.7170815630624995
0.42557528208619616
0.5836538860506216
0.5348071814036569
0.6499518054699991
0.5862454855848483
0.6470925247157553
0.2716673184561628
0.6623344547008678
0.42294679054482914
0.6511998635024281
0.3481792729194965
0.7386252614364966
0.45561886317563155
0.761207234243136
0.39651994601557194
0.5501515189620716
0.7103987141878839
0.14459023703164076
0.30905056526975366
0.3295993382779236
0.5734998795458317
0.5517578060411185
0.6567611992544808
0.6503951161436842
0.7829992601803617
0.23549335775660415
0.19453356880355022
0.1630846897226752
0.1728479497723493
0.2444693313870618
0.4024264888813413
0.4205877615661418
0.5476832349058445
0.2519332134487287
0.3662700245941301
0.571726214075379
0.47315849432760415
0.5605118619404753
0.08954263776420578
0.2811682882163428
0.6420745820779109
0.7668186212665825
0.20022208749136391
0.4193103178796669
0.7103304166859616
0.3841271086381363
0.31739619408287595
0.24495947036915636
0.3927570800337658
0.7834752434990546
0.4234094825635726
0.6736328425991144
0.5070381218297051
0.6699597389438342
0.14479943196716483
0.3379009412666882
0.6826150583361233
0.34978242688731065
0.38511915073231034
0.6739838495013808
0.5724825876109745
0.3894125464929462
0.664701437591165
0.574925835482954
0.6447607614035515
0.5437318071897984
0.7463217072712641
0.3014264228840027
0.5586605844203556
0.7376333540527557
0.6751612190965038
0.7297300121903344
0.7200009625575944
0.5427134052529565
0.6984524897208553
0.6125606895928977
0.7867721688908036
0.35026112887176686
0.2523325571100624
0.2274642420272971
0.3414914599875516
0.6440971626608597
0.24051939031394765
0.5643483278333187
0.44667431729915774
0.5716115170744231
0.3745265541459633
0.6542461381999012
0.24387330826097225
0.3363751266882596
0.40079454771789214
0.6877018265365659
0.43025431991370805
0.664628866769754
0.21428199976748366
0.18511709180729108
0.2137346891835136
0.3102612142897042
0.43991680765408964
0.6396273687418237
0.03408737234608614
0.060236576322286545
0.18900423162938906
0.18255165930861983
0.3451865151381747
0.429613724684664
0.6330430728996633
0.811704835889028
0.6370583953803118
0.69437367813243
0.6452807779773824
0.7714851641324311
0.4239546297444593
0.4120165443573776
0.43022185044848055
0.5231750102821076
0.5836177725634046
0.7003585827704326
0.49845018827512044
0.6960705948638113
0.29783333389591915
0.20791758290806256
0.2874697232894439
0.5436934235964378
0.8352101190643716
0.2484523566681368
0.29474272624602427
0.4916287714928359
0.6989141565194963
0.289167475217528
0.2852438203690872
0.4786869854441938
0.6409713727036059
0.7676388280626628
0.49888795395516866
0.5866191490014641
0.08005304776705402
0.2317181033611796
0.4150643553923718
0.5984890212484868
0.3137252071270634
0.48720836252046784
0.7017724721374117
0.33131596203069263
0.6285671817614756
0.5454048618058683
0.8467715748991305
0.6141025289699797
0.883502103184066
0.5161754568270633
0.6180746048844271
0.8394296960697063
0.3502811095131344
0.5024065152648867
0.6316916029071478
0.3701003500359445
0.2497507138010955
0.5007444924560273
0.6192918089285513
0.5683961131882204
0.7052945563573622
0.5557378808212413
0.7338011625960363
0.30545278212217775
0.5238401814313169
0.8106009109959674
0.3196918433539335
0.6532101835184398
0.48199901158181957
0.6944978061271848
0.23546809558483614
0.41412623023297457
0.8469604186083501
0.6482191004424888
0.9277320709431974
0.31269429773218127
0.22938458893932753
0.17664143622443532
0.4810895346265529
0.6509524068514848
0.43839654175582166
0.6686048527340432
0.4823162794799896
0.42036315377365974
0.38949415995414866
0.393882691418138
0.6657894110271335
0.46719184049593493
0.8284655851281693
0.27346326658044023
0.38208069868560424
0.5270685398300716
0.7340649981131938
0.25409480793144423
0.2821314676592359
0.27372469741122646
0.3546006401699745
0.5417539469741911
0.6489412230148934
0.6629422234112202
0.26483155636745
0.39873470271522893
0.7740079577869737
0.41702878535050775
0.4028472022843672
0.5081139658494648
0.59824520630926
0.8492670702501479
0.27528630288576444
0.2982439407693257
0.40553767443620975
0.6994084495516948
0.12712177504473626
0.27973799231369784
0.45850325221747906
0.5531883722139197
0.4822451856757391
0.7441887250322332
0.24484701006317314
0.41272938807424464
0.7540554828348562
0.214727094826225
0.22617202977688847
0.34026839040567125
0.2182618104499586
0.29555343072798657
0.3477035815820895
0.5385633751667273
0.74173325194696
0.5160222057958178
0.7717192745465266
0.19324497189860934
0.2325338458774578
0.1426511818679397
0.5904527970844529
0.5796361685485799
0.3461312825613224
0.7049444834197045
0.391409453026057
0.48225727092017384
0.7394159798606487
0.5343690831430762
0.7883354533562011
0.6653756524040835
0.7635079213674736
0.5554745247070477
0.7302438464997286
0.2846121853732446
0.39510084504506465
0.40820977328488517
0.6220247647761076
0.38689191721311744
0.46712391632289363
0.8165147343948996
0.49690380021984626
0.7640084053951806
0.7957287285629372
0.673731103696198
0.581951919155075
0.45049123117773227
0.6513230904789833
0.3775209918930586
0.7745554425323842
0.6083470252754751
0.7832447845871638
0.2724281727721518
0.22060852625261718
0.2848359256162942
0.5415149958810863
0.8684694464564171
0.4448060065328887
0.44845205087125933
0.42560881221382213
0.6207847130289182
0.771381650420099
0.3280948451634891
0.3402978031464356
0.7604495641798321
0.628691722992578
0.857325388795886
0.19481616897561918
0.2175168362231857
0.2987440413237551
0.4139593240973863
0.3493130479038165
0.3565480423577413
0.6092763313619987
0.5683472456331071
0.4131874207666948
0.7195372420512405
0.21309481704754116
0.33750528345000164
0.5495908290407079
0.7090040356245629
0.39367454724544243
0.346501494502437
0.5703207199540937
0.637580836174003
0.7655587602412072
0.58638449287324
0.7611396794153267
0.5117682212153998
0.754581588755885
0.8338519990847949
0.801724691392317
0.6104809247761956
0.7488733344454681
0.13326941137360046
0.2557809419743866
0.6082024461752051
0.5516716561620352
0.7003856362672961
0.4680321817789906
0.7845494585647752
0.5339832244490057
0.8347797515435347
0.26115599337066897
0.44770144656907745
0.6906298646332433
0.8149637071717053
0.7061819508873861
0.8216170298290357
0.2646924749690239
0.4473713953796752
0.6071598978162984
0.5261987453617286
0.5423991565158205
0.34256371634907073
0.6490500300288629
0.31705150115502306
0.6029498925298032
0.5275210200584023
0.7805964456770922
0.550080934051804
0.8362435213455659
0.3758343051293377
0.616481045173868
0.7790976544245575
0.5654954315998328
0.7979342457555342
0.3193122111839984
0.3657326566275765
0.4255835865238221
0.4675093234338731
0.5264117834870534
0.6902892604328932
0.18000080568373508
0.34980986730497854
0.6767934678257644
0.21813527959980458
0.39571348250899907
0.4539086543820004
0.8054125515750357
0.5224511137144997
0.6240245577327477
0.6734769731371664
0.6171264676414023
0.776986015910631
0.4640734078206879
0.7271701494287899
0.5651929274216702
0.7354347555127497
0.2985013980656144
0.39852141658742046
0.7238632776605031
0.38563345571167823
0.6376795143753803
0.8840470971742713
0.3592405112415265
0.8308912986054866
0.5312907334089932
0.5944745456515067
0.8757946438534308
0.5014409831391341
0.7272760876199033
0.5485445321834147
0.882869442066857
0.6501493183593412
0.7593478826491906
0.3677990112916293
0.6803259279389923
0.6734188972952748
0.7103615889725958
0.523019600666878
0.5666860613413298
0.3661707856403764
0.6056087220885874
0.3587616305474678
0.6505536975467053
0.45010374523691926
0.655116761032397
0.14975623867035923
0.4498162450869331
0.4380376294645334
0.7237541889980225
0.49101116659025473
0.46486360083956113
0.7621945084517056
0.36724791030167303
0.6587891157490726
0.6289740580037664
0.756973535615263
0.3851406648603592
0.5228695124289318
0.18733625181137276
0.30566641756117
0.5721763030756383
0.38447634934501873
0.6137648852737221
0.5283194947614792
0.7373023321172157
0.28130402040500313
0.5653611254079348
0.6838426495614247
0.7085654113889462
0.19027858687715996
0.2813963402426525
0.2832965953694646
0.308753275801501
0.4625644653000344
0.8252823371183816
0.06204801348571949
0.2836438291146239
0.2644915185062323
0.28157240968192726
0.3350709682614158
0.6290566219251346
0.7083151970963438
0.23657267728706483
0.24994588542201607
0.46224561318362717
0.6681441895675412
0.1701009591704228
0.2079744747180864
0.5941437956263911
0.5638903317359749
0.7386338224521296
0.2595379914638787
0.44905733174306284
0.4964843234611386
0.6034170590955426
0.20936242531799243
0.38854115855188803
0.4838863858050342
0.4946947691967566
0.6394751674413489
0.2878705182834817
0.5990495652912559
0.7377051688506124
0.49048610652786734
0.7619692509251469
0.44533072234331517
0.5406227927648971
0.7772164522154126
0.22589924548626197
0.29059064378917454
0.514534287498601
0.8208797626934494
0.27212299318065464
0.1880537815554794
0.23033014540215535
0.3717421413964433
0.48416014118831135
0.6613141284011802
0.6498762513131253
0.5093109920273471
0.5840578544909218
0.288112828938398
0.7341706597765462
0.25125555194837884
0.2751919777881045
0.39821544642109574
0.45558971507586193
0.7526980646183462
0.32094847677474453
0.3724060870240861
0.7614517847816116
0.9297174756741573
0.3551962407449935
0.3831644261528935
0.17182995580601887
0.1010607840525427
0.27048871751412445
0.2890790398605628
0.5166457734599266
0.7724348513292119
0.10789299177189886
0.41606215409050223
0.6477414273773252
0.39494122664235043
0.724417373227883
0.2695824126359029
0.4554819506683735
0.7320014490524783
0.3220773651731742
0.3441898219214178
0.7193418504561994
0.1957795250718792
0.2746772225032665
0.34414630318320033
0.43710291124895434
0.6247969670914839
0.8602433769078036
0.6045892443510916
0.6922867717267817
0.48956183540714565
0.6031357237345806
0.23902126618375866
0.4312102741055171
0.6559102182737808
0.16318781618413927
0.3800056133521192
0.5903951155971248
0.4223389143879078
0.6921886675265209
0.3159694497983953
0.775220790946674
0.22552315834837072
0.4257765581196041
0.8136421086362555
0.6726002679215848
0.7983996944012218
0.6715399871829696
0.685423717656045
0.6693471925822106
0.7332590499380361
0.4759568756451956
0.7178096448876146
0.8000415868586959
0.33315623665532185
0.46415157121587985
0.8011871212594733
0.17959308944214405
0.3849013431742199
0.39947959088094326
0.5519252362292977
0.864501010576612
0.3578276650191107
0.2822185903025808
0.26375192167739464
0.2816482260486305
0.69966900746867
0.42191861770528183
0.6683456735667336
0.4058777425856471
0.6003824050961774
0.5741829732030227
0.6640091229373836
0.48044628128854905
0.7388383421187327
0.4173132188883111
0.6074164138486324
0.46311666891260206
0.9101960721175495
0.4342823074862782
0.5137649323532955
0.5271764848029432
0.6578568886862783
0.8937352720353472
0.5666072793489948
0.3281240343018535
0.3132401877863488
0.5776125171150723
0.8454636825488544
0.43713637897574015
0.48615493562842577
0.7184761013785879
0.42352752297462165
0.8973608611791474
0.35865792317135814
0.48720272262698383
0.681004376212644
0.6851272581791236
0.703636913791279
0.49825909372091304
0.7835862921272346
0.29959579788314367
0.28698104072202557
0.4641101062071904
0.6196012858805242
0.5953190412359698
0.6596100157446502
0.4608510360595275
0.7723092747441618
0.3196202780810116
0.3980100325356406
0.6006936676212794
0.5209775169361442
0.4042430083136474
0.576330720481061
0.8417900375744221
0.5143992469588853
0.7388369214266398
0.30753079039574643
0.44946788791792963
0.418088654736634
0.669202320702225
0.42208233051676064
0.5810939432586077
0.0
0.1873211210836834
0.40507751792482294
0.768977462154908
0.24465108521096326
0.3378282478649998
0.5843840739319098
0.0601910398489939
0.06375903402148689
0.2755924141369459
0.26747305675805033
0.3937317106649061
0.44226005952005887
0.6267805895812278
0.16476137312230757
0.38995065955901176
0.7428968240813119
0.6494304765116954
0.755080104205678
0.4981583172006199
0.27965935169561107
0.6642684331099006
0.6037596911587326
0.5552236858547853
0.9210001271562837
0.37412946597106767
0.17815799889992132
0.24801136867576787
0.22383130040768806
0.2822377816066914
0.37088912239419464
0.5373988060856653
0.7762923655290993
0.3450931518731476
0.4859811810865047
0.6913170550024781
0.44188499656235425
0.7047905498996183
0.4452535919915002
0.5945092741978539
0.8804135683979029
0.6139800361139373
0.8082873701758835
0.3778612832518831
0.39956340860565953
0.3209357365565399
0.1420314060126866
0.2416021803333983
0.43490237495399736
0.555769209444305
0.4386227307893771
0.7323279407274247
0.33073770001365194
0.4649872876204477
0.3721260122448597
0.7696418398524294
0.23706750421077225
0.3264519324233527
0.3028855877243491
0.46243264202395273
0.6134470176094365
0.5526663802191076
0.6313236725421267
0.26214988053862615
0.5791711697581107
0.7089013152919031
0.8271028640041559
0.6988949981831802
0.5627918394079718
0.8495963881358649
0.437251990682981
0.7602190918481913
0.47454163140932226
0.7502911141684676
0.2207956546208047
0.11364545563591355
0.12937535800674613
0.272546097488308
0.5525898189928533
0.5445530678033406
0.49963544050050573
0.7217526497163158
0.36143690647463467
0.7130829321021803
0.6996761328638001
0.6806313025082347
0.6709792857964825
0.7281411615620778
0.6142658839168667
0.8698746168661186
0.3359092809961573
0.39072166538385356
0.4948602222073808
0.8351263276680457
0.3005604351843577
0.522182608371761
0.8191799829356016
0.27900078728646605
0.23192702556391984
0.22977432544405724
0.2469538710053985
0.3615738814656607
0.4855221196827771
0.5324803407158034
0.6525870219058327
0.9098835173328833
0.24681987912910383
0.4450761348081575
0.7143928712857988
0.10387604715734748
0.1787254559249734
0.49074533054731306
0.7073006385954359
0.5729814950201293
0.9890820297684979
0.36717741480625476
0.5096045521058946
0.7806030564957134
0.40014602969258817
0.4658379301423167
0.7617571892867111
0.23140477667298853
0.4563643950030114
0.6324402761979706
0.1610643331868815
0.27762385643235865
0.5458908759383073
0.6602927163372805
0.3441398473538636
0.6029627480154199
0.6899588447579909
0.648640541216223
0.44105396079462367
0.6396365559980204
0.46864173655550523
0.5235280578126102
0.6101060971717394
0.4245917786670493
0.7249606306701221
0.2846341651824153
0.2567477448137848
0.41701007949703867
0.6697702991259233
0.579278166194587
0.6904995604196256
0.28039859379333765
0.38373884766078553
0.33839985699416325
0.5677643123876555
0.5052785342991417
0.6168634949025376
0.4945787488100665
0.6058128406351133
0.6578879289719559
0.6436641125863944
0.5343198832842764
0.5167445461895881
0.623073856497745
0.3342786407425347
0.6561083005220945
0.6872962093535392
0.6531469032847154
0.41889288921205065
0.6089631633857399
0.56222837268298
0.6486639151197524
0.4965255119145599
0.6127741661392541
0.849068884929418
0.4586870344745734
0.5393616695011169
0.5922888581469428
0.6873555215995578
0.6044304446725391
0.773831902727622
0.2459698124870143
0.2477839188647575
0.24874750773829704
0.40131964094817796
0.7528510745791853
0.0755027870308388
0.276707203797013
0.28374186712621474
0.4236941194377274
0.6207663400887572
0.6706245592358545
0.41293465592349027
0.6571536297636659
0.46100939797035984
0.3634575757696042
0.5589255817362827
0.2509785876221912
0.29053939577376064
0.7996712327060086
0.5240493609921493
0.7761423778852999
0.693764168122459
0.714645559191546
0.28896860104086153
0.39615674724910915
0.6287562418414422
0.6631767312852805
0.5867063453154426
0.3540298933099732
0.6314959368487456
0.30013839537433096
0.45843904918970024
0.54953682690723
0.3388189106784358
0.3462796096620012
0.6976354449178558
0.26886414097694633
0.49186959177980166
0.6537518741273035
0.4322491739601722
0.6841906899887709
0.38435726823247346
0.6983449272442624
0.3012855929290908
0.544276545525016
0.8304920384832681
0.33933356500115
0.47473646317234236
0.6780322620679261
0.5902751545470856
0.765248515228607
0.2679608636260715
0.356018269974098
0.667844254151942
0.58334270714372
0.7569534889070747
0.13883806914892743
0.1582082680415647
0.5051607675292443
0.7259221838070598
0.15887041751330644
0.19691554680956624
0.15943416333671856
0.13190046308624936
0.05445031345973667
0.17668170510653947
0.37734411468838364
0.6786316614049348
0.7723178590226117
0.6073205117518236
0.7768219717196145
0.3957324067596438
0.40529402836197664
0.3632979632948809
0.31329121008223226
0.6369052774776467
0.5832318180130556
0.6995517294017587
0.42337293068111953
0.6106700392705375
0.8544695011110239
0.38240651745595255
0.3939113155968545
0.3179508725143538
0.4464551338178485
0.6423419461841605
0.8454188113440226
0.36398679865847655
0.408011366871188
0.7537833535359515
0.22575952922031028
0.3373776864106382
0.3555521049747975
0.2797423648673829
0.2582808499769234
0.3526504309166945
0.3700438100830331
0.580020191960378
0.36255156813703177
0.6717927275776763
0.2606667525601934
0.2988821067760621
0.6719402142781254
0.5025621136347289
0.8363223848578679
0.43811258439949985
0.22877608080529124
0.3145593006722319
0.28314506883766094
0.31393936815825013
0.5752943555770251
0.5511606806894105
0.7246052462451523
0.6298858539068061
0.9019319943614185
0.2830162650797493
0.3550607748525546
0.39108301677592466
0.37135673296952915
0.4364886166838524
0.6877754837741038
0.7825498970494591
0.5075029874786443
0.6350649920395068
0.6132902437598744
0.7329278836494083
0.6005973094955303
0.7993227659227152
0.7129967229811458
0.7037066354769759
0.15876325565479846
0.45305055895566154
0.6466508140323326
0.11233608966683521
0.1851663270031114
0.3781319507666787
0.5006049178651023
0.7055616222137315
0.14616671963395217
0.3261667079344003
0.21420158563109545
0.34747959550822327
0.48784982982345415
0.6353141927036787
0.33633929821890535
0.3696531084673007
0.7788966218403671
0.49767051871160123
0.7791070415271135
0.4917967793211839
0.7853865670070156
0.6938257273423645
0.6756228910325945
0.6755686707095718
0.49993667976096956
0.7762725881273714
0.2420213885161789
0.20893964809501508
0.4564523370608504
0.669747135441742
0.20926026992007604
0.2596628591228055
0.1988242294339197
0.19941962917795764
0.5998266595833088
0.1464024680199077
0.49799912093633947
0.7148665148096901
0.47216312132575566
0.6630679434559894
0.15820270238200676
0.31413054899087606
0.32686609365328495
0.5341076935608109
0.6345574546666872
0.6264909732988209
0.7974149556023635
0.4918321209447851
0.6207045775621386
0.9797578233875206
0.501233283471769
0.37428226491588285
0.3131511055931797
0.5595843884759654
0.4138997445419883
0.6534794471665327
0.7324079175557253
0.5530537375083181
0.673213474553015
0.2770752254637994
0.28371990610335635
0.33609376597282375
0.5255526762391776
0.6300046218176061
0.26567501533613835
0.3955597533719911
0.5539893279873372
0.34480563078169013
0.7779441754339583
0.41221682922188685
0.35392144775046946
0.3259856032185174
0.5788300968001447
0.7246959485279215
0.29166270540985234
0.49805310211670245
0.5444434295701037
0.6274980911995903
0.629787405703919
0.6973569014651432
0.2279351336391947
0.6573179226615303
0.4687595084023006
0.7508427081479454
0.39490963314345073
0.4962140891034873
0.7737085734187484
0.6213594192521096
0.7199669819088873
0.23936320003819586
0.5033777155575513
0.7769265183239197
0.37126738652904545
0.32159743058003065
0.4423431759316306
0.7165139291295843
0.7400290353821254
0.6297098237701748
0.7693624141837262
0.321432832731563
0.3978042721409724
0.5756281612593243
0.7476741955786657
0.24821631580228892
0.33025019101711456
0.42841301623865885
0.6289563509134488
0.5226446255643509
0.5410908176285676
0.7526233874728793
0.32899414743190386
0.4013683048237536
0.65848195574777
0.33857506181751507
0.4679391817217881
0.9377817790882546
0.8217796192199549
0.6699522038229905
0.6830798318152697
0.5135147506825422
0.8702697311244145
0.24393364499696452
0.21460366931714045
0.1915493911059407
0.36591470265699416
0.49537536996079934
0.6027437857234318
0.680385154039653
0.8221354390632053
0.29402749932951433
0.4620479070036459
0.6634687177563519
0.6663000730866672
0.2928247310875597
0.6685332691532265
0.44770411145228955
0.6120338621861942
0.21402662055338728
0.282627857859809
0.46113008552975787
0.7229434961345959
0.25737434144836013
0.3121410112277793
0.6216567501232875
0.4556614829235701
0.7218448083251727
0.44999211543940887
0.6820890772007628
0.7449411048694543
0.43422196566869736
0.37497181953081016
0.6340488379421592
0.7766124063241381
0.5064689801495204
0.8021601976458551
0.34097160833820045
0.5877439182008829
0.7659397495875758
0.5683564710044094
0.7027393396478727
0.23245787051737687
0.2097787675115198
0.26970254980582264
0.4357218278161581
0.7648417633383577
0.49632461880876383
0.7345647000468049
0.2875083420827241
0.25215003737901326
0.34116925224247685
0.34226635624596397
0.3500584137783474
0.7015832411832786
0.31919401021218735
0.3978776320251701
0.6860698466501365
0.22127350907878313
0.4870532924400788
0.7819555009084456
0.4293818325463809
0.5322838955253376
0.6354167314072511
0.48201922338959075
0.6426711316840383
0.3181738721069196
0.3217757751084987
0.5086012545486804
0.6386849863729018
0.3964659118071511
0.7461993383618857
0.3287597560816539
0.4779586102600691
0.7611405147001216
0.2390021850344174
0.3300598460877122
0.5627025793143708
0.5972536519487027
0.657322846811433
0.6590692791507494
0.6346796777380374
0.5816223667334846
0.40754405178242525
0.6592755577326075
0.37176389217889233
0.7589854232306708
0.3181317885866235
0.5246735469724266
0.6755407808240124
0.45548107401960136
0.6821244961027855
0.4618032475843795
0.6637980782400863
0.7307900951513805
0.6597925186931473
0.694033858967889
0.5477652245542711
0.7090095594019848
0.3189653822531746
0.5745300222474897
0.5481189432411903
0.3099714266111354
0.4148728798568839
0.4616306874588585
0.5797501410945889
0.2995217836905274
0.6046846563199796
0.6502371415051911
0.5446607231862004
0.6403518672611889
0.4005475802039029
0.6719548330139005
0.3136586666005671
0.6720572590081326
0.5671957966062419
0.651098980817646
0.27744316621011156
0.5394130880877518
0.685078397656704
0.6347946983096242
0.7350674258832243
0.45917446969440134
0.6595245126440947
0.3227531863733498
0.7265299302574181
0.3012546392230041
0.40216512379246466
0.5738945904059968
0.6549436087384243
0.2228943283306955
0.49571212683209814
0.8846897802809576
0.4323767747183735
0.669874006503482
0.7147273790521698
0.5494936035383333
0.7644416137563891
0.5368228837869584
0.7093710845293387
0.30140702794725643
0.22291650576071198
0.3442346788629987
0.38374779684099997
0.7763879909293299
0.10211840733449781
0.04591189369018577
0.30758046239225806
0.3197303132886062
0.7199098019661317
0.5207022993673598
0.7559678270811986
0.5351418267086934
0.9349457494278637
0.41497623279494494
0.2624433779108691
0.461045685180897
0.752370587813104
0.3518897277615003
0.5336128486624907
0.7457958970315882
0.5836352785059851
0.8066266800580686
0.26233856074435763
0.3404198115591316
0.7218189444244075
0.5828028869573701
0.5329861300010437
0.7830934009371263
0.24706590765223266
0.28068620749209516
0.4763911108467536
0.6322693644858957
0.47795181313871327
0.6419278264799031
0.17128978179933338
0.36066873887133244
0.6858681469390238
0.359381623246473
0.6439366907193881
0.39319040762185276
0.6719967286888432
0.3741391816925012
0.4440457597022803
0.48207071723014533
0.7421426415226621
0.4519506602484447
0.6597961464512667
0.26120221902727847
0.44003740329990254
0.7628375453262325
0.5407630906968585
0.7542140209215699
0.406082246869002
0.6477327514847742
0.7603390181008978
0.41455207339747785
0.6449729421018212
0.6306087132562136
0.771859570361862
0.5548535242872874
0.7168614479616658
0.3348558092082845
0.59243017295174
0.7147241241967085
0.3984442007968161
0.5933581721927684
0.7665891960394999
0.2690038594642313
0.34043924404569614
0.31773801084778774
0.6826032197425113
0.3035623458366226
0.35516940079093173
0.36722909357242783
0.5221645835751423
0.7018278061007905
0.36110160915579226
0.38417173992546116
0.41176359666843465
0.40967144010900214
0.6969242551941559
0.2365618630658337
0.5411039069890231
0.8200819433413515
0.38676293538248974
0.4363037051049013
0.6155722092618567
0.8232923538237575
0.3854412914628831
0.47369228503028216
0.5738192323698832
0.39556792705800786
0.6670626906695826
0.25055159540604177
0.4784576792745183
0.473731094112219
0.5851346156893209
0.49736119800560225
0.6550953076539842
0.23834112116578743
0.43886219484418443
0.6307446756902774
0.20192550982991167
0.2552998586943779
0.4211261036319618
0.6657817064172112
0.39278206616812417
0.5748884954334019
0.5481878238032013
0.5150288489894829
0.7418148654579424
0.39503892003341107
0.4576805088181783
0.8317962678344177
0.42352566497110034
0.3814371084082817
0.844338011124224
0.2980926333745516
0.18059457763720088
0.32526733056661866
0.629854711811179
0.4305747898672646
0.7672452349498529
0.3610477926507739
0.384154862243433
0.5791278745485214
0.3501638884007709
0.46074044956253973
0.6527469317197944
0.777468145341015
0.9102435739521783
0.4433987662379137
0.5518126142646522
0.8295140797664664
0.25363068820740164
0.17286657702997688
0.28396043465940735
0.23662533797147747
0.2361507350149387
0.13539413005802287
0.4628290977462956
0.6331076551132399
0.29153799343801223
0.3267221144623606
0.47955654051949614
0.6470536288323889
0.691933843032057
0.6130948163128559
0.7548920343546318
0.3072862407238876
0.3512366012065615
0.40621556156815203
0.519468681574964
0.7917084161859111
0.40645712216932844
0.5545444846767997
0.8459898047904106
0.18715672213537418
0.18953918405450543
0.10826731260999777
0.2338429684272061
0.39253082303546977
0.5379515773735665
0.11853736762181163
0.1338814212427191
0.4165417611532233
0.5496111406627244
0.28043507468191825
0.4821669113180776
0.6377053580697111
0.21862132306131715
0.30199160421031224
0.25606228404680514
0.5382612571529697
0.49793546756375917
0.8466980129254462
0.3898797100950544
0.304042976999962
0.46173185082123946
0.7180364995948559
0.16478122868278958
0.21515397184797916
0.3342809795672081
0.30036772912743914
0.6028607180022645
0.7171191206438987
0.3533452902162292
0.4944833895760247
0.6718011715508168
0.3657977910228052
0.5005629085520666
0.720666164489512
0.7023835266294106
0.7685130589379316
0.3060530128952633
0.48070580329620954
0.8432510324071498
0.48748281172309954
0.6617285749683618
0.606886827380348
0.5843378626166215
0.3666607229384615
0.7138689251499623
0.42855062312654446
0.801929184328674
0.4338567659633451
0.5472661800723686
0.6545077184887875
0.3601403444901709
0.5624609777883995
0.7369214412611668
0.6421581944706289
0.9092795351552295
0.3166867958265334
0.16369084662517536
0.3204096460196302
0.469952285551964
0.8508882195040456
0.43418839307881374
0.7490989870001581
0.47818924500127524
0.6215908002572721
0.3542748597168841
0.35264732342401833
0.4029757269257214
0.7682415701549307
0.4723181683222268
0.8251082815472616
0.27635454091216655
0.3299830949278989
0.6055907384286664
0.7651342331632422
0.31241070890438727
0.5180092682615615
0.6571546288574565
0.28681675804235046
0.5388169295529955
0.7477342101626383
0.3058426729017894
0.33758676499866414
0.6173764941565669
0.4365401058533891
0.6863514497737174
0.3150096152347647
0.5806733026013241
0.6986910852912049
0.297438170902619
0.6272150693625884
0.7333395604995435
0.5448319058114327
0.6964677106550805
0.08935356636769418
0.09283133741496419
0.1808270060694927
0.579393547364198
0.7866288967331801
0.3695939000526561
0.5207894010610824
0.7182693600678496
0.15067274479657053
0.24130264290722453
0.1884496701373233
0.43307434989128224
0.6321151974084325
0.4855782679281769
0.6905816956783501
0.29426786042079495
0.34388985322926646
0.346395488205148
0.6912228881606247
0.8204061689133109
0.5703593634323795
0.6108492645937899
0.3232780960881995
0.6373790529664292
0.25361378212983104
0.6792067644819779
0.7633334971510574
0.35319955022284183
0.6514137718923745
0.30660991767556545
0.6560972531410881
0.5333247976141102
0.7943742625222961
0.6556556368614463
0.7626382745813196
0.10165937730455253
0.11461446362747238
0.2036395420429062
0.340669193928633
0.3025435277550055
0.29795402360046963
0.7237180656077176
0.5980893570186441
0.6083720193924524
0.4127090693661626
0.7545087155789099
0.49801213239587305
0.857687670073427
0.40097018048842736
0.6762364202093899
0.29206230801015276
0.6529679376986086
0.3605561757800514
0.6148838298887116
0.21211362747623294
0.29732823096545513
0.3121050836077199
0.5385935252360269
0.82762952260974
0.3477942499789545
0.43244219916927973
0.39959757912852695
0.6262726918235465
0.47129555037885146
0.9110514086367346
0.18784695219444028
0.23143775946368042
0.1449826209187328
0.2984587674751247
0.555017020947601
0.5380921079513856
0.7219198052185806
0.43442553072619516
0.6339569793111478
0.8439350104831004
0.30951943036624413
0.25398226622400133
0.3438059653587555
0.40399464319349704
0.5270915453717511
0.3495070359429114
0.6109683594373619
0.09608801873288234
0.4287907924204407
0.738650586267204
0.15983245723092082
0.23987152814446605
0.399647197204218
0.8048957993206043
0.34120082392508727
0.6444728181481812
0.7398301547454866
0.27491121014954895
0.5104626885930882
0.6189682950829143
0.3744676276152455
0.44637266559406513
0.8253371821402428
0.45646654075379944
0.2967555996281397
0.46954613838223686
0.6651554715368896
0.19414862291203996
0.3201793657550802
0.6468064516027502
0.44719562814746544
0.8023008014572649
0.3157152495313531
0.40558552744454407
0.4616873422212296
0.6633537034701336
0.4830918796612226
0.7549376505752372
0.34373866972889183
0.5525213429489276
0.7386344402294761
0.6075037967730108
0.8348067943144105
0.4102711161448584
0.733053708620394
0.41512944087546705
0.7998763838117214
0.32102330220474967
0.4488510246446491
0.4576281736939749
0.5449055170907781
0.6207351841040897
0.6723801633994294
0.4979273530768753
0.7476858232927913
0.07461681835733278
0.13189601259688447
0.17557804526620713
0.1390009072459917
0.31038126738709365
0.44945183632966823
0.539420139606457
0.7057952467676419
0.27523324805846694
0.548226785925247
0.799515547147318
0.37246259856096603
0.288383966990275
0.6362287216433029
0.727944420828172
0.6305980610668055
0.6181527256872521
0.8005957232239588
0.32803615034495776
0.5746069981478183
0.8538458163250088
0.19730948271253476
0.278496765311197
0.44572908647390697
0.7188094223121062
0.16250474068206183
0.24845612564516753
0.2112831590594829
0.2682030455628707
0.20094508455033575
0.21334494422969824
0.4750976545091907
0.5870407557465588
0.16174983581326047
0.19848140250341145
0.26399046280574684
0.3720532626612093
0.5664429832959166
0.013290558806991768
0.16605414020667236
0.5608139797849562
0.8293635788145876
0.31546016248254005
0.39918513105786346
0.5339722991300345
0.6780835138758949
0.26733100164658274
0.5168909298664102
0.6438792360750898
0.4755857459807553
0.7401844155831913
0.3123403306176219
0.5343748652832296
0.7311859150105288
0.3215793593397471
0.6358837458869162
0.5939641050919838
0.276183343678285
0.3451611327519266
0.3477552325141804
0.3511312609368241
0.2192801532071152
0.3141399160480633
0.38069565737742406
0.5899950150998392
0.896942661989635
0.40042736847665633
0.617071417823687
0.6395421544841989
0.9354734645652174
0.41941702299052475
0.30702809616489835
0.3343350548808654
0.4326845232501831
0.705389786856702
0.4807460893081676
0.6705530990855354
0.38086370623078386
0.35521193708282983
0.47524333115758316
0.5738812785957788
0.6434238477148925
0.6062864949429556
0.8302515786212941
0.40492661501404725
0.40958745989858303
0.11653811445422635
0.23982035148602326
0.26353180291225936
0.25417822228608317
0.41542077127833643
0.5536236901622253
0.5251337822553818
0.3574252712482887
0.5761344004387461
0.14414595832810748
0.207858411099998
0.3466626453955632
0.7347442867588575
0.38525703541426604
0.6394165144156121
0.3347977283416514
0.6595153644132875
0.6855662991613972
0.7213481832220775
0.43905803994203224
0.6289557822657408
0.24875446738849608
0.488990623439385
0.6852393897655947
0.3799441951516266
0.6071229519223408
0.10960457928679221
0.48609313358034306
0.4184468796942662
0.6379797852663447
0.21890069042965474
0.468699660791466
0.6613013818691725
0.549075036861383
0.6220412683275607
0.27504944410079846
0.4034694415441819
0.7673126341822857
0.28078025889255837
0.4248213923825408
0.7781156421114604
0.4834575110402489
0.45454734671645186
0.6683335482718912
0.4839050817844242
0.8092145975332642
0.4758756379079739
0.7456688828719186
0.731933139168999
0.5647073995946864
0.6179428614255091
0.1901887090119271
0.4681085903361914
0.563383194617323
0.735160383656657
0.4145892993838107
0.7587925613428078
0.21677608644600496
0.4970828839041576
0.6245034525130932
0.46610362506667596
0.39154257047958374
0.7773333196034501
0.1445481319913706
0.20750320541546993
0.5959694086510304
0.8447126565918771
0.38102628085391155
0.7970690437731859
0.45079785893193175
0.7443561044369263
0.316048041516616
0.3881799698410595
0.40496791641060775
0.6687025873845018
0.43669614865567913
0.894854126315875
0.35124205482999643
0.3602015369538333
0.7097793573114535
0.803978186858356
0.6617612334889117
0.7542958850543583
0.6110320658844995
0.7925032071558437
0.37420492713596676
0.4041722309535995
0.7045231396548239
0.6742146507848504
0.6743089744971924
0.8831303060779495
0.32374971420176074
0.6343387816825894
0.6424953311838465
0.24991999683426305
0.45968268453475564
0.787092512243488
0.30180543824872047
0.6971220641654788
0.27918154152890823
0.6062208793734907
0.9004884702708316
0.41929943574143325
0.4443008545391991
0.6885072156770287
0.3047688308791845
0.5138515304849897
0.7136062846803024
0.20597101638920393
0.3583294396343173
0.40387857563036605
0.329556851307592
0.3183295087409074
0.3404597010739612
0.5410737074173603
0.7555720870696545
0.31193745698530917
0.12736161557946057
0.35678459189355294
0.6953663687467851
0.18272681397653767
0.374558610979781
0.6257246950869773
0.23581231214636947
0.4718990048581927
0.7408262252130556
0.39639717158159143
0.3400610847902108
0.732636284859077
0.24740170650730278
0.21574466849907767
0.30906474586910543
0.6938348879437632
0.4392271545380309
0.5831529756449032
0.6464242446722466
0.86200723488895
0.3953478624741472
0.431186959796658
0.5510519763616424
0.795763657727799
0.18030791830426787
0.12052801379370491
0.2641112364391271
0.4175005294871349
0.691714292288394
0.716527663383595
0.3814991571105895
0.7317574714840568
0.5359417979380502
0.7106918129085104
0.23500593356194432
0.2731522879749603
0.2684242925079226
0.5037908936775229
0.7904391120500691
0.3026592204987144
0.3410100525445553
0.3876045847294697
0.6208641190810215
0.2745108192331387
0.19942025457537962
0.34061104870795794
0.5284195724652518
0.6972328596317783
0.44002041614692733
0.6838331263697108
0.618349244684085
0.5781865496929895
0.43454879429440113
0.5144189534471638
0.5508353685868363
0.5722465140920842
0.3543293598246518
0.838109728605425
0.2697747296309722
0.35136799888340664
0.5049169763505283
0.8576984528186206
0.2991435079795874
0.20854157197179213
0.21415754346709176
0.21772108283474356
0.18988477829099082
0.4725464518588114
0.4846752992265308
0.427885805927412
0.7073228904953647
0.6911635272443315
0.768645181871246
0.5044874376881744
0.5223143595816209
0.7758072335817953
0.40068483659761867
0.4134079526594109
0.60619125443988
0.6746401356542868
0.28120032614610213
0.33100153641612967
0.40950268393939554
0.5641222075661717
0.851883995020491
0.47371347992861484
0.7639412951635689
0.7705026326052404
0.46256508081201897
0.6791294073974077
0.2748774573317062
0.2711677870337917
0.41795321714093725
0.5362127037681362
0.7146160315833271
0.8458893435800638
0.369959466809792
0.5369017785012838
0.7808247926644097
0.16121556182144872
0.17311557641686104
0.17460241675854923
0.28575261286613823
0.45615423044578995
0.6484974141134066
0.25745812884424363
0.3482567720692384
0.3004187967395443
0.39306869300199937
0.5014945448485509
0.7543287267793156
0.3325344223078193
0.36372612603930443
0.5897004519799511
0.5188915944684473
0.6685088222854113
0.3676387085951439
0.6355494927771175
0.36312877810645744
0.2654435476810272
0.5186632136071002
0.6289973173782218
0.7010036424339744
0.5319500098558176
0.6499079845814786
0.6336354526466403
0.7186078037671623
0.6912432236525178
0.8602050500635814
0.27332665951276325
0.3269418870829576
0.5013097765676788
0.7134830812527555
0.5251141148679618
0.7069394800838047
0.2867617258985943
0.5852993830621037
0.6241373741076347
0.44746547604200515
0.7430575986293297
0.2273000317330507
0.18250770576673647
0.18872301296350324
0.3336419667504572
0.6564914230152745
0.3370139853482178
0.4556359158264456
0.6015924750920493
0.6124876844978183
0.7813240633857026
0.35693888326182677
0.42150832647663095
0.65928866216667
0.3147527859083307
0.7906738955781432
0.39129145943129723
0.6356810717120303
0.49929067214192574
0.6926956229239694
0.21644784094884245
0.3193703119618349
0.22382544389886175
0.1668842414852684
0.4439504581874287
0.8005969642472411
0.4751118064773653
0.665705518574707
0.17834673973573886
0.3239662803279559
0.46730106312837455
0.6642231628111247
0.2561769474553801
0.4321546614895045
0.7078110324862809
0.568031275919757
0.8340582813542394
0.25489843812195867
0.5481892559583084
0.6150936500170964
0.6690081140902175
0.6280813033318295
0.3048515625742959
0.7924747650881013
0.48342822606156527
0.8410046514209739
0.6265824675035676
0.9179831111288407
0.38737611737396593
0.4921519513654828
0.7850471703442785
0.32082852201379936
0.2854413089544119
0.41257285836084295
0.8649598363789671
0.39980930304599227
0.46383729270103347
0.6790739001286796
0.5138468791236158
0.5466236247219396
0.7206215151790782
0.5840276503181155
0.5454300661898714
0.3573946806596617
0.5875101539831231
0.15963835421746947
0.03890455272637187
0.29079871209919494
0.44499157000499034
0.5716329767910735
0.6166467172476922
0.5399096581728339
0.9219348044182086
0.5316345433779016
0.7123001218870693
0.659920653532369
0.15751647982193084
0.49278690291596267
0.48282657386475686
0.7220365505052188
0.4332444302367601
0.6261758144954902
0.6364898468873336
0.5816554390130549
0.7846647441526645
0.7335238050960129
0.723130105225078
0.43316595361054416
0.7227977432868056
0.631491443493392
0.4837166766051946
0.30349350060456165
0.5818605951387452
0.1677769808734855
0.30827647276501524
0.3733233258030151
0.673515905256927
0.35532067221066127
0.4984216814643525
0.7184193408433378
0.5491654407484372
0.7907362972228529
0.31792727423204703
0.3281186298025198
0.3622226957061675
0.5446950416398249
0.676586973520357
0.6774225359803581
0.6236262148826068
0.6466274014295517
0.566220789134609
0.8610679098549989
0.4008986503015351
0.3546309815787726
0.14623623117262569
0.3789490404755034
0.7294753616441814
0.0785191568810896
0.0984076217624476
0.5233624123768498
0.6586374180645176
0.5451769473798281
0.7136424597272935
0.5184591095315476
0.7293688540322142
0.19541078037645618
0.3744449518721251
0.6075514697914367
0.4563613394141578
0.7487689248427788
0.27505784705987574
0.4319224843885466
0.7090678620290722
0.4251127788256756
0.763751815832464
0.44493092921720184
0.7970307519949408
0.8281498231179314
0.5271353199590904
0.672755639313231
0.5223057483528831
0.6747950520634387
0.41011322318893556
0.6750280282923339
0.8564333751432853
0.801927620650616
0.832373486534538
0.35728968732976957
0.7096393815510285
0.7082919117637324
0.3522546374832388
0.5938422651105847
0.3877172883135921
0.5163877261410096
0.7323183122298089
0.35245063033892665
0.75490163087391
0.7557835396763761
0.49541876697106907
0.7654396586629625
0.30074803811439305
0.5297031539930159
0.77448773892198
0.388045268346755
0.4753384066055959
0.5883075800860342
0.6608973925072701
0.24283826486086058
0.43531911963975567
0.41344443150877835
0.5768111259523788
0.7278771803548647
0.6704868187387562
0.4335799329989176
0.7168648127352164
0.2511302790323439
0.24507646476982065
0.44127524831909964
0.7096779589754431
0.3713044494314509
0.576219951507968
0.5281080989826874
0.734465626678725
0.58364802522081
0.8463284627007609
0.3842102768491731
0.3306023010173256
0.35067012759029725
0.24283290203083566
0.20220378956057342
0.10840888358359879
0.16691809617664433
0.31706466640164516
0.3772694278436355
0.5345117347071494
0.3545516631221838
0.6357492513278058
0.7610102710432712
0.19238222981486625
0.2295379721416705
0.335440887403535
0.5959551531037303
0.7324252328319882
0.5086485642077105
0.7650015708708603
0.4835059699492624
0.6670003814885157
0.4670978072910186
0.6729409898443883
0.28039878672649293
0.7514972212535672
0.4186157217494498
0.806690045935231
0.41078729016752585
0.4969469937240618
0.7276895545346611
0.4319345071713631
0.5441792888835582
0.7898250795092273
0.2531848893773862
0.402452533299255
0.34492181281283907
0.19929694262253764
0.18009016714064546
0.051959875432824286
0.1562512042816594
0.28966150201939805
0.5839714272532583
0.6995109961827929
0.3885146792516886
0.2453050611387313
0.3202048742225461
0.2751748662302799
0.32431737424478657
0.4607367151535316
0.7410957364450381
0.35788817363785647
0.33216268651790243
0.33540799873601834
0.6686045378419676
0.5574997351065819
0.7578760832621937
0.4217639655828393
0.7885661824866843
0.2412458196035473
0.43295031376956156
0.7771482475021847
0.4795472810719761
0.6224670012873419
0.4601162836538263
0.6610673613564544
0.34380280558119336
0.29715575881707645
0.3793041932940763
0.6871172693421691
0.46089949191367885
0.5801798388047293
0.14549835419932763
0.187139309521726
0.051573728117409144
0.1746952043652508
0.29063990451249905
0.7959771598540161
0.43183304060824346
0.6679455185331926
0.4868723524118373
0.39012244602588525
0.7475757631451752
0.2688805362411854
0.22667729958836266
0.37527788551040503
0.4293543879470789
0.4618992705973105
0.8280146738624619
0.32805998242314305
0.18417834300680108
0.41171910823001645
0.6902730923470035
0.4333349062177652
0.6759696645030904
0.4586486463474879
0.5171092303203368
0.8426131217728128
0.3624776979854248
0.5633464002355073
0.4576189693789809
0.6875031375373805
0.28364756040100897
0.5934851130396286
0.5656015695609331
0.7272567375983496
0.41892713128163955
0.6198921747787302
0.5620601059590942
0.580530691183031
0.5921675119163561
0.4692130845259177
0.5791059164075445
0.19699840087713638
0.5605321345719521
0.4284142530053357
0.7505000524002682
0.34951575984623007
0.6203174177374934
0.8052191185727859
0.23262955396756066
0.3266752966290456
0.4052297064053028
0.704515340829111
0.6692733147153425
0.7215863482144386
0.7641167849358096
0.7317996324805017
0.7805409270398809
0.5111647638436577
0.7236653038293676
0.4413872051747757
0.4752875627756789
0.45608816400130975
0.6218920388830022
0.5094130449144364
0.7696561306294674
0.2946165183614308
0.4165040001253928
0.6427404804238281
0.2825002631944248
0.6500515866578774
0.7305532321135099
0.7792406061973038
0.6535964812770477
0.7968343825276183
0.49116349495567796
0.6738562018392149
0.659185654374465
0.7958683408272358
0.5803287015474867
0.7946250403867104
0.3126193054053891
0.5500695835162709
0.592465146464151
0.10999412638459365
0.4255783538551149
0.6130795857714908
0.8813205186212016
0.28925101568068695
0.3259935025399683
0.4285590396185241
0.7429718755354238
0.7513012078454674
0.5011962723543599
0.7723169243100872
0.5328720569956858
0.691528406122714
0.33963052404929395
0.32357051731613834
0.2425018365254324
0.38038324748531066
0.7366828301376616
0.6008940782958566
0.907871963587615
0.7738350227817693
0.5450105189596566
0.5463549160968344
0.5459622038588503
0.7243245012803458
0.8016397128864359
0.5753159319318728
0.42990353119798735
0.7024980404336142
0.22451318310544258
0.4161329252486525
0.6290025483764661
0.8063778448537955
0.424333242893104
0.6239690465854942
0.06398779319328045
0.4223890801482239
0.39836047088228965
0.5982015959636109
0.4904274128210363
0.7343718401880033
0.7527351139146266
0.70321750194415
0.7642290595637499
0.457122368125369
0.7150256631893931
0.3106625492076647
0.4857542895202195
0.8567942553368055
0.24030523127280137
0.3949873700556743
0.5889798051641485
0.5170052545704865
0.6773444811864753
0.48671963768301063
0.5450271691909822
0.18693841582290965
0.683389137902928
0.5056071091904539
0.7363056136787386
0.3159342132550517
0.1442098877984214
0.31247175602817423
0.6443085984037262
0.7033963130692958
0.6646140413509211
0.7593943218274362
0.16356298933491137
0.248257684481159
0.20367760661014775
0.36775277346399043
0.6130032740722556
0.6505677555607627
0.624834400912172
0.43472719033274715
0.7184236575419587
0.4318341099699645
0.5349900160002082
0.8141505897852126
0.3544345837228027
0.3739140650715173
0.5440852685138525
0.7469766152991747
0.48523149790033004
0.751286155246767
0.7104822388160599
0.9836064826014704
0.39698842947332574
0.4400990979255572
0.5276537521255287
0.715818318446361
0.24026750852157802
0.14744171474114823
0.257131348096924
0.30968734677788373
0.38345097208323375
0.8134729560497622
0.29671948724859154
0.6889524370687471
0.780687479493683
0.5000274311978037
0.8161664371967257
0.36411979134047373
0.5419996769242449
0.5377542562262143
0.10611999808730344
0.055109364983060495
0.1609338647615885
0.18893789498242408
0.2842437119192773
0.7362473586761393
0.819522890230376
0.6460509323784951
0.8291939680015189
0.31754980332269467
0.4598594538505194
0.632833499779092
0.612998920725587
0.57175794086074
0.781949170550341
0.26861957096891576
0.17973387056842755
0.36682342069816093
0.3681481939231612
0.5723372398890967
0.15860811363301397
0.3976968210871038
0.6232319605767985
0.4806286785386786
0.637720638373208
0.2765648205639944
0.3589855661976526
0.5418080587545989
0.7603426165215421
0.2197243474031725
0.4102263988816676
0.5159730390429867
0.7537392461697401
0.31166143102013183
0.40647737112995375
0.5485667188251573
0.49147343498446955
0.8995898559806161
0.233853654153325
0.2620306901480941
0.5512934074588421
0.6644754059765936
0.3190635635721504
0.6109055703327234
0.3427680074887497
0.7515154815140912
0.6868697253862893
0.7848626508629734
0.4102883785198678
0.5358478636891452
0.6369119363826411
0.620830602155505
0.7479785781109484
0.2522073788868798
0.331858511759197
0.5561664945303183
0.7410681924448227
0.582344811507268
0.6640676075714766
0.4293895443913181
0.7114014469036339
0.36615473847267793
0.48973538026967006
0.5768038518961834
0.48523404800264724
0.7407776300613382
0.20508299788938394
0.3084154237075758
0.5705839429293539
0.681509058755214
0.40744005913518494
0.5400866047421767
0.7535960681024525
0.2686511958911205
0.387111689435444
0.735187177412758
0.18960499215512086
0.24196144393142852
0.5113921887845272
0.6936851531067232
0.3382997831237728
0.24522774942307862
0.18329929332773137
0.27208077400638586
