0.4923900999146975
0.388686595190232
0.6699348294647918
0.8861070679935749
0.5660293736760098
0.6394021912423578
0.34281113049305734
0.4681334193333915
0.4430068695678858
0.6022592836244728
0.5763228993932519
0.418609722182469
0.7670803182116935
0.39670286007679495
0.40280747797230887
0.6747885648690302
0.5155292950224922
0.6436683420584125
0.34423201193830577
0.6233608116131197
0.780618435104001
0.3273198045445067
0.40631670023110167
0.6544046519889293
0.2957775530763572
0.47392827286083317
0.6438866749141925
0.4825464036292188
0.7387361036913989
0.4149147928564869
0.55016006606807
0.5258443345417246
0.8836160869315294
0.4387529399851375
0.407043284475498
0.48400847894047183
0.833621885915544
0.35832953544065355
0.3140782357487754
0.3724660589600729
0.4823405102483193
0.6621424618177861
0.4902834966276155
0.7236597929655801
0.41095473141415556
0.4085793345958379
0.717211569546786
0.6576552714347106
0.6885379895323568
0.27754674528490736
0.3011105697822459
0.4049678301496414
0.32597223632415795
0.7320935428915839
0.5004978845888498
0.7108509581767803
0.4650851724557779
0.6025799099532118
0.6762544315973364
0.4501707954434565
0.7402972940294508
0.5579933297363459
0.8509944213332412
0.2932877785840084
0.43856329782377496
0.770470139906923
0.2514019024668247
0.42200126029847557
0.558234360853961
0.7263542694223887
0.2731504850060394
0.37794242664973715
0.5244128171339629
0.6025559974326498
0.43355471800933215
0.6573883637088878
0.3984305492030675
0.6112449404141161
0.6709052811835005
0.7643866081509648
0.3082840712449409
0.3188446356269835
0.6046069099820871
0.8220958652025925
0.36262041286919344
0.15410598552260102
0.28254528266619994
0.514960489009892
0.8463138542583533
0.5321850547412789
0.6691981838974608
0.8170029742926467
0.43983381173798897
0.6944694999124005
0.49929313046069945
0.6383071197645348
0.16549632604290954
0.30278691521841083
0.41384581168392404
0.6421157356002427
0.21875187412924157
0.3175729418742922
0.5276752937555866
0.2436480324496813
0.4662323982635595
0.7058695139246451
0.364253106216808
0.6152192664475827
0.6285832736657427
0.7541811049097384
0.2548518510752627
0.2775045676389234
0.2993028123144609
0.5159796600065687
0.6351979338674307
0.3763267540316154
0.2587103455968608
0.3132786683000959
0.3204627233021678
0.7450947707146841
0.490815578552392
0.7619756041667939
0.3669647697799463
0.48209618369529195
0.5553055130732795
0.6429671993113056
0.3784658658916644
0.23121582028747867
0.14395387715460303
0.21017783390305822
0.16938816183896296
0.3229429616968721
0.23295725300197576
0.3536725392579413
0.6457043990360272
0.15145855233103522
0.21712589889161163
0.2405486491090852
0.13292552394412832
0.15770688293975738
0.3285077203596902
0.41649405406039713
0.8215766551667557
0.26315807973210575
0.42039361984590995
0.6747773767901201
0.5342126580371779
0.7139121996690729
0.3682508331050986
0.35841873143009073
0.5375257248084019
0.6848095503378938
0.22128293871198398
0.4985079177284314
0.6635129687551762
0.5072974323324803
0.7818894327761013
0.3233230868186598
0.48836952236159403
0.5826686364495173
0.2606940994653696
0.6902179683047078
0.39203945923338107
0.6447158188204415
0.628368266143298
0.5995519319033636
0.3417594330662618
0.7245983546547344
0.26830631714366515
0.3508232224174962
0.6740376105217375
0.823172670066537
0.6280842462751209
0.7233328281377244
0.44008576219735157
0.6198076360391263
0.29273222306582486
0.3855908835928014
0.8169758919034034
0.4009692704791394
0.44593146128743166
0.7126591667997803
0.04816341053719294
0.5063090784327561
0.7476585461842952
0.403301142200874
0.5433594269799861
0.23386668257079007
0.44185401273294583
0.6565937634088816
0.19920657334897343
0.40938801304731987
0.5668675089869226
0.3690598036381063
0.5815605020740133
0.7642924554477161
0.4661690809744287
0.6835124221476014
0.27453344339703967
0.3429522762713693
0.3424433616266731
0.5890868697032625
0.21787666560977897
0.31270083983921726
0.6972127723339479
0.3912134328851245
0.6382559825241648
0.4374805928300162
0.6104556498441525
0.4478267092035609
0.6540924598825013
0.42633095647836355
0.45581455990941205
0.5112157136544898
0.3830306533574452
0.5914534350929511
0.7012629746741045
0.6522807724507219
0.6920680313470242
0.2651502095726973
0.45198047464425445
0.755525225650366
0.21524138045274452
0.23180048946628898
0.4644423659238111
0.6806872156134962
0.328076073368392
0.31241707741573627
0.23006418829853303
0.28385909671054743
0.36646631888316955
0.5882708165259589
0.641781945242474
0.3688436779791307
0.6527141531089962
0.28919353287941835
0.48072314514193093
0.6840635027225944
0.32330094872609566
0.5756399822803806
0.9005126010890682
0.4276024885341122
0.41038746161166634
0.4394479656226209
0.7425716114887297
0.2631997486528521
0.40835929843851027
0.6833025140186537
0.32078206253702496
0.387156837058178
0.781344249391181
0.256077826974016
0.4718093792761114
0.8220375654362986
0.4652728430588251
0.5558174615893715
0.5495240454184724
0.7993625203278892
0.3927039872521034
0.5690910041290413
0.555777094632219
0.35212592183818653
0.6960949247382949
0.2787048813366318
0.4532990862231821
0.5207125412546008
0.4523602928179292
0.5529408552515618
0.43708099970106273
0.6264674423832304
0.33250377965850464
0.47670695735221735
0.3971906578917306
0.2827525509525365
0.21430556542220777
0.21390094202589463
0.21911849830868727
0.2587028901447603
0.4692749303521458
0.7062768248417058
0.6118256516499445
0.7435317391410935
0.1573748420226303
0.08467250445603361
0.3514482242209538
0.6780372214181557
0.208955404767502
0.23985505789754427
0.30244011743448246
0.3704289356079016
0.4946343658261917
0.5180605108858501
0.5590611813515529
0.6974359138351038
0.24000623099924556
0.27926617912087254
0.6438961773683828
0.2946697446802701
0.6131559797639238
0.707817198335742
0.5118092540226535
0.7670510387022583
0.3342214175742979
0.2585813608757675
0.25928460699971917
0.41309432138730373
0.4526401793520793
0.5603350665507917
0.3428836601419847
0.6843540591437364
0.42186473134623537
0.666079438212748
0.409297147016856
0.5835807156326762
0.6962708157183026
0.6650415919179996
0.6487738624120294
0.4444754327456381
0.7148514186249044
0.38816643449173716
0.5217309163759514
0.4600216784995997
0.65148104515071
0.49683515589597355
0.6042316594115781
0.2554667627937985
0.359702371094268
0.5957256150414048
0.5899950742787504
0.5950507112379652
0.48085929000365835
0.7699273822879527
0.28300909259905094
0.20408597811685053
0.23255756937819563
0.3691799285243437
0.46806437396677275
0.47073262100930685
0.5518725844557474
0.39745524504440083
0.6456814065207288
0.4581466865607489
0.5327102344239879
0.6411633514812151
0.6005968920994449
0.5666733934902662
0.3828012650728631
0.559260342914932
0.40993925264793746
0.6459455780247466
0.6337703946540443
0.21661783862657327
0.4422783215071206
0.6335944565575907
0.16848584393469407
0.21552701442237446
0.4687125007750998
0.7535086673701039
0.6540704085158836
0.7062226941035187
0.4003005519550234
0.5568617642722133
0.48644298449645684
0.3626713100536182
0.6031973312540092
0.23267126312227104
0.2541284181641749
0.14523678729392409
0.34943445064554596
0.6520664086450506
0.2152279929114314
0.21427038807685314
0.23630476127478278
0.5555957869783783
0.6835033090599641
0.5181681379764802
0.7124663212307379
0.45795082222118577
0.5395303892757689
0.11824472987605916
0.21255529484750232
0.3784785131933486
0.6062133736441057
0.2346824217748885
0.2334010877169926
0.26580960103895185
0.37674044714087557
0.6732481685320016
0.8301910632438004
0.30400662656400396
0.299773149671499
0.26932057971803286
0.5856872158719006
0.5244484220375188
0.5677117621019359
0.6823046829507435
0.3523819318283864
0.4706165047749303
0.6833753881967359
0.1726605888038502
0.27982509144867806
0.2008422671976171
0.5441339231538036
0.5680363285112356
0.5472373217414246
0.7426229796631149
0.3520403508778607
0.685320943216761
0.8661391909049094
0.3851724228811712
0.6484970244894787
0.25414152239668314
0.5091450842951191
0.3045442120397811
0.6786577191530716
0.2439958105865439
0.3482571348797748
0.49872782287073436
0.6686685209320244
0.3250560947978216
0.47909891239113833
0.6752201538696101
0.43608405575327036
0.4431243669378363
0.5022590451045593
0.5528488442543537
0.781734785938391
0.2749050110045735
0.2575125962127469
0.3792931982638173
0.7268526773789767
0.17609513443098085
0.29839280980215516
0.44318595487233
0.5496694716182353
0.5943768708111473
0.6135920690257144
0.29549360240591277
0.24807720345025766
0.23375716782538747
0.6994149637762584
0.49443773901421945
0.5364299733141102
0.0030919316311669
0.19329314541939535
0.3373066030436432
0.5292512749955987
0.7677708656759832
0.3125250818473014
0.417330128047496
0.5016586031715732
0.3815433179883332
0.5678961477171178
0.5524905962297642
0.6156644664419507
0.22369244511412484
0.41416201838011935
0.7127205998955072
0.12896532404171937
0.45439209878887654
0.7597166830895404
0.36232349242493683
0.6935002740572543
0.6190577927864018
0.47830495118137006
0.619562238390514
0.2634753195728865
0.47811689415770026
0.7627839762041342
0.6002603485261674
0.7794771189569386
0.6264742979663699
0.7889324545412706
0.25116190975173064
0.21857194627540713
0.42307357624651676
0.7261586587671524
0.3100239615539528
0.4685934402298445
0.5987014244532138
0.631093559220392
0.6954862385276607
0.5013268930973784
0.5709519591271414
0.12342008186212756
0.12689739977179168
0.2604115259775797
0.6051669083905296
0.09204303475097123
0.28154431037142924
0.29796734065810565
0.26610091849421835
0.366914429660218
0.5080179120615597
0.0
0.28883614092747995
0.6474057526814794
0.721404907833171
0.6500379806410487
0.4331072165137766
0.6392585120482509
0.45598360330577564
0.6377150859541963
0.2980464101658566
0.6073927510462677
0.8098403568915138
0.34169489812990617
0.528820053406009
0.8631225476898706
0.37785119617436114
0.4076168528023708
0.5490276181138318
0.47776658808047534
0.642439042200607
0.3769110015110644
0.7564638902192249
0.3272279525796459
0.618454026009221
0.29298224061384837
0.5412751479803588
0.5580836532279299
0.6538540929394011
0.3875850714010819
0.4955566290817587
0.5673114846566919
0.2970369216370499
0.535288331022982
0.6567632439931222
0.26785771109482576
0.3973287305419663
0.5218678192468861
0.708242730756095
0.08856566732194243
0.25144205265622727
0.280075424247922
0.38527093492382103
0.3145378214562188
0.45201415445176407
0.523225819354592
0.5210428227157388
0.6655379380111306
0.3998272793047156
0.6859295624490991
0.1529661488387107
0.2038073945585979
0.2667681308242568
0.30838111471776963
0.48186045478522915
0.7895045606706114
0.25519307616618414
0.26988462857936574
0.31736040248667663
0.6367500342794052
0.5531383704647636
0.721356373316435
0.1542465432359305
0.17140856855866476
0.19418167096324815
0.6303937106610273
0.8225038797104707
0.5637119982341223
0.8730228795846724
0.5853331592470097
0.6567892641508218
0.4281893557999696
0.6720532124559365
0.2381268409322911
0.13807350749349998
0.2672361015184394
0.22930636012565456
0.3127169730225195
0.2344801492678476
0.41551162274606707
0.5933958411455229
0.7222038400269202
0.3892394148387369
0.6429444094622956
0.6281427208997709
0.6518680893939756
0.15459672121890286
0.33521084885863645
0.5675806747459438
0.2513011901191365
0.3986067942746272
0.7102507489349487
0.19933333885391738
0.3010825279118274
0.6504629865211626
0.46536331318028645
0.6883369720513806
0.2809497698724447
0.2720170209881008
0.5851479728393425
0.599059328829648
0.5123606863181558
0.4879551009720755
0.4097028032668261
0.6455275965321957
0.21186743802731836
0.3189251922496077
0.49262019484383146
0.5860611960438457
0.6746297784877371
0.5541530361947644
0.745342615400019
0.36311286887769867
0.3679089466358431
0.4283872428969405
0.7866696902244589
0.38532826196935543
0.37634331253728776
0.5674921430358004
0.6957305043246794
0.3722617687460952
0.5680557857465836
0.40518316675255545
0.7432607693366121
0.31444019386667005
0.6285083761653544
0.770102898372193
0.31614116042234475
0.3067962222673398
0.4636846236590755
0.7027459140942025
0.6754883077410451
0.40814656198022503
0.6241642334678548
0.11367865835891353
0.2067075898405132
0.23504820987024977
0.25135512688180234
0.30485525336679214
0.49535204337728916
0.6791836881373955
0.1980239616298374
0.3093290579270585
0.4517526338288238
0.8001687383031612
0.45010537854337196
0.6678910836268585
0.38151339843907656
0.6651970825423847
0.4472642319561552
0.6291923454307741
0.4663074109194838
0.669137011756286
0.147149666389791
0.358107617022402
0.6807997401120908
0.6262622342967965
0.6742871077675151
0.6845493468491042
0.5455777893093343
0.7059231096244252
0.49116177417220314
0.5179037571995463
0.47597269934302444
0.7978184227671903
0.4614659453522186
0.5456421319628112
0.5750072278544139
0.3664629099016096
0.4522535950981178
0.4704059115147742
0.5478778640752587
0.6423685977087169
0.7359600434152106
0.589637794609047
0.8468591885353224
0.38191187504152835
0.4623538375366248
0.6832264855822229
0.6298391867250636
0.7678118818208395
0.3933035652065387
0.4857129911167868
0.7513617738677439
0.3542950072171528
0.4188444303605554
0.4112152951744674
0.6835149254916699
0.7858737451934559
0.3509752030222338
0.3350026617208135
0.467412758511304
0.36836707201611996
0.5447503909528645
0.8380526283608576
0.43848963678357616
0.59427114933158
0.445394227585193
0.6393950796227419
0.4800523487667105
0.7937165266525857
0.2775003546729138
0.27630866407710203
0.2108355854913654
0.24750116818844836
0.23629497521187795
0.28259058881873
0.44003383094953147
0.6964581648132888
0.32903017787035893
0.47240020979402597
0.7339929062246661
0.6472576092292315
0.8370761386831284
0.27162764323829336
0.3332372519027925
0.43405955773629273
0.39051466440229704
0.70313625626264
0.6173956928165275
0.49504115389084813
0.7196810051833853
0.23583098959551124
0.15279646765128582
0.18727111740309021
0.33622653629292587
0.4162944402596977
0.4010885285691766
0.6971945080349525
0.5808080840733286
0.7022225476513804
0.21552482814432808
0.389540702390004
0.4842083888918703
0.6573292438657244
0.21666403289990246
0.4304557825163077
0.37612921279974776
0.5866364710457679
0.6616008410448583
0.15254602903821887
0.008140413724453874
0.11039542550374967
0.2917349494749643
0.4143117274584459
0.6090979114899174
0.6601370509993294
0.34668421030942137
0.5735640148479138
0.6843345089230252
0.24092985536486985
0.5976048551960615
0.633232262914355
0.5834246636945494
0.7374820899492807
0.37181944634401626
0.6524645561354284
0.4307064590737366
0.5870864345603666
0.2594231522658266
0.4045245211932802
0.34010058001553317
0.5139125159000387
0.684141650657262
0.22207352266930683
0.3286234233626141
0.3577381360482147
0.5274826706047187
0.2410178171377974
0.35672172129553326
0.7020546073223465
0.7509664522229869
0.6694910483670282
0.8330750714846853
0.4000999485969532
0.34534799849982517
0.3807044776667423
0.6355917940717435
0.2890029265099008
0.2564496533338138
0.6372032144091972
0.3398567382996296
0.3180272189508763
0.5546079335607941
0.8004193292696812
0.4846226161417546
0.839849840207019
0.43468517350364366
0.7014163741206403
0.7751391006095959
0.19433504427842052
0.19147480568163106
0.1732418712729442
0.2654473123827404
0.1499798238117812
0.1503399973505535
0.20997193536124897
0.2531040949655106
0.5130737685754923
0.7129718786704461
0.2170395277202726
0.05112672245551831
0.23013771614486742
0.2602915437465607
0.6783887349524829
0.18913002044294713
0.34691458643466516
0.6002228808757226
0.7126884158204215
0.2555057517885324
0.2870991498868626
0.39864015231667327
0.6818340342140178
0.244390859958359
0.5135416677722825
0.9289645087075421
0.5478744983773771
0.5820418945194029
0.7553217592118622
0.3958237682942884
0.49214394820335017
0.8258462781979523
0.3517247584663598
0.38762560948697744
0.4042476042602076
0.43779965962533485
0.8642242361180933
0.6234076967618432
0.9079976736444586
0.3444276588087745
0.3673759758578811
0.6036716300282817
0.5525627597060959
0.4826295056478912
0.7609322215156896
0.5956840942160374
0.6439233492215016
0.602340290929648
0.6767566199720245
0.5223271417536305
0.775304374410524
0.3375171325596787
0.2200875634021317
0.477716441886754
0.7627082680045734
0.5473371663299791
0.7148878758722835
0.49178169923614234
0.8115136165046751
0.5815857782983953
0.7406943828420915
0.23467697042655367
0.12172715360180954
0.40513734493649184
0.5842235596966349
0.5050641665318082
0.5707409753468814
0.20022732086945175
0.3403312499951549
0.6279910217707114
0.5008991848216613
0.6937806088536964
0.23848812518606496
0.40242493253685796
0.49196063832609077
0.4912627115847445
0.5355243444416087
0.7761152167280342
0.4272350756159342
0.4198445363919712
0.3608874203357721
0.43104568992536596
0.4639213082202242
0.7069108402740928
0.4334209874905566
0.5875746754534236
0.2772589255527018
0.6280665891233738
0.6121110984589105
0.5956483979021854
0.49602615556211005
0.6765347540242381
0.31928649384160385
0.684000865269593
0.48600254808458543
0.6277357344268499
0.3782945037666365
0.6867188911763122
0.6911433569473634
0.8723261544434079
0.5774266974484905
0.7266049746630363
0.47672083601119436
0.7205222546379358
0.3758063707572364
0.6262384244891207
0.6871357760141672
0.5732473847229541
0.6800431718489732
0.481862852290581
0.7736710799471206
0.2716822411083389
0.37647664088136373
0.3230875584757654
0.5910072053506527
0.6770658512006142
0.3159573786839797
0.4613626853534472
0.5046476560585684
0.5743523506173491
0.5080496862966805
0.4310172326351876
0.485889141822552
0.7692816109489508
0.25493683657259386
0.2958969237788605
0.16645553135146351
0.0841529124274585
0.3006075360766761
0.5657881435396888
0.1932509706790791
0.4810015259152619
0.7291254815434483
0.4449740307018187
0.5547063392058732
0.6589119695724253
0.3748455172419572
0.504886961101566
0.3856678924440017
0.5550383687620584
0.5310099291867453
0.6627786484406399
0.38330113502168073
0.5136438741768045
0.23714295845469607
0.49913069183763137
0.5730203387275319
0.28243501062901394
0.6121698518888732
0.3841601428835349
0.5340698278745125
0.7062085086349351
0.5073153325389567
0.7503648799088923
0.3208131907979006
0.24194164920939099
0.07856537604915766
0.23698455089484768
0.4953865523930026
0.5151042759835441
0.5758095458493684
0.7308134206386975
0.5380705766440674
0.7321383310724814
0.395545285130785
0.4036849198464829
0.3657844599376148
0.6478018612659788
0.5072492552295428
0.6184460324299583
0.36520240162473117
0.6789536409447462
0.20702914011080809
0.2786029645550363
0.3793480871528618
0.5823672859906861
0.49074677453994736
0.6433943046329599
0.20561253721572575
0.6066314720540646
0.5282398966778942
0.8239491037554494
0.4807872371835388
0.7082179970716882
0.638172592417374
0.7187077917109583
0.4448004212842034
0.5494034953692702
0.5569578007295918
0.4171769303941955
0.47420177108398504
0.7741358626105885
0.22675975544353083
0.024902456806684518
0.3385542739453387
0.35768370409461264
0.552336730307384
0.6630242856110076
0.5717187681783384
0.5908163818778029
0.4744397235708611
0.634713170039248
0.572163700641098
0.401201798865265
0.42850354292380693
0.41715730163551784
0.4343207927735135
0.4290668754175647
0.5843478742108023
0.23597843752074205
0.42502287485423845
0.7193629257833678
0.39901728611089965
0.7268576125507634
0.3224493657852777
0.601652273159324
0.4563957125520634
0.607483025203441
0.24647610383901988
0.3667036696793594
0.6790695661786167
0.18996437427213037
0.13975229965605726
0.23813266764924487
0.36845510902283857
0.5830011346265566
0.7003097134684549
0.3185706674236143
0.3694869637676567
0.40480196955514325
0.3314536780062748
0.21247252624228824
0.5929131731634066
0.32598150171801027
0.6937887763954815
0.5614315736115854
0.8408996328756833
0.2534444430714663
0.40263971256489717
0.503104845444048
0.7282082464658193
0.3836812601046354
0.643894834399749
0.6306956589227768
0.4851470822623116
0.8320833970648139
0.4438130627062857
0.678077217699323
0.5172627725792701
0.706641949371327
0.18422353491820084
0.2594721752454653
0.365725322926512
0.5716783880710563
0.773813208419654
0.5637384957192697
0.7359712570409666
0.4137823245349052
0.8938539235502648
0.3884775552720163
0.5095434583405625
0.7429420016114124
0.41323392769249884
0.7799257956553197
0.4649443317406905
0.6804516883981532
0.6341990051643942
0.40741838519699863
0.725197839570412
0.3733713699128293
0.7037878580904893
0.5214694480640418
0.6915529460680908
0.06708208944909701
0.2500623245625243
0.23968746917656167
0.41665318652943784
0.3920334694614777
0.5788978936259384
0.517111422504984
0.35984479698380634
0.5036768194235028
0.18318753129343288
0.41482219412200544
0.5185154590557253
0.6896755524254431
0.4293763904274872
0.32365625545403603
0.5302504128752397
0.6984561540672931
0.31329698074999407
0.32873152325778443
0.5846081798250927
0.19819850226215252
0.31353559175146345
0.6434916784532654
0.503383593288033
0.4972075815478833
0.42057278479608134
0.8426245682899624
0.23041912538460285
0.3341576654619456
0.3045171193140021
0.44024231940978426
0.727352099388136
0.5063697074891866
0.7859997699417507
0.2511760056195662
0.2959018531456729
0.33283377029152134
0.39735148203292225
0.6155163855729469
0.3266844584321975
0.3949981365353413
0.7281040065284679
0.2150673651188665
0.341685632235393
0.6165714389060563
0.5711224491941282
0.3562251743439549
0.6598016690336009
0.267174973162733
0.4062317690914609
0.6103500148960682
0.3657152987783898
0.4746034010919365
0.7479495445530806
0.3607160306032364
0.6144414701592145
0.22202995898650454
0.6059688646215838
0.7617669984777464
0.5691050926665148
0.5101821436683333
0.5587790642678543
0.5863438462804033
0.7256711888924561
0.30931316249854035
0.6984657479777975
0.34538469658751403
0.5746273304832679
0.6881309509446061
0.48245575999238605
0.5726681784158749
0.4669475649808269
0.7502853595243734
0.413727112387296
0.6124665720000781
0.60790556073633
0.7496414065039388
0.7274652629640775
0.6998553255729422
0.31508480418431106
0.5030035114378812
0.5539156993962351
0.6205112968560998
0.7774936814513645
0.28627277693176256
0.19865965819485282
0.5209437889917504
0.5692248985740016
0.5667620367319514
0.6297558707940487
0.41877101337817646
0.6200305400602898
0.29975043884746705
0.6273617536775173
0.45447714927993377
0.6293625139933314
0.5225997375330865
0.7552220826265784
0.59524596602858
0.7491719164234739
0.431047381115812
0.6083372755824422
0.3779175354323202
0.6751203359378589
0.38187089678775527
0.4786634139527063
0.16270430913383968
0.536810602953079
0.5757636623470396
0.6495823614887598
0.49059079927232546
0.6183146790815264
0.363119961839211
0.3941065889542494
0.4273778940276053
0.7344316205261991
0.27526102852295875
0.3852960135675876
0.5383923028111279
0.34191075544961436
0.2147811898256163
0.41319824004884953
0.6768161842297563
0.3264222818108907
0.34235342414994285
0.21825671285118753
0.1468604277455165
0.3246727193767598
0.5557370156250151
0.5113976451194123
0.5121015256898871
0.39218334352737233
0.7835409881793154
0.31579133040304747
0.3190207189104088
0.26864668736988057
0.6170656245521583
0.35296427300656147
0.5314770682297468
0.2608314009369119
0.5344233519479976
0.6363756699263818
0.32771458891047356
0.27901030651320846
0.3706859712385465
0.3751814548757443
0.3202658293156271
0.5997936267844379
0.543718549301248
0.950221093684968
0.4808190015720919
0.3607921023203759
0.30408630905498696
0.23620414470246284
0.28154273048736556
0.312238956534539
0.37736570174044065
0.28491623845345904
0.28633066409722224
0.3523007565817337
0.16672934160043404
0.37540697758269304
0.7533863965718215
0.39574717829336986
0.42733828339788116
0.5334941277118572
0.8055499823655785
0.3683988800797549
0.3240689846687112
0.418082610026205
0.8258772455878037
0.38210305177571524
0.5352090308395528
0.8012425750766115
0.29666138480506143
0.45035684957202776
0.8062697867858826
0.4898397460644886
0.6522005604965702
0.3042892291829795
0.5178189180621907
0.7251722025966679
0.32754088469640413
0.5767897270819125
0.90620955117656
0.4674357015099761
0.5959136529659758
0.40097792619681427
0.7112149233637791
0.3217030182478366
0.311000233439301
0.24470749964843602
0.29763417939454695
0.22857190390215631
0.29573632592178056
0.636786016615283
0.4016736212744573
0.5249404277645787
0.7413792042473815
0.34763704333948897
0.3163056046658755
0.40745410839291335
0.6490659310505306
0.20994640052919616
0.14903570569936941
0.3650438807493455
0.45645811037745154
0.7979597361361318
0.3827071256934255
0.1218671184904435
0.4003029988934498
0.6970420306353002
0.44717605121506565
0.7191943657000403
0.32387416087496207
0.4933137019376274
0.7652700656973116
0.31961610531491413
0.23713268136435042
0.5755631923845368
0.7399007883534711
0.5203415334111263
0.6989896650198094
0.5723093434650657
0.6790364188971759
0.19422621322370318
0.30254334373921915
0.3877585596676503
0.5492274529742088
0.7928026405929016
0.21940780522459385
0.3172411782001407
0.4680276229998353
0.6736981373374676
0.1576338570290305
0.26428122439595986
0.38903321572348587
0.7042834254266117
0.37604637382823447
0.3993124022900327
0.5743237560036424
0.4071304102531009
0.7171659877970636
0.5413202123357566
0.6606431823183673
0.4688861904114568
0.6315985099023897
0.3931340049590992
0.6132484905899063
0.21762881448056656
0.29210929731381363
0.3804240828834871
0.40745212604384967
0.3984946516995472
0.8554725384073096
0.36578646423326217
0.3458495305629896
0.6527195234602574
0.3236554579605203
0.37757394625117596
0.6671454531795294
0.432122845351199
0.6320781874700719
0.28067134754025413
0.2419437742402895
0.2067934102900746
0.5094879582574544
0.513323123861062
0.23809530015206326
0.5575038992590059
0.6619597315061271
0.2248163673856301
0.24629910694360535
0.271621394380395
0.3483235425945279
0.6815276095571482
0.46465058977308726
0.7003307112765089
0.38007926710538176
0.6324388773535917
0.6665701615219887
0.13806030526488136
0.3053958876414565
0.48092125374591116
0.678369457782603
0.42565400452209107
0.7482660898812501
0.6999662394984926
0.8212029112963818
0.3295103193126167
0.3934808680748937
0.268492935070303
0.253660680742964
0.4573187257738471
0.6848002169664662
0.6826104525125087
0.608721915194814
0.6972113481295262
0.32640077487408553
0.5101255718757193
0.8034872575394826
0.8336712714458453
0.6025296131923377
0.803214038996057
0.26692424058792896
0.47445767925666604
0.7601790943377108
0.3393242225643405
0.7148605354859704
0.5622463769211897
0.5839512228518345
0.5439888843642343
0.7243441826392357
0.5577032305123294
0.7413275124037589
0.5279637384013471
0.5713873874721812
0.38256247444269387
0.7643022394970381
0.39215302187933154
0.5429231899560236
0.8603101745366613
0.4372872232661044
0.47121522646237934
0.6358396166504533
0.6038544246892158
0.6325213371078473
0.5493834092131801
0.838906166751673
0.3859318437440193
0.32083516722993816
0.21318072663333087
0.38235585618695755
0.6905269798898709
0.6045161193582567
0.6236984921986074
0.5128549295330455
0.5601177698815949
0.699345845051618
0.6082244174877228
0.7841301820108834
0.2931094659026989
0.35012790210426853
0.48217466463187225
0.5208551033854352
0.5064929902684691
0.6701478850911354
0.49387377029881707
0.6098019428804455
0.17756710014819185
0.17970976925211674
0.3677845228374633
0.45238228278269377
0.5137839976982906
0.20120441440293782
0.5340863971570571
0.5705992845208913
0.5533408733212388
0.19309151611812725
0.6534883545828745
0.5692503990490675
0.5964619218589813
0.6930088809180288
0.6190287814324672
0.7332105447008155
0.47259225725001686
0.6689778835836249
0.18288681892818542
0.29599255915572875
0.5866533743681432
0.3515047486960327
0.5278672916055703
0.7209074785434693
0.34714017582904555
0.5282630083764299
0.2696952322817749
0.655128698804327
0.43807330968841507
0.37971170076024857
0.5656044290829396
0.5596082064955002
0.5847584655428782
0.3114012448329439
0.6892387834262726
0.27362201897698607
0.4848706570556381
0.44461921517155645
0.2974417879612515
0.47839819195852346
0.698198399815459
0.5804415804635835
0.789427083312889
0.27670625257556763
0.2387498000036661
0.27547226829863347
0.2958665322550249
0.3310402180658257
0.21144614962728486
0.3128811806008807
0.5057834515005053
0.5407728514945119
0.39204943485535265
0.8891952863704143
0.5949933597542195
1.0
0.4703906187088218
0.48229113879445595
0.40476533624927796
0.6257373669822729
0.5290030070813088
0.7895144390751291
0.2804161679577451
0.20787273592959699
0.1245252353382717
0.2063718561862549
0.2193191218619524
0.1532593126009509
0.3273209951729146
0.6191281257150234
0.3957622252379813
0.611210475354929
0.20822952145794787
0.38688849935413155
0.6277589782022581
0.4029477192850449
0.6953953188936065
0.3473819402323193
0.30652018767972444
0.5583053420181908
0.6439337948412871
0.2871441842057354
0.41816445893806564
0.6146642581523893
0.3433673755549865
0.5477743497045314
0.32757214649707744
0.3192499182374421
0.33756237658832056
0.17478720178595472
0.19625792512623655
0.30389956317089667
0.5897185866129885
0.14554685049803248
0.3356462796460488
0.7778015366409193
0.5598192081618117
0.7735413518732241
0.27012085472396674
0.2778990461617531
0.46566676066037427
0.4224544240855364
0.1877942393373247
0.4539232124876592
0.12112922940299821
0.3726377358935282
0.636026888986325
0.37134583232484614
0.6357727748614177
0.6049864714326184
0.5469619684408378
0.4299236615973295
0.596197147541356
0.4947538164142354
0.8728292096416954
0.29746258871228975
0.3530883831863007
0.36117753807329817
0.4686041408127202
0.6352418231177488
0.5520481916261444
0.5866677010589563
0.6423483594724972
0.7877448786411033
0.1800531547517712
0.22594225733067647
0.3141910868641457
0.26134592174569127
0.15954555002213902
0.19718849041904163
0.34890735193370176
0.6575259449785739
0.2829388144123598
0.40865209327881824
0.5828358199897059
0.20709923264515048
0.5711234688898874
0.5775213521263108
0.41635044951448863
0.5622019567202893
0.2788204957468572
0.6349220502876846
0.31621482011152624
0.35461772482393217
0.644573731840192
0.4468211769316794
0.4607740349213351
0.6417824156613838
0.41563142353452126
0.4294539495911583
0.6790823689295672
0.2944603485351567
0.5323341833750874
0.6456877491062627
0.3100393243112924
0.6626372503734542
0.5501875354823001
0.8898363512966555
0.3456709671141585
0.42243623996055607
0.8209509700220797
0.22910979888478783
0.26410523278721376
0.14270772991113048
0.2671416213972587
0.5978312599345474
0.527648741645686
0.7403569467121048
0.3263926094402828
0.20315000190971436
0.19418216886746625
0.3391013422440307
0.2981287291483533
0.38439511321433006
0.5746259873059604
0.3622276402214594
0.6460032116389764
0.419745414711408
0.5989863383248666
0.5233807863896749
0.7283833318458761
0.36483600516416215
0.4970337728370327
0.721895736688083
0.28471334180451885
0.3106253046381919
0.3419246783705695
0.6107147798302494
0.5953105480062866
0.6298498990579511
0.5210686153824589
0.5833135592785
0.44798452103365877
0.782384783419772
0.39551688632403115
0.7413500973113865
0.7059204710539806
0.5767843354397764
0.5021517860303969
0.45237885088850543
0.44837069005311475
0.39619519418667537
0.6432538018942164
0.40026763471597815
0.7108708010441914
0.27420236407317783
0.5275136982486446
0.6419887320502328
0.48700676371245644
0.6299503339087551
0.31613672623211797
0.3198082526559181
0.30315481276499945
0.4062837273335139
0.5244901768986638
0.6011963003979633
0.309892790588484
0.688660224934145
0.4563943401720354
0.6741850409597162
0.25797116791439084
0.38506472820482274
0.5425120708012015
0.8082388502806767
0.4789108025374555
0.7118701784594147
0.3981692835205307
0.5345400256465844
0.6868715147085358
0.6167603962888786
0.724640648427744
0.31651682358399663
0.487876290791536
0.5999636556899892
0.2794283318054259
0.10576942148642965
0.37593887299219503
0.5842150949204885
0.3414761381031743
0.6676151006861092
0.29801614655412867
0.30305790345279493
0.5805131154914682
0.42926782090979065
0.6625290225838059
0.39264512028531184
0.6376624442769874
0.2064209662169235
0.3865811861485328
0.5641930690019137
0.5647963134835812
0.7054304420415205
0.7386170531286336
0.5687511987600615
0.8403999781160387
0.29740043329748267
0.18831585536091502
0.20051697870715288
0.2596572999823642
0.2703268872937015
0.4771972857588963
0.7539346889331412
0.47664014583825715
0.6419226309539209
0.8503811056438403
0.33350793484131336
0.447186712473543
0.6660909963762814
0.3571820580004379
0.6240702844981548
0.330513888968679
0.6188953937033205
0.38988454461167993
0.6346549137605152
0.39759047800656566
0.640319714336143
0.3073222025389896
0.3588445500336448
0.8314147020006015
0.27665542542045896
0.27208745500794174
0.2407402761936892
0.4600354858616369
0.5817895011765651
0.713864252944265
0.2949116386132441
0.46691494336022726
0.6810173300187863
0.24910856861862937
0.5133769896506478
0.6969975079745643
0.40642348089255936
0.22767520015320056
0.2582597564394619
0.23873257455491836
0.44832416986273305
0.665156918811243
0.33975419891212255
0.442409416502122
0.5521042324305964
0.6322272674788777
0.16129326982919745
0.2750752807532808
0.155048413427539
0.42759211785129614
0.7673028900113065
0.4556833215557921
0.4320429636554361
0.6565522473213325
0.71381447385533
0.46101053508722806
0.7182872550723373
0.29650206118561867
0.2526886826265825
0.3522327002567265
0.4276272332315743
0.8468574384501626
0.38329698185390954
0.30382068076925045
0.49875735849926267
0.6555237725839852
0.4486655441322343
0.8401845277558833
0.7449634481247436
0.6318955382652928
0.3483673074357983
0.6799602093272961
0.28253881711115986
0.3129639687021734
0.2501168283086358
0.30919461004842924
0.404072649393769
0.5072076065161808
0.8912644240850501
0.5827301751399203
0.813366621472117
0.527988672538208
0.7653151783358569
0.21231650141918718
0.28613756418476527
0.38927191529135236
0.42159165796182385
0.6894012421197419
0.39688298382586135
0.5929525837141344
0.32815704282728425
0.32209135947892764
0.4794628454471826
0.5449777572592516
0.4168652544138994
0.6860548827951806
0.5299377642142211
0.6143194608732119
0.5645518897459485
0.4863633874936265
0.6686097079344263
0.365888445893983
0.5767647465275096
0.7871448799896343
0.3884420103599696
0.41768727877669976
0.7753798944736804
0.31657123447978114
0.6152537033736387
0.4683680190756966
0.7324712138666493
0.2083412025230457
0.2536941914071094
0.29970377713011426
0.6484847735313302
0.6346188355653399
0.8029658375100325
0.6264033909978329
0.7701940285716238
0.4426578635499515
0.37115903366626773
0.515812309119621
0.8056934113236806
0.28320889557787743
0.5874752189540036
0.7409737276825963
0.36031431043207995
0.6632189526320271
0.8204398005017505
0.2959659930576097
0.35707680649103823
0.20912892010585327
0.32621528270121763
0.2709762256361842
0.47173009059665366
0.7657764580135802
0.38668039987366865
0.302405412690332
0.34661147887064175
0.4878520098898648
0.8791798795644217
0.3057175896595878
0.38657114641871787
0.3329504817032515
0.5170005332145248
0.5815050410479645
0.7915950943690693
0.3929257674314646
0.6764717475134167
0.7780410729485628
0.5010505609504601
0.7332780129533648
0.8805754482079879
0.2778921642180527
0.26656305624632454
0.36564757360991706
0.76015819694553
0.41487570334487595
0.43285925420202104
0.5367075176972933
0.5735787336462863
0.6507448264788203
0.3952970035205056
0.5164603467145291
0.7340633303790536
0.5024735358145445
0.6348515827804216
0.4198047884084168
0.7519852748218284
0.506667158490415
0.6756161827799645
0.7565407716023981
0.5168799638892924
0.5255910733703316
0.8108654288687308
0.17169550411561693
0.4132562760358395
0.3365133485106896
0.22402359064071264
0.4239373964310928
0.4657061247909572
0.7469702305538836
0.26382155614202385
0.42383851853396937
0.6277432133272425
0.10011318536297843
0.23327236477480637
0.2618992675455873
0.5378564943997889
0.8411839435931024
0.29563435870746757
0.3143113665100065
0.43436616540751194
0.5955418971114522
0.4393580072159597
0.6482195171948684
0.16664359163413153
0.33741863601587896
0.4049040481090985
0.52214908524056
0.6033139801132995
0.5540310598368842
0.6748231596044783
0.6536904197371192
0.45340611623396493
0.6637025578099165
0.23864938916716655
0.22991364128152825
0.25467396414318466
0.34132218713204443
0.4814813734428154
0.6052277524297623
0.18210310928065288
0.32334088706087527
0.5415536635327355
0.7782231332503949
0.212592925217444
0.2799915220085537
0.3339526254995939
0.352981017432267
0.7919687168189076
0.2938856773912099
0.508939166020561
0.860639677461571
0.4150906996957248
0.3419802091599375
0.5074998766093156
0.44833348659754274
0.6906282288193689
0.5275716263020078
0.6710890692296564
0.35129351255640073
0.2301485128669207
0.4827789858877227
0.6259902176424045
0.46514374564874944
0.6100938073124218
0.7540329945385913
0.34853733757655614
0.48917392156442013
0.6320551458211254
0.5876792772548357
0.7907954013482271
0.39097300058103757
0.2791988994015085
0.13541338924502275
0.1308178863905301
0.180417282277767
0.36381079669473243
0.7481760697175439
0.33697574353109055
0.5789059269591248
0.7124278844191996
0.2722412900577692
0.21690893224850694
0.3732730627209733
0.7530866808398288
0.17135839800220956
0.4463594447235493
0.5383675865189015
0.44264244996698415
0.6583948829245527
0.2726371353399926
0.3896300425953612
0.8106808510622548
0.33224101091777614
0.2561970429707445
0.37779425793567983
0.652685332124322
0.2431800780654936
0.5319707952902195
0.6741977488885988
0.26313248356678
0.27881842778567395
0.3412828774320534
0.6765830910926656
0.7041724649546537
0.5203102718688335
0.7716999871446357
0.3709945679836094
0.5456512927704044
0.658471520624399
0.5469384933996937
0.43650829968381916
0.6758464102553223
0.19984016949224476
0.20063273524250508
0.3965555118947301
0.7026949325371942
0.4058566057441775
0.5993824346670155
0.19935456673204505
0.23835208486813866
0.35313838388948754
0.5366381071181471
0.49641965399398735
0.528881888933596
0.48015131728449595
0.6354651627007475
0.5267058359330061
0.7004260014631154
0.32921610034566434
0.4927620633201958
0.5039645906945646
0.12705579675567466
0.2444704472355689
0.5319160146289241
0.6209534551909285
0.5301371575048803
0.7684862569255585
0.26982774492135453
0.2455847202293413
0.2602041525757643
0.4019227603295308
0.7335849158305328
0.5309793591596588
0.8197816074147776
0.11092156108967943
0.2329675162686497
0.42293760022165877
0.42408920594585414
0.5262565614302666
0.6062977670594172
0.7963293734282165
0.35087489925755855
0.5303088229310396
0.38520528252327724
0.5365407125239139
0.2719804624303018
0.22520751689939897
0.5173651926505703
0.6359107031170946
0.33912774786547156
0.3944629349048644
0.6165906743368742
0.7373021372348879
0.44960258288223237
0.2540789440363398
0.21535569801232157
0.5663412424732206
0.5071834414330486
0.752767128249415
0.3091940558132877
0.5555418246924337
0.4710994942469024
0.4771146682161595
0.4723378384046155
0.4707752603327032
0.4316861316723266
0.781878627944862
0.23864640905942333
0.2319700022878674
0.5422572743833335
0.5903523941064585
0.46804218720382845
0.5952735924647484
0.12401233972092691
0.1459755584366653
0.21961181864817925
0.3733645445222392
0.7674458483430872
0.38474940074540687
0.7768427110422547
0.24540210657034997
0.449735237648281
0.5428032512966376
0.3094376085858283
0.6147758844655281
0.32089046054301906
0.2667947898162404
0.3796677816753742
0.3338431201326511
0.34374918476916766
0.6583231818949699
0.395880847919523
0.590271023203019
0.4640903421386162
0.6025703471048013
0.20697593677587933
0.42100692114236904
0.6060832982285234
0.2590273123376059
0.6151390177770918
0.663457654165246
0.46488883803277214
0.6412083540339649
0.20086020580989072
0.37671490162258287
0.6099789521082399
0.12474842737565545
0.14849266506668723
0.20732393975422095
0.2549431141740961
0.1751645117995807
0.19097185241278244
0.2914275402650009
0.2743087666353416
0.4401210445683591
0.8610456204446226
0.3808794768407653
0.7358732990641599
0.528071915965384
0.6980926825377569
0.16002705720815366
0.17834377319258407
0.15833694414974275
0.2037440887992953
0.45900545185145447
0.8265817031246963
0.4599317873559149
0.5630320038484679
0.6848185913774144
0.36447899917278886
0.577381715255453
0.9504860398462127
0.5509545732815349
0.8644890510711455
0.4629024038109302
0.6047025498790116
0.5129628699775997
0.8240611867970007
0.45890452307063767
0.6544091221778799
0.40414107665331334
0.5605978328981569
0.5593110905439003
0.3889917902168787
0.7259531706974914
0.6507645667686731
0.7989455439674904
0.31448624909514167
0.3765610212830619
0.6416108813237269
0.6526128091864031
0.2546019788074969
0.3767653946134309
0.60120571772198
0.6021197391392772
0.6043112383848691
0.6010553251247502
0.8160824346396768
0.2554766606163585
0.3629801966358663
0.442671148023308
0.5669818835860017
0.6867116352668182
0.3451882033674996
0.4519720229447488
0.7419462180455045
0.44644460724396345
0.5400964723406811
0.7225137117137538
0.37722788583897343
0.4181624807119652
0.5907604692156608
0.3828530995237266
0.6816714797013547
0.7854272850086765
0.453089066572517
0.4106727666615754
0.6127115323461886
0.35933461778163744
0.6993877308230237
0.38266942947448457
0.41312781008726873
0.5812338622628944
0.11584529005108224
0.2043019590595991
0.37258894015082655
0.5694236926508004
0.17784994165117937
0.07552485349923642
0.1565707207114553
0.3465161998685323
0.5890284137157684
0.8459772055159657
0.4128308156867304
0.4830831108387636
0.6249219965131915
0.7202854323469078
0.4821326940247092
0.7748464042958503
0.4157016179634853
0.25151810831228033
0.29972409099714736
0.3594620858597259
0.8025691606121081
0.32029361856830163
0.36746977371050965
0.36600448973112193
0.7036517672305413
0.38916299530290466
0.7895786655862208
0.44506050111496154
0.7920959407548307
0.410074580683972
0.7879786748411185
0.48366555307329306
0.683171450574917
0.7449797455383438
0.26197868603978725
0.3564105345284194
0.49148328781381073
0.6292863961936138
0.3081527335617422
0.2878666003492426
0.2964647887178869
0.5210629451005743
0.7238660094669931
0.3027332636766233
0.560245096518065
0.7816038456271568
0.30172559829616047
0.2849947876463575
0.23206713907002002
0.17462508196473656
0.11703754122601474
0.2783893229165375
0.4882354016554151
0.5417748685895734
0.7510059750597431
0.24388819236352444
0.22076164954907093
0.18504035288063164
0.22378610071988753
0.23721723093517855
0.5305089541922638
0.47951076223681566
0.6712041783668735
0.7773765057764028
0.2642095034333303
0.3148081854214508
0.4205983198636009
0.8229750949533714
0.7411604338615531
0.8240912006530199
0.23139655855693098
0.34657510394939517
0.3770091161995717
0.36742067234682163
0.47413749504514147
0.7276236099419007
0.4830486616426464
0.6116616136968825
0.7822140838710187
0.6085682416105636
0.8143148652923685
0.6085777224851262
0.6903424818496299
0.26503923780748867
0.5957135222184112
0.6667189858148853
0.591329534341938
0.582464061609605
0.45274362332565365
0.7499398339658869
0.11765545625085937
0.568754941210831
0.6658856357551595
0.3038302157542199
0.6612190106249831
0.3758749890791541
0.6736221621038295
0.2235539317882588
0.19125305210685487
0.29997378771938726
0.35500097984613777
0.48937857184181005
0.5868165689697583
0.6964776848057748
0.7634734804995367
0.6319963076046229
0.7216236408226536
0.3395300187611461
0.4680138072264491
0.6382556681400562
0.7682927658891675
0.6178010468120344
0.6793726314187453
0.4579524962656273
0.6355544961200219
0.7097569446725026
0.4652549015122266
0.602852150556046
0.4053398362722974
0.6799116781939364
0.6701045849657227
0.5322602953198613
0.8867541091641262
0.3205864086661202
0.5119206092115135
0.6762426645150067
0.47385070165764903
0.7136368807150811
0.6617230548268453
0.8552624099302348
0.2700018806833025
0.33599358231484766
0.5256536234968313
0.5801064964823764
0.7192007163650684
0.289680210874026
0.4845562160094799
0.40395811586386493
0.20953377556862604
0.6051044377272778
0.31254322872964013
0.4993439696562484
0.4180715318886571
0.7355982458288657
0.33493037886105803
0.5598523574627546
0.7637077002262382
0.3593266397666194
0.30635362145480244
0.4689142344420667
0.6516503227145627
0.5493017614642889
0.6429795290590156
0.4629828795721592
0.6675361843610325
0.4023303885225669
0.6790814615885896
0.43694283865416905
0.6644996388602862
0.39954381892124907
0.6995804712542473
0.3190847632240536
0.6012102013435509
0.5707901243171253
0.45383910602661603
0.6706164794158926
0.22240083679141184
0.38120420418843076
0.3503260971394426
0.5538492663378607
0.7235055654034674
0.444509569209067
0.7419544071390818
0.2655736522741425
0.3322558150325929
0.5130018199927829
0.6278036742532977
0.5088544900332339
0.8422475454622425
0.5540333162857074
0.7308274110748597
0.2407026069677877
0.3422687794458459
0.4770018520560579
0.4532028311389506
0.8526448318370481
0.38665094934116573
0.5668141794050611
0.8205325000344436
0.34968281694619374
0.3579085891791427
0.26688648271673204
0.5734432872026443
0.45796205190465916
0.7136855318234988
0.721549123656251
0.681877446352323
0.4219934101375654
0.6085086231555583
0.4508031853157655
0.7222813060433328
0.3863273121385158
0.402842586954996
0.7997844776294953
0.38973531645739584
0.3885537010454997
0.6773030791859633
0.8637076843850501
0.6299602097683326
0.8209000518743885
0.5396141416728197
0.748225000187249
0.20172663856605152
0.1633393595010358
0.21887477002551775
0.5446476429486354
0.7605867964278663
0.14490558250717833
0.3543292454430554
0.3423987090697708
0.2719592132043056
0.31164748093904293
0.6154000217711534
0.6785086093171775
0.6610561076915626
0.5876333290720352
0.8298720940549712
0.5587347094710821
0.7935514225543576
0.2992668624338757
0.5585018990444214
0.7822825367918285
0.3509007523330423
0.46057210208232663
0.7289854571441026
0.6175727739285154
0.7659516118341343
0.3084914613461334
0.4516053681677852
0.51646751588162
0.5725723503760873
0.34048717764424286
0.5243272464153911
0.5993025877851723
0.7008031180717366
0.4729720059584487
0.7516940611249993
0.2098030617238477
0.39235514597450566
0.22665942952237642
0.22130814979896934
0.324218731480678
0.40790032794654385
0.6790413135344302
0.49852266114792726
0.7766421979429282
0.29589166842770753
0.34291777320514766
0.5607777498757208
0.1918688579500607
0.5398541262919736
0.6783421855553721
0.20952917777692967
0.18361602517808107
0.1962758306007352
0.2505186363471252
0.6381649929516289
0.23004664088273688
0.5573614232043597
0.3955299028062222
0.5910043810666546
0.5926715369997624
0.31994452363331927
0.5440400494219896
0.2775564255095416
0.40511633371060635
0.3425041297700788
0.6128855773495284
0.5870668066611275
0.6457724790659229
0.7418390685168762
0.42187654799549135
0.7342229800773049
0.7240855677791649
0.7772608121717598
0.7480164192815304
0.2801143552355669
0.6346484738260626
0.8026369206272688
0.6664813453247557
0.30650309440141804
0.49738088485507653
0.5491662760571815
0.3912305938190311
0.3815924769952634
0.616579737249745
0.50459890286911
0.7066246515087546
0.09672428101684363
0.13643265698915338
0.10676428926717484
0.2533317307054966
0.16416510629304484
0.30670779442571805
0.25615504802751665
0.30554412848616935
0.24187990553221753
0.15919316954545876
0.3019506942017977
0.30974757815333925
0.5423835555239821
0.6878489604736031
0.2703532913333816
0.2697239868374395
0.18373846827070117
0.29508485518455513
0.6197968014098302
0.2572969841644702
0.43905977180930233
0.5824977792388286
0.3860332436063173
0.6875256232741818
0.3161422174451779
0.43397700829558444
0.7179403771541206
0.5657793923045438
0.7150927080262003
0.25636028565535457
0.5577926634108137
0.49193740081583515
0.6201469515449181
0.3424602672463023
0.294736908112648
0.3145731402582708
0.2715776807596761
0.4336283655837728
0.5981169057438307
0.571514070557905
0.7549185690456082
0.35780042681999474
0.5305041653815232
0.7381622251685388
0.44229161039822995
0.6939654957068242
0.2868699748792162
0.41489233604042125
0.4875635193870987
0.7492254514697064
0.2725161488388257
0.2538764299608358
0.3378532186834912
0.3079326814860141
0.3399902947049871
0.6819513907270329
0.43240625486428313
0.560714982477446
0.35049151000905593
0.6839402164470719
0.33939412773357275
0.5856973593395822
0.32199617582198686
0.5925878113517676
0.28667608935465294
0.34668389344125444
0.5517645667674458
0.6339206885481333
0.46598705732630824
0.5698072524659062
0.22001760336835713
0.28372949358138727
0.2504587574755951
0.26716848000868515
0.25349532889576615
0.2335573113506454
0.30152620513294315
0.5092084452512157
0.6610972997450691
0.19783578058493942
0.19099874950850904
0.24826984993633608
0.524921493113664
0.5620840453540673
0.6897113736611595
0.448151407365765
0.6982370986291122
0.21744822948319914
0.28893995833705427
0.3154574273024329
0.25182756061592004
0.2734047468904898
0.6287526044488954
0.5225374384756096
0.8647633222785093
0.31547169063004904
0.35224802239110437
0.44385145934347026
0.6503562404448692
0.12266952425861985
0.4329387154765984
0.7634050323741367
0.5294711879160992
0.7461441391005033
0.4394456663092603
0.7179555628581706
0.48778988211480406
0.7497227155867141
0.26315854423111046
0.43234851051619916
0.6128883253184874
0.1838544221885365
0.16036116528607425
0.2852410474912362
0.6390154622140405
0.5363831998995116
0.8441721701780825
0.42527778818637896
0.6469270039049796
0.621405264191938
0.6119276107523506
0.6538552055178709
0.6515922213290488
0.5412277137285134
0.7697204063435221
0.27653279336536885
0.2342927601374762
0.41627378330304265
0.7402145439610455
0.6925291243695828
0.6139557983936189
0.7143510968225767
0.3979737620186011
0.6085388369521484
0.7026720399399055
0.1665584428496463
0.2734432541996292
0.5202699799174864
0.594139196765975
0.7093786966533302
0.4152978252332012
0.514337262876227
0.7281529416645741
0.37610373318456697
0.5968181521394496
0.5262780184757969
0.6989553417372022
0.22895420290220667
0.2624648383931586
0.20207241027548423
0.5848716056624599
0.6636359350356666
0.4753524397652962
0.5269444199269395
0.6132779312623304
0.642348279098505
0.4227474243828887
0.7537709493161169
0.35254314485814975
0.17633103682019732
0.35052313120663875
0.6148703087147902
0.15659753987557548
0.18312580137980344
0.31057302580054535
0.7417172418027098
0.6883865474436158
0.6057148502282188
0.6703482982094905
0.5729951988649723
0.9793989776559936
0.20684513287839576
0.3063363716738075
0.26018615349503105
0.39583081547258686
0.2556542742346797
0.39351575428954216
0.6068342521582246
0.7193442426993671
0.49700429101623783
0.62745230760067
0.3355060929344328
0.6158914367610137
0.419196337588698
0.8650576535861386
0.3703873602332282
0.617058577445644
0.6280307998371663
0.38161780471191276
0.5609791174342638
0.31658437805282874
0.6670295568598689
0.6321804754859808
0.7044638750967004
0.7252925592560033
0.6292863401198788
0.7295939487395622
0.5169727730268532
0.580082212898519
0.2918883702876913
0.4627045197671396
0.6638671221362756
0.2968590844108659
0.3439267444942589
0.37472154993079554
0.6181387387066913
0.34963631629359265
0.32300320444950464
0.29643291294040386
0.5981341090553591
0.46499562474532996
0.7250874774376317
0.20281822259480192
0.33292144003512025
0.4885541887848733
0.8282293778510625
0.6426975276814295
0.7408102853975224
0.25188899860953695
0.28767361527567953
0.3624689130976741
0.6014932725395211
0.7045770487013124
0.35234515167575076
0.3276527596335812
0.38671112229364807
0.7707945285273405
0.3760699086278493
0.2587546226378566
0.30230816343932415
0.5233670593341012
0.8033825174384593
0.36195917845230263
0.3903479393575082
0.4579642904023772
0.6086019153254019
0.7479441000364995
0.37176216296595416
0.5734475330575397
0.6981518299798862
0.46427007102398965
0.7045352002652706
0.6499883504002694
0.5269522250828429
0.5774357194440283
0.41626274620258924
0.6629759356376168
0.22653199302743365
0.44792570994436975
0.6678338905474528
0.32912940949495684
0.5711389948198784
0.7953499848214092
0.34740771951059984
0.7145296257805958
0.6894495913273562
0.47102312379435135
0.6401913724887389
0.23716200915540472
0.33458691571302474
0.6908902225662218
0.6826018973113095
0.44277184107417294
0.5772920259546999
0.46794675341742353
0.6295294422722748
0.488932056132313
0.7808017023537097
0.2724335723088876
0.4312179818261585
0.7466499041365606
0.7265906413581843
0.7515628856389323
0.7507428018852049
0.5114610503372999
0.6977850655704615
0.3614162249142412
0.5722380802979298
0.46527753413620304
0.6946054531952223
0.3724954638209177
0.6672663417999692
0.2429124944918494
0.2887682472820377
0.35266591048326834
0.6461780085330329
0.7433520414690724
0.5704735538498519
0.8262243997730234
0.24366806605509103
0.3147684590889651
0.3799954376461943
0.43918707379422234
0.792946140281338
0.44803820114342663
0.6404997230338385
0.41777850085424323
0.6929404491872029
0.3995224544398898
0.5203579460742621
0.47781252109822736
0.5729055222542335
0.7793830190517728
0.6319857964583103
0.7624110825664315
0.36397451040345724
0.6138232122558093
0.2958235101216794
0.657448234035402
0.6497508580012227
0.6289619373056039
0.8107904857547819
0.41779665361983076
0.6470545664292556
0.6983753644186691
0.3541852153673864
0.5523497503840289
0.6356311254243431
0.23761438260075604
0.36555720103327827
0.6499140942197549
0.410001867859983
0.5446158480658381
0.5975357531933085
0.7008345470223604
0.3322923026726729
0.19422213494250665
0.19390846218890717
0.19812595701923624
0.5386553839870833
0.5837536928433714
0.7330988579621754
0.7586870366365422
0.5004345805707354
0.7150478800944807
0.64174699852528
0.8364223043773912
0.31007103820006626
0.42510014183432354
0.5893090352210127
0.6192821956411587
0.7477035388252312
0.6111139755834155
0.878802901660468
0.4178698920110949
0.458513071805563
0.7823708214272579
0.33859402512933584
0.6547311361700944
0.8664999663673516
0.3043383341098328
0.20302733280094662
0.2786010695846186
0.18970970881149732
0.10935208166815417
0.20962947803109733
0.6825848151883046
0.5123114632565225
0.4918331507254627
0.7064073511957254
0.30250461138339496
0.44674298727887735
0.7133340253565371
0.8472131204574453
0.6239893411486215
0.7242043783049706
0.5512037689355913
0.5652733601106614
0.14329641702419899
0.32033135446088856
0.23173409748838839
0.3860459565176419
0.1461974044057387
0.06823294078736081
0.22346034146713004
0.38898453112894604
0.6325201090362271
0.3631159174369108
0.5143626866375045
0.33246719714535256
0.5445779172647017
0.402441891415863
0.5808733365762596
0.36953649892193313
0.7030371176100991
0.4461846039283463
0.6640590171012027
0.07787845808583661
0.009230582467719137
0.18794655359607323
0.4942665825769168
0.7735573627379411
0.23987273001286327
0.27416514886294646
0.4546584850735612
0.7104046237463525
0.7953734159333158
0.35185630751442637
0.6196888199452786
0.28466448276909584
0.33460750933827255
0.3980619063831371
0.701562069682611
0.1625405923829108
0.09732783623266852
0.39848365790826845
0.6151870063382462
0.1618230841566445
0.18922304020502795
0.47359365618152255
0.8235156459078361
0.3845788546690635
0.40372242964440597
0.43889851532694263
0.44849765533040126
0.72708337157765
0.2853977801751143
0.386926625793375
0.5323816371114979
0.6825434387416526
0.8286109725923715
0.35238462719645874
0.2033758942823917
0.35574200965171804
0.5030990179871732
0.6732957479030346
0.1289176009447906
0.22806908315337038
0.45317058576721025
0.6180648787965186
0.1981960550586947
0.2892531564929341
0.35491998020321264
0.5718299312440475
0.7438723586836407
0.37388540632949535
0.6836598309754535
0.6862540586815805
0.41544991361329414
0.5819672870575261
0.23964646984467572
0.3564316580715504
0.7092644535314323
0.3522650120532239
0.4918623581790788
0.6722564584661724
0.1634844100192072
0.330773320517497
0.3271844837285999
0.20997124505598533
0.4045442026717244
0.3844668473605493
0.4471190475715386
0.5295804153377751
0.6430796569195495
0.47215322632246365
0.7177392305842519
0.229367257790378
0.28746294457080546
0.6060254971666471
0.5161978683680304
0.6049577303266785
0.6481871848706564
0.6909514159719448
0.5418904995679951
0.8802070433181569
0.28638677993235917
0.3126613654778028
0.17263918033763687
0.18743287701759506
0.3108630940134912
0.5886628979209396
0.865118051864388
0.4703918665724211
0.6162166538828422
0.7539983593917937
0.2630171628985336
0.21856538293867459
0.3010246063232529
0.47576217262464005
0.6235535143857958
0.6167447522305178
0.7440867556753425
0.37135165707025
0.6307748944091004
0.7973408553261359
0.31051969071822594
0.30249451221266377
0.34274719030548095
0.37045781408601786
0.6285573300122966
0.5067695341490671
0.6858492291156175
0.3080119617306638
0.3666556793662986
0.6100443743877237
0.7142386935387912
0.17921431159393028
0.24487146313607352
0.42971868765019605
0.7488259442828711
0.2916407194844013
0.29463299732093756
0.4112423800109594
0.7284645703298613
0.34515247267959553
0.5370188710914374
0.5173161406839024
0.6358923264446176
0.42125970139857866
0.4171066019830982
0.6789528927347602
0.21612192696086427
0.2082823080064503
0.25033730262520426
0.4600527850846356
0.7432720226321888
0.37326321974699667
0.5737895744212834
0.4151076508953231
0.5835735255272333
0.3737928359662904
0.5283612074023903
0.3497978186655977
0.5955236558911537
0.5659773243159559
0.7755167087223218
0.26904767742349334
0.2709912718860359
0.3394760364961886
0.39128178939798625
0.46390104448846403
0.6746468055969596
0.7416083119356172
0.13626057850093906
0.26415261904269993
0.5742538515328733
0.4101742379703664
0.6381948382136743
0.37364400885638677
0.6163449591302101
0.44508011703637845
0.5020131734091458
0.328147001674655
0.6333975879748882
0.0888534838232393
0.24184485259466293
0.444667886578498
0.7489575913999984
0.2812684877752053
0.6095076841750473
0.629568077691809
0.8332584561287443
0.27971367305868533
0.4654477117008626
0.6732854925823487
0.80583129119064
0.34986638907456363
0.4264368901621856
0.7585749959093618
0.3191494562688929
0.5704513706922912
0.6166142327605871
0.25534015633953605
0.2871702628440526
0.3652326331354812
0.505853269352007
0.7285719774895093
0.17734174566418995
0.3266146074334198
0.516939420464625
0.6026634119175709
0.1958108221807877
0.2559026594740492
0.2711849793540186
0.49849927001165956
