0.9545724490754747
0.29975215309335795
0.27676534945883974
0.34133085889996984
0.6317974564854174
0.8392073305686573
0.31463531601181494
0.483429228331064
0.7181231870738616
0.5596495310333585
0.7980623188217657
0.38155520946426713
0.4838895650754662
0.683650649251347
0.4380548705568763
0.7443234873888063
0.5455579977235174
0.5467905621089943
0.7063399238121754
0.22626809266021
0.31630718395732704
0.5154356060536537
0.6899941842568589
0.500357272615112
0.6997291161870463
0.4623701194376041
0.6675625629429214
0.582577970317282
0.5770759831227639
0.6572884325055128
0.3942117904351617
0.3786323221122109
0.7332618689086828
0.2735332670968327
0.46114770756678963
0.7227107774802496
0.25736756334219246
0.3055892820768373
0.44725906000573346
0.572286672177385
0.8136313843817423
0.35682962897626197
0.30895402106393416
0.44012383350624884
0.31236259079859663
0.41289066212072956
0.4530803490648337
0.7357667420267436
0.2724525156999051
0.2241188222794718
0.33555161321392707
0.5104724840011656
0.665702039632825
0.21695241424317024
0.4466855774206213
0.5215716811277602
0.9246278073229354
0.21445677316057613
0.35464305323349127
0.2370814179995158
0.3133770165400432
0.28226210131692486
0.4829672523606625
0.539411232905617
0.7506692067809451
0.3149385121430378
0.22294266917723868
0.297128467075529
0.6154799159307839
0.5134337831799926
0.740751449499432
0.36599158685700334
0.7096266519030393
0.702052038043357
0.5183125320193845
0.8627467144383812
0.2936170002085448
0.5389697510653311
0.6503575108231453
0.31640344498142936
0.2667529744654436
0.43123235170435975
0.44751733111983316
0.7029807058824958
0.517239871207471
0.5756181035239518
0.8792853186344568
0.29494094623707856
0.35032067991283217
0.5152404495725864
0.7371019342436046
0.25352627942081774
0.45356161256196476
0.7561426107258624
0.49805423730948273
0.7653780927446995
0.3416724987103477
0.5608109652912051
0.7068632235852436
0.3911075038694236
0.7917416568076671
0.40028338458123686
0.6898538730940095
0.436937467562996
0.6319672882442975
0.6507313355945349
0.8085425857299059
0.43467673720363886
0.38852711614569413
0.6603754883799342
0.5827304228128147
0.7084293098467209
0.29995239009378777
0.29945515023851044
0.4799831632608295
0.8206745729262122
0.3135719628208166
0.3385402442854619
0.6530778951185888
0.8055847595747961
0.3576374897466103
0.563415547591897
0.6997864352313237
0.6143659986418489
0.6900750459401268
0.5022547306994763
0.592760754970461
0.3096173048737175
0.35341726067300716
0.5392403715683195
0.6237456861376495
0.642612708260756
0.4938548533082711
0.7519054980924335
0.4091662416941643
0.3664442432671876
0.6647636940562317
0.6158750713493945
0.764186083429243
0.43557536003683195
0.451453444596678
0.6833460019800505
0.4741225016532604
0.6800405923051337
0.7579231482313629
0.4465498525803903
0.4973852347478121
0.5679081268416929
0.7147240754378528
0.2551162826697324
0.40514758931885003
0.7200447737494494
0.3203841377619234
0.45670424072589594
0.5242759804005324
0.7887720070374078
0.40196954072046315
0.3973634085815566
0.3422701043911686
0.571768564713544
0.6860020866562595
0.2613767600643
0.2475421149641903
0.6188066051376089
0.6546167544950514
0.4811035950086952
0.7099418200435531
0.37668773085853596
0.3783826011551317
0.49417268535365466
0.3011760938605161
0.6424774126807596
0.6120687208158184
0.290964267797321
0.5701621032221607
0.4637379873764288
0.6838266201285956
0.562153863656001
0.8499304282822866
0.5936404150221114
0.7879909481666351
0.38716512431557376
0.3002759378634105
0.34376881834384315
0.6035975788342333
0.766039976063333
0.23500452304115416
0.32660656175326663
0.1898578334756637
0.4087943109526675
0.696510504802744
0.41830345352492165
0.34972311931605565
0.5101663214605234
0.8286811022469788
0.5606655090250858
0.7871539724272374
0.7130672208683051
0.6625372037295392
0.48807174567954237
0.7474602018607847
0.4166547222839596
0.4424290814338698
0.4311908471276594
0.4765849156851303
0.2739110948341773
0.1313471888562841
0.28987104601301616
0.38696942503688386
0.6671984825949205
0.793197784278597
0.2476014006586378
0.3993838649264576
0.40520658974874724
0.6272894665274719
0.5536141338046341
0.5011922334214416
0.7737537691233133
0.4437832957767591
0.6301962809137079
0.6600524633514301
0.6760694127902388
0.628399366954143
0.6272937120588181
0.8764695166579675
0.46353601637128855
0.8028731793507634
0.6751108238996044
0.6383440333312539
0.7161597708237618
0.7754506801290474
0.4600211266450414
0.9088872384315679
0.5541891129594327
0.7783595294642328
0.7486360847331845
0.5328130289409824
0.6626982982515502
0.3642333584287801
0.42868721405230337
0.6887070601914637
0.5551090759268178
0.7513350865428795
0.24979816889110512
0.5966199068675199
0.7204502365325903
0.43494802340449223
0.5653879414008252
0.7485996020523664
0.3199703929289898
0.2619447645120433
0.7113522074563696
0.5695013073735904
0.49611898131062254
0.5315547749377768
0.7225417977873478
0.14814371977114535
0.26958669308642835
0.2596659750163693
0.22796478392915753
0.4880355051402167
0.6586812746180537
0.7128905806930897
0.6926982373761302
0.65382621394632
0.7273495645125089
0.22392515008450933
0.3124399387770995
0.6744037575720974
0.3106566064289308
0.7258900914402785
0.3202177442426478
0.4369995544931121
0.6474785398907651
0.5978734836781001
0.7062298918416289
0.6132320766083242
0.5766847554022324
0.6680627005974733
0.37933927154883285
0.556236691683628
0.74035104541966
0.2929745698534764
0.34008989583478844
0.6543104245661807
0.49580105314135425
0.610674306407299
0.45581730031674156
0.7373002863035442
0.5360970264770387
0.6548460663818609
0.43130518407641194
0.4715371593926069
0.6745310300922043
0.4001909415808552
0.2506494507367249
0.6044923428148296
0.8199251053859612
0.4852011162031059
0.6645949851802982
0.7489000852091984
0.5182697714361197
0.7843363731763887
0.4381658733873439
0.5507711411757726
0.6637589272114337
0.5832331429502762
0.49175729310128846
0.6779278070438224
0.5550652610319956
0.7978442374507886
0.4451766704513667
0.5599683945083989
0.6734989352152312
0.6109058694661958
0.8839171162572168
0.32226816316937207
0.4098844084494406
0.6861949858962195
0.6189800563486639
0.6783927949727835
0.6561606723697951
0.5618567238533493
0.6884376259808282
0.5905812852112585
0.6161338225347401
0.3471115686736493
0.45687739733260624
0.6857871001429554
0.3017556087572029
0.4719648219873075
0.7475791787052989
0.09394314418381955
0.3113002522228663
0.4552143113868833
0.8062997766988584
0.28605757755398836
0.6376976906495029
0.7034207852633303
0.6365831520517519
0.731509283795879
0.700273265553034
0.7791559632040583
0.28004694918413564
0.3345996021015773
0.43333335612501234
0.6827887659910886
0.5028756559370751
0.7069555551546672
0.5142287928349041
0.6206257951153253
0.47834534256606687
0.7879379273848145
0.5327664631401098
0.7847492766698316
0.4888750875197352
0.6063537753159011
0.6441084647770356
0.4610086609740249
0.7997254115515802
0.4342721300133184
0.5242337850834429
0.7516555241198031
0.4027969120819265
0.7118734355388016
0.4175699967249173
0.8569618677509366
0.37595513782567336
0.404616604402944
0.4382972165302438
0.5894694124505381
0.5619597747253837
0.7164060871717826
0.29547125323176976
0.36622808277422253
0.48484946295340553
0.5318631935807516
0.5585479467950724
0.6991288247964433
0.3793838011950686
0.36048451979120333
0.416185128633715
0.28262461562013685
0.41886474160186793
0.5823394312813048
0.18024992001641518
0.4225801702294113
0.6161550767773042
0.6204343472782201
0.7206967121654361
0.7176412419963513
0.31363085571930227
0.39229939534380487
0.6147639763199702
0.6239118236084686
0.3864865152852302
0.5635825948586884
0.6657418061750481
0.49555004571437
0.8962589535399279
0.3764548452416568
0.6943846553397938
0.8917747558105058
0.4750465729224225
0.6559393756666703
0.6121400796717386
0.5080742323985127
0.539845503226113
0.4561768848582536
0.7362190064553745
0.28144630830533174
0.43126303670570715
0.3810878060961212
0.5709709179649165
0.8041380586601997
0.39630696345811234
0.5883512664029672
0.47074644124764714
0.6311534134347141
0.49548575418205915
0.7921936683633546
0.2960077874713937
0.23400657418068327
0.39232502053864166
0.6838069943214194
0.3545236723909996
0.15243573901719804
0.25300635064439725
0.5667885635211749
0.8655131620018973
0.30103287956162894
0.5372364384714218
0.5128261996489728
0.4246741939285061
0.6776567044048787
0.35604803629936604
0.4798658510523541
0.6507199939020716
0.40823511236760274
0.7320812730415447
0.2737146772048901
0.5091182621693103
0.44839447857111087
0.6755729071140281
0.6489785225743878
0.6380274339797688
0.4445977612666103
0.44548978182827925
0.3438708263136237
0.6492924687336068
0.7561451426266054
0.41036231883090024
0.6489776105973453
0.7612797693086768
0.3384888078171023
0.371688304007673
0.39325927703991975
0.7137634881151598
0.3586459924004433
0.30187497721406015
0.28001661464765115
0.43095741757516953
0.763367191469329
0.5694513545461579
0.6724041938220382
0.44926750413504113
0.7524554694136107
0.4075254730213386
0.4412288407622316
0.5453960493811149
0.7103834178549532
0.4031510524572287
0.5857905606613103
0.5597564020927582
0.42684974201714004
0.8428644357106932
0.30413906682005115
0.4889105683212437
0.6360699516532925
0.7514506099585772
0.3904725719808868
0.8136682744955146
0.15312775780167137
0.2660443336851624
0.505241110942867
0.7708516108674672
0.3893267904767797
0.7031395360909729
0.5740887189872687
0.5517572790042552
0.7311523499067634
0.6336017122376169
0.6658836499066807
0.4109535486217799
0.7922987291785447
0.5236495684714686
0.6591457506542868
0.45423227302925806
0.5622066751586424
0.19112370217757557
0.7198877942376039
0.4170663106328911
0.6729843611040173
0.3693217892977862
0.2812634646333214
0.4021503755801578
0.7050487170174136
0.5167301679023475
0.5057760269007867
0.42080698434837727
0.7580561093798703
0.2484342176794909
0.6778880480718573
0.6477891836292284
0.09196068675722004
0.4270673304356548
0.5843488559903874
0.5837568766895384
0.7569549642147697
0.5210257545649765
0.672991569817021
0.3119795229755358
0.3042365200498237
0.46536910764656253
0.3224562970602694
0.23681205830216218
0.3173350637109795
0.2825956843006797
0.45435434961661814
0.4757245259660824
0.7051179887354739
0.3644494356551314
0.46405500401197947
0.9324876804431745
0.535890157347183
0.6774771067490186
0.6975413689787566
0.5818717768867337
0.7080265355787402
0.4001335802459656
0.5026484643165913
0.7758331332228291
0.35733861792836086
0.287641875555822
0.275199335726133
0.17158764049149738
0.31674203249543814
0.4338262026626826
0.35440843392415716
0.40538512660431536
0.7079886602284217
0.6078973115927261
0.4589773863070385
0.6081816843989524
0.3083813198653009
0.5353916339391283
0.7556147489111347
0.39808915532603345
0.27197935562340986
0.3457044913906166
0.21845026117943322
0.3775157477071714
0.19949531190103362
0.453721087817395
0.38909935112845107
0.6044722717030588
0.7687184044583387
0.604926825207057
0.7487224173202361
0.26152029668285653
0.2330897249589797
0.2676273216598858
0.28464017557544924
0.4706560595897383
0.6575453896542965
0.7793356890171714
0.40934398515099757
0.5987333052576407
0.621466114142504
0.6078645414198595
0.2821685476529274
0.7506900793868494
0.5635785007676257
0.7441070081194137
0.28592428886608523
0.31844305932304134
0.35734249802622237
0.5234491110215057
0.642328793148224
0.43588601222829615
0.6288826716744799
0.36283235728171265
0.5208565318142194
0.6585411027633292
0.5514304076421448
0.7034022909628772
0.3976583527356588
0.7708734352248799
0.4523611861282998
0.6969769747767263
0.6338141310532455
0.5577897287525284
0.2773797671060215
0.5802972409246321
0.4953879670898868
0.6937658161438721
0.4316147935815954
0.7874320961551086
0.6549618935436803
0.6978080921480639
0.384487929171787
0.60134173948944
0.22425127549567445
0.2453904709686861
0.3628084979391073
0.3876457200218172
0.5132976989487038
0.8261373989460163
0.5263965959927978
0.6389934545574555
0.4991935087050816
0.6250986035279165
0.719690895559026
0.6601658721839276
0.1731118845738202
0.5447053427341181
0.6891226348127516
0.40432131999011717
0.302006151003805
0.32919599403401445
0.5602999616571117
0.6409205340587532
0.8119405803881454
0.2881602628196804
0.1696684364708684
0.27448624295522495
0.4466766146337856
0.4161299883485485
0.5436516299587162
0.8158576805986664
0.5042963629964363
0.3844513618668757
0.5400641145739571
0.6747043365016019
0.8124632491050895
0.277864129133007
0.40832322697299556
0.589985620252826
0.779587871267236
0.645903823768149
0.7196920795596835
0.44058647798502837
0.4673858134701636
0.6081819345758551
0.24114033387061898
0.604323923100732
0.716156320800708
0.3400236056857682
0.4085731852681762
0.45094033957394025
0.6301782325289784
0.34513583662945685
0.6705808042804384
0.68239540301757
0.48722695403065247
0.8849665961413141
0.3776572781642321
0.3995278733001018
0.41696688498296736
0.5891738597094958
0.4402652791672553
0.3974766307075549
0.7250901809646924
0.46844217950580874
0.492852817524973
0.7127711562992728
0.3143836726743928
0.7199264409522514
0.5420236877067441
0.6771229894932211
0.3462130633102289
0.6804877663885096
0.7920739493883723
0.5115817742326464
0.7480319016979236
0.3853819052278658
0.4424976764653628
0.6022279608895754
0.8254186748667058
0.43146727243533445
0.506448120641836
0.5088905166840618
0.6658790124460103
0.433128058264323
0.7446589600661467
0.19859251381107806
0.24561645513982086
0.30153872325314474
0.5362038703932835
0.7256729573870722
0.2657211007132654
0.3889184721980973
0.7082346373753498
0.3087614470025539
0.37335973264607136
0.2735310393556141
0.33322436215273654
0.5080232476823722
0.8613245876986643
0.3660688263899316
0.4919867132014428
0.8005082487093396
0.2631215482387386
0.13997702390203656
0.3671026384574208
0.5581451268444229
0.8337180753673892
0.3372586073235132
0.6053233737701498
0.7443858665952366
0.2810467664597367
0.42022026794772066
0.4387818582634856
0.7688329826459626
0.37471869074889075
0.6596323672278823
0.8054913783497307
0.5066092855907047
0.703162594433532
0.6873902008671092
0.7916158397744798
0.39433655212536833
0.5558363350493503
0.788970326909733
0.4812657046505659
0.6484465883838614
0.780888325349967
0.3711788506740365
0.5715568373381889
0.5736866059083432
0.6456773447574266
0.3788635129736971
0.34988652952084565
0.6560205514526732
0.6641566635135763
0.574426787863202
0.725127346111874
0.5151399613816348
0.7640190044170029
0.3092626869625678
0.3013627705505218
0.22920657910252334
0.3990930881875579
0.5188739936079378
0.48472692216122926
0.8844450245878823
0.2790036833084815
0.49118783410928296
0.25345884978348593
0.4237486985189398
0.681774936155058
0.39946962150209264
0.7173297794303817
0.3728610110563201
0.5317753151552433
0.7785197019723438
0.19857444286487594
0.34806626404264723
0.4918436592022686
0.5890468157262988
0.8314146100446614
0.5883515122674555
0.7356119806572435
0.45257786300388103
0.5696128455039704
0.6328866598266515
0.3792443953596357
0.613803551163159
0.18117600706559975
0.4197954340350276
0.5422052311537987
0.5534985851474717
0.5626425611295218
0.6670812274267306
0.7337548270917016
0.5654025498252297
0.715910872223585
0.43374899903283337
0.3989697015043858
0.7250026755572728
0.6682832218533528
0.5693562097372719
0.5902494719329151
0.6499923817271364
0.5900217438154519
0.16254627611449823
0.527601798910098
0.749684398674895
0.3055241939633581
0.3096815805142719
0.4281962975999042
0.6689525267081537
0.31289579328891814
0.6146693304335952
0.6188855599459556
0.20329264372638464
0.5669869163234752
0.5320004171973879
0.794565853477518
0.36016521540237106
0.3011684933591814
0.37636174691523233
0.6437495648147522
0.4573280467018229
0.5540648575138752
0.30919945401257565
0.2442061938123415
0.4711915627998341
0.6594540640854722
0.4225598556615545
0.588373637063253
0.7478124487884779
0.3811322406244294
0.7496673756186453
0.35069785313774476
0.5855524477380066
0.6181264629529237
0.514909671878572
0.5472924045876357
0.5714111769791186
0.3222942596653172
0.6512710148765837
0.5132261099429167
0.8120176187680789
0.2722622062720277
0.284243518584465
0.4117909978743198
0.5163285558873606
0.5893901720200326
0.39449372832388124
0.5996216112178188
0.2636283714634565
0.5203643883198008
0.8231393827090253
0.15364951494087906
0.2993984621762378
0.278113611770105
0.7167983171715293
0.40413700214239034
0.7167274455703535
0.3960409736715468
0.7038507792728209
0.6089882037818782
0.7169066636573606
0.241358371555871
0.30412773744511684
0.735763675259473
0.582718450860711
0.4702749156525956
0.6123671947396999
0.8190354444164821
0.38737680668011276
0.6322340273478428
0.6818089459404009
0.39116634707697284
0.6501426414598488
0.7579989859556063
0.3307842879509783
0.3075384720088038
0.532299645964356
0.7294039853743528
0.4750210794195488
0.5646313009935912
0.7577480845177682
0.33165624844361197
0.4613027316485785
0.6522502599958626
0.5157830217361262
0.7202328623558645
0.4695531732991477
0.577353047811824
0.6650939336191188
0.5630124010135131
0.7927659011105108
0.3487274077727617
0.5471630618411266
0.7778611717541553
0.3149554946679887
0.29177823608825143
0.4151230652674161
0.4456068804717471
0.6767357004395537
0.1622817365626014
0.13704672262905884
0.15694853581823917
0.24155951804938308
0.4682907775697199
0.7597126868723277
0.35626703690084605
0.40355405137996336
0.6454007722612384
0.26388819910777844
0.3573104013454941
0.7439299886727063
0.6954449523148186
0.63558222318441
0.7835754296283662
0.506524717033568
0.7073451523774301
0.74375461987261
0.5139408236647266
0.6879460701534037
0.21283750921631928
0.2066331387010813
0.27638322030060547
0.42825471432331463
0.5752106774097762
0.6501668871137221
0.2539782515231045
0.46131501726144547
0.7702588722329774
0.395086215429438
0.5294819358241324
0.6789822060660653
0.44450254484169943
0.3534282049072509
0.3857145544378217
0.3423095797298812
0.5680560417823459
0.42693518216258963
0.745590516584517
0.5042032164080336
0.7005588061287593
0.7147482688731582
0.5733422268639268
0.7000576088593762
0.384629687505077
0.3952685002385013
0.580569745284961
0.2281080567000746
0.32885370045514306
0.37102299560506985
0.3766585631788267
0.3650949605512957
0.6843991353574356
0.37265049181838517
0.43814000131275616
0.8726152990250522
0.3971033693409456
0.451031802988743
0.6185565277863602
0.5577407716160392
0.81402516772686
0.28393100402684096
0.328575869228165
0.5809320575720848
0.7628013491576761
0.28828570713593504
0.4503816237437824
0.28597644482232093
0.3214739920850942
0.4662435596895853
0.5655994194837483
0.6011932919106675
0.6456918419370106
0.587856618154261
0.42818090437952083
0.6480278035756954
0.8567768480673527
0.5306900107689915
0.9017854842016698
0.3325134655616872
0.23172347119874753
0.41004305374303307
0.5616200893621303
0.6210009722932197
0.5677780501723496
0.7159517948233206
0.7929847025670322
0.6612301485273236
0.7024490297950897
0.8352662452891061
0.4693112131169227
0.744482551628581
0.47942616917172187
0.6902200616337563
0.6585483837993892
0.24218694434083796
0.44213582763476184
0.5763409936726129
0.280288364317758
0.2929672398112074
0.2773532781558289
0.5618836615358728
0.8227532035643332
0.32242013736959924
0.361132107181091
0.42945594217363015
0.5140061867263291
0.6379205994476882
0.7899088377617713
0.22459694819503528
0.36188885151222805
0.16974354697066973
0.27697216272699526
0.39474482380260545
0.8207604323210991
0.41747933887523286
0.7163544849455425
0.7879779284817193
0.42236838474855354
0.7043241770919977
0.33045260715956265
0.513704374389292
0.7205716818046969
0.31787933906838595
0.5195689090250404
0.7274577390756056
0.2817802151291509
0.304581035383505
0.43975609960586215
0.3303871873436026
0.5907167233309969
0.625763581390525
0.4567256121041035
0.5630092430055105
0.7549081739586063
0.5753263085009545
0.683796612303475
0.30827224929629576
0.2328810436369492
0.4085492516911653
0.16403936024848229
0.28063050508235976
0.3909562462166035
0.6151127432060982
0.45430742218574516
0.8367652261619786
0.3721621962325863
0.3694840448601163
0.7844831550323501
0.43584072847090505
0.5762841632088999
0.5155596837315134
0.4991525898126295
0.6881864384080391
0.7950724185253101
0.7531570803431077
0.4500651509847876
0.8300237721648446
0.3111461170125182
0.49012717061473143
0.7383298853904723
0.78334022235254
0.6888587534376996
0.8336576580491141
0.5265562463356573
0.6766965239891937
0.8019489916256992
0.32563014071351537
0.5060760146235697
0.6901649398800198
0.6349529368754165
0.8138420306889318
0.29376460678861116
0.349956355674766
0.26795813515250244
0.6621661152043089
0.8653711626980283
0.0949748733912382
0.507126292217382
0.7852321148756354
0.38145340600508515
0.7655276165343626
0.3232400320444453
0.4331563696662739
0.5829701515112119
0.7205717920997473
0.5556943988589684
0.8083038748333132
0.5620485176135791
0.5903433447854893
0.3587237497552741
0.4472446635376111
0.42385914746158504
0.5135430921700501
0.38697497251575114
0.6949229245054223
0.4253435466757875
0.3355803118899942
0.8133065708156849
0.5156481309007288
0.7205383243119717
0.28458193168368223
0.3260631175358309
0.5017632391873832
0.7299629276053016
0.8427162293896429
0.4344939324269284
0.63977959266137
0.5771776821424469
0.7446801624567189
0.5697656933426362
0.5301771764311335
0.0
0.21983127108193623
0.4445825701206882
0.6008758269731718
0.6861124880413219
0.3326749746127783
0.7129554065800844
0.40441849178727957
0.7044215644442275
0.6108267773104237
0.6023905585003452
0.5435024556246355
0.6406074538269301
0.31707006153209955
0.5700687206341699
0.8288498057228736
0.452087509020121
0.6568542525262037
0.6224423100272329
0.6628962349111637
0.5232466985392424
0.5549810736014831
0.4968416680424053
0.6246287886261818
0.6295376074758527
0.7306104728122147
0.5501652241414131
0.42589162070554953
0.623150879560817
0.29604124423036227
0.4539029681728693
0.8337012559435875
0.17350810657707652
0.2188789399511104
0.3040434992704564
0.49138587128498024
0.5370663338310706
0.7088321241649199
0.3503883773431983
0.5469528130583396
0.9213539095468039
0.42143050451134323
0.522055213840768
0.3181223688440961
0.5534378397997953
0.8673095392977129
0.5051163739974421
0.5481194900768346
0.8530793407667165
0.38293691930085955
0.8339334914109277
0.5365144415632783
0.8224128791114272
0.29612050269115453
0.39483480823259454
0.5564249914189938
0.7144261752882922
0.19281940372498405
0.2461946888621446
0.5036819453575845
0.6382352292427859
0.3075491888352079
0.43308756980309976
0.3557235951912035
0.42245284739920014
0.6279549982618647
0.6657817698105494
0.5908657143613566
0.4938251360236463
0.8697771267005876
0.3657720922732308
0.40867037707107645
0.31930147433915806
0.4406625393164127
0.411060704053411
0.5359246372740769
0.6690864878167796
0.9169940771990395
0.7557352472674265
0.7489132022071913
0.5927554367473401
0.7683504512974105
0.33208868088773064
0.32959534641098287
0.6221564370632746
0.5460468937788986
0.7620287224949664
0.1805502767495552
0.30065002877241864
0.364926499152611
0.377074079417017
0.4031803228758469
0.6745824084455078
0.2984826556934196
0.5487827971495371
0.7098952043488854
0.5121460931140072
0.6768482824817902
0.22062406147857205
0.6553906849764106
0.5877520438618777
0.6541060672603621
0.7296590854772909
0.6298172743912047
0.6568686047500918
0.3193013501269392
0.3718836600408833
0.5898020413972993
0.7167038405472039
0.26222400122088757
0.3290034608689475
0.5460552632732816
0.6147827073642131
0.5653340011926516
0.6538532642442728
0.5213111406955513
0.6217527110000696
0.3313549604663015
0.0856747013940788
0.1484386057069783
0.3851719240118574
0.31199247424947524
0.27632722499561624
0.36221231030719936
0.31879012374980403
0.18850943450853155
0.6030749431841494
0.46346189012576905
0.7280012042392943
0.2294506983338057
0.24989450188842455
0.46452225931533964
0.7479857000350182
0.5839534727889989
0.7168377632416779
0.3587929075686436
0.6017183101089252
0.5746028731685697
0.22470739381802277
0.4823362592597826
0.6335375916214631
0.3316368448606183
0.4579441818572905
0.7639896474145677
0.33128254939154456
0.3610738129269089
0.7000966297439708
0.5746068879104078
0.6460057858437822
0.2919929064141575
0.6603882115419784
0.8640778453704617
0.38415379332842686
0.2963427275240036
0.3076703561153845
0.3327702296225709
0.10566417536837507
0.47643065943035745
0.7000106783236175
0.2879714731343675
0.3167569862770905
0.5899385116161406
0.2403754100457286
0.4441858151797008
0.6327493155212787
0.363577616954826
0.1383899990397003
0.17936421560356033
0.37614896236685263
0.6339184957573808
0.5892450909921669
0.7108154278068138
0.7067587415885708
0.4893332777120475
0.7268645977402112
0.2990831892342795
0.24584223208112901
0.38520462361515895
0.5733331971977927
0.9766223649762481
0.332804854803151
0.3507541361530071
0.4546979720628618
0.7477623333409419
0.4724130875762135
0.786390475416133
0.18296905883203302
0.3417302577941379
0.5038182931828675
0.8545192387172565
0.6611700707730626
0.7160345762601752
0.5058791535333483
0.5854116879768054
0.9156517091761575
0.5722843678373635
0.41982540317186134
0.600745960084902
0.35798994194610384
0.5306906651860619
0.6683772434514167
0.4762278565470877
0.6142699047354658
0.37733630308908334
0.7745709259940984
0.26845097302985504
0.4842383342478258
0.5783489066340228
0.8560702328574212
0.46755875738565367
0.6228562908864893
0.8380603745377418
0.5035483344297469
0.8207088895551437
0.12230912108791112
0.34569017976578464
0.41131861419185184
0.5843143860477171
0.74746439147524
0.5584543939971831
0.793005802444176
0.3384793307319082
0.2801640799246322
0.3990812626697898
0.33317896563056343
0.2554103226478104
0.427469412335625
0.7582401286835809
0.6899105615395974
0.6941584007869088
0.598973626011638
0.2769480876415072
0.5543474057045494
0.512317190956733
0.8063452285096611
0.21136814808247517
0.38064014861354584
0.49092927327964986
0.6619649367970022
0.7699292042815452
0.5949554380675468
0.3745512079512218
0.758289379138941
0.35450308112827716
0.41396268337086184
0.6628628559442546
0.27752220910007047
0.6962644979289614
0.9381066183155808
0.47167648743354607
0.3582465733047795
0.6185534685377646
0.8454321909481967
0.49717848770989803
0.6561306101586566
0.6403818421209919
0.9103670175520008
0.4516651253464942
0.6908596535023186
0.28547985600457076
0.6808220760571716
0.64097254182756
0.7346089530946759
0.5272176118382298
0.7079564912348005
0.3100049161984982
0.4578769023510882
0.5604434419015352
0.5520049448209382
0.6695056690456267
0.23719597346039198
0.5194849785102837
0.7372555168793132
0.5973962851714454
0.7037268283959394
0.40389843218055194
0.7176396884398403
0.4062386067397561
0.5597350783135083
0.7813719516930727
0.424031783071488
0.7531643445411959
0.6460439651092084
0.8160789557517868
0.42582763975202836
0.6863867964349543
0.37907466206721924
0.15880220413591917
0.3898670339647408
0.14900548075625764
0.3932008512393638
0.5618321189919812
0.6451364062279878
0.2760988392962142
0.66428222402119
0.37593267905718514
0.6543034396647415
0.3904939360806343
0.40972296919625867
0.7145229263495957
0.3848689867568024
0.3792747285208597
0.2716884835222201
0.710881641010058
0.5096415490837664
0.5568930208517071
0.5984983166702266
0.3808717560138393
0.5841906146951096
0.28707359985174313
0.5905178087532273
0.6332828247912282
0.7310308894744579
0.30229196139376213
0.38374834616100206
0.3061137582405498
0.46357764114403666
0.7218606879874913
0.27030736904894903
0.22586953315244954
0.5030028266089926
0.8310893501841974
0.7019324799911232
0.7972334282941532
0.6045664476706183
0.7318650411662138
0.3169852315232348
0.2632742229571108
0.6546856466723
0.6470396461789658
0.48918355269159075
0.962249881109644
0.4656708628183917
0.7343621238834364
0.6837252348151239
0.5083736167450713
0.6529142923246177
0.4340542423191537
0.6761682565450476
0.545613207674125
0.7893851791332
0.44580714576581193
0.7197012513732977
0.5081934557031171
0.642835859656185
0.34668342698513993
0.45304319966525425
0.5679937047346266
0.543115483005904
0.7057254671697375
0.33790069128786926
0.5394887671798171
0.7926068107920281
0.32019528370295514
0.5673873680083279
0.8494774945242031
0.42921832308072094
0.6765810024615345
0.7453893034447725
0.518394862834955
0.612726700726383
0.2578392126937831
0.6793249101725753
0.5561401982095262
0.7080038246963606
0.5501007319512068
0.8233118382937857
0.38359845006516463
0.31535052467027846
0.27158714888760005
0.382282430470224
0.6281414292043234
0.7379928408045697
0.5883217389532369
0.7099096781274856
0.4368460906755638
0.751444328668346
0.6262995224750009
0.6571626001883288
0.7022738273701467
0.683529524522574
0.7524133750033236
0.6761943445666109
0.7534901503927115
0.058077118021176294
0.28621444302073434
0.2385391717599288
0.5890333257762264
0.7874094833799573
0.40175915867212225
0.6906560127411074
0.5930786913824364
0.6307143840946141
0.4240327094139258
0.5436718313120825
0.4467708400642176
0.6184731056141038
0.14758942417389825
0.34368211714872715
0.25024053835603133
0.3875851698694014
0.4998759504222265
0.8419530095428517
0.2308006081267366
0.32087715307277165
0.46846850554869424
0.7961462518969729
0.6759351664705779
0.5004257583980826
0.6402460998105636
0.3762017322959189
0.6141208313051277
0.5240562293419321
0.7587098746697377
0.6388099935277021
0.6916938598374636
0.33691841660962285
0.3847709264221043
0.8449984388783262
0.39175835973245154
0.4715036935954587
0.7690568860256373
0.340467284445432
0.3773061065906017
0.737373977992153
0.43542768451207864
0.6886378406461113
0.3207941785337605
0.23709834042101477
0.7243768956393579
0.7271931581245221
0.3700987986374316
0.6109143110569197
0.6212177665326241
0.7765964711219038
0.42671281975784536
0.662711167984251
0.2275644771211325
0.381257649613063
0.7326943880010253
0.4798799007612329
0.7009444488414109
0.3547614735778405
0.3772123013861311
0.598728597253814
0.5771470099472233
0.43816770204688954
0.6948092195216699
0.26237127422163636
0.43470385816183676
0.6086896703563439
0.46469382706487167
0.7059347931708605
0.39379115665778985
0.47966241709593566
0.5279146918851061
0.6352999647377905
0.7289084713595908
0.6921194486506785
0.6217100818834651
0.739432524463303
0.48705170850201635
0.6830304377238501
0.28888464523661367
0.47065207235135165
0.6320205245176713
0.3332901322035538
0.6707205074606927
0.556324574121958
0.7624739182515676
0.33479748634015294
0.5873462136845994
0.5557179914951804
0.526107323266328
0.4572568463778501
0.5267995636866288
0.7576314892952637
0.3405819955287775
0.8090928205430117
0.6288448372056998
0.7890983776907382
0.7258883672662647
0.5368442754862599
0.6149444136182789
0.37023390140398066
0.5611821118912674
0.8076024029108942
0.3049841938387936
0.3954040604788775
0.707238505520406
0.3570971722051817
0.696145696371305
0.2871530037457227
0.558693533186383
0.8062981763217595
0.20727858338358593
0.23303135974122938
0.6351593459658414
0.6780132376210887
0.618748817225366
0.5129801459064115
0.5551038541223594
0.5184110280302624
0.8010636624847318
0.21297705590681987
0.34037217743933124
0.45591311523967815
0.8279770257569165
0.22366933863805763
0.5265374815752658
0.7955623828237197
0.3962277969175905
0.37530192252289507
0.6965069691774043
0.6256469326892636
0.6343354643991069
0.719363921324421
0.5313723514681744
0.8126011212184753
0.32771281777214684
0.2910944915233715
0.42483185089497266
0.7982119828143436
0.43661968592686035
0.5863916892254146
0.619699220283349
0.583993747601825
0.7603607824186162
0.5465071474324711
0.7304229327582349
0.2863936181437605
0.39222992080235164
0.46122116166829313
0.7344144194399667
0.3888660267774481
0.2781210662203422
0.789251092107343
0.4273238528281985
0.5278445295073915
0.7902193502334907
0.4449985866990863
0.7151882250403768
0.5797996796100334
0.40642040021795167
0.6207398431745856
0.6871336473106207
0.7626527722671897
0.6354834539973083
0.7775388438561401
0.3558890644070944
0.3779462985445675
0.43353280942260464
0.6495472543552653
0.6735267816619495
0.4788414645561126
0.7555385184804113
0.4563302447571916
0.5534202454294108
0.6967729665789589
0.36487921405915735
0.4399912465298793
0.8241914818384195
0.32083735719717826
0.2803128756715675
0.7717348842012253
0.477954514716976
0.6442180316979188
0.4173354521554512
0.34023883144990436
0.4546486751665912
0.4578230329414358
0.659407622649603
0.45363029270887584
0.6558735533431216
0.8375722351565619
0.4942246163544528
0.5998871732814849
0.7319327218446396
0.3828110681885474
0.6162690229781087
0.9792183480743939
0.45038861612881526
0.6325616932065856
0.8460252443319786
0.6342877315154287
0.6751859694813327
0.4761594731541694
0.35704190414859577
0.5419574560240703
0.48029199068941225
0.5009250589044164
0.3971331430451882
0.8173517509748569
0.6285304865537894
0.8652154904769753
0.359001304627603
0.27829325345125877
0.38000922908551854
0.758901939895227
0.565955141073649
0.706680945595145
0.33072460180906016
0.3301398861551946
0.36437622673534237
0.3744083559054464
0.5650899848192221
0.5550280814052292
0.4041558703017331
0.8478588230726498
0.45544715336264974
0.5717450351961191
0.6651556593212223
0.57211458400064
0.6003268884080891
0.2667953153973446
0.5301882647856552
0.5008083213912213
0.7788462572040263
0.40281543872881054
0.36065514000832105
0.453931493905655
0.5929234616767363
0.6465980201910205
0.36927467611702236
0.791680729743696
0.3378446356660411
0.3090342747217737
0.575258509043552
0.5900764681106004
0.659882635317897
0.41750162283855075
0.7608417877240136
0.6282625372056979
0.7534498937963191
0.38414465124978314
0.30275486866613516
0.5005526366167286
0.7427217757416218
0.35167077680129316
0.5165202139322004
0.7340297336143188
0.33038393877253025
0.4674661447580543
0.8389907606918408
0.7080073958428444
0.8862005207135203
0.30474279265074866
0.6050260424703294
0.6887299001234036
0.5975080071259933
0.6257205453270555
0.5092249881428939
0.7707875220427176
0.4311703200221688
0.6158791426940381
0.3037281008588982
0.5587574102249557
0.7279296659702548
0.33746769659970016
0.28152520553332216
0.2731417220386338
0.1750847843276603
0.4878796114850268
0.7734844912711013
0.33696883255914073
0.284051198299673
0.41968502562891835
0.6733486791552654
0.3966295755886333
0.30350145145376
0.4222907453595435
0.7083936796996737
0.14616099704669702
0.19422798791369958
0.3314225512622208
0.34309012123389043
0.43731742399703505
0.812213672875839
0.2018630242553086
0.30879537793412104
0.5617671587664109
0.40644096476875013
0.6467864552342121
0.2913311829829892
0.6907400213779723
0.8019744106993959
0.3721726021231552
0.6015941370526068
0.6189041048768006
0.2965065142186409
0.3770786104393007
0.7183031885689413
0.453464717580913
0.4493364555092464
0.612492787493556
0.48491926464018903
0.6551146840221561
0.43044547333616656
0.6127699342420007
0.3441486843888409
0.8304818127321932
0.6516296149822383
0.5858905010195278
0.6293242996743976
0.90648618333635
0.4902064766981657
0.29464068265490234
0.3375493474940455
0.28517908470301373
0.3353941844606355
0.446259962432658
0.81616877424066
0.26415746532035056
0.15537157083063335
0.22204674299618382
0.32612905982739465
0.421590761018165
0.6464505920560123
0.26235065659835455
0.4163569901150486
0.6021721222288621
0.4585671189249335
0.6941401169064896
0.5101315986374162
0.8516735842189095
0.2375796809157331
0.37489374720899826
0.4189490640880018
0.6051466378952115
0.7132743914970406
0.367727866273229
0.5193993508817237
0.6981687706332199
0.2025697135705075
0.3941949870070023
0.5106137865457803
0.5896088752500065
0.2962170932420332
0.32151630396908554
0.5271460838649323
0.8330966594753045
0.1823342707270358
0.2906518704406753
0.40108751948388566
0.283162226757111
0.3989919188528304
0.6399891476973113
0.4947164956634933
0.7095992116347773
0.18099587084665242
0.2668904950489182
0.3662587923114688
0.5823903459582959
0.5731055714201572
0.5167015815041258
0.9028193151703738
0.3767692033424791
0.3313383384243451
0.4950417900708798
0.7112664009578465
0.37187750932703106
0.7958699441457011
0.2988046002103299
0.47336108115758324
0.7316326108765627
0.38027678843450596
0.6819045911251185
0.6675145584056621
0.7945251868414009
0.23510484883752755
0.39685843615454286
0.43163303955359955
0.4955397996655197
0.6717771578235303
0.6190889861155859
0.5595494394870303
0.6489371545622437
0.5548115250264792
0.6913605438585497
0.4621278412948719
0.49541891612637545
0.5044710515638533
0.46631432230358805
0.3589687173859733
0.43997650408575545
0.7292791533070628
0.6099722245097775
0.8627733939472343
0.459046147272694
0.5384854936562933
0.8311237430599409
0.3966152469330843
0.3332945122395171
0.365282282168859
0.5418014234306785
0.7563763579040038
0.4288823035019057
0.6327570662598688
0.7719994055049618
0.5196214357048825
0.6657639595427198
0.6589242136939156
0.42321300847056026
0.7093474158460946
0.6215266381190584
0.6283252702725055
0.6943611285342696
0.772522906920602
0.6057491159359756
0.6557540307386458
0.4807627450224781
0.7696926936874957
0.4115904366975567
0.30253117233987553
0.4021399174711858
0.6917383999374898
0.3480215102879883
0.7042365379829633
0.5412829258683727
0.8185691723565719
0.24636661775119545
0.21689109277501442
0.5868006717873041
0.5728176298593387
0.3736007860370059
0.6412424602081291
0.33433166158079597
0.38605061607664715
0.6172025686338678
0.7835653861805318
0.4897563809377101
0.781476332142445
0.35931987765178225
0.2655890866927601
0.2804098581427089
0.7439649080437299
0.6851562779754935
0.5162843718812629
0.7604404092649053
0.43288865520419373
0.4691850880056626
0.7532163618400366
0.5556607518242749
0.74829819938536
0.1814173081678247
0.13091526471637235
0.1559960032638643
0.33369845398070075
0.40888539954138814
0.6211204273654811
0.49019424851303
0.7066071948214924
0.39445613807332613
0.5796333358012398
0.5726281730927987
0.6290227732777924
0.5863479080044355
0.5357840710604964
0.6956393850767849
0.29455375928874866
0.34086705757771774
0.6771040738591064
0.42047695446264777
0.6035592105843528
0.31053636648850613
0.2927100378500917
0.4459091555673728
0.6691357862509303
0.5270593447837542
0.7174479555233434
0.4231769829764932
0.606670605231759
0.5046604115762855
0.5523791935352497
0.3189617953301095
0.5105520509310685
0.8119535022971999
0.4530302645586855
0.7289579037619232
0.6463143576419913
0.7424378646949189
0.6226067482230517
0.5873978342881526
0.6853436100952974
0.4626780434153506
0.8055632144754786
0.7102280511759328
0.8353226564505655
0.2944916108669184
0.5062826463028456
0.6343541499967984
0.5834918679338902
0.7119820516536157
0.4566462678977999
0.7537131367169052
0.20247467359042076
0.3802161589786079
0.47799835933561496
0.8339884917436693
0.534105289239754
0.7064030462811236
0.43883778714423705
0.5714735350084321
0.8275158835282278
0.3769749855964507
0.5386581415543517
0.7518390925818128
0.47475962850749875
0.4464932075575571
0.6186119563399056
0.4039861973986397
0.51260769316272
0.7571382881437393
0.10774717586944339
0.28435438104845284
0.5624808239536909
0.8658198046938215
0.37543035536919717
0.3613434310079017
0.46612089972044596
0.6037158186402465
0.27473436582717736
0.6104878881858464
0.6885352658253222
0.33303214106593737
0.5587815228925116
0.8325867618599062
0.43994851817125974
0.6731083554843269
0.45525330512598317
0.5934488302002388
0.11731130899427772
0.31391989415573285
0.203391205692119
0.34964324732452357
0.40175056827276023
0.6695018925027565
0.3164558423234437
0.5981239754389215
0.31079588220643634
0.7170483401928881
0.1947610033944066
0.48849125357703876
0.4040770147855238
0.5419426359548138
0.8375785775002318
0.31680028303168734
0.4040954803016491
0.7428857540136983
0.412670089530735
0.6746572093914303
0.4466479271108459
0.7467829165959897
0.32059986800457485
0.45402045080774933
0.6236369680342264
0.721743856506949
0.6649306980029976
0.4657543389556973
0.7280878731575725
0.3651725961169256
0.26464131643987593
0.23009994034330572
0.36660202528556884
0.5923883259524002
0.3915864935689335
0.6816780711696215
0.3723539712380263
0.6698327255738781
0.4128061289426225
0.6292858878595715
0.4148402571462462
0.38742763135328734
0.8797705979565306
0.4597087762528553
0.6249894363422215
0.5702304878884937
0.6631507850859327
0.2531546559157055
0.5507211182772538
0.36988121895957177
0.6575394692545802
0.2516254363522172
0.4043981220885956
0.753035288994479
0.3275963526440688
0.38731306132768345
0.6582124211267357
0.2906730216107448
0.49765233348829685
0.7935009203209118
0.19786803635335667
0.3685231732383936
0.48857408314339607
0.6029305866305152
0.6641283775219532
0.43377439463394785
0.6912133092721897
0.5132665759050133
0.6642022265762662
0.6624558418499663
0.26080516743831755
0.6538329575524867
0.7106635690372286
0.3179164301585352
0.4294612187294942
0.6834072093431481
0.372053101999788
0.3816798375662425
0.6409870889099915
0.7304854632123183
0.602278769736635
0.4967463925807175
0.5307343927506266
0.47917057037990646
0.8043483135138452
0.3689178585092757
0.38844282261788554
0.5210860292994152
0.6896784033344159
0.250991078341448
0.19487732934575358
0.3192430660038119
0.5509593836698623
0.6883219796323934
0.3460879801063728
0.7471987105290614
0.3913658413909867
0.7309427460103718
0.26535894784622566
0.33563632071114974
0.5549679449091353
0.37239810628519066
0.6404285343597398
0.08420068397555423
0.25372831559827486
0.31023199860102807
0.41848862903404416
0.5646222250562737
0.7040304609969098
0.37600289802449055
0.6162295992257725
0.4731380074554783
0.6881946515274189
0.7019233193890001
0.7120010386633502
0.6806463976606916
0.4376288585551867
0.7795857386374806
0.2405464370315651
0.3471321765084041
0.6304868418537675
0.5756155337437815
0.7816231319516084
0.47873043375859065
0.7519005371510423
0.4251163057668131
0.5914474633531648
0.6815673274340953
0.4769328137727155
0.7242146277810936
0.3303573972637278
0.5482606185248714
0.7736325015567855
0.36112488060641973
0.46452960930788545
0.5292971805096257
0.7712482313784776
0.4719987079661482
0.7835123355601726
0.39876292524362345
0.7005215842647672
0.25581194958338055
0.5210516516282544
0.7051798192879264
0.24638134890648797
0.4322037524113904
0.4616029015612113
0.44476931268718256
0.6166012127452563
0.8429518281947833
0.34040475292501676
0.6176129984576237
0.787295052329268
0.27199266421910334
0.39532529185608806
0.445005133923501
0.5147923753730812
0.68732344102407
0.6116329867649778
0.7714904644708647
0.3802033063969122
0.43854548670303944
0.48960517047811286
0.5087040506122401
0.682116615948817
0.5503744856313265
0.8435089537818389
0.3834387963371042
0.5919319068875641
0.7289842938207732
0.4958334030261491
0.7475271937035795
0.3396044598394617
0.3099036324032564
0.7191403817803886
0.5251247324198709
0.8047482762444984
0.28971701277409256
0.2957514626582645
0.2993873238721318
0.36349341660684054
0.26092711672615587
0.49345077652602914
0.5390293368198983
0.6670108226297311
0.651522256709205
0.5548262387621634
0.7559409375933965
0.28984200210822064
0.4065651009602167
0.8273911070118334
0.2332621759427674
0.5955731806732015
0.7419055350031756
0.28043392156953906
0.28783887430967026
0.30324191931102085
0.793387110082016
0.6215658359430382
0.47365978691385174
0.5774220938792494
0.38209757369490344
0.7085203233909559
0.31916939116066795
0.4933023855942285
0.729274569734294
0.37499407431478504
0.5442302528011238
0.6705634209447381
0.2834813817450844
0.5217119055673782
0.6626890312296382
0.3517443306276814
0.3966943331164814
0.7426459509254161
0.33358910804936004
0.4601297520393547
0.5426233675565882
0.5984126929499077
0.6040379273032939
0.5827845537867514
0.4427287868790944
0.6533959428190228
0.3188833341989418
0.581450986935106
0.7158767380252786
0.3188702375274832
0.7509938807658948
0.31571669266715574
0.4152707134643147
0.5782002811791488
0.46214573177536933
0.7106299920481919
0.3044989839789312
0.528566863046285
0.6858621263342033
0.3930141189803443
0.8919029973871279
0.6493110829165235
0.5353739729120293
0.5835819343162844
0.5706419742864376
0.7989906749990036
0.515900438515624
0.6286967872216063
0.5559244816639184
0.7058015979593623
0.05563136495878892
0.3256045904410354
0.365133594250736
0.6549780164201923
0.9374112355794506
0.5167146707832717
0.622643584048218
0.6429021525500669
0.6397085678649733
0.38598825458531993
0.479839281869474
0.6303612975086097
0.681154733709742
0.43922036048517504
0.7337218991147457
0.22785769290076507
0.37876633687097794
0.47560018617697203
0.6342628946115121
0.3924144783223621
0.7776085011304272
0.07816718368343127
0.2010414888450805
0.350592078316021
0.4759176980103613
0.44320156723030574
0.626557722851213
0.5754000108787052
0.6926454511620533
0.2786481026357024
0.5346529018671868
0.7953373471857388
0.2323825325079489
0.387209193734732
0.6096414645445853
0.5797270898773
0.672964059298457
0.2949529373811513
0.4063072452952152
0.610276825949627
0.7814636481036867
0.20473248593882665
0.44998710554421145
0.5557549318881219
0.7404523765507741
0.29443526493374134
0.34652323432475424
0.5160441475048971
0.8451469787007394
0.31180441105297224
0.4145290656447031
0.6365933706428298
0.7730184785098722
0.4083353109975029
0.5036693666958851
0.37562747158823717
0.43230086042622184
0.6898842407468574
0.7210538078913893
0.6911809599582496
0.4653779912999714
0.812368670487753
0.3795201391453749
0.3579632482850027
0.4531369924392207
0.799615073224088
0.23871578603946894
0.126570567509541
0.20576316651834511
0.40791219424055847
0.44050458956963934
0.5282634109957622
0.4336680590908438
0.734821990761466
0.4323967541802203
0.4398943888055881
0.43603608431007135
0.7442815930648023
0.5054155397720177
0.6132817579471544
0.6656079246192164
0.4287248312958396
0.607389759224233
0.5219357296102736
0.6776795150814581
0.7076269138041731
0.24448942985412211
0.6209168676601777
0.7991361185968119
0.43884872257078955
0.6314887569778646
0.44470879645406114
0.6753350594122135
0.34865467679930695
0.3117700241463746
0.4244019286574668
0.5873101634426479
0.6990819855120949
0.433348579367859
0.771147305566685
0.3259660159450366
0.714791666538072
0.7126371638633177
0.45820544983045197
0.7052001748266787
0.4969345925123902
0.9079794303759415
0.5489311030103021
0.5044807513510665
0.7260351748587013
0.5116943355552758
0.7364048279297608
0.2705325704963225
0.3457441227019285
0.3506730971104008
0.4677980370393107
0.710578249412003
0.5182870605103843
0.5698859254895899
0.640097172291828
0.3713799588907214
0.8051462797120037
0.30377139409386816
0.4299571176285344
0.6735047592649821
0.7254524696227177
0.45311587578476353
0.7999413984014088
0.3887688953741664
0.46478293183561864
0.5540980970640802
0.6146520876741335
0.3827590860053308
0.6134999682020191
0.5608572552414391
0.4597168549998816
0.5446009918084946
0.6484655537032078
0.5389117094683487
0.7310647325856766
0.3522167285608814
0.3533025637271868
0.40614220014544
0.5173110452891059
0.8093195662629741
0.5076887248864044
0.7791326968840958
0.24430603665363504
0.32767770135433755
0.46878083736220594
0.6416825562119163
0.477712963852181
0.46613321596075175
0.7573188601947578
0.35235994760396144
0.6330150009879696
0.47913944155143223
0.8931622019989229
0.36631826257721767
0.3828094902532724
0.5603068532658054
0.8571708099059444
0.312775821301684
0.4269235797767228
0.9084476320044415
0.8540088902522176
0.47357528032235907
0.7093176481370587
0.4246765469378379
0.7312537851685978
0.5202361006805958
0.5890504464266899
0.6503753056163578
0.47170509736917476
0.4622004158368518
0.24874180794629233
0.4024508817132994
0.7806755717535936
0.41387809426268884
0.4758953644289102
0.6889395464626374
0.5619689002659689
0.5646545349924817
0.5249831601920943
1.0
0.5590238544176688
0.6761014103990954
0.80519123800429
0.22257258931236804
0.22493065940894816
0.2790538091848728
0.6142928048625788
0.7980884583836353
0.631744550688194
0.7068557972509358
0.4018678235034265
0.7767354108164133
0.5763623627623174
0.8206676136973274
0.37185698375247656
0.5836964450139251
0.5418069531622869
0.7114450704514638
0.35210924049443143
0.27972592921910633
0.2832658414188528
0.32303304267593175
0.41731411960778153
0.8217904766833254
0.27843699699255237
0.47595585236740234
0.9058959705941494
0.44743022845890773
0.337690064093497
0.2595366868989975
0.21038673198974103
0.40010482410918935
0.6426728440677812
0.7005669309846297
0.2522550503766147
0.3498904031530994
0.39073373779099285
0.3716204546418762
0.6420802209049836
0.27621418668671494
0.39430733139216956
0.6546790825264246
0.7507589112099539
0.8480347587828083
0.5718724102628022
0.6673160980121777
0.32094603427201296
0.5742780167283257
0.3997875145029093
0.6207109725955211
0.499583194252772
0.730796377277484
0.38645809870012515
0.7664414635342723
0.6205237667593753
0.7845897843613674
0.32406251830394
0.5167029938017081
0.8092868636603042
0.4573849927028102
0.7296481633823673
0.3148100777109844
0.7879358946071707
0.6053860866510833
0.6709792564380963
0.7293764448527896
0.5635282712984022
0.5953297504990874
0.33915796219551414
0.6737150184031756
0.6948796349994504
0.54966790801061
0.7733458524746017
0.34471875225511056
0.5606699876071622
0.7142449480062081
0.2971259162470241
0.48173291708488913
0.6392807965082727
0.21527267520915636
0.24198568676134707
0.5649335427546728
0.7882474585576436
0.5964577553445823
0.7792945574418384
0.284186241067851
0.40426094389074213
0.308016471675973
0.2256962646031354
0.1393520698900075
0.25081985952154867
0.15589706702147368
0.3938091621073257
0.6601306923973266
0.20307233378211642
0.4697770536218922
0.9251062269643973
0.3336996655892981
0.623471712362812
0.6053588179881908
0.8383972871665973
0.5934289362322154
0.798673630051324
0.3587023359396929
0.4291851522708496
0.35730357723759437
0.6995280450607544
0.7116836786401968
0.6140064820542759
0.5584465915807575
0.7860492870892223
0.4523601925079851
0.2979041442407906
0.34757638078368425
0.552205072307758
0.7212353416258187
0.3628545167545554
0.45087303271075785
0.49142198626321143
0.8337748601688835
0.2523272594854673
0.21944010480173023
0.5357970605517699
0.8774590219454071
0.22549266661664463
0.29736606554790773
0.47664276117704363
0.5882427777865311
0.5219043010631883
0.5485606972067739
0.6768483863424869
0.3071635835240867
0.6557142225324356
0.8528090792668871
0.3740074979817271
0.5376432559706901
0.7431964058139356
0.45907199043530034
0.5172247260795714
0.5357407340098593
0.5620802165639509
0.707876439365993
0.6925006991863958
0.5981207909193699
0.4352449387746561
0.4038480042324635
0.6380093985390325
0.28060435004612777
0.2598805467032765
0.24878528671154723
0.18343333354942684
0.18583491780811792
0.43013073904095817
0.587996885717253
0.7168856621009903
0.35049826002041745
0.4165587962123151
0.43915381592919245
0.6429152362364302
0.7833740467476444
0.38503304525324433
0.6530067096489536
0.7264349857452448
0.5399549650234275
0.7050445004408775
0.35720465643212423
0.8002500769725422
0.5147560600496505
0.809781635625143
0.46599524456687097
0.6624345601921934
0.7476772200092547
0.40371076220052343
0.20451804170205454
0.23726371622572118
0.24498879547803348
0.3242965783701451
0.2969297578329454
0.67798410700447
0.32360647636893936
0.3269546116994337
0.47882210557419597
0.6773670200600457
0.3204996020615832
0.7554921147434475
0.5229034453136324
0.7487224803310463
0.8916761856345123
0.4201572760811638
0.7184064688123001
0.7034025581154967
0.5831816755500511
0.5057796844074594
0.3714393988704477
0.6999348191074956
0.5181890351601
0.7851871334004825
0.1509032178357329
0.29519690584930147
0.42945663882658464
0.45718041199938897
0.4173501497698463
0.7190848988595843
0.29471515513690744
0.4141259160559137
0.4858010594591552
0.6141417865222775
0.6534017149270871
0.7008412097755505
0.5749617289531257
0.7667462728448974
0.3435012868052569
0.31540264823260267
0.43571027514032756
0.6259410277604603
0.5712534852511583
0.8532074773656626
0.3435206354255439
0.4983930213292378
0.716850371505092
0.5063587241989583
0.8169950829335223
0.049881226635118875
0.046045792222476595
0.3728793205229395
0.6414785511449534
0.17762416622638602
0.5240627063199534
0.7752409471092231
0.49406124940834917
0.6606352560889058
0.2160873322682406
0.30060309394427587
0.44287441547225437
0.6909568736573143
0.46274173154709286
0.8251233266090084
0.344655131134876
0.48057620462120415
0.6438750131571414
0.3952080083237188
0.6337142730275075
0.8076317614265915
0.3977140149246061
0.5701082666704776
0.8091089945831541
0.3849458162076399
0.4177261467793706
0.8869562281118116
0.5542606442490601
0.8536680289301531
0.2859070097807564
0.1165288346606655
0.3858907911554725
0.5681812118490314
0.9283749856445462
0.40615646792106497
0.27280097196439385
0.16894827891854053
0.5480659648504586
0.48441068906896645
0.2180724178251032
0.8167231832152559
0.40859848669568366
0.45290025608664713
0.6501006663458289
0.6863542242258297
0.5338131430919069
0.7352684075365155
0.1792453743005479
0.37962092477226517
0.5337243774664295
0.6886899039400144
0.506835276298583
0.6878013552941755
0.6108885885339226
0.6457160998229355
0.6055738677520556
0.75989431628688
0.43012149724599724
0.274732661863465
0.3964254887562884
0.3661707386310717
0.4758483522626813
0.5986529077394804
0.39130286376868123
0.7669913772255846
0.2721963318970859
0.36575791745217107
0.36614246808712814
0.7280693190264597
0.45158135926016574
0.7264403000154086
0.36769848356737034
0.6234897516314833
0.32854382796084525
0.6216590116573983
0.3859387813251007
0.7625408368686519
0.39107694377959334
0.6365751907284738
0.43427957212946927
0.5020800354132761
0.6241226019589886
0.7124169194649748
0.5012253596557132
0.8277378009119073
0.24437018696653018
0.5377478545495056
0.6865922676280424
0.5964637468183923
0.7556426292776046
0.45655634124745953
0.6106149702751746
0.7799822014626345
0.36993042129451204
0.7051036584114703
0.6438444096080144
0.5370519770200015
0.554262039014148
0.6691307829550323
0.5535969624788338
0.4680937539110146
0.6520419794591543
0.6158368566853033
0.5417901384017436
0.7850419110846085
0.36835608410505405
0.4838244178889703
0.8668840313393478
0.399102838900731
0.697740514529909
0.46352816278924197
0.68156353435328
0.21271780450158903
0.33338112083465987
0.4763242904113242
0.723994788168659
0.23839308990296076
0.4451794126602688
0.6515208723476689
0.2885847777237415
0.5120857031887642
0.7900939231747725
0.3096937213245981
0.4356620713001551
0.4262458716290484
0.43058100044111286
0.6264186381171913
0.3378205989697976
0.4637683275788715
0.6507382898381189
0.34285172736060915
0.49886326270455167
0.4147180233964365
0.6073034603609517
0.8367363204396681
0.3839641555898075
0.4806862092345661
0.6896844922924389
0.23132927943588108
0.36130113922401286
0.5533587596230712
0.7422383011273237
0.34515799819643
0.3543062631363557
0.3686511561695946
0.5478297915781588
0.7622269304098658
0.611166471428406
0.6507450800988471
0.6874156357864124
0.2735233675127273
0.24127356586727325
0.6865250572522885
0.19581489458911688
0.30068658761870265
0.34587823434591974
0.6107640863621703
0.7121164943799286
0.29783624273004833
0.34061008060161535
0.5223421926448744
0.6691329909437073
0.6296775745763256
0.6922537403883414
0.20364362659322865
0.1331451036111927
0.3406946859286421
0.5719201183884324
0.6394094402946343
0.5681653775235581
0.6393626496166148
0.32757726884384086
0.42778545441126936
0.6014076988907459
0.5086656977106737
0.4193997457461824
0.6348623589287506
0.526171527357956
0.687797975765258
0.30172682752754926
0.2912025441794798
0.3734619618829791
0.4599888639529169
0.424039219528677
0.7295187385647695
0.5253027704130757
0.7652164757632125
0.23152425560552808
0.2453042264810236
0.3159108033849433
0.46129819745613726
0.5597854618219936
0.7320056413102766
0.5495241908008841
0.8001129534628248
0.3665053642667534
0.5100854895653555
0.5648253135390863
0.7377292114642725
0.27802708310520013
0.4523845064431042
0.795836568563174
0.5510922949884582
0.5735754109693308
0.3782855984079593
0.5016220766096081
0.6595816002061488
0.48469927505705157
0.7337447849329948
0.5820701028869466
0.8022740138499499
0.5920774205091093
0.5928572449825085
0.24833624807030477
0.3135383189333681
0.350809882150102
0.31782884707369397
0.3698256364429831
0.622451386747925
0.6743810827200059
0.7348659841047175
0.47884090447280214
0.5304903239738485
0.3369455638017641
0.8042941260435273
0.567899984108403
0.6185592076066335
0.47420344118590074
0.8872842275408239
0.39305617556084926
0.32678226249078396
0.1930987579405794
0.2548488664897857
0.2495387342623871
0.1400184986746669
0.2956754936524194
0.4836477138070045
0.6866539920401802
0.5397222655660364
0.6611340416058504
0.33346232763087896
0.3514185137710523
0.6417593713988037
0.6162432699451122
0.7779957173370986
0.46257534553006935
0.685582918070338
0.7172385895970942
0.2599917670242992
0.337980003552268
0.6760740882112337
0.26222000891867764
0.2928331739482135
0.29406213679824256
0.5764138417202047
0.8135496018740233
0.37317019833278486
0.3581981447990545
0.4897890361879951
0.8113296747222045
0.31457765236932383
0.1896579405049915
0.4273094137858705
0.8258124563278564
0.30208621322872137
0.5594976907991707
0.7171530317569028
0.6426623917783809
0.849325555548854
0.5434749877075621
0.746536825219772
0.4938287966032806
0.6396833103031287
0.47344236875961615
0.8417565917181243
0.3262527967136348
0.5274899804665841
0.6725677915887852
0.1139000312902669
0.3287866923142125
0.3193941618769549
0.6486949893533185
0.2590404361923056
0.5229166262874779
0.6289560275099007
0.725981822448986
0.6022429591335609
0.8331432813732537
0.38938078426690137
0.4780558209384596
0.6107862148595834
0.40587278803592003
0.6408162566624769
0.48771973700254523
0.8078006611941819
0.7878829697197302
0.5693218789980985
0.8867665666735111
0.30273187077641256
0.1498522041603266
0.4031936001446549
0.4807918009644861
0.4792971461937778
0.44628670624441286
0.6791840632554801
0.4106293067086061
0.5661216626709319
0.41487362845704423
0.7553230408592875
0.3674527083352512
0.656637306944915
