0.6796147500066304
0.2540526918581082
0.452590795290041
0.7851167921877665
0.284094613825187
0.19260119587270788
0.19001836327840538
0.3486586836449476
0.34782944245950126
0.6097047222695892
0.7150281758540151
0.2534285459611968
0.17374401424024333
0.2417198702192671
0.5042476459483234
0.24154075575925144
0.5593074207084859
0.3228700526462207
0.3097299666226505
0.5481469029375438
0.7467272029839763
0.4033781293259483
0.6157081275468433
0.3993375346518
0.7452559845586026
0.5210972302484734
0.6305792311016374
0.25296540647262905
0.5862391321741462
0.4598698735888487
0.7045591749308054
0.3702633768170003
0.39900969644247575
0.7253488449590589
0.42210220350788424
0.6420691661854163
0.3911740911350466
0.6633252573844619
0.3016634186616206
0.6059337227758704
0.7456775538329238
0.3085756619344602
0.4387091878465263
0.4204700645838055
0.8004129523906297
0.23133759808441084
0.3123696250356509
0.5706474975874712
0.7531338062537423
0.31877576296953014
0.199929714853516
0.5338877331317546
0.6628053401530579
0.4665191994849207
0.6857987968428156
0.19344442299662554
0.26016163461674136
0.5164899764110328
0.5079971354434012
0.4962502955165868
0.3878867790200761
0.7116921984173802
0.4280979619692787
0.30079202965622875
0.5907277901292707
0.3051865654285295
0.43265916349303135
0.6095679833780747
0.27198511669257847
0.28392085773697673
0.3730233618770429
0.6253519072813385
0.13179499912069187
0.01273468980431297
0.5762250033103428
0.7910941991406178
0.1722441876835556
0.2404852600814925
0.4545181788230115
0.6364515952842984
0.2725579577363247
0.5688160304607246
0.5042623541916619
0.6598699982127315
0.2168248086383823
0.5185231439488504
0.5498462642542755
0.6597144347423535
0.41752001872943656
0.630607180685168
0.22206937395079993
0.32311989109222866
0.7110143229308119
0.27699853485353204
0.2585336453738075
0.470582650059816
0.6822806625247396
0.2721707584098712
0.404078675135821
0.7100371483106133
0.4891444797905253
0.6492292341721747
0.3086890105330516
0.3937159519115331
0.3681999270747959
0.610018866640513
0.4393375126451618
0.7253149925993629
0.19991536961122366
0.10117242179133572
0.36727475156755907
0.46894622391976243
0.29137921666623084
0.6623127878879687
0.5079362928508496
0.6210482310658885
0.2934034551880308
0.49028083931967625
0.6662499723202198
0.45938617277520877
0.8176838374313391
0.11983086677386591
0.3066366690932728
0.2728701939519696
0.5294918321571485
0.5420703491361106
0.31709709782731244
0.5926309128984805
0.053958196909272366
0.11724121943509072
0.37001939673073037
0.6263367790956291
0.31081518683096165
0.33579127900297817
0.5471220042775755
0.17004253530423302
0.05191276588701673
0.11086089355080067
0.23797123617608798
0.5515903474444752
0.19793271426562528
0.36683275914538926
0.6537684424834097
0.14516913267727427
0.31252104040650397
0.6757366068526902
0.3776477829537871
0.6821121214580314
0.20787504771308052
0.23681326459784302
0.464237987345049
0.24891904142684895
0.6324483655263803
0.38251869032738867
0.5337872629433409
0.542738001035567
0.31212416218429867
0.4683682383831187
0.34488012905798565
0.7819782922751659
0.32351954274920924
0.39038476829294666
0.39419317539868837
0.6960261697845693
0.5215958232700018
0.6682620991740781
0.21192935986811706
0.436447416834633
0.4839735627523436
0.459104791878175
0.5696353503865593
0.11844524382735433
0.04858980881807382
0.2976103542664365
0.6171434409899109
0.3051405244732879
0.5908273322442243
0.16541407303644642
0.23150323411909382
0.14671227203928147
0.4730262223199801
0.44751256730996103
0.6476704521631267
0.4219114546170531
0.6701530248084976
0.7113330620010386
0.4006305784816425
0.6862679210272916
0.2799645922624099
0.35260439595664267
0.3702202581638199
0.46790517400103016
0.796425599858443
0.3661071126204611
0.4568474658228331
0.6279071138755192
0.4167179383173273
0.6119631818133167
0.17799377111523187
0.33944203994980565
0.6397189390189658
0.30620570043011686
0.335428298608215
0.5830735510565263
0.3040373072037189
0.68221812923947
0.6147695831964105
0.7662948557332043
0.37777866666631726
0.6891994542672765
0.22067582643033695
0.3023499502673312
0.43560608841038057
0.6191319305972658
0.27037260096431126
0.6573815876386833
0.24486192518446398
0.394423633451993
0.8090154738614287
0.23067907850843272
0.3581544801399261
0.30446123064599073
0.6454039625221041
0.3207723516387906
0.4726777474820945
0.45250055176135395
0.4638176825371062
0.6134641275894742
0.5716621915917159
0.31157263828887394
0.5500427092533771
0.3437099279812455
0.6277305684145755
0.4430144042961627
0.6632898672400401
0.2851454208761047
0.46977243704547444
0.60125425459974
0.1852329544810357
0.14875643083423506
0.33898948675999235
0.36620548892057275
0.5288086969160155
0.3791784819233772
0.39528225219270613
0.4901745051723799
0.7862945825258341
0.1271993486017765
0.10293583838896839
0.25926107494068706
0.5242706162311842
0.6264056865584174
0.6618619330493741
0.26869781094522127
0.6222903657334117
0.31021858852097994
0.5635486709979624
0.7017662489474283
0.22873115767768645
0.30572526401056993
0.4857146411057905
0.4687565846099455
0.5197285481044163
0.5865302638215324
0.5770091845248971
0.5336727208554157
0.7422000565022984
0.32362684617502757
0.5104909605960536
0.7098591055644268
0.26270006198630286
0.24426684849509597
0.3943501194898512
0.7024948888109478
0.546713733000705
0.8666149959194119
0.41497965605154463
0.5527440079771699
0.5344118798023427
0.45299351941021476
0.6157565918259681
0.38921260634005134
0.4403083687400322
0.6413252198668319
0.5531687617042895
0.6444101683258839
0.23843410465345347
0.31168240856506113
0.47507936010211893
0.5497896789579786
0.45812609353456907
0.49976747129137766
0.5520811487050258
0.420032631535956
0.7108172166850357
0.39933044821147395
0.4645774779733528
0.6422392132919799
0.4426349835137514
0.736802489480037
0.18816108834375841
0.35259203794860744
0.5126791463735395
0.33800702587697334
0.6550177563401177
0.26466163857729935
0.50041830632269
0.7032263439057683
0.2487945636130479
0.33010646123752047
0.6026876070396505
0.24773419279870518
0.4898853928132937
0.7527237148269138
0.22562414496497496
0.47690931661787234
0.6978135253543896
0.5760114953192418
0.6014246524658474
0.6193240184436287
0.607416732504304
0.690781100942756
0.4309916539509783
0.6123580098990669
0.6905970541523618
0.029886256553416368
0.27403950927554027
0.6514573949622474
0.6674413404011423
0.43783290671770414
0.4932585270209689
0.5127048165193941
0.33730646516222235
0.5985717765203684
0.3148267923264287
0.3094326599010328
0.6218565875106881
0.33154576987829515
0.6605190828417807
0.5257821813115446
0.7505368491145463
0.4242731130658504
0.2727331981222959
0.41609841193723063
0.5828085274626088
0.8222045911558427
0.38207304138673287
0.7084339900183104
0.6488927213454596
0.5041232805238457
0.5846058087712053
0.3223631041165942
0.7264666737844606
0.36324959067134627
0.6244016655107987
0.7147899104345458
0.4558363729632342
0.6839146978144567
0.4308854217975352
0.6429336141449354
0.6801617836007819
0.3315803093451561
0.4646067941483038
0.2900663271786958
0.5119967451177605
0.47065534148757837
0.5750882255266634
0.5301825475258559
0.6775974491687423
0.4487245960699059
0.7773780006257233
0.33161522350020506
0.4881317123251528
0.44515176006083845
0.5541267045366574
0.4789896203009714
0.6273972246752441
0.32904497255428944
0.378146443099881
0.5620413931656769
0.6038334540134254
0.24115324495805068
0.5235933488558946
0.45526226686118304
0.5940742487124517
0.4161676162206376
0.6975673920991512
0.30940574509953483
0.39273562778113097
0.5571604168371729
0.670172544957316
0.576130805841986
0.6631721444541844
0.23895135124537234
0.3549645596172464
0.5886896664875677
0.23554228459265222
0.34334026117366206
0.5884350859931999
0.5319640218455077
0.5567601737456076
0.48985546684480485
0.5141839477499387
0.5624149089373818
0.6644701160215744
0.5096369397523037
0.6694195904202684
0.3461096109641035
0.4591740664289853
0.5474977279044962
0.16876524254182954
0.4102824416711308
0.5516058653174862
0.36939827303893225
0.5673964027705691
0.19880267657870188
0.553688069680486
0.39797972251424096
0.6455357975968424
0.22043271375703008
0.46367899216835606
0.6493761096042473
0.34052159062529985
0.5560068999644389
0.22871903732602294
0.16664436449278341
0.27876498801005034
0.38671596475547215
0.42131165920622693
0.5398223478529823
0.19908040554588086
0.2543080943888741
0.5071229867648647
0.6599493200750072
0.38034220707205
0.6239521808888795
0.673255364042702
0.11472810773600634
0.26717271441830015
0.3424820032442783
0.42935102246596263
0.6372397294245815
0.3925081657177586
0.5505975580588176
0.6980173483659808
0.4129870944776508
0.5036551783537928
0.3400401226502442
0.7587592064281449
0.3257297530980292
0.5328900754172052
0.8552316352544546
0.7899609957674982
0.6428661387252991
0.45103386640408727
0.595999908393513
0.17629367205040583
0.1488446006604556
0.31345564000685
0.4530874093641184
0.6088936055281238
0.28473853426472395
0.33068175605118144
0.6272336731575319
0.043807433435419894
0.09325951473654069
0.3374079389111105
0.7099308648519803
0.09730596976447345
0.06517687544228908
0.24816230607705766
0.2071291356369716
0.37220500836519577
0.5676549665062832
0.7516718051353332
0.5082472215649017
0.7182104618382904
0.4139599786014837
0.4711675001596068
0.5760281177096067
0.7469229873291835
0.5471542130498525
0.27646949575197094
0.6208502920710552
0.1534227573690017
0.2243858113642634
0.2613775512574594
0.4726275952628997
0.6798777623500981
0.5492152621759999
0.7945655431674477
0.3328810270728946
0.41274977810025637
0.5188855564094742
0.6015000351372523
0.37373015314947944
0.3722557737290374
0.6501569168472773
1.0
0.4200488269636146
0.30002215633982754
0.6206100751372666
0.44404812948715744
0.6119576987941842
0.30438895942416244
0.21902857286445243
0.30635268056109277
0.4804942930725977
0.4379284189278453
0.5470364708545118
0.3890525382827465
0.7726904618810772
0.33910330784464465
0.2524541262726335
0.39961713933891696
0.4769716916516796
0.3979466160308439
0.7624606557343394
0.6929170881351802
0.6367605762629707
0.6448212166692668
0.6149408011399341
0.3598482368873383
0.6218967417075032
0.3019115664811799
0.3196563353690253
0.6319869191826248
0.6002744959827487
0.6590215542429879
0.3609789927101628
0.38221964068900066
0.5696183910584772
0.8560014762384031
0.4308986403031117
0.27784161459961154
0.4573072053529508
0.666796383178758
0.3253043070254537
0.30139510867161995
0.5309232823407701
0.6337590312289169
0.2896466484710892
0.4961266186589986
0.5223538882533398
0.6272302593734245
0.36507583833306634
0.5835518606510435
0.3510749763190357
0.5180403862207201
0.7044478386584826
0.22326624244165016
0.09680194343477351
0.13093352991449228
0.09428528775939986
0.23330463448040104
0.19260408631474205
0.3464617844037262
0.8085099227850622
0.5046404696952979
0.590498746698887
0.5776142339074701
0.5264496949836851
0.6729358705284467
0.43686013067423807
0.6656527726393415
0.2403271436455192
0.21235474517664477
0.2981059337122285
0.5975327249390577
0.6345404729744849
0.5193461348654238
0.6638053543049369
0.23185518719902104
0.07604735594799472
0.27266218746329446
0.17138653649190458
0.3228376853833699
0.35152231305958787
0.5620230513014012
0.5698900159422619
0.6882770315422528
0.4939329448947836
0.7192264714849977
0.17358643414034022
0.06882327831105563
0.1821106094154123
0.5186048596722828
0.5589533909590122
0.8680163701341224
0.34037663692925413
0.3019512547443674
0.2771845589032925
0.097917380475528
0.07122610884955095
0.22531298098394426
0.3399024580109864
0.22785443453337698
0.31674271054294634
0.5066405725725229
0.5859787860071318
0.6686230464134674
0.7090413354975216
0.5369091596654475
0.6712673614133521
0.30515944697954506
0.5329805394684112
0.5308124448302524
0.698488422452407
0.32385988301033414
0.42714568727130786
0.5465993163042452
0.4868869449543073
0.499536884646747
0.5142751626419736
0.663891617310938
0.27743261414410997
0.6800953609566515
0.5718015890425123
0.7443379360786333
0.31145232671710155
0.3920685160148994
0.5383598031576102
0.34220443563366654
0.806238431483715
0.237296774151051
0.29088476362652904
0.3941944302645551
0.5935929846841814
0.1743227235402652
0.23970950962497903
0.4818412831308573
0.6574988559037745
0.39572642921796275
0.5528624927133106
0.2750161256317444
0.648049550430507
0.5691646520845393
0.7857919971082304
0.4289996278799978
0.3817533990281391
0.47094644434207905
0.6421331796866061
0.30023199472959516
0.24507699681007572
0.2880250846332262
0.3743608225067259
0.4055637866004821
0.6783395446092069
0.23698878656971717
0.3344418960001993
0.5253520310287917
0.7762865081591304
0.30538130884903025
0.43570465242153655
0.6085035655579976
0.7444812737974573
0.3007288046281496
0.32465892625857123
0.19613458049235769
0.34049714043745194
0.5324149824328911
0.2631542745052532
0.48161651548143025
0.5507528834889664
0.5961466568950724
0.5004041917828584
0.6954364123508047
0.3715810269609533
0.41063644745657446
0.5426874216100323
0.6788123920378861
0.3543407961076848
0.7223020817207909
0.34185716992461007
0.29718247200591164
0.40767037081228447
0.6378128954123112
0.14917109822298996
0.07129654841054178
0.15897381263956062
0.27949924348115723
0.5649689362951779
0.6498311537118187
0.5799180765666867
0.6106418280174508
0.437193464380643
0.6522381396581459
0.30592721252750193
0.27261192270583157
0.5908831784639031
0.3640640820971033
0.6985221182513811
0.34005074865847584
0.3441753185376404
0.6963542898304826
0.6483119639075425
0.7235676541533251
0.2540355539273113
0.5658279826980597
0.69093600225268
0.464378509154827
0.5948952430659752
0.14233494857060977
0.22488432126552305
0.21606875093778719
0.25639661859442664
0.5952579343548564
0.33447270967841736
0.50481549093872
0.5135120703012895
0.49094326133863797
0.5944994300313441
0.19671093218196245
0.43136769722597035
0.6520510624973846
0.26548553625970733
0.3972741935490651
0.6998844527746073
0.2697950013149126
0.04535321294094652
0.08144518529186132
0.14309160116582773
0.5280612434790313
0.4911682666249747
0.6397463637922627
0.22889319820825557
0.48792051074922443
0.5264255942607877
0.5274483133730927
0.48859199624158256
0.5687837978962665
0.44487742243737916
0.5865342454295948
0.3739675797994592
0.6790842254192104
0.6698697406656072
0.6843899519837864
0.673467426908142
0.7411423543674597
0.71309676838991
0.711211310662881
0.6342411648917449
0.5466735854077901
0.41679052151517637
0.4521853867460776
0.4735386710280404
0.5110628294671269
0.4835430224987983
0.6677288205658376
0.3239145924859682
0.6592117634542828
0.6390762513395535
0.47615898493049763
0.5823017788805699
0.1739285659120715
0.4555007178354047
0.7001401241545745
0.2426812969693572
0.3006367773975085
0.5674925388700346
0.5256595084911717
0.4899168903376685
0.6911142120248068
0.3582119437021599
0.5033912340883551
0.5814976799264082
0.5211207876044454
0.40218466881984216
0.6778312956050906
0.3411631197425451
0.5027439570972839
0.30258425967080954
0.5775498629446253
0.6847324738478555
0.5616202434548612
0.6244113997983078
0.4224780634369566
0.5974127977098888
0.4380144304814187
0.7393606864086737
0.14372529853464353
0.3096995940213479
0.7161773769626619
0.7294225443460001
0.5880931971951276
0.4808665802820303
0.6177349803543031
0.2995820591143049
0.47424200549574325
0.6935067271832009
0.19923676115312944
0.10932834803995768
0.13458444805976577
0.3442052307242599
0.7224291924257403
0.326635324023957
0.263307887430715
0.2013127398400698
0.2849522933849348
0.20571628252660368
0.26154684166318043
0.3447019601834526
0.3038759747777459
0.2818397902271491
0.4197272006457499
0.5388131034319963
0.6633309161843887
0.246618912764678
0.2565310859400983
0.4251300454488662
0.6734650871169074
0.5016962206583472
0.7461858890799046
0.2715436521965895
0.4119326017696425
0.695662283076459
0.09881192677090347
0.23390245196998594
0.4177258941315249
0.6543867272903416
0.25223508072998524
0.2965706093108747
0.6842463979261737
0.7008437666277585
0.6536021351883186
0.6484315651268937
0.5571508656318905
0.2652617895038219
0.5550401581625779
0.6389414493961049
0.26246084054928603
0.20596214798175339
0.3779036787767949
0.5870972918408028
0.40210231576363475
0.6877283157993014
0.41813127399064026
0.5983737324071104
0.8303884354399227
0.29630470449747176
0.5379034480230549
0.7944099258061268
0.41317375572503157
0.5799548367686904
0.41509211424446324
0.5137062254992312
0.5598376036163099
0.8119278817556983
0.26146482763204926
0.192632541361428
0.21392930296466392
0.41579153841979527
0.6967633822406925
0.32427514822368686
0.3766336567750623
0.545440021218697
0.36801986790821556
0.42241974533847904
0.648820217334402
0.451343984876496
0.7591098885308099
0.3564058523674648
0.2984128275428647
0.29102961632016366
0.4769064703615317
0.6214234079223084
0.22343287014923133
0.3073588249027455
0.6037454716076719
0.2863786574735071
0.4147133160527041
0.6171052237481791
0.35871316660267544
0.5623894455855297
0.70869335354914
0.11557513961533535
0.30193534144992723
0.5679959060138831
0.4134916144837355
0.5431047261748644
0.21702617119868056
0.6268153119180228
0.2832261855989352
0.602739759243502
0.1382657643168666
0.3198165687438876
0.7038411527799942
0.26965075417460105
0.30809437292695563
0.3439396332272304
0.32183640646973954
0.6075029058614243
0.37752670915292813
0.6511846471902089
0.24238378391882243
0.40672636642551213
0.5765525256661268
0.13621640556211764
0.09170979427944928
0.3059760326756983
0.6110920018066014
0.16658424964350493
0.4003019295747415
0.7212680679376525
0.3444636430040677
0.4414089181958597
0.4790359334641988
0.5655191367594886
0.16541912685187607
0.4701001871977208
0.7955427693514641
0.5926722977104641
0.7307217323217967
0.27387679102262086
0.35301607359753645
0.5889554085636223
0.1458963665921847
0.24614824438989671
0.19796758940671255
0.3366051341262813
0.6028331931728111
0.23431128023846756
0.5413758393607071
0.2180718409427832
0.6036474873418024
0.5821088331875763
0.6569440583473789
0.20718610846655036
0.5279285434161802
0.1308677049954924
0.3296418329205204
0.6099121556565839
0.5036205374090518
0.6666518519890233
0.244948492348322
0.2256746285791412
0.3701670242576218
0.4965410297931762
0.17611755099358878
0.41840272125282557
0.6287222503796521
0.1522794633440212
0.19155688149077243
0.3427102575170193
0.5782417090589788
0.6009325080408677
0.6976148220992175
0.29968426974437945
0.38203526981927477
0.6197003066118998
0.56122058914916
0.6980808596509228
0.3103637925634264
0.5644575701500679
0.38432907323630744
0.6864327525655542
0.14529827339326476
0.25041432851378853
0.35541364944968884
0.6303278503506806
0.4391101330760274
0.6874204686573705
0.25774064373173416
0.3133738619954871
0.467324404530936
0.7385787286945293
0.3313209964730197
0.3164086012950827
0.3064815624072946
0.6071639207525248
0.6978579293849491
0.6655933893449385
0.9230672224409666
0.33863229356652
0.16352243836585917
0.1702385985186658
0.11943802472597828
0.25686639864253424
0.3807038635578846
0.5690748583505373
0.11823893495313162
0.2222290945142442
0.542584173309919
0.7974245497105772
0.30744274179789693
0.4245701155415488
0.28900893189914667
0.7071699546524687
0.2956386193390597
0.24896113869708483
0.3257442517140748
0.3629171175089878
0.6262470412459614
0.4734963783124427
0.6770389344014536
0.3228429436606512
0.49680467982023774
0.6553377190990268
0.5261937345876597
0.5227032555002061
0.4869470846489993
0.6500194146139848
0.5103687006856781
0.5449765901460942
0.3228086923197893
0.6152244666764289
0.23253703199322215
0.19567854034596177
0.3775581616556393
0.5843484074894029
0.24819658483127816
0.3626435628754308
0.6890311358801327
0.3763426300266917
0.6063903166212806
0.23411035429727256
0.49851277550725137
0.7436758467436482
0.2569273228210755
0.20235799795443887
0.2952293838384233
0.5159926371725535
0.6696085127210833
0.2642969873893603
0.34208698519905734
0.6325710081849221
0.3512323313356833
0.5725053326766318
0.4699331420543497
0.6617889870129618
0.26404122145953646
0.32215185587374756
0.6676952739850802
0.139625952640983
0.39073390679412384
0.6298517842643094
0.5628323787947664
0.6735921321226578
0.36151551400137605
0.4831827754462816
0.7334329034767316
0.301114180563852
0.44872474131182305
0.6432778972001374
0.2176505898771641
0.3444053074303137
0.687778531683214
0.5274023109094147
0.7382447824299628
0.23898504319939934
0.4074708552425735
0.5791254468212705
0.10364887255098862
0.24029910323898493
0.6776954474095326
0.5039642266888328
0.4757622944374687
0.3560185474983141
0.6393920145116185
0.17999790948444977
0.14049563397759707
0.3283032633625437
0.5521547257668303
0.35992505564674787
0.6845672235102408
0.41489999313920994
0.6629418275010738
0.17346895360943923
0.35017160810861
0.5518431752039201
0.48339450056756167
0.5068697185021623
0.1678265753929763
0.2135829089647105
0.35784483549736096
0.30912606000786563
0.310158845618933
0.406434449328128
0.6369703855518765
0.6805756051921692
0.5046223839718654
0.6232952028195344
0.22889836607687802
0.43527135830455865
0.42078434363572553
0.529106361055067
0.19484737755624204
0.5637831798913124
0.5180278640503551
0.5639346895614833
0.24608201928304024
0.46312610097638385
0.6616886794875249
0.6134594353562847
0.37899086790103903
0.5092104355450591
0.17336639964881098
0.26754870646091433
0.5849283455046994
0.5815719075966678
0.40470216010953985
0.763673116426646
0.39202700619356584
0.3435244764815128
0.5453859534925608
0.7547908309721072
0.4559384332841659
0.506583704134604
0.7040148255796164
0.34046127423896017
0.4064284743677567
0.40775382817368766
0.35029082401766043
0.6339565013256622
0.628358249004992
0.5495605148631334
0.4014159034110407
0.719217077782783
0.296667196774711
0.27459522103507594
0.4317060497332714
0.7209830905315835
0.3013169008896148
0.4232805842127294
0.6450546376119092
0.5457441434791171
0.744893297689861
0.2776707873995551
0.43323955225355976
0.8693426532975925
0.23004252125987082
0.21677318478161012
0.17553237659871979
0.20415104363070796
0.555403184700719
0.6965331650850287
0.27989577952936096
0.2793448321109218
0.30300686057466286
0.34361695595812725
0.6447015637224255
0.5379946538089875
0.7097564089014489
0.325734285072254
0.348732986008835
0.4337253563972826
0.5976221850842565
0.40901748043928904
0.6330620863607087
0.36473564484377474
0.5825002210819649
0.8483195465880087
0.35698969071535863
0.24986539722078696
0.4159762269950563
0.6249107477504973
0.17336247337772445
0.20398469146396736
0.3403971639395705
0.7928204460381445
0.375107793617289
0.49189950082135636
0.5657692627172074
0.31830184846408555
0.6047702518966585
0.5878857343716537
0.6440564347387865
0.4572566546114047
0.7017443001330809
0.15090041749709227
0.19698831713227394
0.36880890407225925
0.5670132685201332
0.22864768442685687
0.5013829979109758
0.5160466624354784
0.6167587432579693
0.5031376533623271
0.6681883522475092
0.4847252407214744
0.7645402030639971
0.6703724472649699
0.6686473145836264
0.18749871386205635
0.26408804267018465
0.5078020689032915
0.5250098259835191
0.3842767789550991
0.7732985163248604
0.3885524567847673
0.547278620338867
0.6918820791629072
0.2548663794950609
0.23016792526593283
0.4271771035656906
0.8356073427709915
0.4104801317907094
0.7489575133848706
0.24638762221126584
0.4074400649118825
0.6314690691667454
0.3129020064669347
0.5876144959489457
0.5538607220819638
0.7775020097960169
0.22196027280755865
0.20137731095263195
0.5318033333931467
0.3939352626924886
0.6901507766093601
0.3165344938879329
0.233409059482558
0.3122470405618195
0.25648079122591233
0.48932567421867734
0.32247229520164544
0.5979596923006288
0.21595002959021084
0.28728004506837146
0.38134618991501945
0.6712880516503581
0.3030435254794592
0.3096958776007751
0.4538779656642184
0.7394062844324212
0.33064493905736453
0.48197765672800924
0.6279101675674751
0.0
0.5003305756145557
0.8166666805827356
0.24908259241096167
0.24422258680347653
0.41235033510306324
0.6342852208870664
0.6054820734123181
0.646393236387584
0.5396699310200892
0.362430807821722
0.3606323246419555
0.4127970906451937
0.46805218938872045
0.20321578538616542
0.5580034246707783
0.6557760984091857
0.20590903279191997
0.36084742687757476
0.3803230236553128
0.46076803259381
0.3862362327542659
0.3436539641895316
0.1785024959423656
0.15177218560406316
0.23601445982420657
0.2596229560814493
0.5103261788200966
0.5389636082516386
0.6460374884379373
0.7663991409997549
0.5194171978374443
0.7989892025153067
0.33063530485782755
0.35280610575179877
0.5538170148375398
0.22080521656083674
0.5678219276958392
0.5916380916563104
0.5358580760003379
0.7297269382199075
0.3951436067854578
0.6508169186124838
0.39818862361217117
0.5857828099611367
0.5780356627174275
0.5786947990589227
0.46169966665380824
0.6729972028765484
0.20744436073804243
0.33527623849239213
0.5634844115680184
0.5828753067440456
0.6303641421071609
0.5220453800363886
0.7142081455420402
0.22436782947045933
0.13732523497456933
0.16962401493982004
0.10876066031468194
0.2025861239523746
0.3147361539968182
0.6211073598991238
0.376164245118691
0.7232417861111197
0.5476584245549679
0.6531990322978164
0.25054076504075035
0.29271818171455977
0.6367321598816325
0.49308677090458836
0.6924633955886106
0.45090432629202715
0.5955803774706251
0.3873699474937056
0.5182596744218679
0.25395822764443743
0.6536104411371553
0.624408515625437
0.5949435496502106
0.5538493317917395
0.5468378043825076
0.5396528112879794
0.4305267005575276
0.5094688308272829
0.4880750785313947
0.7017020306773585
0.7148812140341928
0.6878506965592426
0.8255868239034156
0.578224490974557
0.765606040582835
0.39287841816082886
0.47791809925954887
0.6943534523736083
0.34244143112968534
0.5938724049217197
0.5093181865446645
0.42830529306031556
0.6457743042535447
0.608445838638872
0.4765386522544754
0.7603468879114947
0.34004802381274185
0.5855781477908916
0.39729436474902713
0.5276772223727468
0.7236136037476226
0.21947876055224805
0.22575995936109935
0.38547454265469316
0.6397715304986394
0.4932208787146469
0.7874966297691652
0.32487358294184526
0.2661947032479592
0.4577010872527441
0.6321949434264184
0.2610933401473892
0.29239011105614243
0.470389592646653
0.5780406835979651
0.20840927609303556
0.17723210991611454
0.31665271896557834
0.11825341760852948
0.23514317547540048
0.5905467916865645
0.23226065006905858
0.32602639307827824
0.20033845159936625
0.2415826707419591
0.23368073089438293
0.22893272446744498
0.6076488855500988
0.5775626367496421
0.43787882644391757
0.5679785789171046
0.37279656837057235
0.5939534660087745
0.24933183584966231
0.2374990870773603
0.6613478254395943
0.3640708880355415
0.5280695102530797
0.6283467490265849
0.18496981714170146
0.4801122704168189
0.6160677158804098
0.25789463452690314
0.42900017450110756
0.5879603082337401
0.621487168340027
0.7370333036999513
0.24060873891036502
0.6331647385889833
0.3029548467648446
0.4649365262449444
0.2851866991869227
0.43504388369107727
0.047992805391288515
0.25228289267915066
0.6580657774950429
0.10806067244075016
0.34519405538676257
0.7117128417202971
0.3047544282503879
0.274695558059371
0.5196400716231517
0.43128295349151985
0.5648369226022176
0.5020506428178243
0.5436283737682707
0.13457181344417435
0.38086716980420104
0.44511456741660216
0.20532761309448083
0.48852393137331873
0.4519599939771822
0.5629889624752783
0.3506749584569685
0.5193864608658313
0.12499518998935734
0.23856764053240678
0.5226577729209873
0.6115971902497432
0.28046014136151437
0.5466176634432132
0.34245311278368246
0.6612860715190116
0.15821049367662376
0.11242373431585845
0.33503645581947517
0.4790718652279963
0.4705466053235548
0.4751520850464394
0.6085481856686352
0.4120316659408565
0.7740738302386987
0.19435020144336584
0.1615557203101718
0.08296273686197235
0.2434866229750185
0.7733900557726474
0.3246541936418705
0.40636687377846353
0.30191557084444187
0.13375680444578572
0.32555592597710664
0.45374820244392533
0.7384400030579834
0.25702577158187384
0.13885618121593735
0.14546378251431555
0.09180567461068662
0.13614464304541415
0.3928408318752743
0.5024717656077199
0.11680880644048539
0.285840938596889
0.6862062442204808
0.30393738523095554
0.6691234483108514
0.6977184567069208
0.6293039379561893
0.4468967167680422
0.6744435392356738
0.29652197771780714
0.3368033935921528
0.5766886303818561
0.35558849588789077
0.5726035782974735
0.3328147785924462
0.4575738313999388
0.10290341762705807
0.19797184053555783
0.19379237670526706
0.3800280686794786
0.6870277078528516
0.4264234960739867
0.6325959285010141
0.7734534387251223
0.3760654930272624
0.6693451474041204
0.35452229140165925
0.5883952025571664
0.40575432119063315
0.6785538116957069
0.48533025608010955
0.6748242715550021
0.16950060941870648
0.20560622271513418
0.29384873070197465
0.3735466002191294
0.5212508453475629
0.2665907452612062
0.6677504771179816
0.17230744264724954
0.24869852233871892
0.45440883769850937
0.6414702657928385
0.325897340048038
0.4911174475396415
0.8012243821482695
0.3528221721810481
0.512275892190514
0.5158597095329753
0.7752345675771994
0.44706938159266674
0.6698984125767361
0.3526556892402387
0.3351267740126532
0.5428011727099091
0.16951756643398735
0.39943574583908836
0.7162659020723514
0.27682359690112207
0.3558766931574809
0.4692795646567255
0.7079736354224155
0.4871144132900269
0.7016260127515621
0.4668902654444073
0.7216378086148347
0.3204064230692313
0.3608949718339625
0.5735175860407447
0.5906172926575962
0.26102284307452117
0.5367461098665985
0.3802951845604125
0.6718366573729744
0.2833487526007741
0.2556703888638123
0.2459541786719082
0.32234245026793035
0.30688765988130756
0.39248042249966325
0.34587237338345683
0.4998707261784518
0.15817941549158843
0.18916067334120026
0.18779646895179788
0.36203396262316945
0.5015963037426598
0.544637279555924
0.24115545862771465
0.38897442844697755
0.6571338156518833
0.29132224602732854
0.5678688781687902
0.666340457748289
0.11320509790130964
0.216629151160682
0.4204865443285589
0.5657566704459649
0.35858106155221764
0.6087820284090966
0.5523099486031
0.521391906700396
0.8232228113221476
0.33621634496085373
0.3960030126041377
0.4799651552688218
0.6857609954712374
0.5619678304112089
0.8346068438244075
0.5772729966712042
0.7216197814288454
0.4729989095611994
0.5635696372840384
0.11615062159336355
0.4149905286487798
0.6601110995782176
0.5958733875649742
0.6244573325186122
0.45560417602039166
0.8123206465048434
0.2579599065257632
0.36446534376034634
0.6372550910528015
0.6830004359421127
0.24260112843485446
0.1874970559528383
0.25936072313671305
0.5666654513617689
0.6282560154074305
0.564867656187136
0.28198635540758743
0.6827093960789468
0.45918682792406484
0.5694759820108812
0.2772896518697623
0.39167335704550776
0.6793478387007826
0.4285932185462636
0.4813105073949827
0.844127413506181
0.46978380747065424
0.5187377190634771
0.8397315602821669
0.10470589856496643
0.11202698451297818
0.05997094341613077
0.2958701084541714
0.2627234923967077
0.37869702321940796
0.5940808011779275
0.15436183291704
0.1858828764571377
0.14965859934747552
0.3160914478181426
0.2675578054640583
0.3746749798825026
0.5633740231918792
0.3343106546244441
0.4188641006233807
0.5053427718527481
0.5184639092117844
0.32516689174331476
0.5904580057306229
0.20332543858960794
0.33237205534187164
0.5912121102907608
0.26765064713376824
0.5045850004256859
0.5985258402306177
0.31006513147249304
0.6236944328062409
0.26178845680734825
0.29721500977655185
0.5620175789885922
0.3000059472657758
0.5676583221092184
0.7372481139661468
0.4398595937760458
0.7516697014065292
0.4461097916664936
0.6760490885620598
0.31832237231229804
0.3256382168694277
0.43131742822627916
0.664005698777255
0.21016128162648773
0.34829961339456045
0.4984015885673463
0.3335241250548131
0.5749037881177206
0.11047941033941279
0.06212963913922269
0.16314632907854448
0.3823841926850948
0.6263798452201228
0.39272750262832684
0.5447811206325568
0.6267182223177413
0.463234094810157
0.7169966212648629
0.30539657407052023
0.2893354285611892
0.4097554635351372
0.6059072289145018
0.3747850873832022
0.6677914946409452
0.4920268244715702
0.7157006059352339
0.2443872439149397
0.3561534617791956
0.5874799736280638
0.8629191224731763
0.3072762884042356
0.3894843267176022
0.3039789050798701
0.5413167516866233
0.7361938149117291
0.39920733641581574
0.6787207152978559
0.34763195558969373
0.5155848132205662
0.5047548634796262
0.5597136671659093
0.4122609288693837
0.6768438422971372
0.21482333580516355
0.2596080579212689
0.1630524834821777
0.43448123327111826
0.6722265749782491
0.1743498762679267
0.11123743344483741
0.2416467907145735
0.2021592283550469
0.19862013394496358
0.39890218655696696
0.6513950241034042
0.586955817049822
0.6452384494549889
0.3821242606714785
0.5930486416639428
0.7175241855612815
0.3368797368015905
0.717391593575645
0.4329179732718131
0.5167491051235844
0.620797161086514
0.4353488178626614
0.6752197047920329
0.2622389575582324
0.16006752791930468
0.19876084338401548
0.11984813687389836
0.1971438775323763
0.21843737655878534
0.2924786385311116
0.37029312720012514
0.4326668791187816
0.6001383982694226
0.7084266764422417
0.40402045413773624
0.5345878318657764
0.5667884515466275
0.4614555898520404
0.5157907842662336
0.6172226959401423
0.15342587138428793
0.35444562077821523
0.6332458096085238
0.2587456964789191
0.42750515474361606
0.7619193267601198
0.37663339190497225
0.38918340140929697
0.28204753714321285
0.4185484296084928
0.4395693029548862
0.640425521778664
0.4007178857334761
0.579913484825286
0.45001194497083546
0.6369857286533506
0.13610035475530982
0.3236651840632804
0.5750768489176487
0.5432334300334176
0.49248411207273174
0.6587692840658246
0.2852276021581887
0.23768925298752752
0.2919120600809358
0.5842856996969082
0.8282572174857719
0.27175943228120925
0.44827255875089683
0.6825921705596316
0.7928542439559212
0.5800129917882775
0.7030343328749369
0.3019900768268719
0.23529864604574413
0.1690630331028308
0.4007908368714381
0.631405439932885
0.35020290833241685
0.4842631207990621
0.2666115091036586
0.6070936553306091
0.2782482258098881
0.4284966610036479
0.7173719206842267
0.34540271924726657
0.6118772089142638
0.7276494928009536
0.2753867013099626
0.4066275026042536
0.4906577067764719
0.15291007055414063
0.17419293517445694
0.3186922787217628
0.2611368257642722
0.5303740433921685
0.8995015472403309
0.3462418992219996
0.21377165124570455
0.20153108627214553
0.27552884391835336
0.3508537346761088
0.7643845083420191
0.2427164649223219
0.36610208608576467
0.5995892803167487
0.5508468606849142
0.5496211209785192
0.6146859750320189
0.20325353666261184
0.4298400331542891
0.7283128336880379
0.19430617226771618
0.28841166376109295
0.4320392230671419
0.4913251576287538
0.9046474082844975
0.4541156131341203
0.5248106878664696
0.665309984541859
0.2539045750101295
0.3437045625344678
0.5665780175692806
0.6131510230292265
0.39215656184302117
0.6031259523782171
0.2528366163733064
0.2852641179779288
0.25316525325760925
0.2898331650521734
0.38921004657457337
0.4188174661009777
0.547668727607528
0.12466537816825175
0.19002134336316814
0.16527689825696387
0.16378680701210838
0.200318489662506
0.3006100507464292
0.5062541779119399
0.19573350437059905
0.31435179599578067
0.6679079852712955
0.3642908696252089
0.5759560409461665
0.7317358453102497
0.4019836841567199
0.47993889673031176
0.6715181762861328
0.5423838914102214
0.6805742043489124
0.1148856051836116
0.2101743821982055
0.22263122048879186
0.158906457894886
0.3174807685750495
0.5811903568115262
0.7345820241440125
0.43992339086701465
0.45451165659061205
0.4562018421646775
0.26292289159810217
0.6387636152152864
0.2071617704164827
0.23712069312840944
0.17102961437335398
0.1377732566398122
0.5908454044377187
0.7996171456811318
0.40962393552547255
0.7122770051890722
0.37540543073952476
0.4408813651553952
0.6026112754768093
0.3761988676214528
0.555734643339343
0.2756380959103624
0.5011155318249731
0.7285997660503096
0.13995650727256967
0.2802470052763281
0.34294277424470754
0.3949973130439801
0.6864778182772024
0.15293036947283314
0.11720018041834372
0.10111944787008116
0.10198028484063247
0.2831212506917903
0.4283181725651431
0.6570506864179043
0.2154107171791148
0.1607575433130572
0.25718997627958595
0.14291138984297425
0.2965796633062455
0.5540113355706167
0.7269556293207071
0.3290597974095708
0.5951245650395426
0.33198239091410314
0.7648777835256636
0.35003018329977087
0.6212099831447114
0.3275795645879409
0.537257408032491
0.5246205299580649
0.7021234806819426
0.124117025373975
0.3405831449667509
0.5129866408924788
0.643207180218384
0.04061866762489266
0.33430741984132195
0.5862058951706005
0.39216898335879813
0.6587401959829157
0.5000813593581865
0.6565952009763707
0.19100476599430669
0.2242518574295127
0.2933189519692032
0.41466460631478524
0.32142268895208503
0.47415838128631443
0.3327511532597982
0.6353458170451406
0.44597551933525403
0.6620142993949878
0.2550606701992212
0.3475885011183339
0.37254694999353904
0.31738316257861826
0.5310977783860167
0.34658996220638205
0.5277218197680047
0.2541992608656449
0.3272677764559654
0.5677922956658887
0.5945220637370838
0.5197163157023396
0.6955267749224455
0.4921796602411854
0.633096944205839
0.7386570705036055
0.3659927149194111
0.4928142237526259
0.5456912260052443
0.5677055423417595
0.5465815599510826
0.6320583425320495
0.34529880382099865
0.5663604467577693
0.4039351197101533
0.7060819328814442
0.26001664623851733
0.09893379260929688
0.18730461746659594
0.20657812312459414
0.44537724460782596
0.49182344881083057
0.7211211092841132
0.3680380524849915
0.7211693930281738
0.5260627459479107
0.6640990595770514
0.16611556277190595
0.2074196342922773
0.40919595440887735
0.7138370552629318
0.326582255519475
0.47269706819217094
0.6743032424888015
0.37975165862284976
0.7030025353465655
0.5551701323020998
0.7603997896810971
0.3739964567692528
0.5351857708489519
0.7114249961449506
0.7732722199537987
0.12274845170577797
0.36610014417585307
0.5232124091707373
0.2390850317896283
0.35678344787176197
0.3442765209494398
0.5435642183124361
0.7674068171456228
0.25084764962913814
0.3241908580338529
0.6766853512744029
0.46871248067513266
0.7662739296452666
0.3073253718215094
0.5324974638611468
0.6250298213798187
0.6178394600995056
0.7113999951732923
0.39835480193007033
0.6047287734677207
0.3835463504268168
0.6287084261212248
0.23689075653078975
0.21886292989335254
0.4646093146658099
0.6603187460934855
0.2564020913466499
0.35724377004071745
0.4835377234704721
0.6699927478694505
0.5240843720179614
0.7027620887386171
0.5628032266130137
0.8385297746876645
0.2811888356272527
0.16952104267840107
0.18983669389499377
0.4702122079873134
0.34104086328894634
0.5434824475584441
0.23719277518344709
0.3759488047842584
0.5920472504617981
0.4466098956345528
0.6133020001352556
0.31915139143888305
0.42146119400085635
0.6094177807424989
0.21982234653951535
0.279288723317275
0.7264315783003965
0.4486326764831359
0.6547903404496173
0.13585002654796352
0.35024116018913015
0.5330719322383767
0.3234857768423076
0.7260297962576917
0.353743548543566
0.34617470474542394
0.7689769487062298
0.45102618972000735
0.740748876560308
0.5114304303835377
0.6419015083988906
0.4475474250733298
0.4910130871500167
0.6141151535683642
0.2662509072039196
0.6353311387095978
0.17097595357039302
0.5263936877912737
0.6596210917314818
0.27369011878995975
0.4053645815224705
0.5647926138366602
0.426801469017864
0.6904062142877435
0.5192108620122499
0.8977634061681372
0.4298009438319449
0.5124951411890936
0.6369085183487622
0.22166779285844693
0.29853378420750043
0.286474009477814
0.5004707733008549
0.6246578853934895
0.44886444647698576
0.6947981100054096
0.12292028602363056
0.18927622223707566
0.3026836919588204
0.531505819486279
0.7479829381912868
0.41310557027040223
0.463641503602121
0.6511667240306188
0.3350253258985377
0.6112576826548738
0.42072526015783185
0.6766835004682927
0.1358153595705133
0.4097730009873805
0.7570949393506285
0.30951284767795983
0.1661077809739805
0.27369041418450596
0.6250047940040881
0.6103896257664333
0.4866630928992472
0.5372665459861127
0.5382699781551846
0.5827563355090727
0.5015143675011481
0.6013799061247646
0.306344390023546
0.4675049997523983
0.3646755907972857
0.7235846902027003
0.11737134537864795
0.35949108846585054
0.5529094207184778
0.6844606718920674
0.4659058526998367
0.5348458813050421
0.3100872442635235
0.6138080285542933
0.19079681199760398
0.3263020925078654
0.477782096439214
0.07468236900785669
0.28296938469877264
0.6673128498138305
0.42597650494698697
0.4353865962488019
0.3492100488138925
0.3673050951908546
0.5233911145239596
0.7179571226582377
0.46645890320961314
0.6008979103197173
0.4945959659519194
0.7482494210402076
0.16035009469764358
0.13114142265669315
0.2214897433431687
0.4214357516281311
0.6101417684047017
0.33668292528797444
0.6255319778011789
0.6997381356543725
0.4704939419542176
0.7522072961635565
0.5308409460559584
0.6664444015252373
0.28544302148063244
0.19164953875602642
0.3785540036444335
0.6545983854936331
0.33318395682493723
0.5250662986657149
0.3928821502434559
0.5855918420686129
0.2719134798236036
0.41210484089942995
0.6377453042929973
0.3228820552160814
0.752615827542949
0.3721791920561571
0.32633563698345275
0.46515022291307767
0.7218622566993415
0.40199258024273793
0.43150926977675474
0.6603471163918562
0.33917744929748456
0.7269827968343615
0.37983919787594767
0.5680024470344142
0.4941433730774081
0.31455406824445614
0.5472857197064726
0.7304268601526218
0.21665981149686442
0.2665013224476832
0.3565450353124273
0.7135468640990514
0.2093254472798441
0.07016031028192249
0.20482292004246933
0.21365688835206875
0.4059587521147602
0.5004529490817913
0.8090782227584862
0.356452434401958
0.5654261937083354
0.5841253443412011
0.10692970832936755
0.4155362597053394
0.6733075440872959
0.3315098332335496
0.5481709212719263
0.4505776155532967
0.681581397949967
0.22531756922003768
0.17592868433869194
0.2600021317646953
0.5075051043996004
0.6241081342963495
0.3011643835748647
0.3012983404345176
0.5457429867387082
0.6637386927546258
0.18790873519624754
0.13967153830838705
0.24809583849037634
0.2555890128802187
0.3774600879846647
0.38068280113496256
0.7094451242097582
0.618526874400251
0.784543849724299
0.42170072035140965
0.7429560524874733
0.3489703462739704
0.5647507486038525
0.4660096536040809
0.6928618520133795
0.36216927377302066
0.4768309663201114
0.6999051667722369
0.24253929747810066
0.3264074625331286
0.3661365406825389
0.5823370268360042
0.6010196846967204
0.6386614641118822
0.5065623938157269
0.7845321051124415
0.197093973455939
0.2005707288225757
0.2275130920229733
0.31417513314351553
0.18786157286581187
0.28164016018966576
0.5375638253353594
0.34541624478677113
0.630275606619889
0.2919020038810099
0.2632182083745102
0.6885015805827828
0.2844961719738354
0.609386120509078
0.5363037517366311
0.5641003633819851
0.48360473479256766
0.40272918994878965
0.6964658095460904
0.4016149233036466
0.41833155881777484
0.7151075552614259
0.5587834398253019
0.711720979715823
0.3473720031387195
0.25106125936191065
0.4581100613616018
0.5980278029588701
0.5714408668474424
0.5778138020044324
0.6480474973070249
0.8166329704789375
0.37599313405556617
0.6276570014443786
0.6033239468951976
0.1001206052894409
0.27427013305480474
0.5768305907924046
0.7034092828633902
0.3338507037037203
0.4763429783872397
0.6973256786660358
0.29575414993194626
0.18677427362196522
0.3066259941213767
0.5578807997283206
0.14420552048960833
0.35305341364019965
0.5985869320043264
0.46393359407878343
0.5793202399585676
0.17387832469844136
0.4177155628166783
0.7089355638448309
0.3158155761016966
0.2798612953955535
0.6194482338668534
0.6079879448551478
0.7325873411701916
0.6165667668673257
0.8126072254876664
0.30304812335676906
0.29951074851869525
0.40768345883166673
0.6331159792860416
0.47264140547182526
0.6917106381283333
0.22141665266895366
0.3075177445887548
0.3502851119681483
0.4743768376183224
0.6840559120290074
0.19860679298890674
0.262270763477408
0.37112745557993626
0.5006905696334091
0.693973993376377
0.3316366516692448
0.44415166242198784
0.5386798169643094
0.5500257477677836
0.5218433266440503
0.37171016936109846
0.7096794651156572
0.3082841911413957
0.4730624639887982
0.7537337972612631
0.28549480101847063
0.380814090487799
0.3626258314812424
0.6501591267190282
0.36007661756586795
0.6553665328203805
0.21351718609068512
0.5269156662551583
0.2527216039257496
0.570168769720623
0.8281302085365521
0.27130936534287997
0.3411153985646018
0.31036530607548457
0.38474461095916096
0.6309909665361034
0.37198094799843884
0.5787619025341567
0.287319567229735
0.28340256332529495
0.27540022237001205
0.4572497237005993
0.7252136303214983
0.3356426851909772
0.24998197490726481
0.4040888195165385
0.634899018486379
0.4557503938675313
0.7596270399740995
0.3639729374304698
0.3676495824566288
0.2981309369341515
0.44527762813593
0.6657126072756109
0.17016080566686148
0.21227289927122836
0.19459733492781933
0.28751246953711157
0.48015073465618313
0.5563190079132794
0.35229494870484207
0.6006119925771781
0.28912848368327926
0.5691805655152011
0.5938595967828998
0.5099616346304252
0.7213043685301858
0.318338268167434
0.3016661011045726
0.48448584118260474
0.6129937303755912
0.5684210964973224
0.46998201872145773
0.7763641578516838
0.24072196665700316
0.4220642184334112
0.4925269325291139
0.7657879051943618
0.4191788357735738
0.6351824145659184
0.2861984005367523
0.5229900981674059
0.7264535119949179
0.5380169132163227
0.723065392967419
0.6513153427283963
0.790664337599629
0.6265425266304319
0.8153870845467435
0.2631557295268848
0.09035521258876933
0.23753166260002023
0.31591543307889364
0.3987428274736842
0.6931856073981166
0.6513841062328626
0.5128748076860468
0.8344653504053665
0.3151666685176058
0.3425746893559835
0.5056816728723084
0.5015355665269575
0.6368092311355341
0.26439308013558427
0.3640305252722895
0.622651672983312
0.23605982687512658
0.3523814887699541
0.5893483140307407
0.4280796946609051
0.5832559865689989
0.42562065415809464
0.3413983055839768
0.5258646119450733
0.5025311640142045
0.31513371528347717
0.6087056059891766
0.22777190311426648
0.20346764031022574
0.5030273003253627
0.8318720488393732
0.2813794972013181
0.4119428412018592
0.282488817282676
0.3735010337672835
0.3903402375044651
0.42876355445145076
0.3235079483668683
0.4092480118511135
0.6463466678643902
0.3081974922816127
0.4316535279296312
0.4261295337549996
0.5967787132642689
0.4415662075987548
0.602111351038907
0.22891365619056855
0.4481751753427962
0.6921059623763847
0.5037269410657392
0.521681009988347
0.13377673444182236
0.20588659802032125
0.3690554296961695
0.6033875904170416
0.08235686765172284
0.09535037039216697
0.1624243306916653
0.1807497421500339
0.3865806981700011
0.7252659981430862
0.19269167270598597
0.3581916972782087
0.4412414044451928
0.7917527716384531
0.4905875401332637
0.7226902223979496
0.29042050199520464
0.3848772340086936
0.7381337210751655
0.6003078839760623
0.822648012383224
0.43558483730466946
0.3945559752692415
0.8220910056946613
0.43535229594116753
0.5064847043349707
0.6680471290317648
0.29133873168109925
0.37685536771308115
0.637229369164498
0.24577573988839962
0.3846451352008506
0.4134061848652376
0.3304874331219695
0.6101717664527151
0.4110417321539549
0.6471094259607569
0.21806635681408224
0.34721651490939137
0.2884232195208897
0.36679102424841814
0.5694693976259618
0.4393279504241373
0.717586645684417
0.3459290321514652
0.5603898960265274
0.6886829713084498
0.48278177149554674
0.521890323640392
0.27357463731177656
0.5380616231663363
0.56371873201836
0.38067001317135973
0.561457455472466
0.11039415587532493
0.2100167882096148
0.4592854409981741
0.6518106351778491
0.2141983160018449
0.2284651455462953
0.2733669637745928
0.24885574766011984
0.48845220418123847
0.4505878832208105
0.5737414830876677
0.4410983955130429
0.5743502872948081
0.5880518832162981
0.7330550467844693
0.262319333961984
0.2091978222628138
0.43303677930069234
0.5189192079072733
0.22599013755350397
0.24038084446585953
0.09149653204064503
0.24424517899038836
0.38755394274113397
0.6906027371972318
0.5765119764884061
0.7219920189889149
0.23478119524513394
0.4193394057362513
0.5226721165573521
0.5484514408135074
0.26839612659984285
0.5851818444042829
0.49127871035841314
0.5886744903615423
0.6338302123274775
0.4749184911480211
0.5407582371503328
0.10245549527191604
0.1506042348030404
0.23095404085115287
0.32151278526222127
0.7020146554916544
0.2442850460102367
0.38033326128549255
0.5938046020955863
0.24279689690435532
0.12137554621677009
0.31145773401056287
0.5065834177164736
0.269737308234826
0.5515973499678007
0.6875174440351202
0.3229777070368989
0.56056254767718
0.594360301597097
0.39215122818126186
0.5791388217344259
0.21168131968628395
0.5969609876584553
0.45531768265984224
0.6883803847810652
0.3063740123470126
0.19514889396100846
0.235631020058759
0.4262702514519114
0.640716250142929
0.22307238604728055
0.39582660055363034
0.5209956809060212
0.34275063517301185
0.6267114991474718
0.5328870175196305
0.7984426999321902
0.2821191376493669
0.22363820283103306
0.5227286288541535
0.8408298159388551
0.5170179701767595
0.7300168191893189
0.3427261534025736
0.4040110179789969
0.7414756623062867
0.23802815222784593
0.25695590436372595
0.20903236767671357
0.355784040179279
0.5730368951027591
0.4327164503771583
0.7697634745675317
0.2049862712169092
0.4025799245867291
0.5930106292903443
0.6297353268704101
0.18060361103726
0.3599298948890765
0.5527823145833055
0.3722451831253764
0.6384895626234671
0.2637991231018023
0.5561053105167652
0.15728952908422034
0.26734477829094405
0.5443444249131075
0.4088048366359231
0.8427683841654412
0.45554313067508484
0.5359176235960278
0.8001764675203344
0.47150823238233286
0.5321697938928123
0.6367083652366392
0.21931428925360436
0.4767688441173101
0.6674434351521885
0.34244046147559426
0.30049427739782575
0.5828710879067627
0.6234427986402878
0.493792969294494
0.6332616705975622
0.24720996399432774
0.4306431561633402
0.6415326328038514
0.23018773826360572
0.28683160913729355
0.699451010251725
0.3864470256741812
0.6546328507928045
0.811458187925846
0.3813222833299274
0.6437417398176352
0.5991899505234761
0.4984889908940778
0.7432859841356284
0.5031746907948818
0.7220448813818688
0.23718557299334478
0.45613154766185804
0.5922972219852921
0.6762789078444154
0.6176624163744748
0.6903784309449685
0.24179006076375312
0.40886208889975684
0.6257391752625098
0.5426277921702471
0.6323536859766784
0.18048721603006046
0.33834865426414323
0.17140283821748828
0.40596405980090094
0.7001600515374291
0.4929865051632285
0.6741345553617591
0.1951547436513325
0.3170396297318436
0.5975377900546054
0.31296170858256583
0.5724454095578234
0.47697205922232844
0.7118785977407079
0.2647962023224462
0.3321176538697278
0.37784249295971406
0.6149400444799635
0.20606557599989117
0.5413318262580937
0.40702372814375976
0.6161625469384225
0.5179374109457487
0.729476569945461
0.4986962066588648
0.7181223468744071
0.5127458045956337
0.5700575949297134
0.19052966338668376
0.29965472397711507
0.6132987173525718
0.3623361124545208
0.7941213179713493
0.27672154159278356
0.21206023394090456
0.4022294536618595
0.7249759909856603
0.4215744466191413
0.5830123645535679
0.23587602246168246
0.4530017361366018
0.6036932323602765
0.3516986757472267
0.39828063335039876
0.7334002240775498
0.5398103844749486
0.7027138767729284
0.4065704657205545
0.7469242816833104
0.36558692903448964
0.31138972640924245
0.4150129096126777
0.35424491482118303
0.7112904006001353
0.1728996121739337
0.25509444663976194
0.6143100752574605
0.7620283172452018
0.500816207393572
0.8151417187604044
0.3815075901945908
0.3698009399946008
0.6265739134726405
0.6428780919260839
0.6525315284125411
0.37674591835950955
0.4780362566800019
0.5851052421124463
0.8173502383017748
0.302264246614794
0.3520862153494451
0.5175314316079332
0.1229206161595713
0.12966826970575568
0.2693826790853403
0.5458056619916268
0.620957965581808
0.5355375267689093
0.5940646294638782
0.29993211404683773
0.4448751450869917
0.7193131749938496
0.20919578256716737
0.11120417189913502
0.07678979950935023
0.1889385710045943
0.33220492178103683
0.6561165832449675
0.8159555222139174
0.33317669414619505
0.38162108051702764
0.5676761021874167
0.5454192444763828
0.4642982983202021
0.6308093669028446
0.0948451579221422
0.2826266402490108
0.29109625220678736
0.3638132107733329
0.40190230542155675
0.5254165022226499
0.12926921211063963
0.42180247372059426
0.7665801485055519
0.35365947574053824
0.35617851387438804
0.4666337526340581
0.23163627121852798
0.7137707411221752
0.3464913798027928
0.45489953001007155
0.5910750437423425
0.1615806103311034
0.23128504987865117
0.5910606507921182
0.2561392428610036
0.4713982730898997
0.2907994670457035
0.633975235203209
0.2442338747501617
0.39359274897353846
0.737043600926296
0.22821647121667096
0.46693529038354514
0.7039165083958693
0.20034478465327754
0.4772873572409773
0.578734011876827
0.23639260105833776
0.3809491041608586
0.6568699357688179
0.35016443228859145
0.5450168279906573
0.5677053900750569
0.34691451257306183
0.7485700039859011
0.2723997455841394
0.2062227633980875
0.20136725794835705
0.2968855102629199
0.3504639119560302
0.6341138717933766
0.3020080364103086
0.43208209838317013
0.7577844526739754
0.23987175348496145
0.5167939374979613
0.7950770413135679
0.27569591870677296
0.2893830382747187
0.6235225707484247
0.44342841787392334
0.6382073634997708
0.21036585831589966
0.2944455552664135
0.3840466367915831
0.3193457553784471
0.26969004009083847
0.26740167651163965
0.5698914257178647
0.34334101538166034
0.2962223103018416
0.5080321146112525
0.7222698295865244
0.28768706054689597
0.5982518885600343
0.501715641317475
0.48085976428465166
0.6169118624463262
0.39434536092817757
0.45805538429939807
0.21513869613862402
0.4372888576777016
0.5683945527423161
0.39838544577503376
0.6034530989019282
0.2875052630038353
0.6868640043823918
0.6143020638307651
0.44502351807430934
0.4675163306188012
0.18687922910301152
0.32710990776893706
0.4016852729773612
0.23444181733827962
0.581345639116077
0.4224880798652252
0.5683200897088675
0.3711063324452668
0.68853939891799
0.39946060147631085
0.6737204262943317
0.5302431510673231
0.6956470152774131
0.46528333308130165
0.7263540167961731
0.6038273755774879
0.5533869484016049
0.6099929673496008
0.6060329266826345
0.49302275695897785
0.7465214478825049
0.318460566064565
0.24319245685371854
0.3703236084719508
0.48605195772819115
0.09197695204500594
0.2394237130629501
0.37752375562208856
0.26943130347320465
0.26178391191659556
0.4030696728475005
0.6716791846414809
0.3024768225328954
0.5279743776545875
0.6006936153148618
0.46360653545115066
0.7359259146983913
0.3085218728661126
0.3492664504392488
0.44454723492954185
0.4474104678097739
0.5138650750971429
0.43055196885549785
0.6708314889081696
0.4687156606955342
0.5739814522170806
0.4434062913880833
0.7844060835960703
0.313280703806372
0.524186538354259
0.8955399217981227
0.38539368611422803
0.6653809540983809
0.570447178700531
0.5028018885492972
0.6649656029273332
0.15299471756863833
0.3445138342586178
0.6289169245032875
0.6653372706220516
0.6920820912265643
0.4512250804988117
0.6542364043660722
0.24987498444886627
0.21256689908481768
0.3345453850914345
0.5743636232897045
0.47265139613718044
0.5607303670167014
0.7127468004408668
0.41322552565539017
0.47690722104109
0.2595282121459241
0.3606327926030941
0.5192299476050511
0.6894563995845933
0.20323651669251078
0.15875854561704467
0.558711262268182
0.32231960634027096
0.49219987096296675
0.06942708254701715
0.02308624950571122
0.12161428395493466
0.3659986271929916
0.6893703031394199
0.17221463135587406
0.25406650692092
0.4911226397973215
0.6087686549271474
0.1060666968627655
0.30094730372212275
0.4338017192699966
0.482939037117123
0.5674307539687132
0.23054896673889788
0.4870718858381709
0.7563116707587997
0.644482736475096
0.7500045587460298
0.24947538988705725
0.16429626926377627
0.4333577645428912
0.2694059239223436
0.6974483770391771
0.818618326821485
0.4483691705580961
0.6892867423337384
0.1639875334439468
0.25744184740221154
0.6484060357552275
0.3151119840165726
0.4609837208559546
0.8534399681545378
0.39612745856621273
0.3928417487265461
0.43546762494111313
0.5862057996506841
0.25277821541139006
0.4336082507465101
0.6211852888332501
0.25943195400933666
0.30813690884937717
0.4735120488045558
0.6555616600487358
0.35710485941389386
0.5471608454451722
0.39964429931757006
0.617945715904099
0.3250578107782232
0.6552835988201906
0.4413198742708429
0.8171830978790671
0.45090799995830455
0.7346066504313971
0.41393385744630684
0.6947225821979689
0.75184769738501
0.40216559967505017
0.5626906755683426
0.1262005270254677
0.5322826752003075
0.47542676562246683
0.4309600383896054
0.4503668404533838
0.6096815218316234
0.3049988630780681
0.5096623208015888
0.4583094062895745
0.5580468023277353
0.10867261270384979
0.11131703458020235
0.3201973946106101
0.3598843196033619
0.6696152407214216
0.6525423752225237
0.6472235266447528
0.40815814752273816
0.7104299530322911
0.20945133647975714
0.26291851263303345
0.21631871109139372
0.30857011399106615
0.6009512172987265
0.44926714890802394
0.6252667909728016
0.21864801009787815
0.46286178196992794
0.4387633006713837
0.15872966595713034
0.539871629973176
0.16075554753673385
0.250170177577253
0.597724183305539
0.704765506644565
0.5233285442739414
0.718441872294786
0.3821855641009827
0.32133601329830663
0.4416172526043171
0.7488403104799878
0.4885966617959497
0.7353123640797025
0.3195041872443969
0.25287021904126883
0.24476892692136126
0.37339456155503187
0.3345174776553317
0.3688369820906269
0.4731705777026048
0.7694244173829222
0.4025059654758914
0.6409564231590993
0.6513605605315714
0.738270289697467
0.3157829036045681
0.4712763976656145
0.2100548729760339
0.43886015456500577
0.22761339754190268
0.6446127262902421
0.48304521078258916
0.7062287659972739
0.6823163698842889
0.7412472290028391
0.7860884875580921
0.8026731768479126
0.5462122021966398
0.7040397019735927
0.3780752145539281
0.5113949080901347
0.5448674263255245
0.2709662852064821
0.6959767885758751
0.1761326409142397
0.3374873651932775
