0.26579474640219475
0.3877965491780012
0.8004088785362977
0.12490891869137434
0.41252835034586544
0.6720457370182824
0.3823560164934588
0.21005743146858333
0.352275986486438
0.5864938903050461
0.6070304902116025
0.4228355513252083
0.29011111156599767
0.30728232200822836
0.18973231551714245
0.17072164296837686
0.3623526592723825
0.23786989929373897
0.4882430225074294
0.5547399647788366
0.29568894197060064
0.698105092641422
0.6400119466882338
1.0
0.4103375876873896
0.8085958201903403
0.4054997656448589
0.41884335384705235
0.7511432134723813
0.24530871017269065
0.3462788961799459
0.362127305911323
0.6270187042954484
0.6754033616678848
0.5720521500016725
0.5438229467852547
0.6502406206280004
0.5206636920531309
0.6886106784178292
0.25674333711245156
0.15625851078652203
0.3908557925221565
0.46200657906360465
0.6535962600778029
0.22374151502501657
0.42460228134859657
0.5666129525595295
0.45709132626138393
0.7498351548241251
0.5085394136699448
0.6220986888240256
0.26961449040286395
0.46123055180576106
0.7718056647901104
0.31984579379194283
0.3093764432243105
0.7198358651834826
0.57590131258697
0.7168982840645827
0.2743574210858185
0.2757762382740936
0.3251546451278623
0.7254314213947134
0.42709453440799544
0.4862002300028089
0.6437053498347844
0.20653189365664332
0.25018860913486624
0.532561639319455
0.6186958361914934
0.8826897696396153
0.41196648984631684
0.21751516760044126
0.20360253499256278
0.33934529275564324
0.5969973150455887
0.4215024741954313
0.49824735349008825
0.5341199365566156
0.6396179850606839
0.7133404559729732
0.13117222863495212
0.22260044379881005
0.6388798493231848
0.5882568908114624
0.788186563285548
0.3789618934811372
0.3551465633036608
0.6414921331113234
0.5295883919019423
0.7672921337205015
0.2337591160489551
0.3190859429145516
0.37465306438165763
0.5905639678762874
0.6871449091615188
0.7645341020748349
0.48907807101303985
0.6752092573458858
0.2928422789457953
0.7335150379026195
0.5530202039760297
0.7591413605077689
0.6995843230795415
0.4517076080816206
0.8071054351766846
0.28340413662487557
0.4304551824542942
0.6748993905006061
0.42355171852542356
0.6920298022120097
0.36879894908911043
0.3625056320734142
0.28376047745370336
0.7245555677238451
0.3090220148709208
0.5499723866286502
0.7763190717198065
0.3447889350811178
0.41010426926812843
0.7884563589573469
0.31820380960059463
0.2141919710394125
0.35356682007454066
0.45455168562076076
0.6201152768302371
0.27408310894202587
0.3632710957659268
0.5456940262564489
0.5031322434146643
0.33427353677017707
0.6771252307301742
0.7572928565140837
0.4771486625673244
0.617563223840033
0.72790555011155
0.7525335769857457
0.5210137254018289
0.6848203570316406
0.3941483156346711
0.8158663572743938
0.4105393048898944
0.6642913237032687
0.5386145907684257
0.8094887161209753
0.26417825195720146
0.185628962436725
0.3082369983957284
0.5849426964234775
0.5987129092556255
0.4797445867310081
0.8064669692986389
0.2772291301601945
0.3601870815200926
0.4115181088319124
0.27875429494211956
0.3609464956212324
0.2217003437392719
0.3669525728288089
0.6587885132135538
0.7563806500135006
0.49468085686052704
0.7251093055845773
0.5408471434751928
0.9477907535325887
0.3781569000940927
0.47770972061011197
0.8313599684760724
0.20775792005059202
0.340564038898021
0.8200959253379272
0.42762876334953837
0.5277050958381885
0.6423822051783882
0.588545964375707
0.7635193355981474
0.33182008214639813
0.6201652629978416
0.5812521563656282
0.6460469304114427
0.6165129623487934
0.554836873952922
0.7641487364119952
0.49219782396602335
0.6138598109917424
0.6053136741282822
0.40266951468271905
0.5914656080953736
0.7081223407893071
0.4528545821514602
0.5611810146660906
0.29059112795218794
0.4551808618768335
0.5234277934447902
0.9332051717023978
0.28258669655245594
0.7024547183178107
0.6979807309173011
0.14898328622946358
0.18487659005511212
0.29231286750241536
0.20664741515798085
0.26518928405180464
0.4057709246995717
0.2491364887640465
0.11963644358748932
0.22966574472343212
0.43060330672039
0.5104181585525115
0.7936237574998002
0.3081581510344932
0.2920985894960611
0.23341637451237598
0.36320318371414
0.413957405514326
0.5032630121098336
0.7994890941728927
0.4159937892493232
0.6313502289239306
0.5425833553835705
0.7296071982598941
0.2788704520151627
0.28536302345647974
0.27419188849858817
0.535686116049687
0.5991712496103094
0.10842139379725871
0.2875534760239008
0.5445593803455795
0.5357468241244285
0.6629165341037419
0.4106055587662284
0.7065231321994729
0.5282326929484681
0.9068670242787154
0.22107287993268437
0.15922953818350138
0.22445732977023825
0.5405143104586289
0.8923459497750521
0.24148769759643648
0.2889293004296913
0.17829043641726516
0.3513097298404293
0.6050524241471902
0.2611017946527188
0.3605320661999673
0.6642017229720552
0.6552830596958271
0.5079444482416657
0.5592134406225505
0.2500014078963558
0.5083650753303939
0.6372574577681427
0.16172969116075006
0.32110431867816874
0.4460391588895202
0.5977632128595987
0.35403668222952284
0.5071256527560173
0.5564869283768018
0.5048965378348796
0.6852216537501145
0.6229391888050352
0.48070885346667536
0.8849893589817884
0.13809067977381292
0.29229851380826655
0.49815069219538943
0.5966367569619664
0.6614035204293168
0.5028066135157111
0.2919897636793807
0.24635520693373925
0.26832205803086073
0.5108379200812537
0.23866848202497212
0.7091604114791031
0.37317016408093256
0.8169080017668079
0.4694051523902236
0.788743093948527
0.5251327962027766
0.7730075264657709
0.2126117517010242
0.17018961854558928
0.4268103905427146
0.5473284151514634
0.4789221460223228
0.7809053582349311
0.23617485219201953
0.4270867315613492
0.49132912681591706
0.7483327599462399
0.2808680632337943
0.6809532268836106
0.6799221261147371
0.22185549884479586
0.4139058586230001
0.6233026778063867
0.0831964546170164
0.31688886681754047
0.6483000978557777
0.8526444369564009
0.37250210207169454
0.25698590399833465
0.0715852893209985
0.3295570372124276
0.47534981510575264
0.8790765444188526
0.2780913929299116
0.3694252331875581
0.12587268360131731
0.336021133879451
0.4177759983148672
0.5945366674666378
0.6896923036793587
0.6259047212110253
0.3942034330070523
0.765460446626181
0.4048719749167566
0.5386173272888423
0.7719883571923933
0.27238330061390614
0.05791167038701547
0.17776669819167673
0.29528512098604204
0.4729279203114445
0.7065470012076087
0.5389471514943226
0.85388711294623
0.3341570963913472
0.45951131879083956
0.7166781519699728
0.6614419437660243
0.6828779202526386
0.3405707036734812
0.6838840993382223
0.7575981818882704
0.20903897006863723
0.11750715352425287
0.36568203093525264
0.7344942361993575
0.4691388937687754
0.6819333774332046
0.5332209930878336
0.5670794204862459
0.806461181887048
0.35192133857694063
0.40989972028208754
0.3200595232307179
0.6733628982480635
0.4433419166166194
0.7264873099588909
0.37124840114571706
0.6019124679413134
0.8215240274683724
0.22105698943402638
0.22894478510139335
0.38028460800550357
0.7381678271824396
0.24654762225589721
0.2398237980294262
0.3314015420793603
0.33890130161014226
0.526257657607467
0.2844956171892758
0.4758190285451329
0.5814151226555037
0.25741440429732493
0.5813612439818695
0.6061681205314592
0.46965648470199695
0.7630592075271937
0.5295974103986858
0.7430259846966112
0.29420800109759176
0.6818052230519428
0.6669980212412381
0.3674045565478671
0.4629958416892465
0.8231325526898113
0.35679609210100305
0.34741235034222007
0.8561343786994144
0.44791205440296156
0.5316717328301146
0.43630504435683914
0.48367539342759264
0.16113482027517526
0.3038288056731237
0.6175519637320924
0.37051848982043234
0.04606078228426697
0.19098817970637083
0.5644711472157503
0.46913993184309705
0.7420357140428938
0.4297638998883355
0.6555227603220412
0.7770740456414585
0.5385967333113649
0.8173278701558514
0.3499172869187614
0.7255384951316016
0.4762017049535949
0.5889884371935545
0.6554709170482255
0.7511403042765036
0.5531747263410959
0.6050011189969375
0.72096058514665
0.6024374177524365
0.6889301634270878
0.2366120255925412
0.5853323301610004
0.9046136642192287
0.11803755829749833
0.2575689276835396
0.33393199634289533
0.2734134555566849
0.17715981577884182
0.15635851946655627
0.40816372398842615
0.6458359951670692
0.6020045360087856
0.6370587281111254
0.36156335315898974
0.6063772857793909
0.37529292690606897
0.36263199062086793
0.6454541883060773
0.4703311378493301
0.6179675488163311
0.3089000618963129
0.4879651195209932
0.6749966770577286
0.5361294942351925
0.6312685264379726
0.3256028569697409
0.6414327990127696
0.34132618545505533
0.4572608979069578
0.6062378203593977
0.0
0.19433264680921647
0.2505423656496288
0.45039868345960016
0.7767721160844023
0.4587191042250757
0.7504960134746145
0.5271214439281071
0.6469171667019439
0.1707330057903784
0.4322512753546376
0.7316592555709884
0.5666799999311148
0.6951736656588703
0.3791095851174965
0.5358990644813818
0.7874944829149749
0.4943627838232443
0.7092940227209265
0.32416149312932635
0.47183520328117934
0.7334518277886796
0.180701412757049
0.16177360885759293
0.6127669678067075
0.20549879028371282
0.3964653294048717
0.5868596018091143
0.44148711709079597
0.7677252249473263
0.21861036721319554
0.33863493456846233
0.19083738360713814
0.5118442783354838
0.6287829986877507
0.3560447303141792
0.5371280960035695
0.651313119959915
0.4495778269522404
0.8105997822903926
0.221526593679313
0.36111140461659885
0.6830553418176806
0.3176041003510645
0.688158384344214
0.3642248734666955
0.5038824826515503
0.7090217917136155
0.06360386201597662
0.2666184976851227
0.1791943730826195
0.4387505516250162
0.6693102972240477
0.31388686549035616
0.8064087685327546
0.5964311351803923
0.2785442446296445
0.5366705320009991
0.49137532246444593
0.7476869330699623
0.5313931833451433
0.7778522516439755
0.3056139863113173
0.2547587530381998
0.7157179588844836
0.7427353080718372
0.5848397729415612
0.6117650121717528
0.5481569028442621
0.7945940282584294
0.33300815977342546
0.5829903541611521
0.5682949012979212
0.6132576957031411
0.7335940594441008
0.19314021705054715
0.2187701345569062
0.3192160905094311
0.6017025941328149
0.2742915187613673
0.3206607572714012
0.47683797904812825
0.39009378031047487
0.7547301827672137
0.18145179804816003
0.15588358787507237
0.27459322573600997
0.28534635349066706
0.2228164827005127
0.3548220379888249
0.6731926637180677
0.7157631922864909
0.2807991858743094
0.4756717719196475
0.682371208861977
0.2878755540976678
0.43328978231562465
0.46429967263684074
0.6018148285755537
0.6666865116503271
0.6999701027663171
0.4040032108371147
0.539096930028824
0.1543185931675705
0.4886411946840752
0.10329256590696943
0.479327940782313
0.8559343492558912
0.29538069877058937
0.4122640570192757
0.22362730722952204
0.09772247949462363
0.5670228869459256
0.7879188774988733
0.5279663914812424
0.6445170888703105
0.2707905818023097
0.5179075497483383
0.6428414154809077
0.22969344053711035
0.6935454921955204
0.7212419160564918
0.4877609545073257
0.5314029597844715
0.562013131249744
0.32662310253445503
0.8236109266105556
0.5106250865372217
0.8495855620801319
0.37394916143495177
0.6089253596011353
0.45506262755623245
0.7040288133814783
0.28175993247190906
0.4205021407922399
0.6001587524225128
0.5016980994541275
0.7560922823860746
0.35911138148908295
0.5182012731292726
0.7387969009515007
0.3679928532212985
0.521730913906023
0.7486617805047476
0.3963973150531504
0.5486559236727563
0.5980925452666166
0.5439851750071837
0.5779380354432887
0.8331737010251969
0.47259037206946686
0.706004309521911
0.5227364274074454
0.5638389960832484
0.5709606357168737
0.7466282335024833
0.10851806578413502
0.2685187593078795
0.17122479039317637
0.3141947867354887
0.7586382336562002
0.5779281212279113
0.7008760734065642
0.5115528184253257
0.7710933035727824
0.2304597782395405
0.6741119580083189
0.65467523076309
0.3851743744701188
0.5771821292347052
0.5246568440455555
0.8403624132773864
0.1734371687377073
0.30195444767714696
0.6601924231314956
0.7680061087856659
0.3463267903864782
0.16945012921006694
0.2814330933526485
0.5949983155398129
0.24897077881288832
0.6374033737932512
0.8122116198264852
0.43164623193920393
0.7129573531594782
0.3098135702066156
0.3489090743075741
0.243039493954525
0.46457807202052503
0.5657500934314821
0.6601112939801299
0.480858215558771
0.8956615364217242
0.24511096621983408
0.2654877173638508
0.29460879611405094
0.46332071921790957
0.6159923735927081
0.363944512749179
0.5828889118946264
0.6586015452997788
0.5798900409599113
0.5679845758047516
0.4610981936292028
0.6470222393572063
0.23312744925936282
0.14932349256883007
0.3407559540721945
0.8178965640358892
0.3862118908806226
0.20901466107081978
0.4203143609424966
0.5238905921251131
0.5168292087461988
0.7407976876239957
0.46879699168871164
0.541954304749309
0.44125199436110546
0.7694604491511304
0.14528877361506395
0.19382669015641582
0.2527767971569338
0.09568044972656561
0.4689704492239163
0.6662200032030721
0.48833962402858083
0.704374521612246
0.27003489921687346
0.4026271283854574
0.6495593597088363
0.6715258454881564
0.581294690459307
0.6031035325198705
0.7237384845275157
0.4524730507368631
0.6946233245101384
0.19765157742550996
0.44802671369955077
0.5331168976529027
0.5926175182121596
0.34301194210284025
0.5167973692316971
0.455684265727519
0.5802860845898785
0.5623170322602666
0.8417155925934962
0.32927748585968414
0.30996237871174376
0.2624704078973137
0.520744477890137
0.4846304019895091
0.7304649884936831
0.20425110259580725
0.24204724222571397
0.40210750369103865
0.7280021085159297
0.4171908512442574
0.8383647298702248
0.3557753632981779
0.43254262066863214
0.5574337760470273
0.5639167223207892
0.6229235411448674
0.24595194714817611
0.44588611523490074
0.6663075597148661
0.5075957476040837
0.6938434656988243
0.10370165973711384
0.0931771568716369
0.24717107557844264
0.03982327795551514
0.3632817329423097
0.7122293800138768
0.4874682848101145
0.7435278270174148
0.49985766498163836
0.6776915651513395
0.07560876171315027
0.1290480858841519
0.029347993103699274
0.2759311021274399
0.2984602836169127
0.6404873241383439
0.6486081600547724
0.7320133090047021
0.567421388245341
0.6160315689981553
0.6386829335277091
0.3340662080939121
0.3749783326605606
0.537276292055248
0.5116986119145003
0.7696040411967756
0.27673915193526444
0.4245260765154716
0.4311262655522368
0.8030677938478065
0.29773973322898173
0.45703946520813715
0.5238265907091642
0.48498676165883164
0.6936128591301919
0.22494389767374437
0.5951793236007501
0.34045186310780645
0.827409753882297
0.45271261047111366
0.5250941804148154
0.6432235043196876
0.6994195157436074
0.7427831515227117
0.18267059205944255
0.2608338619348331
0.23092621398378857
0.32854654021901963
0.6282122747678377
0.6442757247195696
0.21822770583283704
0.30105673083744416
0.4193209614149865
0.6687598883863419
0.5486588657954301
0.6297261785477523
0.6691667582502646
0.7015415255719727
0.6091015392181682
0.8867144810068693
0.2829822939464813
0.38117665264141165
0.7827871945090832
0.2917357200836601
0.44965260657866196
0.2944118930449586
0.6181386159678006
0.8722462566280982
0.6318471160905734
0.832381441907559
0.34570722176066115
0.2922199137417199
0.42937734477552775
0.5864022096927977
0.29963848814204846
0.3288657022179128
0.5306073258170115
0.6821314932587743
0.2701552336210715
0.4144908661492499
0.5832139295285625
0.5825094962194242
0.16614344838702103
0.3090364340662816
0.6805625376345356
0.25781588093963287
0.6517346165036803
0.5187558148297807
0.6561730679373873
0.2667819574026211
0.5181003042385829
0.593206521505351
0.8874321661409292
0.12726102818459858
0.08213932310684775
0.40750173832315595
0.46181486952910356
0.507421034789028
0.6539425423169188
0.2108789852379292
0.2528033045143056
0.46569700252226676
0.6491210102875803
0.4808858568130692
0.7276938436240714
0.43857311279579125
0.49472348430992447
0.6009868358767785
0.37042801454453017
0.6701142657765644
0.30740050562852966
0.4177951807212325
0.6244652866539182
0.6590945949640792
0.6214494987244377
0.5640298312140161
0.6613931940700122
0.48345688056258834
0.6665610001804677
0.27463191924682856
0.19349128736734528
0.2158676783028435
0.537518670008002
0.583441700175371
0.5668035718119888
0.6307891862097225
0.3985575505012112
0.6227648007800201
0.41302950486449186
0.6722400919776061
0.4007360428888941
0.6988771804868151
0.1861552110137473
0.2813715093390367
0.48387315912388024
0.8499676616106107
0.4064022809712691
0.45607662202589605
0.761440195443159
0.3618918593495508
0.2352631710672415
0.33998668426947065
0.7058460768028125
0.616910426636235
0.7733085154932637
0.3518000182086085
0.21889308806861105
0.08668451976035436
0.5000346559887211
0.7555928263044805
0.29639417617765523
0.6550370072903339
0.5520621740386441
0.4794737263352297
0.66732038162408
0.23070001572608909
0.29311384833099535
0.5814280078014542
0.7198671251097144
0.7699529820507592
0.6981381124898376
0.6498536577994226
0.7200678945644258
0.6501995426431615
0.6587069333864133
0.19451103061488254
0.5381117564546417
0.6488654904437987
0.27132648146549665
0.440399616338766
0.5332778793220698
0.39333799361547483
0.28076905496829446
0.2529246650535641
0.51117476692799
0.8160560651722822
0.33180348017708683
0.18324243428160106
0.2803457985992689
0.4812381280095091
0.7970115991512929
0.32988236957527145
0.2713083935052299
0.2247293800974481
0.4384997431011013
0.891248273234924
0.15396412870185622
0.15944532158700245
0.3588566107628596
0.7240959153553413
0.5683513490380202
0.8132303981146225
0.14802251843417472
0.43424416860100684
0.7312440970414954
0.3971582348359024
0.6416513233840522
0.3480357298646682
0.44473943978053654
0.644876356153556
0.5930614100835303
0.1352903176976799
0.32803475704331037
0.5404556783317166
0.5622228911350187
0.5780894970399851
0.19802926094462528
0.5847484731761109
0.7038099282343244
0.6322213399439611
0.4529088005667649
0.7691910008836269
0.2983221426797585
0.581363155602534
0.7645080895514224
0.27272202348892605
0.1674137475655099
0.24568354072276252
0.39463319847014205
0.6935659177879883
0.3427885742602933
0.3968416904344768
0.2842621657724379
0.47339732885237323
0.4691974851661323
0.6300698375766239
0.6138176602849537
0.6782734123707118
0.29311683324372506
0.4933532306332641
0.6746943724158714
0.5312795000311299
0.6685293592093817
0.3757068549846862
0.735315858358512
0.2150045065395016
0.47919860100232536
0.7473088851056836
0.18163072826933402
0.2929436953831711
0.264626208852304
0.3476728595257411
0.560228676703575
0.8032899437824722
0.1841566228717332
0.24463094950389191
0.7274782562870146
0.442070985313614
0.7784248424787844
0.7133693119354092
0.6736799618675443
0.7072374800184055
0.470730329231008
0.7548265380746066
0.5619492987444745
0.6397283267566406
0.5415704537501469
0.6599580308534839
0.08362839636605567
0.12512450529982305
0.27067165868853316
0.26618371987351447
0.45609154323678613
0.6131149570077847
0.2025549631099248
0.2728683426029143
0.22748731161661287
0.7500262496402171
0.503388978192061
0.8122052331437639
0.4338852476276093
0.6022302855085596
0.5953237844086665
0.762412910098242
0.1824379645126428
0.3580300660448488
0.584243105115737
0.5055337021933355
0.8235713736059356
0.3136908387987859
0.2809819884386671
0.26988633772613013
0.17766130092000085
0.45516180127205574
0.6362752380188005
0.439049933977322
0.7406125861666469
0.5243167788275275
0.5603328780044561
0.29485326117491245
0.5826228593408633
0.5545683138500043
0.4470916978077214
0.6844268188735078
0.29991418976855727
0.322892785096224
0.6921937418492301
0.32750312659557174
0.43517711346014376
0.36652235320919574
0.5509957825498171
0.8213921615400376
0.2311030304259733
0.19881888818136292
0.258316207706078
0.5898709445453533
0.4065136913769965
0.841464895975574
0.47908293886120357
0.6223562593242136
0.29607071660736506
0.354515238881393
0.33564255075792604
0.2173877858006163
0.2331875233922164
0.4090029452392739
0.7175873792601827
0.4750341528370882
0.4329670442898394
0.7620810484404397
0.39045656812791113
0.430156853028939
0.3695184447481046
0.6073690890774658
0.19531403991312654
0.5621028928105872
0.9036693941129706
0.3418794610405669
0.41847239982005124
0.788682837204042
0.3930392551648988
0.19599386983257946
0.2950806093771069
0.5497861252227907
0.4597791520435845
0.7138171394097393
0.22400728026687086
0.30887201612512216
0.40889438774137804
0.8953226478597609
0.42894020271150046
0.7276380991396252
0.5992497670777176
0.6456768140059668
0.41935378331298007
0.18001390023973537
0.30624922957950934
0.46249197415656185
0.6330465229963399
0.4516934683988582
0.9252373251792466
0.5954305058296294
0.5491579031780023
0.061647246055336904
0.18281717216846527
0.612557852086838
0.5680615596033407
0.32452380649294915
0.5265693865280947
0.4790827049153652
0.4730400115715095
0.5540035732578731
0.1893272103758523
0.24638361862384778
0.25364840651954346
0.20834509454555386
0.42475439876904636
0.6958393059175815
0.23431419286485192
0.3948497009919748
0.40537686113024296
0.7305098585215697
0.07203519048459314
0.36045965973001814
0.48377204621150677
0.8370684685475882
0.47684303243725246
0.691258697710047
0.6555999860685208
0.6955808646263523
0.29247850105608003
0.5767667537593144
0.5117244426174691
0.6792411956411505
0.21042429030631277
0.5766020693672309
0.5537563055021469
0.8883883286394346
0.555804462481576
0.42313496837786385
0.3237128562824191
0.7103623856862666
0.4591928360005849
0.636095338535493
0.6860961535015363
0.4818315456658777
0.6097580991570436
0.10214090361906902
0.27535584892065873
0.7863030519031997
0.6033298554511146
0.7964501106791558
0.3460764190174532
0.5376034491181753
0.43478692344026026
0.8117388859592262
0.5870000017467297
0.7842140407718877
0.6307387444814666
0.6850129516809211
0.30467517977164527
0.4789421127043889
0.6285867178276432
0.5793991791521786
0.7699386824261274
0.3922484756743125
0.3065860149068936
0.44125831369069957
0.7428878016120716
0.35858942378599773
0.484697669151318
0.5279248092404909
0.21826033487236238
0.5332223676389235
0.7587783959744905
0.5089582583438549
0.7046717084103522
0.2316982764158247
0.47850758049277253
0.8377836054707634
0.22095244517307658
0.41933532222465786
0.5272879334134662
0.8037597383148464
0.2502055757635405
0.18128869341046208
0.13158330891446324
0.2006283266437899
0.38696500511335885
0.21722091112871078
0.2900397355606149
0.4431632080017155
0.6140622179085486
0.3884606616888574
0.6830625605167054
0.39858423952296085
0.506815629009089
0.5324106113452205
0.42878084114608256
0.778060965943581
0.411189951123098
0.5485400547949248
0.5165966146107142
0.4979104313973464
0.8564243640851542
0.7796471166702104
0.6039889198900235
0.7864060592730423
0.3065526688464986
0.7034871383657121
0.5272463913778472
0.7616215999665997
0.7183977682372367
0.4415185353122753
0.5916834253747177
0.8074968577388183
0.43579242858313494
0.6763888611550086
0.5143620227213458
0.5400429293369479
0.621741400330946
0.7435685699830904
0.7608269702701169
0.9317896453409514
0.3985100351279003
0.680566594523828
0.668062255312183
0.7704289564977509
0.6497324977695822
0.749022331939159
0.42916782367090106
0.18345629471148875
0.14342656388804279
0.41383881016130886
0.6107412586589507
0.5789048159004706
0.7566587920664075
0.5608208140230899
0.46078342462507377
0.6850321436406627
0.4624757648504165
0.8148334795658642
0.42873563061375325
0.49961493666268
0.654427489826313
0.4654738669145534
0.6302564340828483
0.30190528664324634
0.372408511204998
0.5581641576580462
0.7208107695858826
0.46945607048464727
0.3976041162778371
0.6170335998880622
0.6617790177358801
0.4872561545726008
0.6029698649659528
0.43960213278664456
0.6048685516470373
0.1910117186836707
0.34527534657196274
0.5151259270079696
0.7065284424392253
0.2906538815658815
0.4250246033922985
0.5842198243657162
0.6562883520959872
0.5964094339764362
0.27704331909273283
0.6324469396741392
0.304749299792259
0.3565888819452428
0.19240902015220482
0.6810655799699281
0.7239942576648194
0.25615249004666885
0.5092526596823195
0.7521913880502308
0.509128343020852
0.5305204883861961
0.7548226697286702
0.33831290098914757
0.39120942003938197
0.7730760743816585
0.7381851131132413
0.5331871128517971
0.5198150617730869
0.9983168425193041
0.21974253280231654
0.2229617600031352
0.4654655613648621
0.4630910219194222
0.3512435868781081
0.5517187820222967
0.6826969809086102
0.5342835837801865
0.6076292879041395
0.4439558873349395
0.768655881520184
0.4091234778674343
0.6386180157186774
0.7073549178577669
0.8447874930942795
0.4049474327629238
0.7051376708276165
0.3939170009585047
0.5391382360174898
0.6073846110061717
0.5481691155339402
0.7079962124736766
0.41491249899784227
0.4927633087311361
0.4188495682215817
0.6935934011099846
0.35658922094565726
0.33833863167097955
0.480215920814866
0.9365294096438048
0.1544418935292087
0.04093151447273142
0.31813785944491063
0.5805997635951263
0.6001857357947937
0.7483652677896057
0.44402330044338795
0.4964068751565596
0.28251129583394474
0.3173443900591121
0.46059688809903654
0.18145846990295014
0.6546085376510382
0.6709181481644669
0.37220572727958284
0.8941729999540297
0.5282756966578419
0.640895908092503
0.8250329676100235
0.47091282242292076
0.4868242060525162
0.6378136520143227
0.39385390539756976
0.5991762865749676
0.4075579362774114
0.7537621832464945
0.24934663123677872
0.6034290630545635
0.7666665441837656
0.36607482623605553
0.5659287952855634
0.7458900718078022
0.3376385730031832
0.6985906281266923
0.7059180201666412
0.7370184015897595
0.4018497292884607
0.21889342542348847
0.3446903515601122
0.47348273441208816
0.7524610620394535
0.2873622222537327
0.3327011590965719
0.718208068521026
0.12952587896859974
0.35862030626436886
0.33001629429943463
0.41345968909448894
0.6132528593100001
0.6757189516888297
0.478349244154505
0.713485757309558
0.4123650221260797
0.7635742761826638
0.8163153992895941
0.30225374667797156
0.2511682967915822
0.49469898032260334
0.6481432166588971
0.44302394374068776
0.9023753455808878
0.19014859460310024
0.239685847267111
0.39577023441904613
0.5619398385738865
0.6100342753047302
0.2760736894566507
0.7058072542521806
0.3344561165184569
0.9203471060199694
0.2908980100229655
0.6407503562585604
0.8131967873541255
0.3148746927597665
0.20343220324892936
0.645620297497454
0.6791842593411237
0.4240252773845514
0.45355525579858247
0.4232680741524099
0.7882946180023549
0.12574414423832203
0.4352310527589472
0.4499193985313801
0.48081506947528785
0.39993359833759334
0.6374358399144778
0.19709173499026877
0.5084252651538167
0.6215089192090034
0.19289853205634067
0.20700075620473837
0.361502080183679
0.6548152996405258
0.2839971986284616
0.6692925714320893
0.5798925407038747
0.5852959529250614
0.5911300579779848
0.7336236997156568
0.29380791486023555
0.2945892230443422
0.2408452071413189
0.41858926527372936
0.6633706552169261
0.24511923242532818
0.6103825403934597
0.7509795503664822
0.42892822143242837
0.24957054478461657
0.42862051688902025
0.8466882534975059
0.5411275622553027
0.7103910369116938
0.36067231613939527
0.4148346384952859
0.7902043690369429
0.6405858976959135
0.7772121504374644
0.6752220294374055
0.7111917219412269
0.435868525437322
0.8071175938845028
0.27350710013459983
0.3944552781498253
0.32676588855954875
0.24159535393169368
0.3952832719117394
0.5060054010823009
0.6951877447298395
0.39178956713820723
0.6255969861047099
0.9568094313452639
0.3807605823031227
0.716442152928103
0.6553384528329683
0.7661344166652562
0.24344771987044922
0.4377073290406832
0.7406107289801355
0.3488444602589878
0.6628554233553895
0.7264021888642607
0.6331054226977268
0.7366162459954309
0.4685661295566965
0.5151886919992731
0.3951954509515171
0.5822733777700928
0.5900920126178986
0.4383137665265208
0.7318493293530871
0.3328557080410648
0.42386626253138354
0.5922465407257219
0.43999744344181935
0.69153980642477
0.32475471356679464
0.5722524337544972
0.32705517916167304
0.647380557655508
0.3443384529279812
0.5355355534961103
0.5687697871175518
0.5565152766114939
0.6557134528264009
0.4284679610406399
0.6993902608887412
0.4381739731223711
0.6173328843853189
0.22340151350832008
0.5463669925826514
0.7704242180317417
0.3931770220369143
0.6216700952638196
0.6442450990661582
0.47300491724802957
0.8809938260964651
0.6812749873466265
0.8701555130162604
0.3719077198524689
0.32870207278244895
0.7817895835929282
0.2695311368149179
0.6597653315356492
0.6217908275996114
0.5394381837987882
0.6718710457305377
0.7153879683370471
0.487739385886824
0.43012280094555394
0.2054909790288115
0.40769174075281656
0.5364444050477115
0.49304958383275177
0.8426981440592656
0.49388454971294726
0.8445154796071971
0.29111042537375104
0.34697279521703345
0.27153565653390216
0.18359002245972567
0.27679525543211747
0.670878241193106
0.6104186855467603
0.4464563108279626
0.7618734481070172
0.43381417447964005
0.5723564210583252
0.51625693144681
0.4127813946405112
0.17450403845085827
0.6093242907684325
0.40911148832698213
0.6589373164442078
0.4612430031592111
0.7555506382459547
0.6083527453550021
0.6888505871929224
0.2523156800913622
0.2633544020291802
0.36457946114215506
0.16943751217335143
0.48805708846108536
0.8007509810247024
0.3416962766965783
0.15216819669745296
0.356319251638664
0.2742513885268644
0.3149979930286172
0.5551508539890602
0.4901833581478535
0.6344934507372259
0.10139751009440656
0.47589039103508257
0.6660800880646232
0.6333282808571603
0.67633396760414
0.39874501358569137
0.781504900877999
0.23234398874547724
0.16428669124167802
0.6174459121012573
0.41070119003553723
0.5699248102345529
0.37967582400014943
0.8904471247019546
0.14754907831395314
0.24401319726981266
0.3714053848021504
0.5174336739640235
0.45416431244996286
0.2798376091152292
0.3200640761404354
0.7174140079918396
0.17349222155930974
0.3198021544485441
0.30416164946020025
0.44693280502076416
0.8043140502426718
0.11038174573450418
0.3055235922357654
0.3362019590152954
0.3721480569017044
0.5125170284676014
0.6240249148930023
0.4354800497419866
0.7263809070016612
0.4625817808205784
0.2725096652030849
0.40396636957337156
0.5865099551373795
0.26940709181126926
0.4379642296031497
0.8198697573130511
0.47075024328853676
0.5992207160464564
0.6637067143069547
0.20457164662052907
0.281351313356728
0.3103257139363348
0.4355241208766047
0.5798637139345121
0.4652062772728446
0.6455145880362857
0.30401705850630284
0.37671794111365264
0.3985341860913063
0.3978558900657732
0.6739530022672828
0.4513985637707497
0.4827433084647643
0.7441388912331892
0.4228794614719994
0.8139292966674342
0.3734718111068919
0.669578309578174
0.10808989708823807
0.36076993225185305
0.7853766400989157
0.21599669598906335
0.18548944025468767
0.5820952187893571
0.5915596250707015
0.47322029171211033
0.7347713815437099
0.2607819470738524
0.2959009049489578
0.45338400201494106
0.6289648744298447
0.6434884525599571
0.6710657400071275
0.5979082728759152
0.7814181643089005
0.3216809464670375
0.5973472916741526
0.573546845321846
0.21144828990666364
0.4407134564151143
0.7532280160222045
0.34027249666692033
0.4746872862142874
0.7367250477662688
0.21017550257686313
0.2995882790621141
0.2828921077114501
0.8250101483723449
0.665083547713449
0.7470012766661659
0.39867693478740496
0.4309429781164714
0.2865073202283092
0.37824918768396293
0.42622117330471576
0.6798132715182219
0.38715724753992775
0.7431468886828537
0.3028638044298878
0.3169918964926949
0.45884823139750575
0.6970131336151689
0.5147648849628378
0.7448281832196504
0.7989350959852882
0.6731562231591997
0.8707695570714443
0.2807175142392217
0.2894269741929327
0.7420222657498762
0.3439330968277501
0.5855795046663019
0.40581825834090796
0.7107578215600201
0.48849901654012495
0.5950373917522194
0.34802414907417567
0.32260044957195244
0.8241272339107918
0.6888629497896297
0.804004674699554
0.446944899429487
0.6098299159759303
0.7311647342618901
0.27820099632487816
0.5013826122535932
0.44019615205259166
0.6295102781329678
0.3324179919589331
0.3600471475059573
0.457493498170442
0.7142540112803604
0.337829901411669
0.6585018694363961
0.775431072528288
0.29014396192514197
0.395220011909126
0.5384683362808131
0.4984218556667566
0.8290626526535716
0.4798074766294347
0.5256629176470026
0.7632399813208519
0.28153020011292446
0.5727968167527554
0.7992088433154485
0.3970844383126981
0.4878511575119878
0.7011290007575629
0.25753016432070636
0.20425596520312533
0.20658528265646983
0.19091897374125036
0.2652170492611869
0.45090351332675616
0.7596042576280018
0.2750052703663587
0.40464929223675816
0.6391477732142627
0.5297804865074098
0.7096948860846114
0.265558526510742
0.382016416739823
0.4312150611886113
0.6946319551209149
0.249727822820847
0.3838489556181371
0.31677198718579147
0.45409099325828917
0.7522060644098193
0.5081421960573262
0.6340087053854997
0.14752440996647262
0.5060512970326694
0.6523305577579407
0.39060911743073623
0.6894883282085529
0.29586948872456104
0.15934687024755081
0.18575826744420101
0.3105151548395835
0.5104781071982004
0.6447320327558521
0.27661618199407506
0.2751547296586449
0.3641341115492462
0.5133831771056147
0.6568381315294153
0.29368334504942056
0.2769497084480878
0.32716707489246505
0.33614211532386146
0.6976626599627459
0.14210980299621467
0.25901607202230015
0.22539637638508675
0.272397856502035
0.7453143402862897
0.7293787463279675
0.4929903887560191
0.9970254354008903
0.19233703223830884
0.5347727517580323
0.5844358483984777
0.3485512400633713
0.7353489137320681
0.38844385323147007
0.6797641800014694
0.1941983708646475
0.5044477323318578
0.8138994547131897
0.26028742766262775
0.24695516374266133
0.3656866154786055
0.48603322898846263
0.5621481361622164
0.22680427249421678
0.2541428663609853
0.36485673061520546
0.3176556208833708
0.18934100906697124
0.4832697641420881
0.497149170668654
0.3168037239771616
0.6240811934701155
0.5752016709405114
0.6272903011302777
0.7662276803258676
0.37551685262985063
0.6069931846145487
0.6401184135258967
0.5071883398208171
0.6438103254847735
0.23926583772998092
0.2722323802652291
0.45819912404730523
0.33264559083735173
0.7586439249944066
0.6673466970001988
0.5087840946278739
0.7102143630007994
0.36351212901403607
0.3672067081462943
0.7052923216030388
0.33429427625964475
0.39129517944837666
0.32178028897815686
0.454990222125539
0.7603405522668888
0.3568542807312216
0.2927162561721196
0.38275750174077083
0.42303537588186046
0.6522457609460324
0.700649892008396
0.8148217027612503
0.4144076362709476
0.6476872378651641
0.5449934773364405
0.6887590995863083
0.6057399004341552
0.49102636878642414
0.6806052776683836
0.374264233811001
0.5093863692461389
0.08486278138615518
0.33314753769786476
0.6474304521577022
0.4677858767563384
0.6591015608643567
0.276740697727513
0.13502506740264694
0.23714604126502387
0.30035718305677783
0.2735119058373207
0.4157069481769861
0.6091413399320111
0.2877124260789981
0.30041649615067195
0.6681488984856861
0.48818825473528654
0.6778850603742304
0.3219349383476297
0.3318017758190048
0.6319431578293516
0.5639601547109699
0.577920934404794
0.4079405817947303
0.6775574478479067
0.347477201434845
0.6116264554566765
0.6659303614844538
0.532024968441867
0.8197842116629842
0.3111923462520913
0.1652710620887847
0.4501087691302705
0.7684614880883464
0.23328255544501691
0.3360903521620185
0.2409156363056244
0.254086538091742
0.22438846323485512
0.5887123379031537
0.45201211331051405
0.7515549137924987
0.2482439761379526
0.2190102675098358
0.4563820862077739
0.6827398577693998
0.26868588014065
0.48353683886616683
0.6428042211048289
0.5008616376786983
0.6939817109450062
0.3145379856940643
0.16414422925239716
0.230218460548726
0.3959227846607339
0.32530428094664254
0.43350224494631506
0.8332628165428236
0.39265944937827413
0.18048676186026952
0.6967673604025948
0.37144112465980716
0.7415985988231067
0.2914810962549891
0.32415006768043986
0.7790359331834978
0.5071239451465218
0.7633441730272655
0.1702210810093099
0.12607371529087802
0.24603534385571108
0.3437997363910022
0.776611969921381
0.1955474300308525
0.5284878382752713
0.8611351794974108
0.20723365300003094
0.26687641655893846
0.4782728325175083
0.5795063865783838
0.5702723634013626
0.5453655095275801
0.3743074019005025
0.6922188628037512
0.24513679245508369
0.40577445532853246
0.4317438921825029
0.7438884975155451
0.33906312654093274
0.5210086847744135
0.5779534378661737
0.48387758943432424
0.5959793156035614
0.31191098970859593
0.33726431981289884
0.41897148661360983
0.5952221315480617
0.5993814271186049
0.44235616594518756
0.4894141170373694
0.505822227355534
0.4586579478819092
0.5402839138753021
0.6283829421603644
0.3086891429993939
0.3632196665738036
0.7432695197254456
0.4283287879772223
0.38880991023867456
0.3619384908069384
0.5828625674986955
0.5662991621390896
0.3426611706255125
0.9064659026950161
0.39115912902632044
0.5019000020335153
0.7349426452257573
0.5686896366881583
0.7821561933247041
0.10189853623180434
0.11818296075883997
0.33847839816741393
0.4395951973501883
0.472830117571809
0.7335409668307629
0.47235830288781533
0.5976018392126679
0.33203293159579683
0.6637595566079924
0.5056499820777409
0.5677073675276886
0.7788275214377176
0.4885055138449344
0.6396877343599122
0.6065439015765963
0.5341941184878309
0.3471429904824453
0.5382199542585169
0.46610409611840536
0.5722215130163882
0.6533260336806942
0.43561195798141816
0.5349358504409467
0.2966575356813003
0.6040038535089624
0.6609291394093159
0.7089489487645213
0.509843552649668
0.8246422156288817
0.30487214928792566
0.6615243269331293
0.673050083410476
0.42865617903267383
0.6865318535248337
0.6812879384086529
0.6360808995232293
0.6513586079531719
0.30726172532334334
0.5810747880601257
0.8668212591736709
0.45017826188107346
0.48027927100387025
0.5212536172630515
0.4619808650627886
0.7498664129744832
0.2648625895924026
0.40772630462029663
0.5693443663219678
0.7197376785032241
0.3831810042983772
0.7152709596645438
0.5250424553156912
0.6573838812187109
0.372920915349786
0.6460553473395991
0.7716739174424554
0.30632727309743707
0.42021716768640804
0.5972066298968736
0.41474754261948793
0.6279048621161168
0.28753685956127906
0.8207519739139519
0.4585995629109378
0.6388988585001754
0.3574006363119051
0.7603778371251844
0.2757649689395016
0.4279012588303961
0.5663745223196437
0.35520535219274324
0.4254486234582834
0.7397697474545986
0.4830281716269724
0.41935239950124226
0.7567756200829899
0.20576134437432234
0.29146118391832293
0.4787344313871576
0.7357921839463704
0.2913810352632602
0.38910176275894826
0.7572068031677663
0.7513699269813722
0.5368475103630231
0.7144912949169508
0.3349197520502868
0.5525418890997773
0.754129371005586
0.33266788322025587
0.4266564395726262
0.5658416599066451
0.37341975773668606
0.6386523595854758
0.35334888873763703
0.6113972167344331
0.5792439075597636
0.7081860304651241
0.19429738383765277
0.23365522047835888
0.6629047809804605
0.5856811083536895
0.7123012417663266
0.8467359299873114
0.44163874546345927
0.44393825372834733
0.3447235628621813
0.4834839531422139
0.7370277907384349
0.29276866465572027
0.2980643118506292
0.6702515013704712
0.6119788205430989
0.33856382304514804
0.8026822070241527
0.38677949392892075
0.6593382518732983
0.5131918967751715
0.7490040086836461
0.18360483814421819
0.3246039594592332
0.2953402042633067
0.42944815813348347
0.8407877797730295
0.2980819890524778
0.4653125314466863
0.6087405489377321
0.18394951463844667
0.6852196831603196
0.421894471925745
0.801714954108102
0.3032391521832204
0.6269097158914643
0.6603793113379193
0.3545936494319428
0.5956695188818463
0.7193257588363423
0.7538390917063283
0.27313176281883267
0.4110976645751287
0.9463963734791864
0.4974368549212896
0.42366997457735656
0.326637444939883
0.5811690441727384
0.5369687495616633
0.3445132528902877
0.7338494288123829
0.19376813910912105
0.24965030195510968
0.5255167227499593
0.6350483714805585
0.8350690834574938
0.7217261450387404
0.6901478685198923
0.4439603728661597
0.6525729116734401
0.3977768076099631
0.7300504334335945
0.5389797744752174
0.6155114733082871
0.4282437731254987
0.8480769369627514
0.29359963738104466
0.3454007730859657
0.5971925202639841
0.3729500463957466
0.5544652285879892
0.7024810021922873
0.26388273128021544
0.6271480693942676
0.8561867119861967
0.3760356519680638
0.35272746323325077
0.7830313047951949
0.3220692870721925
0.615564980020217
0.6968475398710984
0.6675515924277524
0.2884771077029547
0.35433830983562387
0.732020121769194
0.6162332679883339
0.5129578819497731
0.6952836063451587
0.315648701691841
0.23503734868676027
0.4158107056365626
0.6162260958259892
0.14477851143787848
0.2330449966292014
0.6515761015586015
0.7233528092543446
0.3342257404815719
0.3419208879093048
0.29078023805243386
0.8040135835052162
0.2148863816790985
0.43631413027833277
0.5929690584318998
0.2430234459233884
0.4627855324993784
0.6542146571023532
0.30844693346981605
0.5944806688927515
0.41275759223856623
0.6357607406518486
0.6711570585813884
0.7880791893968152
0.5533443288962825
0.7894552598498576
0.23656746971345263
0.2951429110629856
0.1899778066854267
0.5631449624242338
0.7549969716561763
0.365195246448382
0.47040294648875125
0.6965660812506752
0.6099783720784543
0.7926559593538384
0.3681577260444611
0.6393351261189468
0.4478979008984179
0.7907343205237759
0.19694897181702364
0.2671476795806332
0.2712046665293348
0.5172793902213682
0.8934399510453062
0.32565400879567863
0.25469658143385593
0.5713601216917255
0.4754891738509357
0.7409331445175767
0.21418895583215689
0.11110853087264252
0.2986273871342396
0.29606360607401483
0.4717885293309001
0.42678288840400275
0.5942704904781103
0.26630831909172087
0.4997908223379544
0.6629777939152343
0.22564799161696353
0.3401374394741101
0.7620409743862318
0.29667372627479877
0.3854006690261638
0.7141040224686953
0.5861281697526292
0.7228033352157421
0.35488488540382646
0.7843611715126493
0.4673326005653662
0.7723381763643539
0.2988084011553511
0.5497529084225574
0.14466010077829722
0.06167193877775458
0.15001993553557286
0.24703247244366358
0.4490324368543789
0.637348342663227
0.4953252592282434
0.8841955737787056
0.2575075802280358
0.45177208258137885
0.6216447828095556
0.6427956167075193
0.49929535644059736
0.8212482810763196
0.3668248920430951
0.42008290771258683
0.6790556929779769
0.3215103965675594
0.46556944253315663
0.497755741111781
0.8011491339055894
0.483626621672016
0.8545078084465366
0.42319697546279134
0.5253113718246926
0.7181874534105365
0.32033723404656206
0.7108993805453725
0.8020004220795375
0.20539760878146465
0.37199274423236517
0.41771515437581236
0.7461146529252657
0.3397037642505031
0.5136161151692659
0.38394836630931556
0.7232576874484264
0.2821533047976886
0.5038550151806358
0.7297030859352202
0.3046180592304018
0.33755561876967716
0.5607495390133402
0.5792085695362517
0.31148911676620716
0.46244344407050375
0.7952379375148173
0.5392155321287152
0.7943753258947169
0.3144623415079536
0.3235271780139732
0.24893850452260766
0.49791336125264973
0.8345608038967884
0.4773202937518447
0.6838165791429119
0.6884083206126027
0.6040806841557694
0.7885769739954099
0.5001567820305096
0.7823064377291019
0.424200804275102
0.4548983721114784
0.7504523040080153
0.6193670112852575
0.7474994995232555
0.36380404291461693
0.5805204941079277
0.6967525895080074
0.38918619411296923
0.5087687038032858
0.6566021985083474
0.282522550554403
0.41348967541433196
0.5156841446999046
0.8426846858779381
0.19696064793244883
0.41492199272471175
0.3453153319191248
0.3031115798025973
0.1865171265617853
0.21855552541797466
0.3506962814446679
0.5738638364109103
0.7317842463686344
0.32352106522034585
0.33265323664417007
0.6633281326154461
0.6250402759826279
0.5399255758909313
0.8753958485148151
0.4317180055964166
0.5432000705888181
0.7280735349819907
0.25380536549547666
0.4697737732914373
0.8166700154504685
0.2523763694402837
0.5201323346634312
0.8194404804473101
0.4396599807340359
0.4783010575506019
0.4676454608094643
0.6144648751822497
0.646366412102315
0.397492015136055
0.6570418022831539
0.6012521434351639
0.6678982182375631
0.7539869147684446
0.609028155179695
0.7044406366790373
0.5827782084471024
0.8828024442042575
0.34195086940316155
0.4738501504676347
0.5480026725257886
0.1557904519356042
0.2451338492603276
0.27480547325622134
0.5486847274113833
0.7505242884000977
0.5043422089771985
0.60940207593903
0.5057436492264518
0.970514276590539
0.4042581514956757
0.7559858828399774
0.4949581127884905
0.7420039291792156
0.5096757131313091
0.6963158260199108
0.26957625841202065
0.3194056412262624
0.6767871842803223
0.6788997855571989
0.6038836885341873
0.2873877554187837
0.7006142808449588
0.5763840440444412
0.6730871479929671
0.33747246929821206
0.6385598309215897
0.385572110077008
0.5127297535642725
0.6483948266769418
0.6164800199239915
0.7733156792712947
0.5318151615925488
0.7522155813809349
0.21284649242349518
0.3153900278662799
0.5107779901441283
0.6898297872236081
0.29230649453173313
0.5480676520515892
0.5410829887345904
0.5232859650352347
0.4175990047342858
0.7841106252511769
0.2770963405264719
0.45158291162267344
0.5608994231618513
0.4598644246436898
0.40761671013860573
0.6029348743775486
0.35557822214280765
0.2481464110123095
0.5512416742215558
0.7756740019733595
0.22168733861925466
0.4335675993683539
0.7164172597381187
0.40267400826879424
0.1778676171582392
0.3345313395574974
0.047804034502891626
0.20415891535619096
0.15475101711307634
0.2955862486036884
0.45096661642034164
0.6651441662916936
0.3333049140956022
0.3347588907448149
0.2515101026122166
0.18056164339002553
0.4315692682346674
0.2033109109100032
0.46439074271531905
0.5548199474071216
0.7411729426086848
0.2929634561533782
0.5883230012617017
0.5851294550564502
0.5927426623811348
0.4784033943250213
0.7996728073815197
0.43902213012690716
0.6041531887688613
0.3758639438281031
0.6968945477608472
0.31604414860670865
0.5060076796635087
0.5293556686598394
0.6993872535931898
0.5396487716522564
0.8524725330613847
0.34356154318610393
0.4246031060144359
0.47697138449128973
0.7196699696036036
0.6470505730190874
0.8460512589087757
0.3836020138089812
0.4251924434902061
0.5364779112295752
0.24643102596283736
0.10476739866742682
0.5792347315894649
0.6810111736602018
0.24808430988417635
0.35189911626578946
0.3965671823650295
0.8423140740960129
0.35254034225487163
0.42313046813668354
0.727980834251964
0.253760239851701
0.18010848738169247
0.35012759949959027
0.6293010232032106
0.4809638874275316
0.5082868181336232
0.7905507475070443
0.20232755086681573
0.2935233478847997
0.3414700438983025
0.606680042726109
0.12034548835904282
0.16496215540105885
0.3973221465411274
0.8390619630342505
0.42015136227178523
0.5083114344122254
0.4911173928172846
0.7522931232295826
0.3163556853274716
0.5672258824497224
0.5293764825934084
0.7205273441894052
0.5578554550625044
0.719783147173179
0.3565850075184356
0.5217580054602001
0.6071666437452778
0.609027938346478
0.49721051255108073
0.8538607955477253
0.31581058457735606
0.24895029613941497
0.45563239619712403
0.6004180550214538
0.46537271761470644
0.8240424778138612
0.4732408888259265
0.5319355462897385
0.643294527032191
0.5953994394746855
0.8292993113701859
0.6235222212923687
0.648193028498662
0.3579344152940616
0.5081739100784528
0.5892127686844572
0.6810641486096474
0.6274780563248927
0.707277164600222
0.5394487600924112
0.6180600687036878
0.6718625349973324
0.6494832877279832
0.3213180148515164
0.7185038518753116
0.13214596518627228
0.23463171582737163
0.4791905252880359
0.3658198792322888
0.5105001936330927
0.49400558093683644
0.6716386866345927
0.3253350054813042
0.3063234690689985
0.6163190746708018
0.4532147847351769
0.8776472642374606
0.20739956438892648
0.19464230058396523
0.4662581693922131
0.6387832096452198
0.5729251600279108
0.6896941748168229
0.6137402457784588
0.3442986295187639
0.6604771600638017
0.2930099078637693
0.45093393320873626
0.5823578434760674
0.7490443168087323
0.44374385025956
0.7019556070575794
0.427907962770226
0.7506450926726735
0.3226768690649647
0.5248934948240935
0.8967425317373402
0.4364289481047194
0.42421220796760883
0.21507859745490213
0.41394501976301973
0.6888749408333998
0.2111296542111957
0.3682152425024869
0.502124838792781
0.7081995030040463
0.5837613960158792
0.6532302195897843
0.43923035122901616
0.572845736438153
0.7718942603832233
0.4466711680596917
0.5601965385998704
0.596338568863635
0.4043001498260444
0.675235193033774
0.05382601721698055
0.2644305293274049
0.3632382797620967
0.6563362850330622
0.294767711332338
0.5064438809882312
0.7375910747156454
0.1798360733960118
0.3170791657968267
0.28953121626414097
0.3009456283322109
0.597762280934836
0.3246807644783575
0.6038247764719539
0.6687688209913606
0.6084515543771972
0.5776836218778996
0.7557035803560817
0.371501375535815
0.6336104985886377
0.7344767192914334
0.2530003568453918
0.30964708912176486
0.5257811326548939
0.5233693737561592
0.30653843876340675
0.39891037480100683
0.553522796214925
0.5957429256949806
0.20109722307897804
0.6491081294678872
0.6062393940457306
0.7026487581761
0.20596523956177176
0.5136029242762444
0.7879311947090437
0.4998029565586455
0.485023263955464
0.1475064929576791
0.38810707478885775
0.6407126288334672
0.4036044161383838
0.5814946333663342
0.8159980293212987
0.23209921990963156
0.565019585586459
0.7839621183634599
0.23595790551526807
0.6167991804330545
0.8223462696608005
0.3344928408131752
0.11743849655730969
0.26838383317992087
0.7688290527676499
0.2754611429040081
0.09352291966067237
0.21675910391484648
0.1430148898811411
0.10082058039889438
0.3341313367895892
0.2951438496138734
0.5501829987280368
0.7146637111193663
0.23564547527077373
0.3176497756258259
0.5270538648336743
0.758700702266727
0.247671544361939
0.44662904877727805
0.41643446767255987
0.7032496938757568
0.33129807993603966
0.5098781370279727
0.6723103451981755
0.24627553928780968
0.46588799212945
0.38448914706797
0.6492970428713769
0.6710188094068644
0.7388207466694143
0.48535462425248566
0.7323725698426797
0.0941656954474197
0.41856172753183757
0.2625325689420697
0.3101306068266761
0.5756986355562008
0.5021927937482072
0.809595931235889
0.2876961112632913
0.17583749155891965
0.3736709130743013
0.24893131375453342
0.4951768378438747
0.6977734167365277
0.2429425641590259
0.2810841823601704
0.3783194698980261
0.7036680792841294
0.2771807263291648
0.5716869966726474
0.5268389183353445
0.7585287143033486
0.7724700710743332
0.6048515442606313
0.4351202031345833
0.6866863045697114
0.2455664287153623
0.44685310842576037
0.719332610090922
0.09895275209646692
0.19749113696806236
0.39479251003785987
0.41894033184021084
0.2798197566355775
0.39917685572405204
0.3089803120667437
0.6530323730692997
0.5505180541971625
0.6882526819262434
0.4555909977470833
0.5450624026855315
0.6149964307004485
0.32150771605926604
0.64099988715223
0.8583970459338217
0.3451864823993619
0.350352732314974
0.3427327089611535
0.4041754337825033
0.5705712039167784
0.4288533143021002
0.5865413733042897
0.7222438278727767
0.43190870846622026
0.808605989683191
0.5730493620523056
0.7690265435870158
0.19994885556788816
0.6431114572035739
0.7030520922197022
0.41242773618502565
0.6840125255629684
0.4338752534737371
0.7648142251992683
0.4303726573314656
0.39510621385739925
0.5726593345415562
0.14581316231853383
0.11926111852099132
0.019224683693797068
0.02430110535736867
0.3221723553105731
0.3078395411674074
0.19102246067362205
0.29514289711924113
0.5895971240902349
0.382363258296351
0.5123910139995147
0.625017640871904
0.6014785783527471
0.7096053610635015
0.1653774029381884
0.5173729374373012
0.733145979519835
0.4293170437123258
0.6542490343659226
0.1159900282570845
0.08347935229502955
0.25938175215268866
0.1934990217697097
0.2801872221046027
0.2973378546204094
0.7161494973954857
0.44064608646843195
0.3960630453739331
0.6996456831613213
0.2979788045982297
0.1306020376412938
0.4075250708936631
0.677421650800384
0.3638691933753878
0.6407665679503567
0.38712198376993034
0.67125063666206
0.16041456214245886
0.17827473645083033
0.3274059511405817
0.35608271342436487
0.6615314880179458
0.6399615035859334
0.6377772058787701
0.4296169093927234
0.5748853038161416
0.33503875420678825
0.30646725427382626
0.35681351529210836
0.45798138913653064
0.6569458406900807
0.5088079744644156
0.7784561693553851
0.2735686608735032
0.24901435208184072
0.468751085887635
0.7749144090668426
0.5591072741211625
0.6821990323121256
0.2215988207182488
0.6482217729383568
0.31924808479966543
0.6058933422227408
0.3872144163043416
0.8212087109623356
0.472064967613677
0.3908375705904199
0.7183343963361034
0.3175174659148828
0.25877869078155474
0.4288495829587199
0.7316078050798035
0.30626789021287365
0.6449446318120015
0.8629912445720086
0.3476330635020473
0.39388346450623507
0.6366459128611253
0.28932624171336385
0.705169051927448
0.3983066223455958
0.6843922865754363
0.7595147620441589
0.548511182407052
0.7578030380214591
0.22418982644869062
0.48682348633909334
0.7612412591882096
0.26317115154254683
0.2830610163268611
0.4450362081785134
0.7029225947551965
0.5417234295601338
0.8550071763453911
0.3198467338249608
0.30216249928355804
0.4341329852115551
0.6072369704785864
0.7858237670781899
0.2663742628272944
0.29696127924583315
0.5092688666078978
0.9104044787225838
0.20125193931415084
0.196969933664821
0.49683230237874715
0.4965860896064995
0.1568373970052762
0.3225330229251778
0.26641417069978274
0.3759344115737531
0.3708276211261888
0.49729545028061906
0.5652392282414137
0.38399474450368803
0.6263315341874092
0.3127740601814026
0.5664936030315776
0.5575189741674227
0.4917055417951148
0.6528454862522395
0.490741404908421
0.6874211136281171
0.4204307452172533
0.8097558246781813
0.24031187863613154
0.4905162576990652
0.18684315164610016
0.27189489808561695
0.19341394017442426
0.4811130755692429
0.8011832535898418
0.2303968337617682
0.47633410766076806
0.45235119555733333
0.7455711020993284
0.4673896197315841
0.6751760059260262
0.547944835532692
0.290549650213818
0.6513254381567694
0.41476187166031414
0.7666038022700847
0.4590961648862305
0.5024090269400132
0.46086653151787865
0.6677033689993169
0.33928493361829504
0.6460624277356632
0.4286694350931433
0.7400959178241652
0.1975533689242752
0.4159198137575314
0.5970775417642298
0.6990141701047028
0.8136641725513767
0.49481325524423225
0.625354800576183
0.23500138138219998
0.3916779321972795
0.7451027087387493
0.3073056068075758
0.6916346360073129
0.7676555707620566
0.394717259520491
0.7316668394476075
0.4839318413508157
0.6520234004566209
0.3723976296420952
0.68523930961214
0.5194596229274073
0.6546233451484751
0.5649526146335104
0.6270950949423525
0.15032021262853945
0.3341432777487254
0.3379494657203622
0.32225917737537624
0.7007602951627306
0.48736117837900067
0.8501336777576619
0.2832202229731248
0.4495645921351216
0.5480791876120921
0.5090240337425579
0.6389103052017258
0.6244323637066015
0.77640807064113
0.36151367895759257
0.6793325935426089
0.29490743789403545
0.6334113152977455
0.6142669555274115
0.6790692514339988
0.34584065643532363
0.6687271124315032
0.6124585970897991
0.6225799349272211
0.04520820434921916
0.062382188507540196
0.16064538839632525
0.1957156744030643
0.4585537985678692
0.746399187541249
0.39276893495290965
0.657794670386283
0.41126982266546463
0.6595553346401406
0.13967450897149414
0.17546501464855127
0.3946178533037385
0.5641150496996036
0.40957136529841964
0.558083739269479
0.5872906398811742
0.6128951144439377
0.5275612882965519
0.7192771042416533
0.425546462788489
0.14990899957824522
0.3561450206187297
0.4160844117561712
0.7375805910712141
0.22637665035716073
0.42111458068398583
0.6196344762898709
0.5179627517462614
0.6766586706090025
0.1788773947159035
0.35529712870122737
0.6059063594966986
0.3722037608218636
0.8494740446247661
0.4676266791265171
0.5964741726361786
0.479794262551239
0.6544738595713062
0.3997527806974638
0.4062014717696698
0.6447148965577727
0.7808240372166887
0.13913481957348645
0.27028531783781995
0.6538134491869585
0.6005840052234239
0.555496785825338
0.711678545883532
0.4182266252704666
0.7374763785508627
0.38631656796571845
0.7735788642029215
0.43823688016574147
0.811803934473828
0.10954724460570706
0.33378392410879376
0.7036417363039303
0.6992139284208959
0.44990447340879747
0.7997362567583726
0.2006231265951452
0.21661034523936074
0.25044894465952405
0.35048043902888343
0.7365693532911073
0.7911801024965633
0.6078662081088105
0.7042273181236891
0.33483122370022483
0.7911151026608996
0.30978019642859317
0.626269593287856
0.5684242789461331
0.5059187079010365
0.354407860464125
0.45153626878624575
0.5561289522552315
0.5348881649502337
0.6229000981616434
0.33220516884269424
0.5417512479358472
0.6671137429990626
0.11635611239403783
0.33128785167198754
0.30819775776159775
0.15647302566441043
0.3175590968171354
0.5830480706330097
0.31633821692526104
0.6111631035249336
0.29367456118748897
0.46938384381400633
0.8339436109770779
0.3109343779206587
0.4947509043538748
0.6933065255146728
0.34477649200524013
0.5308009359629521
0.6412139745728909
0.4146548849888446
0.6720329805027672
0.2442657343669235
0.44537497628154105
0.666711124344034
0.6293709531018787
0.610352338368452
0.5966562619324053
0.7410154697399708
0.11583222985467119
0.2683755755506292
0.5945336927312338
0.8061676155578514
0.2700882408266794
0.3422341610569481
0.8083021257313322
0.2864757391718159
0.517621113480674
0.6348673188907723
0.41508040932072887
0.6881211683244933
0.3021452018218482
0.6012228958135697
0.763240153176579
0.7511913877494051
0.6179593525711373
0.6210085498808787
0.8139573601684202
0.11812904037018551
0.33366617685000355
0.6134716165824494
0.41716863317857733
0.8710726004437478
0.4204251123552525
0.4435195618159951
0.48544211118485187
0.7117195845121618
0.2995006950766611
0.18560880822410333
0.27488062226690985
0.46067199316194046
0.4130883117735054
0.5283784528265252
0.5910158718022847
0.5507559294513718
0.451103089687742
0.5895055266242148
0.11301675831551822
0.2878104625608232
0.18235490993205172
0.15217355897280185
0.36474750499429615
0.40543297639862114
0.7954454930520438
0.3356620170577311
0.32666079539471243
0.6449947092444788
0.533377706007946
