0.6647745912089722
0.31711992529123195
0.3242388034538417
0.5213737314461775
0.9408401164957693
0.34071678422828466
0.47210003788249927
0.6903662959189971
0.22948549350273117
0.5508406673449359
0.7419359988960215
0.3440405796057561
0.29422077353598
0.179582684543951
0.38896458897099007
0.6297349561462384
0.6928724571024579
0.4965378457504833
0.833992369145103
0.5749537411875332
0.7109129208812842
0.4269617339463298
0.4955610323328223
0.6767211002269826
0.6428289238569915
0.8497765911435011
0.4019266316793849
0.439932424482789
0.7697377472784287
0.9151370912970163
0.34703512869519126
0.35265278354239454
0.3777612956951495
0.1814555597810013
0.54942007478479
0.6644034627320444
0.7744227706175268
0.4172954514813103
0.43176856064639596
0.42041466401765765
0.7643260714413634
0.6774676421094589
0.705325640431957
0.5015264815776481
0.7138368415231133
0.7184070902852604
0.7160473194963807
0.521685798749289
0.7629656429703744
0.5082558613993126
0.8033095246617764
0.8326046534195785
0.5527353356343527
0.695107896832611
0.31811131898394773
0.6054080929092571
0.4525088764275674
0.5644311150087306
0.16314891678912863
0.054012301524640545
0.14289811079232725
0.17977331840802976
0.34692543082821814
0.411705178684359
0.6105902068811762
0.6226526229324044
0.6237777118353544
0.6085802833569341
0.589786531677077
0.8887689477075902
0.36728296455382464
0.5670541588908229
0.6462275904390246
0.5983227756380027
0.9090702971843031
0.3256817656250734
0.30404884000591825
0.5350706672307105
0.7830286051461198
0.42950982351881867
0.5447081262262796
0.6018738188525897
0.44274467371079257
0.5997991808346644
0.1118751729757498
0.3851813691682813
0.6422237476656608
0.38544762314910386
0.7629173316589329
0.26771406502866496
0.3372591563705184
0.25153048520190874
0.1379838952030128
0.27227814435811876
0.5177768658637215
0.7351662209921007
0.4988964405811684
0.7540323575961498
0.6650064670277909
0.753809451678792
0.6262265685235695
0.44922842993617484
0.8531829243117862
0.21332518125838093
0.2078064714840915
0.3276932803706681
0.3414097068639042
0.3713296053353309
0.5034675251437855
0.6227380338554397
0.3742061136166751
0.47822567635262914
0.9119794710963548
0.2273697590979578
0.22172546411161295
0.31297950778648465
0.5576874699540809
0.6707816734253964
0.14520621621666022
0.30058414943545597
0.14756180614439454
0.37136895295270383
0.4208595747272322
0.6101278888039998
0.8312272302816306
0.3319715726719127
0.4943306966769309
0.8135548767140107
0.28814907953604874
0.35138790291053257
0.33090748769418676
0.40199928475069424
0.637145909615305
0.6104831267273358
0.725660980652935
0.526994963152523
0.6028794852182436
0.5848524038708844
0.6739286954718475
0.570055647568882
0.8155479473702372
0.3998994302347629
0.35970320808116835
0.4096030580233634
0.6666735820375415
0.3782325943596376
0.4528135180728954
0.7662717289817924
0.8295790391238942
0.5309250596747765
0.692163803287181
0.8760395900066228
0.5197458661249541
0.8283220617581307
0.8745192327384749
0.5564547464478311
0.7005021415959237
0.12627880344941858
0.3028910670917805
0.45241417409338575
0.9145808690704168
0.4439736812618281
0.528370510188635
0.45784188037116635
0.2892954320677011
0.29937355929749193
0.22010674185170806
0.1638746378133465
0.47100603713744454
0.75540570790101
0.3679874728064246
0.4785487508129798
0.6724216296407276
0.6555317156777657
0.6846255604132515
0.6671005388518874
0.32354355980760197
0.5203142704140941
0.3084041166141879
0.5078697340194832
0.684777927168795
0.35486166887922643
0.5788004482821921
0.6639976194091187
0.5040607942117418
0.8215640508404657
0.35427399537346144
0.3260458053190829
0.2254091107546241
0.25855761196125987
0.3332688939436296
0.19676359869983373
0.3506262009977137
0.6367089139887948
0.2499368794432209
0.5385735276214162
0.7949667934321673
0.25778771446793264
0.2551956804124464
0.2927187249925082
0.37242456513508626
0.5376596591427159
0.604862802136823
0.45981511938085895
0.7500846792935217
0.24213074259530912
0.22245091854008808
0.3017934017595565
0.4226882363432661
0.5664296341343668
0.7931162460434046
0.46259861674942376
0.7321785084419222
0.5542745174302918
0.8089016732461094
0.241825165039416
0.31230479630922303
0.5255305472615392
0.8208455394132392
0.4092796754123961
0.48898618959137535
0.48180077394347287
0.4981896008850713
0.5441692590598686
0.6992692625720015
0.6104904659974025
0.7202510533288952
0.2710489604026806
0.624398268362668
0.5506491991183702
0.7734124848906802
0.3084592005006899
0.23464221846943312
0.44549257361063693
0.6711849988095641
0.3602128113605562
0.6493320810002416
0.8618993056513786
0.7161845157410829
0.7869872272302819
0.5799337666592711
0.6730848072786186
0.4444738481359356
0.6184502794009741
0.8409876720310211
0.2987979322429202
0.4286244093406411
0.6881554693616886
0.37296627811879685
0.6919448048015258
0.7758059662733154
0.3662289963492566
0.340686203636551
0.5150390496665926
0.7628495249838481
0.3125475826605633
0.25016966884800984
0.4721198288695379
0.7030666042430465
0.7478739289218878
0.7335850710058847
0.6539325082649576
0.6119326206332146
0.790112752033331
0.5591295412199693
0.7402904666543725
0.5783296633942852
0.6428989437879474
0.35295749160492
0.6729132852200914
0.4743564822567756
0.7056312513866815
0.5157085484576847
0.6776416683682104
0.44026516817697275
0.5981580630720793
0.8026522316709948
0.6233576318223589
0.6871538912655358
0.24998403104207853
0.423651104845513
0.7065735224553028
0.6233431742227886
0.7702820001015993
0.5414212273929571
0.8346333137079346
0.2589882614965037
0.20688673457391632
0.37052464874720736
0.40068784626571147
0.6658774272146805
0.7704701569443155
0.5033944169969403
0.857570259557899
0.3458654072257698
0.5249747050964134
0.3922437491347221
0.6748774725478887
0.39628607445425146
0.600523450045597
0.7266787373354382
0.3931099239098171
0.46579401977768037
0.7032071382367033
0.37976919187517244
0.6189833505566227
0.5262674722534031
0.5619807392675926
0.6379210276054507
0.767523009488518
0.46509955775987516
0.7729875602488964
0.4284796260496415
0.41740432902856134
0.6975380852529237
0.5844672326053207
0.7492768540036627
0.14068014422408703
0.15397335375606494
0.16935121515945153
0.28671717905673216
0.3787140174256986
0.5657873963128692
0.36524937613868347
0.603251077396922
0.3874737023423467
0.5050555432951797
0.8597997784825215
0.30506696612706313
0.19615701031606894
0.32935498238280025
0.6080993268653483
0.5385492158646644
0.6728605600618968
0.2924097626994706
0.5751077154826577
0.6611539846644308
0.2516723894512608
0.43488848884235326
0.757191164205234
0.6148350898554621
0.8356921218462814
0.4868160728408399
0.9008917432426686
0.2882705648632362
0.3326097525856252
0.5498248990022038
0.7599937170165427
0.3717022711545194
0.3563211269015362
0.732044368367347
0.27198701947854814
0.5306921678663883
0.683479108020977
0.2883633876785714
0.6327089826180152
0.5641060787177908
0.6295037716783963
0.6306991056949642
0.6153549641238952
0.8653792187741283
0.4379349138231667
0.3531302519627597
0.5899697623424783
0.5858927588664165
0.4686061159847397
0.8287131837951384
0.25835176297876133
0.28865431918324613
0.24542241743472798
0.3708430822835265
0.5788406853158052
0.8380352437984405
0.3297613662762422
0.35686044118441973
0.4036973564906854
0.7038475007827479
0.3132837738501945
0.4120047654088801
0.6046709705374401
0.14968423150072635
0.2357794831153913
0.5114082691724584
0.6509417798511904
0.620281589233811
0.7025663407629295
0.6306070449748472
0.6273198595003795
0.8055350217360611
0.3778407668879855
0.817003458981644
0.6900636969564292
0.7394817150582161
0.4693233075737893
0.7082288827096511
0.5561566614515786
0.8145813042695798
0.5228822507962185
0.44409124022759927
0.6928621044090786
0.2994200559836465
0.44830092293476287
0.7476830420529601
0.5796460826679365
0.8393672836118172
0.3530971097107739
0.3702414653000556
0.4483040079491173
0.7824734246547916
0.6025059587742375
0.565165354110788
0.6370194981795784
0.808885528678949
0.7266265672855724
0.5693703889278
0.8890637668655077
0.5660156488042699
0.38955716642773514
0.4283557192789707
0.40897463178411186
0.3872630597308778
0.5805342251553899
0.7061722830779096
0.5170314077329942
0.8362922189428397
0.33900239714827046
0.3927858033969998
0.49078402315776226
0.7968413363244822
0.3975415669174197
0.596715034001762
0.755496030179195
0.2833703066857053
0.5486102096414968
0.7818799453025178
0.1924183489262035
0.359892581829089
0.6135654419065645
0.663289214571898
0.6408318523782727
0.539184291556277
0.5980505754672127
0.514160753973212
0.7983578052188618
0.31094678097268263
0.4058205405160136
0.32621342832836564
0.39447574002456975
0.484241702815977
0.5939910036727908
0.7582496807111201
0.30716400212338507
0.4404486290317901
0.5039892563019251
0.5846542382070838
0.6747919715995053
0.3275339208621308
0.5543660093947924
0.7831092423955306
0.8048460867586225
0.7134589907621017
0.9902115366084897
0.5374607238560036
0.6874589213548157
0.8533536985092164
0.5193607994877838
0.7271570716564904
0.8834743394413095
0.38132899805723847
0.22541644038405323
0.21554161752051704
0.4508085170015149
0.5092787387560078
0.40258016825782605
0.676695047240848
0.24522054852371444
0.3378149284750864
0.36647262726754454
0.6501735664496551
0.6285932626886778
0.6487481972192239
0.576072162100666
0.7434300469985595
0.3748125606723881
0.628337119799709
0.8605538444130089
0.6228413041276696
0.8803994595578875
0.5759930136078982
0.653760823511339
0.6066571715912794
0.4661486777932248
0.6473849427960869
0.3668796100819252
0.5278049709179607
0.7860919576661727
0.6210617529419912
0.8177322079604947
0.48744850461237
0.44270873056058674
0.707296002637989
0.3407308531463461
0.40425747314517674
0.5840677865588387
0.8004789525535252
0.25548551626295185
0.36722871946597435
0.4731798222397788
0.6907636457304166
0.5004612915585345
0.78430982894103
0.5771970543326501
0.7370907779599176
0.707697028691282
0.6785482658771201
0.7510290203339537
0.31968609680130633
0.4278030880289285
0.5417713883038322
0.5096558514250359
0.7039053568175438
0.3835247437170285
0.7569349051243615
0.49270121316548326
0.5840002132035682
0.4622088486083528
0.7710885620584814
0.325732062871856
0.37581611906782475
0.7191380317747723
0.5736937488127418
0.7035705489470672
0.4014914336533843
0.36044461846554476
0.7143289817680134
0.38948374615352543
0.7106667856397129
0.6507297466576238
0.7342130485346453
0.36131318362258685
0.49535056264843036
0.80204379638132
0.23186812434353896
0.2921499049195114
0.4575167788063192
0.5809234474779242
0.7510557177536388
0.32326624409622223
0.36190356628637665
0.43422269209167785
0.8356234699804842
0.4434987776550529
0.5466691130869508
0.5927613610789373
0.6372357973221651
0.6181784956986085
0.7044113393347804
0.5179189170726504
0.7391952759220558
0.26673887533804685
0.41764896524441525
0.4914512529049097
0.8718234760728942
0.31484618605287185
0.374974374955358
0.5905296295494682
0.6546674315687788
0.6720508988317454
0.7786234040638321
0.25228120527604364
0.5560516434868151
0.7783315800631574
0.41345193526655577
0.34645814115826773
0.47428391954803495
0.8376138867972611
0.3346541922849489
0.6519211319157383
0.8577257296236093
0.386391500452168
0.6786832904965185
0.8645085657862399
0.6791913583816256
0.8986519009141901
0.42937922049340754
0.4454409394416498
0.35481732400416977
0.5572254857487106
0.7552977760534721
0.5654792448435749
0.7242802064929048
0.31111676719835996
0.32124357867331466
0.17877781272291285
0.41514071869259694
0.7198831654264776
0.9189695034675527
0.3319298425766362
0.44453562137010577
0.46719606422678595
0.666786589331295
0.25043085453926633
0.33779349339870873
0.5484314258102535
0.7483951597979682
0.43811872532012824
0.509135899744398
0.7247336630365905
0.33751685423213895
0.3616195771006985
0.663125178978169
0.7589579478141766
0.2149944245102435
0.06301474278372572
0.03720298548902541
0.12454039135908315
0.19236080264759434
0.19612950715664582
0.25718867257195166
0.6658192298051796
0.5340381570516138
0.7361450417107249
0.3754569270804456
0.27330531727476803
0.3881972225821659
0.5652693885173485
0.40659611555714575
0.6501734374810063
0.2897747354381674
0.33069391708621937
0.5696303867414184
0.6947624878165392
0.39097254761973776
0.6676377440708041
0.5057441075847219
0.5995178493441514
0.5885515137631092
0.8684648366057549
0.5535138423786675
0.7164621868739772
0.43073290190284885
0.8157934707499358
0.3048847868894999
0.4740167945230682
0.6931438894020322
0.4985318227198196
0.7834698537859364
0.5236039400139415
0.6146051228699765
0.44621393645535956
0.7304287599467996
0.4683863165308021
0.48734446837282736
0.6457241418611097
0.5066426743864296
0.6971492929807933
0.4891801748087036
0.7282979840311641
0.6594395030910808
0.6222815714210626
0.53279007668338
0.5408541449074608
0.6955477249182823
0.7146982115506783
0.5718094162821159
0.8434543878128551
0.4085974556318015
0.6337229560349545
0.8430566599158204
0.3132840979713656
0.44862536995020985
0.6624223351017133
0.4026523508952406
0.6597861553727064
0.3535179360204355
0.4188109182315793
0.6097148610058192
0.30505108590650093
0.4678461414985508
0.7309505979712292
0.3450547307633608
0.6878858995397772
0.9593106086611384
0.3744638309421505
0.3448957100913161
0.49585811723976514
0.7166990860334778
0.48265421776374995
0.6269635707878252
0.7309636055671674
0.7530026723363087
0.7441806661910125
0.9006098099056135
0.5671898861306174
0.7876718831154074
0.7317877427724055
0.7286595303952539
0.14019140002486705
0.3183984217327718
0.6079336312335808
0.23442780918242148
0.2819184615616971
0.2683606201094387
0.3056356299605303
0.5844510085010267
0.8374059874189939
0.5159063777994896
0.6737715730620182
0.5045661667501223
0.7433336773578286
0.43650056055982317
0.7105074688013348
0.8985833501409921
0.6351349937328834
0.7545751011741036
0.30646284241064115
0.3588967677530831
0.5266351448801193
0.8105643474937863
0.3830028386745196
0.3845985454868852
0.6123250682352387
0.8883787600879132
0.4018071365894067
0.41151269077502184
0.6052392913393518
0.6450547942324986
0.5733256818191181
0.5840209911234222
0.7073275865854921
0.4636262269091069
0.8180050335703337
0.2844839446108574
0.3427251950987126
0.606124226212716
0.5555100266744334
0.7479633811421894
0.4903801505179735
0.7613480452414731
0.5818318460447847
0.7817289258835162
0.5522832636906087
0.7845985635962719
0.28784402402935333
0.3526008805353454
0.6065264897004119
0.8685057559095278
0.583844807378786
0.782691829278504
0.26848523743665137
0.3183629570247293
0.6670806146426828
0.6626173475429327
0.6303704685713878
0.451394397383015
0.7440471039048999
0.6829430962628128
0.704497309628564
0.7713237335556845
0.4553566131588624
0.5764259630471524
0.6795452927581056
0.48020894275221215
0.6538448857294523
0.6621960785293494
0.8288580602183487
0.7142468831738022
0.8940741778633745
0.36723514848829436
0.5231977729701913
0.8812389060405241
0.5144815029555665
0.6715843783239273
0.6258631334351071
0.8925206289462022
0.4599362954813066
0.43643117830938116
0.6502460369467301
0.8077501103361595
0.29619122135420567
0.39818384330338574
0.6462290692039153
0.8213584184141415
0.31115752699448185
0.281862617765465
0.3174602740839356
0.6888578709979504
0.7479307252327149
0.26462327524887275
0.4125882467083038
0.7000532509375119
0.3470041709624742
0.46423613987727325
0.5364259196886445
0.3666082843050146
0.8024635756806456
0.2913317939459503
0.4112583884315572
0.6975037584265534
0.9552228034063508
0.4555037292285092
0.34940054959584826
0.22620256016810428
0.3553400843776649
0.6225891708531325
0.3544885345064986
0.46505897407884633
0.6553336871744389
0.6283728012096556
0.9010253648536739
0.47689674060683235
0.6066656298205338
0.8215148737889603
0.3251220725083723
0.3742868564837669
0.4601441020709223
0.6840801682672777
0.5879993024142085
0.5888214858375571
0.49285418804052045
0.6732078750279062
0.2547044507481955
0.2607757728803166
0.33548296468569083
0.6567484017813467
0.4172111603153831
0.6710161769313946
0.4212915388309785
0.6493368364866039
0.4455263006377816
0.4470988749889499
0.7930299211343372
0.3053766511465074
0.3575611571119451
0.3945962944608155
0.3161653443536182
0.3721713616662247
0.6992244935596151
0.5783948840231311
0.6519592126425814
0.8806140495732301
0.6080329250314636
0.8248603877544359
0.3526070267903946
0.4633188878731531
0.723823124139591
0.6735117893576889
0.7914356500816739
0.5086890081436053
0.7251996621271126
0.9499125459056678
0.4423817318846818
0.3982696288091965
0.2742526116753527
0.4857885443187869
0.6495745991305306
0.34822614958919584
0.35864158275434344
0.5609458126324397
0.6691114527743841
0.8539506600472455
0.6737300497207246
0.8400137969382357
0.5071897608180351
0.5210646528700469
0.6581237863263202
0.25863797773388214
0.19172164213389115
0.2713212120394913
0.4273399586864367
0.7686365162876548
0.7236671307887751
0.7304599108321195
0.477974746264442
0.7577119189411458
0.42739880878564523
0.5178325852876683
0.5549324145288191
0.6241108965402226
0.4915438711986352
0.6775143900243906
0.34061300588783133
0.3525829054374569
0.6034412148146902
0.9172795034058581
0.3661605860349649
0.25053847079316915
0.21010340690977483
0.33530681745735147
0.47184662402168265
0.6842387530934904
0.6140280909745256
0.9078850129254874
0.5123895677238846
0.5626730255844757
0.8018486631574588
0.5839656120908687
0.7887454923770103
0.42868477397320925
0.5757611437316115
0.2590820436480927
0.7530286519793414
0.6861233421820482
0.3824972657729792
0.7754869995935334
0.6257943964462566
0.7952156032531653
0.40929647478878217
0.5218219420776979
0.5613146939041916
0.8773534995678289
0.3552327259383579
0.26933368563253246
0.3090689806914606
0.3438559644512707
0.32523562431179226
0.41245029368512237
0.6632099840026409
0.7192067711596017
0.5582329900791294
0.815085211437644
0.3984269049857466
0.4197633439690906
0.280493495358599
0.49810230320049015
0.7570010606674485
0.44064133417958373
0.8368275191556026
0.4934271579480824
0.7008361653644251
0.6977549269832569
0.6309740234908564
0.9973255577144741
0.4477553179255706
0.4220582159610245
0.5920029217252061
0.7543669962895326
0.3621863089100906
0.32263794709053917
0.47767224344068043
0.6868806654351011
0.2504151661218939
0.4130276304262929
0.33406508817137875
0.38062624775120807
0.6804675977865315
0.7181447882591495
0.5239261774885233
0.5475749143675347
0.3269762419305111
0.773088598291375
0.5252318324734183
0.8192570219933898
0.2688395886501064
0.33161370580589605
0.2512435010569063
0.35737425729961747
0.3134289856699321
0.3720838678249179
0.5226717693381967
0.5876001018524173
0.5946978543836204
0.6023532208010819
0.46382467429450186
0.7268340704130318
0.42507934088974764
0.6381923792329378
0.4433971026996314
0.8857457353097508
0.27278301655655285
0.35078354719811317
0.41946340466908144
0.5927050969729586
0.7545928910910784
0.21049752008547326
0.49274484429950144
0.6180345396743561
0.4290842555696424
0.7378508701387818
0.5738250583560632
0.7703944240022227
0.267028546903848
0.5230848983131969
0.6686668005184505
0.5427544360756817
0.9050118832539438
0.33558041336191347
0.307399582804165
0.39086120714960654
0.5884193477462165
0.49482690514726174
0.6898732581365404
0.42405991176667135
0.7606943602956209
0.692143480402235
0.8033056335932616
0.4131014775677021
0.45079574705805664
0.7671180896301883
0.3913022371101958
0.2683164502993918
0.3704484041428119
0.522436451452783
0.694195812078538
0.5718733424420176
0.5025810569754172
0.5826077423724173
0.3173003948556044
0.4740892963962008
0.504845330264993
0.5034142316667619
0.5848647575698251
0.3971917793057942
0.39696486006186626
0.6531579340848369
0.8101183607579232
0.7987076867557423
0.6041577287394494
0.7549057257380486
0.4428994069864894
0.6994537178019152
0.43145171483780825
0.7383862458135749
0.9342630879336459
0.5845244725642622
0.7754566783009317
0.5364289453026087
0.5994011756457744
0.7103272254188518
0.575932511633843
0.6932204837496787
0.2467878999511749
0.47740530211151255
0.7161005987579276
0.3383833300032738
0.6210656753091869
0.767422372026583
0.2956866841002301
0.30371777665014554
0.6740688025390676
0.9903292660280598
0.5153555117203481
0.38482933577055173
0.3460012530117112
0.3670927681649395
0.3871386628654656
0.6958874053873088
0.7626622026157162
0.6959945896797433
0.6744396299011608
0.718710188573718
0.5578058538498283
0.8639997649031573
0.33945386034056724
0.48334399595357835
0.8161568533901552
0.3822687129766266
0.3315492978793901
0.28917295700324436
0.2515231301384412
0.34710113068949355
0.46558443021816254
0.6089465971009645
0.7209662059786621
0.3475006532938628
0.7291754983701084
0.8429449042726631
0.37249421227039986
0.4086005891357054
0.6166296863671239
0.4948438693245997
0.7919451047342297
0.48071356703131485
0.7414574717630165
0.7038243970025465
0.5044224829456482
0.4850496659493349
0.5370516851581556
0.41051612799230885
0.6666132467509446
0.19083966784195266
0.10299629664281208
0.3540238844782245
0.5103851814073737
0.5117814480000601
0.6225488895275204
0.6886460131416383
0.580356897761918
0.824061980668579
0.5874691212639479
0.9156337874536695
0.5023007182204837
0.5543707797237821
0.6223044469670873
0.19567308113171344
0.4587182296816323
0.7646570790277987
0.5418748818665425
0.7874279168959845
0.5375359246947592
0.6914980528169484
0.8580358177229221
0.40012123116006776
0.5365005684290044
0.7643534559412716
0.7713518055512077
0.5820461003253578
0.7680274876851727
0.280687751629376
0.3824472572068479
0.5411541204353689
0.7831612490814847
0.3826769053242571
0.2741461644900972
0.5336764809529839
0.7904632611438072
0.4053378896496909
0.41258306832941394
0.7546366596964643
0.34127342345163647
0.5358957614398502
0.8496784808173871
0.5766701088481209
0.6834764327646
0.1984422153544083
0.38063702798945626
0.6959436500786375
0.545872416814627
0.752635218774549
0.7767253788882488
0.7285128126673135
0.8854103528744669
0.32730841616227485
0.3185036331049863
0.5592105458658758
0.2038389346906821
0.44136050060353377
0.6193452386887913
0.5907331204450742
0.8078164744989633
0.3785935722040441
0.4679216114693238
0.837822781635651
0.48599332161442177
0.5983363283547072
0.868083188311844
0.46354073218228603
0.6627379103547169
0.5790153723006538
0.5047947588763889
0.7286282121215668
0.19226858553851597
0.18425856272639876
0.4150924775114118
0.7482680049022603
0.291234870223481
0.4701733177704518
0.7813091503518751
0.4552642243625743
0.5109889446546826
0.720413062299307
0.33330280924278766
0.36171844792758384
0.3128306478932601
0.27591973221374805
0.4980751570762184
0.5282654735810215
0.6013081216099614
0.30315496969873157
0.4942023818315543
0.8679040938240514
0.4377936143881668
0.4090614812497513
0.4906510876106876
0.7439045177558548
0.37474012587383637
0.5284724945868086
0.7217184720228659
0.47819856357233076
0.5813568846038564
0.6883955739839087
0.4502496202294281
0.5587653713256595
0.5553258362789193
0.6881218651533004
0.5905813231536892
0.7569081186330358
0.4203323610055731
0.5436830942432815
0.7682451585871944
0.30589704114948374
0.48657637307654833
0.7040764288097162
0.3082024325856219
0.39929040354117945
0.5904936248169449
0.2684311804829779
0.5644519261095411
0.7332729742192599
0.44302976233474595
0.683492314612844
0.5754004851139093
0.8773779584159146
0.4828890532233053
0.5534250889639455
0.5231150521844915
0.5223343880271704
0.5132651141675689
0.6802926581652061
0.4308265090083531
0.6724000037038131
0.20267899370554585
0.4514671507962239
0.9475933274065323
0.34708469273604764
0.41921042685977855
0.29492462425988447
0.3750422253217599
0.4183988592968872
0.4651129934166261
0.4381945318548798
0.7259094204544826
0.603327745391358
0.7689005067539756
0.5890034151585662
0.6732509572965403
0.5784630048144533
0.8632347909471569
0.3964886894862915
0.37470674040479357
0.6075286428706038
0.6196860798638171
0.5656272073260824
0.7862582070069
0.329608478133063
0.4657939685997069
0.7874488465070656
0.32612752518083504
0.3054521446854002
0.44463099746175905
0.7222999656594403
0.9381494770872676
0.42797337081065273
0.5377999228756702
0.9132093203784165
0.5958060744634766
0.4117760660817541
0.5796340362542168
0.460289379973721
0.6402951655184133
0.3529954176986831
0.8364706049030427
0.37795260458642177
0.5658072332897205
0.5809130297014644
0.0
0.1285680294449605
0.3481664820957151
0.5087640170519723
0.46573944869975414
0.8410194227446508
0.46965458558816153
0.6896829478096792
0.7146213431442349
0.38036581417021964
0.7217160793225864
0.5708709884343889
0.7807481225681911
0.3927756377133675
0.3970861348571661
0.3771298469099363
0.7337331638013754
0.5543496550149064
0.7876260197600277
0.3098035996875405
0.27606641388648134
0.41627770711949397
0.6873356568659655
0.31541544637616914
0.5705667692809715
0.7030694131825358
0.20453960533154686
0.2767283466949741
0.37597723447046827
0.8351013756387536
0.3841846141588247
0.39663676985037943
0.47899017340460937
0.6977668654692326
0.17811687980083996
0.4284311357134144
0.6995821010379228
0.3066862119321347
0.48442019692646565
0.5982912715753573
0.7983641939155174
0.16250595315256228
0.32182333964737514
0.43146978262846486
0.512065308605407
0.7956719427625633
0.6994971513690548
0.8034797539657516
0.7595567288467013
0.7584227193884353
0.4681689676504359
0.7406173525075392
0.2634013446843975
0.44152892229888163
0.5482896078210208
0.7502435581926252
0.26634529624418163
0.4659277988566755
0.6121220801199344
0.38503097868442904
0.6316411259690832
0.5952228949909194
0.5349898549133194
0.6204681848992996
0.5008339339435084
0.5364982776239058
0.8049823946433912
0.7985686252842225
0.6171688147377328
0.6543055001126523
0.28537575639601875
0.4973638579714445
0.7240629484935437
0.48987485288931604
0.6835367575057525
0.8026453062697899
0.7242634762105377
0.8122662252057138
0.3873964986152492
0.2711501434281173
0.3422106059748796
0.2565654221776573
0.5032658598527484
0.5948501380776844
0.19393143086890027
0.23891676243736415
0.6632455960963587
0.44777530834971524
0.6655139169280756
0.519941446446529
0.6387928247038629
0.2900868668542337
0.31685030534159275
0.5954560713183609
0.7673919729339915
0.47635259858105927
0.3067606774346902
0.28504689546367407
0.46964577182446676
0.6039398812771882
0.674157880158563
0.7410154756772401
0.5978203209259803
0.7130837444675828
0.2899068518100472
0.5206671239913061
0.7739670670956775
0.38747002897731536
0.4990845565200594
0.7680784501823736
0.5211959785503117
0.7183911011688069
0.4815743529972162
0.7261881077283294
0.33566325288017596
0.6608735253506873
0.8225918867633809
0.7411844741177886
0.6864136447769559
0.3470143679381325
0.5500109253548089
0.7539822523930216
0.3204488393361331
0.5565732783760681
0.6994048712143757
0.6408815299324905
0.7127026218017786
0.36035876346179424
0.3582475296300679
0.8399302895734526
0.4970429264723224
0.6226531174561774
0.8067326782491833
0.2626199055029081
0.3945008461809661
0.6495181492894603
0.647280546876067
0.6584460351737355
0.8341039213115901
0.38511572525981763
0.5942479363907321
0.6207689784351873
0.5723289270102577
0.9195281918563599
0.41364987953419613
0.7932116282795778
0.5159816550157417
0.8106016129685177
0.46108381483770466
0.8017710500700336
0.4201825656725799
0.49846557854748896
0.8640517386407202
0.6729022947852383
0.7375835411999753
0.429786679380752
0.7665862341976099
0.4910985369445923
0.5126912472888214
0.7056145507574793
0.40737505913792715
0.541549649131012
0.5712805871048906
0.5063372923455322
0.677245333812846
0.6811052067151041
0.4548073654598159
0.6994117425825427
0.3664880996293823
0.21642056653179018
0.29230241145665237
0.3513225026229815
0.3843691874797821
0.6321198793570725
0.5954782467024362
0.6792539140620977
0.32258579553881994
0.5989637623935753
0.7490909316459151
0.38918373930239536
0.48852067496314233
0.6583246275293225
0.8944816260796533
0.4972988137322309
0.7047028597685441
0.4036943725233432
0.5287809867571432
0.5663317352835167
0.8353495103518971
0.29675758554874077
0.33242702692578396
0.4057457083405236
0.5527120708675866
0.7673403455819061
0.36670800515589624
0.32784583436268544
0.496620645271934
0.39460872811654585
0.6423391630138705
0.4119281319966509
0.5492833070230668
0.7027723207430424
0.7408022683179757
0.6011964090581507
0.5285639192400807
0.6321640739167209
0.39312159649777606
0.6779939919920777
0.6424577377226173
0.7123265623164491
0.2516015229797787
0.15707452611514933
0.19716589565841963
0.14464749535117308
0.10855608637181312
0.4008034561449845
0.6049020383782834
0.44975254964947486
0.6147334052782444
0.2480560394528088
0.3644486742008506
0.5257326835379322
0.810817955498187
0.27430790255680315
0.344133576614826
0.2058942559945965
0.3019012899770385
0.4882675271855813
0.55210227550488
0.7849098103636141
0.5859739775520683
0.7658512404722698
0.36179764782490087
0.6049720342460281
0.5905577879990054
0.6573259664021149
0.8263019401552658
0.6276267717768365
0.7430041300352302
0.5045295765097892
0.4713675251001232
0.7731936129422786
0.37615264228604145
0.5468929322240855
0.5397490558353684
0.5313288800814413
0.5841046259337453
0.637693409261698
0.4539617913720885
0.6899320485882525
0.34247841995995754
0.7227597731531431
0.6601234888526909
0.5384523356414167
0.78214232078107
0.4044168272392545
0.418286889462462
0.46951771023481326
0.5379012575896087
0.7950706354405199
0.9054849586994591
0.41966287556332
0.69099253039281
0.6940003783369457
0.5672311395447478
0.6575164453018887
0.3212822991525667
0.6178691532748214
0.45969627212757663
0.668720518732663
0.34610776902016427
0.3638885156399918
0.5104403710408737
0.5524112505989107
0.6330876486589181
0.4317259770586439
0.6843310401107197
0.5280013762541966
0.5861618031375294
0.7040251134350828
0.48290131223814015
0.6845659453106808
0.36505118466726827
0.2983163800453471
0.4328213920960504
0.5352461058393928
0.6708255971478057
0.44654040996325356
0.8774270056238244
0.38490019691069477
0.38479267050834687
0.3182258656615527
0.1891540774277091
0.17389128905877968
0.2678912066217701
0.32775798177297727
0.4156184561390613
0.7297334573601447
0.4087279654128561
0.37600441768562987
0.6363641485255018
0.4006809782639037
0.8790151999133217
0.7027594684144021
0.6339340835419824
0.23724335145715578
0.4888306918471015
0.6075139123272203
0.28465716713199535
0.48597871077444976
0.5888613206111312
0.6875797279054002
0.3309165699153794
0.6137803812816505
0.5028322615786535
0.5768895273671244
0.43073681025791183
0.7089592824166756
0.24883098450258354
0.2946767851919306
0.3064672291465216
0.3396357755724497
0.2270249838129604
0.2405248454077913
0.23548077919036148
0.26610902992840346
0.32354249111880257
0.32140467882640206
0.3904225127497166
0.6803940421343488
0.5666549240225764
0.729855100027361
0.23044034122683998
0.27681657880216226
0.30114047038933767
0.3221800070117672
0.20631407305983648
0.21147546331543793
0.27425813555844003
0.404219353394689
0.5591072375433481
0.5752526279849519
0.7913247560214589
0.4300904047476902
0.6625451804443502
0.7069516294722145
0.4199333404683231
0.6448338440850089
0.513201586068587
0.8844272535571838
0.3589789675839264
0.40476008752691506
0.5618395511748019
0.6484469400763201
0.6570182729443285
0.3290302615264959
0.5534514593467895
0.852900202908197
0.5883182554038195
0.7435928896672404
0.4625591371152158
0.7453495768622156
0.34313690604714864
0.6105383828558837
0.944952111735687
0.4961979698896343
0.6919209994569068
0.7196260530056717
0.748668114428374
0.37437377509696695
0.5404646495241047
0.5825471414295892
0.21153677173809513
0.21370854277558493
0.28498180113757765
0.3014314179643409
0.40003282483355984
0.7006058439632353
0.6534572772720744
0.881994773709706
0.4609615443024875
0.7762565264594958
0.5134362454946193
0.6462902872958634
0.44064901422182723
0.6448510536845182
0.38120042612165317
0.7193652946430192
0.42827773215394616
0.7853402753435645
0.4833723393104558
0.3771144595249242
0.28593769239905076
0.29311576183288296
0.20808004489989917
0.3297648586234257
0.3615804268884709
0.3976068893154133
0.6633160002264621
0.09204882900098221
0.2053422439303192
0.35998433434208293
0.554810280729595
0.7108904530128102
0.5002382803080996
0.7007206825730463
0.27201017140997946
0.27392995469980075
0.42803893678765115
0.4884032118912271
0.5680543285917247
0.7739568719989064
0.7781609890252336
0.7826891368361389
0.809438625887911
0.7193504188503622
0.3238664560242265
0.5852947918142086
0.8345069908347059
0.4060082143454217
0.6098662863659644
0.5048569710789101
0.6442293370277279
0.13981445025964034
0.22930567483003622
0.21624646062445338
0.3429029100787185
0.675344252864185
0.8102226278768787
0.5368051384976621
0.7235472445532605
0.5082155900200146
0.5895491960496777
0.88868953902268
0.5679204053713268
0.7799928544367151
0.561100176666815
0.7668479900213268
0.36294240587793886
0.2602671230693699
0.31649310016360166
0.3782644042524364
0.38983390273688856
0.5960124453568244
0.6953407536211669
0.4569581384370021
0.7848798007531662
0.6469180035586758
0.711504691894244
0.7660378088236365
0.9099180288893584
0.39654562124382303
0.4432697569963395
0.6320556805342968
0.6960235715364567
0.6573567487785199
0.8385314430543044
0.20862360095269758
0.3846181486359321
0.8509525946890807
0.3811714739290184
0.5157921590173171
0.6563563980614912
0.36403520570430586
0.6828678958833436
0.7383454222064436
0.46434836095542137
0.7205566269730737
0.6817424927010524
0.6367175564295067
0.3290360295238978
0.6967595537630147
0.292687872489192
0.30358429367587475
0.5903180547809415
0.8276617919057399
0.6019315757902429
0.6738972606245012
0.2864459617543484
0.40776289576195984
0.6993987331738304
0.5987439525698109
0.7324718134922273
0.5221641933418201
0.744262222421285
0.3601932964446897
0.3073707469981416
0.37429133239962004
0.39092210861165394
0.4575503720595673
0.69553809628188
0.5372066247430274
0.7341595078414455
0.2781446562312226
0.5040348699912658
0.5296957826468462
0.9123039415902918
0.5442633166889094
0.6478524693518567
0.4694396361840204
0.595631046611052
0.1892015151534915
0.33698572657426257
0.5382154910697082
0.5684612957143478
0.6908912498224925
0.4152002302240881
0.5900351432195032
0.5387354002599694
0.31179093581769785
0.651855113817612
0.1879695234483519
0.25247746141493443
0.3484412264685463
0.4871655483686691
0.7803154975438824
0.44700864177401656
0.47170531123045334
0.2984065029038907
0.24759629277600795
0.5752597808247418
0.5958957336620322
0.7702380998307131
0.6118349590210079
0.8249260184716789
0.3777546439415754
0.3708167627451229
0.6130397947783052
0.3305350508911349
0.5787707131973356
0.6713308813853194
0.2536210657729394
0.34054901354348077
0.3135107008270666
0.5319195759134573
0.9585606858637854
0.471923982269711
0.46711264355292476
0.874991648987883
0.409380851961327
0.2840658648398038
0.513744438029646
0.4453804997932107
0.5131060573346883
0.6089664638138079
0.7987639835775212
0.22855936848440123
0.3420248918288476
0.2286723576862098
0.350976034395383
0.47053754752275917
0.7054441308568732
0.33699068753222294
0.5613074609839879
0.7203197188855319
0.2576462120404752
0.38012223123306227
0.5957379216835318
0.5228537180573622
0.5087261773440178
0.9750351133797082
0.5774146993588471
0.6245406819036867
0.8564933807769979
0.511066162429907
0.6447273558938108
0.6092598550581344
0.5891117709566044
0.6376600929123571
0.5210755471358857
0.7477361944923611
0.2648158322909827
0.20325977263996603
0.14537561869334484
0.17819094325421658
0.33718631156610684
0.4192482163395322
0.5943456411644674
0.9033180749968228
0.4137619356980903
0.30619712464875753
0.38705238427378374
0.30811874013973145
0.2367729525083652
0.18659526496143364
0.23339020758106083
0.11590001460413114
0.22946506797213814
0.1652355218839644
0.3090439753914309
0.2250192142748129
0.4617340158419073
0.8627149854717245
0.46679317495201733
0.876386204724397
0.33130032859235675
0.5705924256014433
0.7700529000134624
0.1639774360223927
0.1318641428416442
0.29874603834075797
0.37028319777221314
0.5182298584881414
0.8029768156940884
0.6432710009029808
0.7341112521056764
0.21489477895683304
0.27910796156606005
0.205279738659518
0.2453948291423792
0.3493640040188759
0.4661616808830694
0.5985808188004454
0.8142457988828572
0.452278422615576
0.4241440661853568
0.6048241073936493
0.6466323532961855
0.46896492788756866
0.5534036134295915
0.3696384255137154
0.6365553153052078
0.3689187751760232
0.8112796921081113
0.32060295025790686
0.4805701996883097
0.4278390586242479
0.5043212728917588
0.7797423911952063
0.3381131675623648
0.5793577409788979
0.7949406582576825
0.32498846213708255
0.3426884949323998
0.41058864506701753
0.7045788074764041
0.4161926105849342
0.5184387586029692
0.6245888056371558
0.17613811094207613
0.2257110710898536
0.3483412487304059
0.6820711320066195
0.7755963037317763
0.8254161744747134
0.7671868533842728
0.6899252963300049
0.6577841002296594
0.7610532246764632
0.6722056626567747
0.6715707006251681
0.3399339122629653
0.7083182521564974
0.4686909833898415
0.40982478364218616
0.5526856275187978
0.2728904246324584
0.2822149817466468
0.46937613660785055
0.6999861633595795
0.31972870002167514
0.3402660052887676
0.37860825383186647
0.5347415280025167
0.8255859145819124
0.39777395072783617
0.35654434630500015
0.20526523490287596
0.472690673155112
0.7098389554917288
0.49708505948606674
0.6140498665758235
0.3720576567455474
0.44603268818019826
0.5232875126032628
0.931744058998089
0.46281521949490023
0.5257250331265587
0.7813063111561314
0.7621267980032826
0.9773793174741472
0.4507298104560846
0.572613944101405
0.711014915206111
0.4504588114181498
0.6957766272217741
0.40502241788613097
0.6961569706640046
0.6190228962141294
0.7204469337990685
0.759697604794195
0.7412240671811144
0.7251970032082669
0.9172976258526979
0.6450787964980909
0.8656668565023766
0.45276241866677547
0.6384609511191772
0.49097203888768304
0.8138381167308328
0.3642773069438337
0.4717188341638637
0.6136548052306346
0.7179565818845464
0.3847605826289826
0.32883268846338615
0.49377303401925804
0.5731128179572876
0.28630529127718446
0.47690319718332064
0.6328221598531348
0.620254275034408
0.5379922005165294
0.45665477170685664
0.7448228243570643
0.20451210440388917
0.22043083436998956
0.16389655014841503
0.5164337281821906
0.586283922555001
0.4014858419899147
0.5911417973328882
0.3716764258420264
0.28535128542694493
0.5055428941943667
0.6377589780355613
0.3168958031334884
0.6774145568239547
0.6355600076224142
0.6421797440578749
0.2237738579048287
0.24362223436922542
0.32475355354407937
0.6134862653502254
0.5924836458628122
0.8054988541350587
0.5153633679438826
0.8501144113997501
0.4409570376242176
0.5746075070090513
0.8247271667336268
0.5591046463607898
0.7578982989878132
0.3574778545692391
0.29832924436416025
0.33385260461410404
0.32585017932077304
0.32299923887353554
0.24794460143628697
0.5855154491242247
0.5064515199509285
0.7849130474395575
0.3069799144910219
0.4120655653571714
0.5173209701683436
0.770241528491556
0.6498054755750516
0.7808088592904417
0.4378905839579337
0.730236315783967
0.6583856470521255
0.6910326345218374
0.6433501043272521
0.8283271760483878
0.5822413034558647
0.7555544655169504
0.38859923074857194
0.5587340266657994
0.8080448981945725
0.4880295981431694
0.7390795732219563
0.49971761297494294
0.6503819873616149
0.2414306793739168
0.46171818381108476
0.734945565837459
0.2765519056646276
0.45311376847345586
0.5249612027327102
0.6828729168959702
0.3698153804862364
0.7536002212100099
0.5421083513174616
0.7330884221889921
0.2521986257347925
0.4177946457598272
0.6297135776058668
0.3984310830642613
0.8035407920453554
0.3502676361830952
0.4437293976819442
0.5828691102953775
0.4524405687781758
0.6692786475468337
0.3109619510003371
0.41367029308912545
0.7133469234137758
0.3304815920690249
0.4797452043832779
0.7572464699154329
0.36796678219805334
0.7051906760323284
0.7209273302892665
0.6771751571350458
0.39585529636746414
0.5938494190598085
0.785454751779719
0.34852173272395526
0.4961034463413265
0.807675964264547
0.6462964414357943
0.6941231700722825
0.39800877627000475
0.449346346702933
0.735754867302236
0.39434628531987204
0.5272085764010882
0.6393189263801357
0.7605744914726562
0.6304450486159933
0.8549426757524772
0.2235049037821511
0.1188207818127646
0.21934172822223102
0.3144265440510016
0.38929354222827106
0.4547990937424385
0.5806217119722268
0.9789093428174541
0.5037267866736774
0.3958458991142299
0.535326476236967
0.8887432905631057
0.646211980631702
0.8565158513168115
0.6212065456472646
0.7997888523497122
0.2584138209391247
0.2888057194227263
0.42567055438501317
0.6548744544028775
0.2716004037108749
0.40156582260580836
0.719134943613347
0.41937876149081166
0.7003286696560223
0.5831817671288075
0.746270755247343
0.30558538984486816
0.5787810806653269
0.7997125444033267
0.20899987566405567
0.26728293019283883
0.3152948311304468
0.5895298717958825
0.4973346924420318
0.8061729894997095
0.4330256681870287
0.5193193981766436
0.6547955314687447
0.404120828936669
0.7462853445927945
0.42277918262853686
0.6265359879198309
0.84501441184765
0.43180007838481116
0.6108107291085869
0.6244779047542391
0.343884486858998
0.3876455852814495
0.7055061360219896
0.3149590521747645
0.45568682389237253
0.8624854796027607
0.4207627875388221
0.343700207895606
0.3468663482454288
0.40986623493504437
0.6782645099539405
0.8355939844037432
0.5295410287799067
0.6045640848647837
0.7761218571932583
0.22053648034315915
0.37560052121966714
0.3849015090164767
0.3176497685731633
0.21438975648105071
0.1916727661110066
0.45200951721444055
0.7693793657500937
0.32416373808197396
0.27519935059678413
0.4265031628104263
0.8338414249844506
0.4838266024014151
0.4158173172283901
0.3817031681930813
0.4884865098230286
0.6664480653586168
0.19786956616157284
0.29722390710729135
0.24748757092943766
0.2699850988856427
0.16618276439095034
0.10879730508319434
0.4997279257163949
0.3529878441608496
0.7007277296658344
0.6468428009211604
0.713003620121272
0.5011273626089046
0.782865996643004
0.3532770009163259
0.3582779389476564
0.38462180473112123
0.6374121912221654
0.662062103263419
0.5966335198523383
0.720988364119694
0.36065344779694997
0.6691934634275921
0.7309746735539753
0.8268474190617776
0.37540697528898387
0.46031367364883147
0.806541792736928
0.5791250790676387
0.811896361676447
0.36189419214405255
0.52460350569033
0.7971216349803425
0.34682894330286074
0.40655154363310275
0.44784188426873045
0.6706123009736623
0.5683660261974914
0.6747399481566578
0.39521703485337883
0.5717464987326355
0.8729261224987144
0.8118834018998704
0.8078385771367909
0.7841237007017949
0.685118249322146
0.8500218493700268
0.5639470343588033
0.5427435697410492
0.8008732586757371
0.5238673737208307
0.7545867323151373
0.35072642418774036
0.5902609505640176
0.7328685381726313
0.42509401228631466
0.7590124578548296
0.4525197881472699
0.6484039126183772
0.5435706184907169
0.43884695123455025
0.5582734790082622
0.41760408807462956
0.6034273137923902
0.4606870603329432
0.6560358597403674
0.8563187232670655
0.29234011907702045
0.26973456975223326
0.44321570012977496
0.6804457167587138
0.5851519905653301
0.774306218180828
0.42056363564106874
0.33179121079634316
0.4030298629371969
0.6226304597027414
0.7590115617424222
0.10365389474142257
0.24292989765884188
0.414424677191273
0.5315724804309793
0.5400276144863819
0.6545606750381269
0.4505369241355415
0.8583968498754971
0.358431374674253
0.43411427848005085
0.7034411243983676
0.5389943297739019
0.8395240865916355
0.24434657246187055
0.3059655799650001
0.35135062790692045
0.4221471189188563
0.3362669661935911
0.6174578408344225
0.7428832772300268
0.20876586107998105
0.2792048214460035
0.23757731749546657
0.21216191560485612
0.4255340346082686
0.744227851412831
0.27456719954042313
0.4841531440276923
0.5629536553267356
0.5497746963022501
0.7227058400950884
0.528746082206932
0.8152512734742372
0.2336597051261375
0.33004301701985217
0.6406241712499432
0.749155964259639
0.3995404669407081
0.43746146208950665
0.39750051940913617
0.6864337834766705
0.24095510460972366
0.5897763780031839
0.6525210210856004
0.17406084053833956
0.32846552711073
0.24558072666319616
0.3935380059104455
0.5864361933560779
0.4258600941365777
0.6728219292300144
0.3007320214297243
0.6420426108992034
0.7170397772688981
0.3621301889273259
0.6575509351175125
0.7958164213586154
0.4585369400801264
0.4953044980532275
0.6320816787253816
0.7656029404220611
0.4669418891159818
0.5873206281363605
0.3685521333032854
0.6280048472609135
0.35030386318623546
0.3773160272677737
0.5323782182206692
0.7558615578271265
0.3664913503322525
0.6704426215256208
0.5325022329623706
0.4937079710593426
0.7370916828481369
0.5928128225377942
0.7888389339180003
0.3037351955127929
0.3277503825723775
0.49869381018901454
0.7744229021726707
0.29270897889620706
0.5646129998626594
0.5769479940302108
0.38781343407807867
0.627194350788872
0.3975959866577399
0.6388751653844066
0.5021254858927514
0.7851287264599748
0.2426654701734812
0.43192762617982583
0.7369796441453597
0.14957718416667143
0.21617716935972667
0.3275560246317946
0.6160771807414838
0.6881473264961907
0.3207100162007045
0.6194880275589084
0.6228897206271699
0.5645577317267813
0.8349372875047043
0.5250765697932528
0.7172416421335516
0.7196763381745451
0.46371802164023285
0.6839582604556469
0.2614387050869925
0.4794707908075601
0.6936893217808315
0.13457404037744705
0.23009006292370882
0.29660786091296903
0.29618581570795877
0.7145825853018433
0.3767870909846001
0.6743920832448475
0.7228432172722229
0.7605447044830036
0.5562425045362969
0.8378274925527202
0.46876582294293856
0.4975410648459181
0.487153806253114
0.6353342412482245
0.5130627016095709
0.7701489916893992
0.3973962790310933
0.43541637518664567
0.5522720116142467
0.8486226236474379
0.359347658638441
0.41583688691813053
0.6746505599284485
0.6595282171164286
0.4225136853405187
0.8083604137312163
0.26935909774194533
0.5042585514470989
0.6923068172127917
0.3100475529257534
0.4804722414698389
0.7503423624253297
0.2685030042259122
0.22179675974068583
0.20698579837680922
0.08058237501712621
0.21140244886751783
0.19587872038329068
0.2965280208500912
0.5215188743671718
0.5154492418875608
0.6281164840485968
0.5432704143757953
0.7422388123639656
0.6211272459881181
0.9283802160472955
0.6332222980439939
0.8887017732809755
0.4920099389537701
0.7020850604195763
0.5069307216210462
0.7583776482740178
0.47171752317207694
0.4800369988923501
0.7153644262220389
0.3696290119312176
0.6042183881632591
0.5258363012659277
0.7377076564920891
0.19426962932899963
0.5774153473683211
0.6547905186831382
0.5926402268413941
0.6042769357051873
0.7466183174181807
0.7780329494443626
0.8215331002603224
0.4196998708729663
0.7782540625052611
0.3009220808523918
0.34696713309250965
0.5009593827701091
0.6090281149095487
0.5551438641450172
0.812918944381426
0.7118732144675035
0.747542118069763
0.33049500512636304
0.23519393434511934
0.4418746590607496
0.5440041913608927
0.6999873784318706
0.24705061118484342
0.49621424700240924
0.6197715460538253
0.4902961156510776
0.6476412747116627
0.22307650644317178
0.395722616038704
0.7869774290377948
0.44926803966245016
0.7779274151604948
0.6740726831677982
0.7516376876351548
0.589851280591619
0.6471307076076307
0.3680545830444835
0.5631905782102272
0.5128427149580274
0.6703045112806498
0.29513818420590954
0.38856727299133853
0.6214543234777727
0.5825396751998306
0.763285022557779
0.5220409336198656
0.44640452802195246
0.36713961357241504
0.43269882051122927
0.7297138422153606
0.4777312182944366
0.7138993220356662
0.3864768405222154
0.600064630525456
0.6265094878694497
0.6641466679897261
0.4727247345597767
0.4100220804647904
0.25162045813238126
0.47621579839333256
0.5339455085136252
0.7385500880775836
0.6664467315486912
0.8358536565356024
0.45196807064223377
0.6901655695582909
0.7413321348813833
0.4749987060969034
0.7052027504027323
0.3937166464689443
0.49911254639508273
0.5938567299722324
0.8881120176423433
0.3610862576417058
0.573747736143344
0.8327929694475964
0.536600457588507
0.4106494228701824
0.6788023580956649
0.28020993888962475
0.4612902544842957
0.8313727477399808
0.4977814371968066
0.6642363223681488
0.5118126928187934
0.7094881976565354
0.4803396431407686
0.6663405429365216
0.6682088644185729
0.6850845171478605
0.3743290766719818
0.6125622404364921
0.8629948423845109
0.5426414648250856
0.6374843503911098
0.8284997603056334
0.4682803804966173
0.6276823219384506
0.4587045635698794
0.7024780119294302
0.3144400539334559
0.6828102103256823
0.5012893585549079
0.7168673641393876
0.3616994816851917
0.4445106348365624
0.651058305599018
0.680809242491748
0.8552336527867307
0.5370020343349055
0.7970336535752662
0.7101480145386373
0.668902062703437
0.6071050538591044
0.7460108091103101
0.19610528622319953
0.35830309672516725
0.5805554037310328
0.6808741258687278
0.749756463317897
0.8480493578406482
0.4843691184789955
0.8530750007565225
0.5313789918335301
0.7470744873976909
0.46433598519764563
0.5833259400370573
0.7119183296932468
0.3665564870646204
0.3334022055868735
0.48143771928789336
0.44886730632356325
0.4864813255096593
0.46348038968342586
0.7639563121928861
0.6491889620045839
1.0
0.4312967563478023
0.5226934863288668
0.7689829635802244
0.5425551333845223
0.7502346644445888
0.6801677505223837
0.5889931228304487
0.41721809405754195
0.522890285133989
0.4506320498920212
0.6534821497617809
0.5536535658928987
0.9120891817910413
0.38089542779794977
0.3511757345261041
0.36043769727987063
0.4591660018757212
0.6978103287904842
0.2183112913671448
0.40205240590399177
0.5038198822272765
0.4726068051008228
0.7892091605558509
0.4220691112456093
0.8037360785441148
0.608720105021045
0.7949543626877523
0.39389174974738866
0.5214825087890305
0.6221483927224023
0.24165297814532213
0.5674268976218779
0.5056932361801888
0.7325710956381509
0.25753850927706196
0.4142683102837975
0.5679726916508646
0.5348588349224389
0.6829575509575828
0.26718817125796157
0.42283278684239944
0.5604600059437908
0.7366624946632457
0.062134824945969676
0.17114756657604696
0.3339970721417086
0.44898910899067307
0.7567257026308758
0.46025106562328316
0.6702082771966769
0.7730608623213319
0.5571628383900655
0.5310366186361172
0.4794226206920711
0.7184487955963043
0.587276968440999
0.9142317506527701
0.5544829611915761
0.6886347516091604
0.8713403227630998
0.4685241348754553
0.44355587592610646
0.4827686897449149
0.2946180025529118
0.3041535769178117
0.5450480320007561
0.524965594136706
0.6504014262237604
0.24716200367693625
0.4925841531033803
0.926244571300795
0.4066381897498903
0.37654322024503784
0.307039373639314
0.21639311133261546
0.4542052208082
0.7922999850905497
0.2168879618366468
0.5617813227957191
0.7550895223896629
0.31502979072433873
0.3710367806445091
0.6193141641251209
0.5575300226895163
0.5817710614628987
0.5651914296963846
0.6278632605600618
0.6720382489509048
0.306635883491966
0.3756914118125715
0.6349002179090676
0.5185144899436712
0.7275757215592688
0.4460973281286014
0.8095243217838975
0.3377463864182741
0.6709496690852623
0.8865203679134848
0.41906285014470623
0.5978248887282417
0.5082747030904522
0.9528920621716144
0.30812184372702434
0.30061913609991636
0.4588046118514212
0.6800944410311366
0.6780108803825436
0.7549115744186414
0.38971082648853894
0.8974282533462551
0.5312739122392462
0.7060404877686561
0.577603836791644
0.7786358778380571
0.46053775965379284
0.6701294509237709
0.5211902991988427
0.8140763017444455
0.5557562705354988
0.8244881423290372
0.5174956929842308
0.5534572210796479
0.8229728217123642
0.4473397127675053
0.3725343315154865
0.41997330059866633
0.5158962085602737
0.861153648904929
0.48834173501599015
0.3199076170986985
0.47960738374134554
0.8331454815389915
0.7267683184002066
0.6360940326465666
0.5208181779281212
0.6731901495504218
0.456148717153455
0.626499258549788
0.6317664195732983
0.623207992705385
0.6804409153584894
0.28384770373120743
0.766434489899161
0.5784389254980558
0.7376799460690243
0.6421703414671135
0.9210864613940243
0.4176890351408026
0.37713713050316267
0.31045659937557074
0.36821707692403727
0.5382861348737457
0.7650734492721766
0.30613442883980996
0.4693502144762706
0.7319894475390518
0.9647413280868069
0.4682294588928343
0.4698102988861749
0.5094107298709294
0.7286959692451328
0.2011411255379894
0.2634273005818116
0.32222920007817735
0.455489162828434
0.8158636023514041
0.5172866736431315
0.54767639858653
0.7238072234943644
0.6056178738723841
0.7099127150761583
0.35285523864147444
0.6231837276331693
0.6587668792075406
0.43360299026231136
0.7824353477441347
0.7141166630294205
0.7908728263814316
0.5794902035145242
0.8507729358637054
0.40153303825858633
0.4026150130693065
0.4630189663965772
0.38057230014399346
0.3604285607539927
0.5032244015783439
0.7689641182143468
0.22187781189194788
0.2287346808493336
0.1628598664368217
0.19508714367741425
0.31009538918734453
0.40378293387968056
0.48774255130124716
0.7475750046175236
0.5551502402766413
0.8404151915789387
0.4327087158121557
0.4417505818424582
0.7102960302432284
0.6708891716504368
0.4033328595183454
0.66937272300395
0.20263291739153727
0.18380033795158265
0.33031965262895396
0.5662993279033081
0.35030323813315295
0.45765697733625216
0.48276578415001703
0.747073957954996
0.35737787400967935
0.46272557768098127
0.7094500540879451
0.7877484616332402
0.6276794267129066
0.45527262551338277
0.5991548575767001
0.2573479041518779
0.267510180694232
0.2931745768723114
0.567442974354704
0.20881671658694093
0.35409044290519354
0.19788973241497926
0.25426927707920294
0.5517490545892058
0.6003159380892867
0.6367903442479799
0.6351488902584532
0.4876083253822285
0.7452609224516388
0.31854561094012185
0.517640258005548
0.5745820904352396
0.915125014873308
0.4891325197355756
0.7854999801041654
0.4300157261214155
0.7432599578743215
0.44822363046889196
0.499072558159759
0.8485326037216314
0.33294350693009267
0.36273131548201526
0.2869587530609351
0.4552541703785995
0.852176756901817
0.5983733584180021
0.7637223451040523
0.3691040638167735
0.45923188429792705
0.6658145760315924
0.2089444625011315
0.43697610345432203
0.6927747820548787
0.2851814611774933
0.2642610420618499
0.4768984681599429
0.32319403595470664
0.5761938911841828
0.7831908864581304
0.4197007916707033
0.48316691984705773
0.8074573484741572
0.45635193741326113
0.4716181437580273
0.6498533352576035
0.3311453821713722
0.5773408669297497
0.4815418276270813
0.5518906687042868
0.15831713952038426
0.2262823739893557
0.5146501773881227
0.6798390674749814
0.6878930622055314
0.72113018911143
0.17526959525168956
0.4755743294874291
0.7449325693796122
0.3055589102294902
0.4252531220924281
0.5370742936372576
0.3906613942908702
0.6958943916704644
0.19932375286337176
0.2678559164804474
0.45798338887807
0.519114210000783
0.7670610244612753
0.5147215334150789
0.6887731099185587
0.525595525322043
0.7928019114859555
0.3661706471203652
0.36747432647587136
0.5974105173140768
0.7804504335121238
0.24343722154802963
0.27710880573563806
0.33656150106565097
0.505640268409011
0.6194581298903036
0.5824016563058539
0.577810725322821
0.34093371805319367
0.7163532543377278
0.5698225260580565
0.8700596122251836
0.44603969619466144
0.5164959143575177
0.5173384404058424
0.7497921205326576
0.41173870616958647
0.6699279920095433
0.7821137916244545
0.694873848527601
0.9397988792551903
0.4004774138437397
0.34198189064190215
0.3926353261895971
0.39232590154500263
0.7722882443249405
0.4956269917940558
0.5618667908030437
0.6337621546513473
0.8256759604117757
0.8498518674368417
0.7339531306491257
0.6142675347265524
0.5093186438798021
0.5528855363002031
0.7698743834639012
0.3311293970168248
0.4934902046821922
0.5806262226104983
0.44278115051690764
0.598945529085743
0.24706410273499416
0.43607806210777994
0.7192485907035383
0.3021732078770861
0.535855024705124
0.6203564514658346
0.25356975761063616
0.5070950061810697
0.8231255335378691
0.5017842037465937
0.6356958849835734
0.7925509029466007
0.4023745512364832
0.7286309658865285
0.9724332270647225
0.3413442072364943
0.31460465453144454
0.5057619512087442
0.8142303827814029
0.43277428696712783
0.499908623540747
0.768035060047121
0.2564937635692533
0.3581229449054023
0.5834095028461873
0.4979665349125184
0.8026364822150714
0.35244617526813926
0.40294162523029387
0.5016669121867691
0.4358009754249826
0.46516939614300046
0.37546877298256187
0.5065964627284222
0.41854468818662605
0.34150524183071573
0.6184600275443871
0.7071634484097621
0.6702194352247568
0.7381071914613122
0.5459209096112483
0.7970394645322579
0.28687808398818754
0.31560529530713943
0.47345387037635106
0.7151455089723469
0.7365095991552139
0.8923953405993929
0.4523358033405498
0.8554848760521258
0.3973741306720321
0.3527196924596714
0.6428566751204591
0.8434823872209699
0.49979473944577013
0.7419084731407442
0.5912642936231399
0.6756748316502829
0.2577044929190175
0.3130413438532294
0.39576930159625445
0.6217171070620974
0.7477066863964321
0.39290290212729784
0.5474181018001051
0.6477885863528188
0.47234533696126
0.7637965243778423
0.6539144605878487
0.8562628859026434
0.3726735360109493
0.3578864101006768
0.26763093199720855
0.34132956134996384
0.48657225132071014
0.7104048571803463
0.6979671865089123
0.7515419157410068
0.5134484736358286
0.8143542680570274
0.2910980199189635
0.5333579841787119
0.4671227921481969
0.9022250265509066
0.43649858581671425
0.8109052359913326
0.7409487838232421
0.6907991655991422
0.65583560286287
0.4298813124987184
0.6949809752667828
0.3638172750100631
0.5072850156327282
0.44571602558719303
0.5992375411104907
0.716101927021949
0.6267723304044818
0.7767996753014054
0.37673785577671703
0.5867322340801472
0.6906007402028548
0.32363480453516286
0.341379066844503
0.39137856631798973
0.27977761297330817
0.39572476334218404
0.4725816645064133
0.5113877188248162
0.5674245910363478
0.8180844349878728
0.5179036462363432
0.7739430504647143
0.46208580320725867
0.8276280954672851
0.28113786056057205
0.3637173980622201
0.39768116623593475
0.6446715781397627
0.7022654103903601
0.736557704943681
0.5328435679913215
