0.5942999436575157
0.373569183469609
0.5635737675920803
0.7313624186104606
0.2726864808447942
0.21994093025408568
0.36180568924314666
0.2899797941257408
0.5768255604093635
0.7303965519715716
0.1289803143246118
0.26312139250932975
0.6971366179119505
0.1275489623462901
0.20445165791922618
0.5449027750078282
0.3017889106114412
0.5961191854252186
0.7403869648782289
0.3538184241985342
0.554732549946598
0.6190349388966495
0.82668267700272
0.39624743626628606
0.6085236347544479
0.7060229556697465
0.5517965547645718
0.7092416399986441
0.28316595257867117
0.3659985983119077
0.3388517981102289
0.6929372757939486
0.7595843677257255
0.8657817974299481
0.5384040038084925
0.6903253273464127
0.818921876677808
0.39716088967727475
0.530560962449518
0.6327448015276066
0.3871311855131629
0.5964013570894481
0.28768829412819874
0.5684376353477841
0.5916751251063772
0.6600568794597206
0.4266110616843586
0.7834881605952886
0.7314920544844606
0.47207236570302885
0.7682030144191386
0.23464825970880632
0.2819469442040718
0.45739931071132955
0.8579093168669747
0.3871787632508422
0.6163685479433237
0.9237982698216539
0.34150616880852513
0.28075292185655754
0.4157218795056242
0.6510773226220115
0.6085438137732115
0.31229446739546385
0.5129504517588312
0.5700523720891361
0.7397191686592542
0.3840187227173335
0.544866794651657
0.5976974904104339
0.3901297452428435
0.6386487603290439
0.22402616315387386
0.3877076141299015
0.698342408422734
0.7996664544632547
0.696850680473001
0.7345559210040122
0.24210745642184747
0.20249303391952717
0.3193335159895517
0.7635002994720487
0.3363806196403069
0.28210234718456423
0.4911256497678699
0.5596231504556843
0.06952882442021852
0.24811967048264028
0.4675853432428555
0.6894021398436956
0.4910762891821701
0.7777266958803797
0.3560265797857877
0.1599556155849503
0.14060457108282826
0.4770373106087646
0.5482934719164868
0.4850496536853929
0.6848083313036991
0.37755185010300113
0.4998357892459672
0.6295453262018428
0.3704618161739794
0.569541975091908
0.6290174361697913
0.4333553643275145
0.7286385521044749
0.30099007465409483
0.2819019961869963
0.6322949694019884
0.7603842240242918
0.5628486828560323
0.6536786050701926
0.19851413392356315
0.18361886871193525
0.3771315546573506
0.4711915022910685
0.6250136796514254
0.7216236912394962
0.31064007730025206
0.34226966721409685
0.5618772932400858
0.6800147963726179
0.24147506721401116
0.3915224182719121
0.6587402451249126
0.48793847715241173
0.8443314488059018
0.43762252283491987
0.6081339063752245
0.6793557091151385
0.39025689514914635
0.6683755530050676
0.5290334627104345
0.7267516314824002
0.269906024106244
0.5633799673097122
0.8389743981698987
0.17880397523470667
0.3035896298892889
0.6484563930637066
0.8210108098486844
0.5572467916265125
0.5819632215637115
0.8465652962019167
0.2755340320664864
0.2660912606211549
0.4668766260764118
0.5325727597073534
0.6805033730364859
0.2638773694826333
0.145005385555502
0.259579802316434
0.40789387447686726
0.5213609093149041
0.43536900564229214
0.5732848864665294
0.6038603119848083
0.7160226050153137
0.4587000736523099
0.524689912667722
0.15024681888697952
0.27880851054118067
0.5340655746037132
0.5042730938722803
0.4286084786342918
0.7672771223458564
0.45596506647814317
0.47243579261132773
0.6870281514400541
0.4332720024903737
0.6013674216399421
0.777605310778481
0.5909874138524239
0.6008371019027375
0.23227826673909566
0.3455454934416974
0.7433897774791606
0.48434551257099234
0.5168936286392013
0.7188847261503465
0.16171384855347684
0.3035388863026611
0.4039992371329582
0.5356079591992216
0.6834634700195079
0.34689392549506226
0.39593090493155914
0.6880626465369372
0.3318128737302137
0.4515837603282667
0.7019340382561882
0.36356997813994246
0.32537951508000457
0.5585737001326164
0.6481279708879042
0.47267750174357637
0.7978702788232473
0.5340495945102667
0.5224239406921706
0.29536950704960696
0.5948052296264441
0.6639388472430288
0.4181917145056188
0.6779770294561813
0.28343641749357756
0.24105810594766838
0.4133680616194053
0.6964141830274746
0.3418313057266535
0.7175601514041507
0.3670959451313841
0.530563260192438
0.61341315554657
0.47524321935634306
0.7874131472443048
0.5271778463462373
0.7214219503848308
0.8254902439736306
0.35284737417161877
0.3368796835595976
0.6011821751310594
0.5108336718403178
0.5526466291476544
0.2762857776830458
0.5962731959267742
0.6369236514155401
0.7835827620323371
0.3175563831112498
0.3597428123602721
0.5910375769918026
0.20472312338062088
0.26290457204864925
0.36792900764790754
0.47521918044118844
0.7338693620083925
0.31232789720815773
0.21402918987478942
0.4904400410409966
0.7347652907377413
0.39501122075593526
0.6328551381411504
0.6082782474349896
0.5558575807202465
0.6032226343652367
0.5515901645743173
0.5790043412358143
0.4526049193708557
0.752222124390712
0.27148753404252207
0.43163876776291904
0.4367741520750152
0.8531026010188332
0.638440341558178
0.8376213002477747
0.4105519455179918
0.36869031954795634
0.3678878112066367
0.518857050260697
0.6886088087492795
0.2135430313288063
0.454152494934876
0.7304340956237412
0.19661130365280866
0.28057083204039435
0.3876189376102223
0.4998100526716097
0.3724574976205237
0.6761636208488881
0.5246263137546696
0.747059405514811
0.2356966578873263
0.21393699592794793
0.19150568064429954
0.63129354155557
0.8442033472168139
0.23158370837525125
0.23723669253924376
0.3622029890951706
0.5419299558128503
0.6433242157804014
0.4972859634271496
0.6973610435446486
0.6992119494926801
0.9453131892488352
0.671186069000274
0.5109519398508842
0.10456247065050205
0.29511852690478413
0.5985333049382665
0.44894692235195266
0.5623689854910472
0.31557811060684743
0.7286568622951531
0.48071880377858084
0.6883420094542687
0.3201963002989663
0.4132408215549086
0.5492707427393617
0.6182863696514938
0.43160606375572375
0.6786313079786725
0.22479100413899
0.3741417426985738
0.6010579056876318
0.4458664535898927
0.6450675039967487
0.26960727578849336
0.3647067557362081
0.4105402438268401
0.743026118761713
0.8361940926672169
0.45798714080056996
0.4060616721334432
0.7376048323694137
0.8976827868845227
0.6083105507976952
0.5095778753136833
0.4212755432342877
0.5690909559039928
0.17380697575350543
0.27385804935268276
0.33794310314069026
0.5708166254861703
0.7783115361317694
0.4945894043153679
0.6898148590575549
0.7282709248244217
0.7156187521246863
0.5238669627946168
0.7850511580880347
0.4004755136565698
0.49385062731046137
0.6671175030270575
0.6912328107908026
0.7848298135691542
0.41987047535822836
0.5433771820191887
0.576778695271483
0.5154723891838779
0.5976732589741479
0.16723361959164626
0.4094324492358517
0.5797238114654609
0.3943481034542431
0.49056284729663474
0.7766286450101177
0.5900452662310565
0.7644299352538386
0.5725906049861459
0.7287399567341822
0.44724063533893627
0.6360141926269088
0.3145168696102073
0.4247589605185682
0.4977490980433129
0.6485840201997207
0.2053030057330346
0.23594904846707793
0.2169904881832117
0.30798268950630925
0.4280276580192029
0.6145427825524524
0.5836842195847117
0.6647182952373487
0.4452544833551501
0.7874765656325801
0.36614777759521483
0.47097413695497475
0.5525110184632266
0.5440842390664634
0.7456844818097179
0.43103896579459644
0.6501132710231032
0.584654797700017
0.5570022912691859
0.6075253266004161
0.640139823374931
0.684890406615299
0.5309951345374826
0.8706649010819965
0.5250962108974325
0.6943222158706795
0.5537340702454392
0.6704300962985886
0.23069040339364802
0.5327778281326804
0.7222704913710457
0.19226265759729122
0.17584129661601422
0.3203427105282031
0.30434273352110885
0.3837139450474928
0.7567475216183545
0.44042666179130135
0.5766773875671313
0.06282535947390123
0.16000502361082247
0.32235010543664816
0.5632741989193638
0.7623598952122422
0.37781273466053683
0.48735516276395807
0.68005625536597
0.49199716695200413
0.7362077939149612
0.27771043878061863
0.4927241725220017
0.6880952565630589
0.18000263529301017
0.17869934357834155
0.40809258874191645
0.547434672434695
0.6867453296821843
0.7722382284525706
0.6229863166415046
0.7849669632506798
0.37581005578083565
0.3173297773112207
0.41054374048661185
0.5494733840973102
0.6021115683558812
0.6778284149159031
0.5630860595870432
0.8373479580629549
0.30079274887593804
0.34137728350589486
0.42693633360371586
0.4745534598608749
0.3676990108055968
0.4377197373099792
0.6859262744515954
0.4503078833765336
0.8373117736352033
0.2726849116389282
0.38317406084358
0.6311247582373731
0.6633161765574732
0.5379607065426123
0.8513943635597376
0.5157684826401403
0.8628951911248087
0.587663747214152
0.7763672938330451
0.2823780536768803
0.589055190489109
0.6276973931729605
0.42301517893247537
0.6654673929807131
0.467069899843921
0.7089040900051305
0.3117114873798181
0.4955257992051643
0.6947273938709415
0.3863646886329837
0.8909158229626624
0.4948025177338861
0.6541771119108774
0.6729136737951762
0.30425519058914186
0.5345965290233813
0.8773739111811053
0.6363030340538334
0.7999174774693512
0.303292095160905
0.3431459777984294
0.41705315244831276
0.7416969498077088
0.5298344818403187
0.7240840682306138
0.344239013883478
0.43365561404870884
0.6556568217269215
0.11753175967250605
0.30321303957314655
0.539075337899467
0.42409607198825194
0.5866361215449925
0.5189352068028625
0.739055586119768
0.29140341742908404
0.4082348023599418
0.48319753262817405
0.7287579690477178
0.2634371762414332
0.42089659920037736
0.7475442228724308
0.1939674415593526
0.25013859805622835
0.2856010283817143
0.6591250149683476
0.4515167322138583
0.6126418897599193
0.4399095725224931
0.6814548079020568
0.4343803554697842
0.7444971503850325
0.8249672207374255
0.23956899202763157
0.3588324137928508
0.2574471828524895
0.3746292021110443
0.5364391072668112
0.2658379468121117
0.41387040872504705
0.3936308308787818
0.38920006426243714
0.7425437960838344
0.18918446026975064
0.2874830194232651
0.2292579478803458
0.38482451389034633
0.6366516197317483
0.5074516730129367
0.6780954242360823
0.2583120904841867
0.14316322449488034
0.4376012781321879
0.7283554089666558
0.507622101142025
0.6349825715286884
0.4841856922563765
0.5413554789174271
0.4288146750486753
0.5657026182509912
0.38493225295615346
0.4064251572847719
0.712589627781217
0.28145003476724745
0.39169585211244007
0.6280957803296495
0.4735777948014647
0.6736798593012991
0.38417601360690135
0.6993308240533479
0.6908136551273167
0.7405026713312688
0.8270623679481169
0.44693794458545805
0.6484308016806933
0.16451359760439824
0.2667882692132473
0.6940171015327776
0.6604635953760277
0.43468132989765645
0.7096652888218786
0.3240685876103236
0.5555532121166925
0.7589932257447478
0.3910590457122462
0.3546438084583444
0.6759360092594775
0.7770906125664586
0.7974474102902221
0.6008139573976321
0.6548136413407384
0.6368023495787574
0.8006496377014638
0.37893809742074996
0.4093271218497223
0.6229199406524366
0.23831427577157416
0.28119979749719587
0.288079481771272
0.0
0.18834181068157002
0.2867013454444454
0.4848166240288019
0.7539495180611868
0.30674249019256683
0.3549225032914572
0.6923783424790262
0.06452966300674551
0.09971132069678189
0.2018606869420635
0.260116363772802
0.24730961916550273
0.6326931431647157
0.5170520927522582
0.715454073344575
0.4875516660285588
0.7762778068251481
0.340372142933923
0.5591432821896146
0.85957774830907
0.3024224141221175
0.3777708140676413
0.34093845332474765
0.45773223777804445
0.3591955766998684
0.367933345043144
0.38916575469877146
0.43016155645739074
0.5430648591595747
0.6662172913495773
0.2517842048456486
0.46537000448217514
0.6293454795484233
0.299560686642414
0.5182352048863808
0.72161725429935
0.5042383375168152
0.8310252634539044
0.3998769992717641
0.527926330683601
0.7440223813122019
0.15932594054780297
0.5179169641291183
0.6055661308656223
0.1452196539188844
0.3740156947344867
0.3642267331509254
0.7407812851641363
0.7585657391086585
0.6743297414152121
0.9458170270385923
0.43494852675408924
0.4773065940929385
0.8369761830371507
0.29008960574019577
0.24333136759058155
0.26195191821367336
0.4684612503683261
0.7194131597301272
0.4013592301395108
0.37025328504979854
0.5290032743370323
0.8191673967972526
0.45130005840912624
0.67168939702803
0.8092225791077065
0.5887959455824305
0.7564899735241316
0.2429724459257683
0.3125420400588192
0.38892420942315054
0.36966179217928574
0.6263712019079547
0.8204662620652675
0.22397167140394533
0.21299340136796255
0.38454300421770365
0.4793918142665648
0.5727103786198795
0.17247705987407794
0.24851633308459864
0.25303620077969585
0.6292322865030394
0.7095727876757272
0.5558205019210337
0.8510219417749874
0.35640764780458883
0.3580573125636975
0.3234749132028401
0.31574114079203736
0.21752822690968904
0.1648087922854301
0.24226592350197718
0.43961984842235813
0.8175503057897054
0.5284800447696745
0.7659406175122377
0.20629111016256774
0.1970092549378094
0.3199301424625436
0.6366591113346992
0.5505440473777937
0.7168173305206457
0.4554396490631337
0.5997087239050665
0.5749557369408718
0.48989366916215255
0.5375571520422457
0.3021377729556361
0.5107759231592881
0.7930389377207225
0.4001295669974069
0.5553489349304834
0.7908538270673033
0.34488153738071436
0.3278488151336781
0.6564353642136058
0.7507559185875412
0.3970926952993004
0.6170684272012222
0.30352612485263114
0.7789410413283059
0.2663806952308378
0.5523960118931995
0.7806119605465615
0.3660564816361149
0.6353064569478373
0.7506626247188344
0.3533455308319921
0.48842541338388495
0.45451405528014754
0.6784243298878033
0.2612106004715533
0.2574221906399307
0.2585646794885099
0.41992342337201854
0.3216040231179453
0.5440934302954672
0.6631601322836412
0.40719950432724333
0.6578524367259813
0.4424760043581698
0.7644168219664111
0.23838137146248492
0.4292852957851528
0.7053273170373555
0.2674249594273587
0.28636212665731003
0.2882873634651236
0.6210885152818042
0.5949770429413552
0.700038880290743
0.5479762420823593
0.5946456314774067
0.2793894890758045
0.608620227737004
0.6311181084676375
0.6450473348569479
0.7355636976913563
0.23925896891595064
0.2327646948725205
0.2970871814113265
0.5434706370163289
0.7104062353429157
0.6463454088441094
0.6829939773321854
0.5718983020455374
0.6715985716979143
0.4653229466458389
0.7456064451200822
0.41334641978025943
0.6456894008033018
0.7137540584831378
0.32257002199361084
0.44252592743480773
0.5749533211379698
0.5150328108196504
0.7818480475917228
0.46265705122927525
0.8226764377687347
0.5139982581803876
0.6834652774011973
0.2786935902576831
0.535724949535013
0.7376664282573074
0.4801651105432039
0.7944585931747852
0.43883749478830153
0.3334368809764342
0.19173426790165932
0.3715059200393263
0.563696420833757
0.6223949731220759
0.46213068622018577
0.6603171807830782
0.36344899973958017
0.39869932665420593
0.43697088521133387
0.5684394762356012
0.6161525182698161
0.5462631672460158
0.6181529974388975
0.36461682623828456
0.6410980897391672
0.6361679377086602
0.7539390906144966
0.6472215310745644
0.5839446210613448
0.6519591763359112
0.186993181260025
0.24099596527279304
0.46267342703250747
0.7272743582755851
0.5724101680214335
0.745877034742548
0.579831157078166
0.7401470914605213
0.6342969389713073
0.7766948213273289
0.725639711601821
0.9887703262273825
0.7453431120870397
0.9899187918390897
0.42256349538274085
0.553025729114165
0.7299576692955121
0.4323943079684793
0.7757474915189495
0.3360997776423699
0.5532994195847978
0.7164374225049434
0.34468835713699586
0.6359516437272834
0.29204647095347014
0.6155446800708189
0.5740800250877135
0.4291703720435507
0.6898575701623073
0.2557462019601619
0.28419308440669994
0.27020630484445096
0.3712038931264894
0.3446909497751086
0.6799006455499921
0.3337455734906448
0.533648155770471
0.6208443532616675
0.22922742693870074
0.7629882929740718
0.2307985423333789
0.4644330830976241
0.7509134197082298
0.5561729947094073
0.8547291171613131
0.3402649532478641
0.22380277908273946
0.4313871365343905
0.3896005353962751
0.3295089424684318
0.5596051642093167
0.8223937758257573
0.3724740953082483
0.49734964706417595
0.5970497818104934
0.728085252320486
0.6482272662814045
0.7747801217098297
0.40009200126149885
0.6694602374576616
0.34682730728229555
0.4762467980955957
0.6874975722351422
0.2612251452099413
0.3367871993574266
0.6969048343437888
0.3046795203083363
0.48300822964781703
0.7658713656109409
0.4865231689242353
0.7177757509028233
0.4511826239357811
0.6284584914730837
0.8265278657680709
0.38311412956426594
0.4156881646757748
0.654884657836494
0.8088530499086487
0.24164617187423185
0.26537118157714884
0.32508447855958006
0.4609649036832227
0.6542566374362295
0.0713804478708511
0.36336394686055873
0.4608421842349015
0.5456824421431501
0.5431562493357798
0.46551633734708026
0.6381676537458204
0.5355467636165238
0.6485022554534813
0.39497665344447425
0.519952354238734
0.5401785184976233
0.8191963163561077
0.4584976372762323
0.5485678213286291
0.8408223574535887
0.35205996473247825
0.3537685521561471
0.4327766729584973
0.5872787831521481
0.5828755981953322
0.7933162345185848
0.32180038618797135
0.5078048592699097
0.733223838287984
0.5887986760397518
0.7140022615828839
0.564867075481112
0.8344373044009825
0.5480601935157408
0.8678209042177557
0.39848923591850494
0.37700841222210696
0.42530379625551834
0.43777668881862764
0.7092479418484847
0.7761796284569352
0.41958073060625106
0.43922324297679577
0.6972492545292612
0.7195775293570527
0.7660309101579391
0.632841771411841
0.5826152121170357
0.20754638047139382
0.5102036299065734
0.4150705705298922
0.7549142210272994
0.4169821742774664
0.5143723943698104
0.6748178839481538
0.48145256149445403
0.7057395677332338
0.20019552219424983
0.32501872587625513
0.5466563542161549
0.7077232019690093
0.3766260216608264
0.4472283808489785
0.5267047055820165
0.7002345538222109
0.22977143430217692
0.2916195504421229
0.31317907278718377
0.27831898288662715
0.6173729970992904
0.37256480712103174
0.6522662900355981
0.3602447662325225
0.21741358535416946
0.18700665222803556
0.36373407849019773
0.37737468421555254
0.2103502369831158
0.36657511326529607
0.4353902952085841
0.6291039298645138
0.58444142083752
0.46112515285394096
0.4964624717537326
0.45518307731763963
0.7697954920143255
0.37187119727202755
0.4527743562219985
0.7878767822659343
0.5051806900706077
0.9742978792552217
0.4649991551436052
0.6021197726914574
0.6484469692084124
0.3604867894635763
0.5890883249289587
0.09226175312256533
0.26270042545449734
0.2393752215890389
0.5750589717179321
0.7578831242854828
0.3788724126675765
0.3908341925520885
0.6671332495325193
0.41934553018361304
0.7923948998713535
0.3432968828386771
0.36706610276921897
0.7207462198222885
0.25681521128020374
0.4752238754843365
0.5997892580874924
0.355000913232759
0.5808138702258109
0.1887599724802205
0.382386001978943
0.5950528964856482
0.38438426445202317
0.6845867660679404
0.2928140917511592
0.2428173569428557
0.42525556054747615
0.6145983843855455
0.37297056641258564
0.2587651491735565
0.36523983434442225
0.7242906721311002
0.2517685207511098
0.5014115513920687
0.2970926584831224
0.7100007600791518
0.9088993344925792
0.5623385258405669
0.744410763050815
0.3210690554683486
0.2824062041039396
0.5221084401522429
0.27398908469038347
0.5490351680649372
0.5154900405538075
0.7198407302929297
0.26960588020436066
0.20597484211805414
0.45578339948368457
0.6920406081953988
0.3010564022247883
0.5339654059875337
0.5909564156448046
0.4588749692800209
0.5973586725867862
0.14398226800828876
0.08343518190369012
0.16692128858580862
0.37255108554651345
0.8179946964361828
0.5081905796741665
0.683995090962135
0.8621217550922907
0.6292915771089029
0.9177758009232477
0.5580063396018132
0.6686293787659637
0.7249715342648286
0.5403266308325735
0.7643690663733227
0.32278387119230995
0.45985874195713355
0.7572403989670569
0.5934965240782225
0.661175230936105
0.8238706690284954
0.7811545214345283
0.8218969797224542
0.8733135872279235
0.6275463382930633
0.8441540915933564
0.30179520068082394
0.3801184707534243
0.3140694817624211
0.3957744116493128
0.6166073887855255
0.5740076193661885
0.5930519736621318
0.5919434359755034
0.458814774611837
0.6881007027954847
0.2915840208053728
0.49439104254525307
0.7147918350612058
0.4114203420560455
0.6464132709934488
0.3697664591835231
0.5789173943169864
0.7673030158602454
0.33550842518441953
0.29865332581301257
0.40099046596080273
0.6803921889557171
0.8970681578062807
0.1576947386061832
0.2938444992543438
0.3856960560387547
0.6158319234551546
0.7599838267572278
0.2790099674364081
0.40268534140436874
0.49355420540032124
0.8803859629124231
0.43448244488249455
0.6333493789463303
0.750467742485194
0.19395138892594685
0.08292535449946192
0.16058630032859963
0.23645307089107248
0.32387244166251594
0.5721336167330074
0.546558416047971
0.8213691374075465
0.3920408958556408
0.3500763539239989
0.7234723699763609
0.6960015753230057
0.5979213462805142
0.7874200815245621
0.5625567132088267
0.7080216351395887
0.4790618168125932
0.5628089932303832
0.695880372535536
0.3206588498957741
0.5203905603475227
0.4701876125085774
0.6825522056235646
0.1683426029771753
0.18011704108632554
0.3655388729887348
0.41341288915527413
0.6949790037003264
0.4365349125942871
0.6010714206581697
0.4723191302210598
0.7224471944842409
0.7663633103646241
0.6728883916810615
0.770382516205245
0.5543797627711263
0.6498624342220392
0.6291006941946035
1.0
0.4130876614545427
0.47599464161265914
0.3423610561763597
0.2288011443817143
0.4389503152229979
0.4776440081954283
0.6687944033180331
0.29983424885852067
0.7042843775007338
0.813099121569758
0.43766611055441484
0.6671629006873806
0.4461225317803059
0.8138475144620778
0.47405078779820786
0.5948410820418311
0.8552059105895548
0.3600328024063931
0.3971486209700604
0.38955757237108524
0.29220479318961734
0.28758051686047154
0.29397112403268444
0.2987743381353531
0.47785223759463513
0.18233813868305812
0.26719384306274724
0.5121811980315173
0.8289330546609023
0.28525259122178376
0.30966406435922034
0.599428781535835
0.7073203123509534
0.33950657168777437
0.6338447297205324
0.3509785675875489
0.7245591545945078
0.7705708394455655
0.8269665206759013
0.7726212969376203
0.5239911335147011
0.7675006232731657
0.3285607923473902
0.5485721982419003
0.6810404116019585
0.10635788876628176
0.2777717783747911
0.295038683560238
0.3292001373314749
0.5165844347173788
0.7466817679816967
0.35398110579119774
0.48042583288749346
0.5138625656652788
0.6866473406802343
0.7456389342219909
0.5019952833640677
0.7686609589533049
0.8981188245614959
0.5719998466125503
0.6474233662311403
0.6409806362855719
0.9422703903595548
0.36395125363294345
0.4171268160833876
0.5849739183442921
0.8125910965965985
0.5662890909209846
0.7894942145552678
0.14340536158699999
0.0439044272265319
0.2895140753939771
0.26483913608056564
0.22411945866921582
0.25229762688879614
0.4375918026214559
0.5361411292075768
0.2522779672300068
0.4441113385153153
0.7596772443946628
0.293867051306116
0.5356969263979502
0.5674489682383611
0.6387556531944367
0.21268862079083348
0.6292628766063832
0.818994810284687
0.1873647838106335
0.18549837113048764
0.3107328664321854
0.3981267625968371
0.4898502244216019
0.8349804279573471
0.5376165603449541
0.8423727524524511
0.5461458268402163
0.7900736656665199
0.3832115578348573
0.25792745564831404
0.484797777408428
0.6916420759388442
0.3600876788590645
0.5727966128848392
0.8143467549363467
0.3994927326554499
0.6133218072447824
0.5040307064582604
0.6235499437741804
0.2301568127307457
0.41393267539707546
0.33516820342341985
0.25836105077762966
0.3080242445511717
0.6925072945381046
0.6637533935165191
0.6283008351240205
0.6713076085735319
0.42810476641666373
0.8180153134997991
0.28508931886316696
0.2769898661045015
0.5201606975282737
0.2689282114906079
0.6233390631114445
0.41814923322897585
0.42454473153910915
0.3352512562909996
0.39160007162863375
0.7420552550058769
0.37987960421533595
0.6363271575596277
0.688027008143731
0.5883836815210723
0.6621879207968668
0.4474788822283056
0.529311504466945
0.8715327717638216
0.3725181150724625
0.20619890060838808
0.2704490125250971
0.3941358124206592
0.6184414871542296
0.5464576100465891
0.5422066260243014
0.5270444561735561
0.5867655024579215
0.7060236123475974
0.7107450913534312
0.6631787262448408
0.258993164128155
0.4844403884524628
0.5549683239513031
0.2508075143261399
0.5932476911163941
0.7696434393841551
0.2400945364203097
0.32848152644948825
0.4442962689067191
0.720519496934154
0.48356314590556126
0.822127935727657
0.5823191970725854
0.7566439147318599
0.1849202815907765
0.291723274956309
0.44579027979651475
0.5161001138558123
0.6046614977499537
0.6149382271564642
0.8303342812758542
0.532245040739614
0.7520817204181621
0.22093110486334946
0.258969709220134
0.3427127039442166
0.5909383152507576
0.38328289666726206
0.5126057332431788
0.2666980955919723
0.5037686146739137
0.47271515527546876
0.5994079489568437
0.5808712572901908
0.7334375451365398
0.36614941981965987
0.5874056343009296
0.7992377484508072
0.3775990249720441
0.4906990777991142
0.6387351046134331
0.2850678521430317
0.5462191986255901
0.7199868525774473
0.6065524033018148
0.6927884303542878
0.36351699988300695
0.6334272529878204
0.4235246980964004
0.7977857712783528
0.24690037459993927
0.17000195612940924
0.0873419307591084
0.16455563109518084
0.25394943193266306
0.4270146976199232
0.6571278436467339
0.8665541539254522
0.2874664730483898
0.3219995547885067
0.3086687253298926
0.3466524067813659
0.3686494372370292
0.6787147626999458
0.5761937643429953
0.6756292132457291
0.19840136425029822
0.4149537934161028
0.49110267465732094
0.6096995424010673
0.17831075163933066
0.27169251790805937
0.43573695249042244
0.6741759920952588
0.7004619926450069
0.6814405859310534
0.6162809442684075
0.5952337733314053
0.7014647136945211
0.42078060024303954
0.5900018382971066
0.3463398893824573
0.5930090226252096
0.16592390171761817
0.41732311902508806
0.668900319484468
0.17031461874694512
0.2005004093137121
0.329141356773432
0.5841761360975445
0.4254368520015413
0.7774904920491547
0.32760230067344337
0.3663851340762802
0.6851959501500475
0.3442143787430943
0.6409441393697884
0.6576339158439093
0.7686482004020787
0.5807727788245097
0.624355582609809
0.26787061250893396
0.30566261349188445
0.34718090590048817
0.3189713703956434
0.44219318746238223
0.7117967036713806
0.30086685949873193
0.38273298783168913
0.5010193994851943
0.6615420923745425
0.8913614734323095
0.3768438868610006
0.41454547603140063
0.560664294857187
0.8758749427487976
0.26404649562089616
0.37099538190124093
0.42653218040151764
0.674676095020966
0.2579578023068059
0.3674218421274585
0.3490837018617284
0.48469763913033687
0.7318180520609097
0.4621646020025479
0.7388532031879093
0.45376436794187175
0.8557405095439322
0.342391347940551
0.4433428895588474
0.7521833524533627
0.5183179969064905
0.7591168223957651
0.5212333601418385
0.6762812820961396
0.6458670732911721
0.6175206825458749
0.5314546538838348
0.7473672306851001
0.5225574501623534
0.87758447420049
0.4282866440527284
0.4602198095995425
0.4377435384739328
0.5561022993726416
0.8235392236847133
0.2970924058685509
0.3932314220523707
0.4131756424609482
0.7577172638679243
0.5422603568309607
0.5958643703778297
0.2347797573412952
0.32206769185442546
0.6351408064881404
0.17634312164609592
0.305657559169831
0.5029690630013798
0.7885296167692888
0.6326125584321665
0.7633435975910249
0.3769666571886077
0.497729389056654
0.6593148348254877
0.061276765282483756
0.2990151382014894
0.6379811135746392
0.8482085860233683
0.4743646362664642
0.5606751593467655
0.5898013495670452
0.4510010291620233
0.8042391198708901
0.44486026379166754
0.773072943045518
0.7088487698547216
0.524049917436575
0.6660571462156506
0.4451530700538692
0.8900301653821548
0.47719708993295873
0.8232794988994293
0.7000827410914716
0.6000061721933259
0.6481019645922663
0.43046108345280554
0.8019347672941796
0.3507255003523046
0.29450485743594956
0.41931473956103954
0.3506894928824664
0.28776498670712
0.3750743637974179
0.6759321179469494
0.4328095084102052
0.7099648624821564
0.33723380636920447
0.5203717026606983
0.5855371897200301
0.7308878256663682
0.7461011430220994
0.49381446006079055
0.6482042386722455
0.4134979733912992
0.6683423825239557
0.33739593778694216
0.30969911882071255
0.5433257726499232
0.7539514083005644
0.1509221888262219
0.26269808693174884
0.1853412260994776
0.3336082483668957
0.4781857229600831
0.6995815296138391
0.5281454142330142
0.7614965765955429
0.41926997847211517
0.5177702670655442
0.7068527029446074
0.4788220349454026
0.7186446929902499
0.5139741738162844
0.7860149763187672
0.43429681253112856
0.43195197732173296
0.8107572809986092
0.4324571235126858
0.594718226806363
0.3643003599808213
0.8080501155099084
0.49002491532722003
0.8299568741806483
0.35371781921996304
0.44764058008273977
0.7107021962143156
0.22950780578667326
0.21015236217985145
0.4319267282944392
0.6657947903931624
0.2895301152321975
0.24635423028785022
0.21030637871526847
0.2670650601333266
0.595513232997917
0.46455801092691035
0.5881024347671685
0.29882963674384444
0.6589774858742086
0.7208608358343096
0.5038766498700508
0.5973164524904723
0.21595080286325327
0.34788670886643003
0.3805130256010698
0.3908958906522067
0.5579044408084158
0.5337810771638755
0.7848607236644681
0.23913546490758064
0.36209289311305926
0.5437047867427632
0.7976523719540831
0.39478170394434015
0.5949679847758376
0.8656570672562484
0.46236001261432635
0.7026681625005203
0.7762662689874865
0.2636315068091864
0.604724552658105
0.6918034952974256
0.3980298649992994
0.717531602225726
0.5465473409491625
0.6452125784466101
0.6004503170085522
0.7204629539382709
0.10732035260912662
0.27680134144892804
0.27981082250636535
0.6556964503018196
0.33032252218079317
0.6499522756533591
0.7619467567775888
0.44493567800051687
0.45412672138748506
0.6988893180477728
0.6439372244936804
0.8331468781109634
0.9074165098627829
0.8609930812672012
0.6129349824495081
0.5997728411394366
0.32606568920769263
0.694425837165455
0.27264902427965676
0.2939012344655207
0.3065903133230294
0.1906291297955891
0.15377692353557854
0.3169052102455346
0.3019975503417261
0.41989362071467523
0.7476201934094416
0.2539835346593735
0.4279844466710536
0.6792508871912496
0.8511667602753128
0.40144193623064633
0.3091686634903021
0.44432627931969837
0.3865054472639616
0.4623733341292612
0.7687084032469695
0.4407298379316242
0.3617153080499225
0.31241938271475395
0.4222278811309015
0.7142431010301007
0.49679095340373114
0.5388843966088702
0.768561704445344
0.310113631853357
0.4763311099347811
0.8016506618438634
0.27437253174500487
0.3416442097391763
0.3623458408364444
0.5665641143431165
0.7284097691193887
0.292416103363231
0.44631821469462013
0.720519566087835
0.43519757373695284
0.5453055316414653
0.2269091667078585
0.4316497524387053
0.48752353007935456
0.2015484044022619
0.7011398357111763
0.6594736422454763
0.7407672898339027
0.587256456122842
0.6025340237425323
0.3469681040396857
0.5885636854782266
0.08076582172359274
0.3392089511099895
0.7427850603836846
0.1843781136103508
0.6211260310875182
0.7377307384942087
0.4229390159704414
0.6659357743225661
0.4300233042480109
0.8977400702049596
0.38909370562850604
0.2096347497164958
0.3476060064326944
0.542252353550074
0.5993521515076385
0.26402962987000894
0.14878477570111204
0.4884704723668475
0.7627456271260267
0.2368336900907836
0.22907202180015532
0.29953894634073075
0.5345489819892889
0.7536992072209281
0.42999476865835345
0.5845214325051956
0.0694515973532718
0.11800387284292127
0.42332251240858104
0.7013416978490483
0.5432308570806862
0.723939733157657
0.5888289308189436
0.6544215284131395
0.48548434006581515
0.8239200403588625
0.3158985116221048
0.38359312035966786
0.6653118439402217
0.5370631913804731
0.7014817771192787
0.3517772749503486
0.5160565653861373
0.5845024992644486
0.5414293705727441
0.7872105793635172
0.46977670163227975
0.4992761130845074
0.7721566319697625
0.8046051019283903
0.8540901382253543
0.6554881951614944
0.8747941184826731
0.43807431754605375
0.624902766844541
0.7836038819223163
0.4279780320024318
0.6239719063056923
0.8583760811944435
0.4656567276883777
0.6230702612601725
0.7384073996329032
0.5485642831028903
0.8947545753649916
0.5460273651533583
0.45164228983821575
0.6150280875533677
0.5757051508511831
0.607392630140709
0.5695272262755453
0.744147125725655
0.7657505909692055
0.701359710098387
0.7269504527712686
0.6280229115061179
0.7962828940013735
0.5689735128317037
0.762998354046748
0.26837097788303915
0.3252186628051423
0.3892041326501256
0.5152987782114189
0.7410375931713675
0.2899388588435679
0.2665826282864231
0.3176019840196167
0.3007962892272678
0.5212603044627083
0.08500569042773258
0.07394797450436272
0.3378744555008264
0.5784428652764898
0.6899272145313436
0.16176775862503692
0.09616348092223699
0.19889978445003395
0.22254174613385416
0.4689814735994073
0.23029385149324888
0.5157808597115092
0.5694587087677754
0.5045283014297604
0.627418504482206
0.30044427934258117
0.6958250493841075
0.5469140496498022
0.5185541000021622
0.6756528580235469
0.3663417744446222
0.6399742397144133
0.3412651719512826
0.7350282631777231
0.4912733950404547
0.6097348042558657
0.4436814744260318
0.5628026656309519
0.45894103971079875
0.7152909138536443
0.322544368037984
0.49168022590121857
0.3999856089282861
0.4907315118207728
0.6855810306733491
0.8474598301063988
0.4583845843129439
0.28086155866207657
0.41427500039274473
0.5982305885455358
0.14687884980325208
0.33853988100315463
0.5931721749777242
0.5232215074076368
0.8218215482135108
0.2628846042466313
0.40925118342387967
0.711277249471779
0.29654149738519037
0.4659950271786611
0.7417269954552121
0.3791695489126576
0.6158693834792567
0.7601919175569202
0.18504431029455007
0.4779176162714937
0.710686332724009
0.3809442021658753
0.49205434599679837
0.9023738503498521
0.3890335367254221
0.4396538990407445
0.6459049668322567
0.5170906984981616
0.6958051734468437
0.05335146359909093
0.13878099895460302
0.12879478763734997
0.1648427652054727
0.42139010747580147
0.5434635836405151
0.39056403469014417
0.6697532425809911
0.44220770400677384
0.709594262954538
0.2984979085886358
0.16419206443448373
0.3148598287889627
0.3597856893384978
0.5554658079630855
0.7065891383500866
0.44523790641685945
0.6004899067928859
0.6865760486816221
0.8220868251620261
0.6041312773495963
0.7809031279176032
0.29136722476875393
0.4604294050532351
0.6673183663294853
0.35175776973691025
0.671652065057095
0.6908238924109054
0.33278015380081394
0.7178344741592207
0.8077580505525267
0.38489583037772934
0.6848724858448885
0.6041389881718754
0.7205385546059243
0.6476991063694841
0.7495576469885583
0.4472807428468145
0.7193778419977105
0.7073214045849299
0.5428856313604196
0.5727307642371264
0.5157196622186331
0.5966495669897642
0.3408017121636004
0.6450438117236468
0.48655323010674617
0.6581030904042172
0.1506707576706819
0.1555340311801659
0.2570835171837098
0.6114518621054044
0.52520338324898
0.7034592736021066
0.6174292710585874
0.774701441446967
0.2701372156535689
0.35563248063370245
0.6181408329990304
0.4750450842607742
0.7421504051381858
0.26741643122498965
0.2932262310220495
0.5451720527546867
0.6838561931089574
0.6594942196019555
0.8822371287770419
0.3622105501319029
0.36445693809051344
0.6889291560824654
0.807257845243721
0.3941226544122901
0.450202785916515
0.5629639422876571
0.7555669816590458
0.340329107166371
0.3914378674762518
0.5130316281567878
0.6158470188834466
0.5181220630139033
0.6946868528155073
0.09964108771010859
0.11772826890347105
0.37063781508848814
0.527124396137332
0.3388717340362456
0.27258969650923826
0.1779784425522207
0.306728615529517
0.37562930537020395
0.6615940811867036
0.4585442414979922
0.6178660386780869
0.20294156058714308
0.2757853537038228
0.3912090858371715
0.36627558239803176
0.44874803494935994
0.6299562826717182
0.44959282214919455
0.59349832996696
0.1973818505098685
0.27968661903214115
0.32938825772221153
0.2857153221764358
0.6049156318076776
0.5735251192048397
0.5431771173950931
0.4980608765657588
0.6278366729368341
0.3553012753346136
0.6028102232180251
0.3191102745818972
0.4102454903110411
0.5660225158216874
0.8063895238356852
0.38477182202261784
0.5925539179467635
0.5444632965228339
0.8651695226169488
0.39215996304113415
0.20580524084302929
0.1499449140677684
0.4044832124265929
0.6074291748986634
0.6395825614412998
0.3472946742004618
0.6737590912044162
0.4224887553144803
0.7040598170575775
0.5617986866348448
0.8474105947708717
0.3783944585748804
0.5274468593260692
0.6768460060824091
0.25327062985682985
0.2892777133338127
0.5042906164938502
0.665866099763762
0.16379945579331448
0.29580183179354447
0.4532582421215702
0.45101989267874715
0.6043721217301002
0.4641250619890388
0.7018278391086161
0.2312166675787633
0.2831468712499349
0.22118289884191453
0.2969483866629603
0.39775894143280616
0.699634270702923
0.5457295216833777
0.8469514831822313
0.28846229145693614
0.4172851607888062
0.5617280337393552
0.7391759098006618
0.32370579658221593
0.5005060075533677
0.6652146474070677
0.7208615758708217
0.6139353713817771
0.5737172389492186
0.6671122022852766
0.53072296665594
0.6221189842345712
0.500232358846975
0.6683912110445239
0.7215526397471312
0.4708810812964994
0.5827723698001859
0.3889160090829343
0.7199433796357796
0.4598417570410379
0.7945836571771984
0.21231643819580376
0.3093705625150355
0.5376190943969954
0.7006922691427439
0.3474619183212316
0.4951335981312046
0.6386301024822908
0.4234256477893543
0.8197993021549523
0.352502344553159
0.5670874565704817
0.6298625975075395
0.4669418840369216
0.6946581759573999
0.39927827631416984
0.7154658884213104
0.7800643965695828
0.6110507866999485
0.5598825714093489
0.5162282020827288
0.8479788475068999
0.3410297391458343
0.37844512708667466
0.3718916728395456
0.5347544556038322
0.5506353178203883
0.6662694473385492
0.40748291969530936
0.6109220508099867
0.7937463402124644
0.4195271142570672
0.40452894314029525
0.3645074709898723
0.27567644191693197
0.5554003342940145
0.6369379288023553
0.715900989314147
0.7030392595652427
0.6874875611066301
0.47145859577500243
0.7494244169972919
0.28066869120828025
0.3932016148694252
0.6785940258803227
0.5103413973915544
0.7250084487675403
0.49644127275646577
0.6075867514027327
0.22699397993925258
0.47088336172606754
0.5605323477094203
0.437049126903883
0.5886727038857489
0.5043347519148841
0.8478951342468074
0.4616523986794022
0.42359183356859753
0.9210037340912817
0.6243000568875978
0.5286729431933517
0.8232217089472551
0.32204019016367563
0.31922965953517995
0.5146395746894601
0.8010646381095378
0.4858307445201109
0.5806546595732559
0.8284874012441098
0.4344245579541684
0.6045559299600888
0.6877909631600302
0.3232647234334022
0.4398097363567899
0.6121446804837574
0.3545862056016458
0.5753533217271506
0.49436278451629934
0.6308652035839919
0.5025160138131991
0.6993904626205627
0.38206457161394214
0.43295047970078937
0.6564865603778016
0.6482235297923524
0.7219786539859021
0.7120143823642368
0.7390256111236659
0.6299667131168095
0.659721623863483
0.23122523345726284
0.5062699233089837
0.7490513637177116
0.2602255207694086
0.26547260447085375
0.570275568236122
0.7487638645361681
0.28725953295024514
0.27202609486671825
0.27467377338700427
0.3290726843381539
0.5568175356997033
0.3420190179188929
0.6518944136794927
0.21622378454001354
0.4317954899801023
0.5453930023045617
0.39360435559858387
0.6430088221541902
0.20879758291590253
0.26741603854238694
0.3633281780922623
0.3353699469285767
0.6246574536528074
0.7296002291185014
0.2536658788951318
0.3936641375599985
0.5897918945763267
0.4781941685844858
0.5969650027064405
0.44544950726887106
0.6858067170405255
0.2649251908939808
0.3958196544699254
0.5837953261239361
0.7439020925798524
0.25126879347849396
0.399507993368718
0.4481830924291852
0.6257210378828784
0.1669479636744682
0.2442191524954141
0.44588772911183805
0.6951203643269567
0.5932916893489442
0.8668177084157598
0.45384346276042775
0.46638051534770786
0.28837748340736435
0.36880513879099874
0.4935313113340825
0.7665523549003702
0.48829562401396165
0.5894062772087884
0.7844690539519723
0.6081934555401659
0.6955439954929302
0.2852807915063819
0.5251788908865224
0.5353089968797746
0.4035811287729328
0.6617605970630714
0.32196929354507214
0.4208007612669593
0.5683792824139833
0.2324941011266393
0.2634548558507581
0.647776356539207
0.4192636551017926
0.6208050493515018
0.6629095311006491
0.48275271480561505
0.7514619667995188
0.3716397806869291
0.4648093888997623
0.7549299836033317
0.47411920805394164
0.6897017268516304
0.7197883340696136
0.8328857790810075
0.6586385419535574
0.9373478688642735
0.4112684543736502
0.33773427454322535
0.22481456760494006
0.28735308704877305
0.3341732747638697
0.3325426413109105
0.5423039909596236
0.8446367325305373
0.3434442552657525
0.4241241209778324
0.4120489167827622
0.4764988806100852
0.690839820080473
0.3974894850705698
0.3437446564742812
0.30707418610321247
0.3734148121696815
0.7777263668312097
0.5042963014638294
0.7765097436905207
0.30730041894792864
0.19520651259920327
0.5777341627885875
0.827185079321273
0.2667988845151982
0.2786297364515057
0.4849157137599222
0.7265462303362783
0.40505973531673567
0.42780176210861215
0.5932769443207977
0.4766550806555443
0.6718811180450536
0.3699628165427582
0.6905881654576231
0.5164438555281946
0.6150189507592679
0.1434928982583071
0.23261299867197271
0.5591234518503788
0.8071012284065714
0.4611039756848049
0.4682888229458149
0.661114492030345
0.2353138193851902
0.5483645670010308
0.3839553305204201
0.6388776013044266
0.6119796975197407
0.7421320020668499
0.4721855016232978
0.5581927966224809
0.3724541312652184
0.7512802793919785
0.36977014408041226
0.5931896205984253
0.7745319522400275
0.1659971889259114
0.22379057025652863
0.22709656061689773
0.4428979219822722
0.6529621671142248
0.7956759987202507
0.37280639628501017
0.20887049604243904
0.07700563034211216
0.07338836314662951
0.0638931893011885
0.21528146201104226
0.44057312894562145
0.7860659698039842
0.23271563162339584
0.4368200089658829
0.574141730408305
0.4654110229629317
0.6137985122637373
0.7207910200629514
0.7961251029634784
0.6056272553504648
0.8292754814954184
0.3476863134316157
0.49508672078427984
0.41125975113039304
0.4957215827402699
0.6352935506445393
0.2552876826462531
0.496820490735443
0.6506547899779597
0.9598556274774916
0.46286561719929764
0.45497483921344223
0.6265330164859394
0.7544757769330623
0.3028255987639725
0.3186574000154887
0.2858032037768187
0.27366257903102886
0.3065500147044675
0.4929561561392012
0.8068731428784225
0.1971527352261825
0.2396219916504834
0.4297653174658765
0.4371696948103012
0.6662774866721962
0.23364452209836367
0.35157421281620793
0.7745106808364204
0.4129538881860784
0.6119125373144767
0.7275230857441035
0.2774240907196596
0.5594386045435793
0.6341640532768946
0.4848965208310293
0.714408059646119
0.6380168308136452
0.740534884022557
0.48645235185366165
0.5408145761406394
0.8576821990701882
0.451146692710777
0.5937846628005076
0.5656993587972428
0.39213585568314646
0.7655581073319366
0.368297478467746
0.3285156795305778
0.20224274811123155
0.46683987259718257
0.7651775153888478
0.4479476526970007
0.5690190532906979
0.5615093947114741
0.4888719141864766
0.5918469460176479
0.39187117853723813
0.5727920068680683
0.37594910856826314
0.7476607439548957
0.4564200542271569
0.5321304042505781
0.4559615434683029
0.6955542595452464
0.39521762368048396
0.5286601643392222
0.6676051361029658
0.23259266025230613
0.3638463903363399
0.5270935859161202
0.2484137164395774
0.3595982828838415
0.5817774413665281
0.14493888273816677
0.22481037517563482
0.270533253380252
0.591956217502534
0.2095958252744001
0.2338440239970845
0.6117801962829477
0.39389434479676855
0.7139564381980269
0.6755451358255843
0.7736554108026944
0.4269878621589188
0.620096120025537
0.49841277081958896
0.8472561128615037
0.25587964315663886
0.43919938544634046
0.7607796159539502
0.4087763988611287
0.414095640112872
0.48312577762491005
0.6050649179152442
0.7094306304465112
0.7882691520598043
0.5045674681255715
0.6876303491938964
0.22754283293694652
0.221075199003024
0.3969667880787374
0.4566252277889453
0.6952378415757194
0.6784054512434007
0.5660493064268076
0.675850983145931
0.42218186821396625
0.6696044841582854
0.6318788429394778
0.6393814025330119
0.3223086676473242
0.6136742624057157
0.8304001661136959
0.5164880901797498
0.7684472051223694
0.5165196250118778
0.5721712372362914
0.5596830541860303
0.4532244504674113
0.649003182805833
0.2475883496257855
0.27770527984892684
0.3333163191346298
0.26664323104832977
0.43603909287866793
0.6752388839458544
0.4081125937048441
0.6355914917877821
0.27327368460032886
0.18047003828613462
0.2361159521398922
0.34090320436891136
0.5720260320734893
0.7447053944390942
0.5831927457570273
0.796963074590801
0.3720289914505984
0.544206519137258
0.8301050660502723
0.7216445468830999
0.726701949065839
0.7341606322891165
0.2726888306493455
0.37379019467902885
0.4838846626500992
0.7215748900415688
0.3301051217743435
0.12807045333580908
0.3194192991757929
0.3060396836602379
0.47202772125299536
0.7258489391607003
0.22721271154413075
0.31333324838117316
0.7148204783165294
0.39891584771118
0.707488918909281
0.3770376149959025
0.5285892614666535
0.80448782761584
0.6612432841176954
0.5880047804023004
0.5697808353020539
0.6994912331495791
0.5564805299094181
0.7771910148807838
0.3790841322825475
0.5548912400040766
0.6528595276740684
0.7790605664499424
0.6253820948341713
0.672010031237675
0.3236199512086001
0.5138599641464866
0.5757622660923948
0.6896265803722048
0.557885935075112
0.7027762256824723
0.29150530330999314
0.49167230755617575
0.8168973334561791
0.3919739185274281
0.6516350737830312
0.32169521300525805
0.6326992101190062
0.6377492581825684
0.4062039562830676
0.7713211669333484
0.2925458349524222
0.5401436628182307
0.7456594117090135
0.34832002652485017
0.19918055727276512
0.5376345238524628
0.5234872150250939
0.37476017933454453
0.6387053379581193
0.3527568167800573
0.6275514233797682
0.7091097489463649
0.7512907651626787
0.26844264528208867
0.4708712750214769
0.8356180874054753
0.2945841259985299
0.3050201570785338
0.39228350712725457
0.3349479267045673
0.4441933200251369
0.6531796200609651
0.29597057695645307
0.5612632153510297
0.6384693970029095
0.22733425582370972
0.18505383014122373
0.5518197488266425
0.6476187233089457
0.5993676368778097
0.8741302872384193
0.2883828371167253
0.2746487908065541
0.3993886915940941
0.7614983406445538
0.7317346941569951
0.5387842891135672
0.6968282237098969
0.3359414918954666
0.4584503575707932
0.49457244620723434
0.7677973035441503
0.6913648302824034
0.6234953305554503
0.7362374474945125
0.31553353635041975
0.45017025958517093
0.6619586790375259
0.22579474731282823
0.19818468213645246
0.20137709338123572
0.23948542089502878
0.4684876428066607
0.6197526391565065
0.45223486603035834
0.6778776186402267
0.43601107867199784
0.6393311038908799
0.7893303419049781
0.23930080162451087
0.294367616012443
0.5079126416166044
0.7276266677223521
0.6324023823615442
0.8287128107085266
0.2786189153984057
0.26805888622726487
0.5636304315293503
0.9158490377845061
0.7227824195675128
0.9305286373356145
0.8045853848064239
0.7034732054459085
0.7588204056998946
0.5361970889339802
0.82551639004193
0.3144179613071528
0.4701955995447256
0.6836394199528127
0.3320668973500555
0.7857754647722468
0.6912652573565984
0.8340618572211023
0.36641091332789655
0.361538636363737
0.5207864520141215
0.7967603117867185
0.3461932100646142
0.4224710137021719
0.27807801767212476
0.26682436972750356
0.348148177279363
0.14999717872390445
0.39454093969238785
0.5413523397347177
0.5838993138494549
0.5903975061084001
0.6888125330219548
0.45422364981610197
0.5665329675862406
0.44059647991305123
0.709425681270267
0.40435298078017423
0.6937203983336853
0.42026720706475573
0.5311111529974841
0.6172200270324238
0.13735028024473925
0.23158474666238674
0.6212554818629947
0.36789250091146386
0.49009254148169984
0.33779508306065315
0.6996048489712372
0.746230766639492
0.4080836684580722
0.8542081597602661
0.43022226466122965
0.47148283370889366
0.5164273465582211
0.4292490753955079
0.6403829803330068
0.41109955341766014
0.7266080645744526
0.47927154377602793
0.7510579865660774
0.6625901976879678
0.5922307054833352
0.42664111876464633
0.7379963422030803
0.36153304438305206
0.5358009727781752
0.5742177167781323
0.36960217777641013
0.6415877077770947
0.42301271182280026
0.6416276733558084
0.2836260064863337
0.4285114504616425
0.6518758729894027
0.19749845030111313
0.14653409181320093
0.1660738782540474
0.37195818522210244
0.5512175673327511
0.20928294802538344
0.24733966423324608
0.5221773731393214
0.8941979297893482
0.3069813222123513
0.4156360703603189
0.5360620346247108
0.7712127923172359
0.2770856831861823
0.1499492351026139
0.1602805040096187
0.24667313522512296
0.3191769281991413
0.6348911516592868
0.8669830049066531
0.565573279741743
0.780312423022103
0.3193212922905178
0.20375659269908136
0.35370771297624903
0.4483377050391742
0.7774214466594122
0.5141098054424487
0.7063449912908608
0.42377750230329164
0.5470645281420187
0.5538823312100838
0.7188641623901096
0.20284394030468095
0.36549926014065454
0.46269830018058944
0.6831330136420458
0.5330173507528444
0.5410739350614606
0.21780870250546547
0.40689880174984105
0.5796751968566529
0.5799988415320588
0.33116994939420874
0.704672966383043
0.3074368908756402
0.7072192578814295
0.1469870414720721
0.1639378308207472
0.32308873653928966
0.44334573952173856
0.7183322793053653
0.2309955986809974
0.49486260116682423
0.5408099762620391
0.850967295008592
0.23889514807231987
0.07671016517954882
0.016285827370167136
0.15028252997033012
0.32108216666079814
0.6282590044436971
0.28863841108104643
0.3963019967139673
0.6688415383339326
0.26224907916132556
0.5374438265869541
0.7736102755780914
0.44444196939213926
0.43784898395461597
0.7664551197569818
0.40932045951275403
0.6284452847219155
0.38791068103360327
0.5573153021913761
0.6004975435043957
0.536607903806518
0.8411381343289894
0.36680164857472675
0.1789204274831506
0.3391329907666402
0.6420263586471772
0.40112702360818064
0.7145475806749193
0.39969626484729026
0.588365109678402
0.6581738120512076
0.6449415417894807
0.5000367860778938
0.8056664778766895
0.35318290441604644
0.5584811868569223
0.7092208491926795
0.4760384297201439
0.7274611667670711
0.35340279852389894
0.7316984530340996
0.5831504984251238
0.757750649750076
0.25606976923430785
0.4928306674768083
0.7911341050442219
0.49835258945734245
0.7005488140171465
0.46223392036756694
0.7196269654933943
0.1347333998850945
0.3275852317967383
0.5200085898523795
0.5219835184632479
0.5317658497000227
0.6152865184502063
0.6591013718349586
0.8342373249643115
0.3869439397281721
0.6207858398972445
0.7617834556310911
0.6736838181684787
0.7654679629448189
0.3804510332712237
0.5911107866601932
0.7559100668992272
0.4980914104228951
0.7228510713032839
0.5328313945506835
0.793076024612671
0.35347667034459335
0.5825744384816675
0.7579140026316428
0.4163342502875452
0.2991923099239577
0.33117734655148284
0.5206025258834655
0.6992862249589203
0.5425861874731173
0.6416978635732599
0.2842383117535894
0.3851516688296877
0.5422525008381025
0.6381643122416596
0.6089293678871439
0.55030489842941
0.7549393057286233
0.41365144673014276
0.5666138801360486
0.7171302746939499
0.9042035825224084
0.3065876278862357
0.2958948125905464
0.3395543293556364
0.30994116685153955
0.5206565231397026
0.7750457721782477
0.19448952069957168
0.4130190913918991
0.4518423120255949
0.5741191032599731
0.8498433531769689
0.41248630366216915
0.4017330944022483
0.600246375112923
0.6865680199945038
0.6329446670040388
0.7787529042382735
0.5570111243692715
0.8588511678316764
0.4475793224224519
0.6045397887356444
0.7730170484519586
0.3474185662923149
0.5429387733232653
0.6697313798705331
0.5414508126386121
0.7531016871439647
0.26465791591959487
0.5380264956860763
0.6577130922189224
0.6211808082111798
0.4974909175517033
0.6229639368616171
0.242645130171179
0.5691466156092448
0.7128884071507366
0.7381132289116197
0.8341355399568261
0.6449356978554959
0.8802799604636298
0.3507619929781237
0.3653815779332198
0.5853453512145591
0.5791618778357238
0.52105804862565
0.620109424066895
0.5251398091480645
0.6677074950016456
0.3856376442927857
0.5502707419612481
0.6394404936519891
0.20602628673858323
0.35731077412742224
0.6042600899387927
0.48890933638925116
0.6120187151880502
0.1827049848627282
0.2864697784461947
0.3578989331076407
0.2998205375245167
0.5387699766051329
0.599786089230306
0.7198272395158039
0.4015035988977211
0.5884579822279701
0.752012283219143
0.154390043604277
0.3113797857740646
0.5172191339563018
0.7328728539089955
0.45211184515849234
0.4685412607466109
0.5655581515781369
0.4311379256125911
0.6089679032614239
0.5593613576769907
0.6493363170851225
0.5061217310861452
0.7870480135268065
0.291620608730104
0.3303616192293213
0.5315382485952016
0.8566832396122273
0.3634726887659508
0.49822885890412144
0.24213806800565613
0.3213674133561138
0.4255348523320624
0.5567479169456288
0.27130587992938476
0.6983058699056244
0.3335013308344223
0.4684384013613808
0.7305874658431813
0.1675082039084426
0.3683357600605944
0.382083373094658
0.23898931615643002
0.4593163835927133
0.6278887496450829
0.41536693206170744
0.7508310764812531
0.37203548209365056
0.49962810003475616
0.7490009286630048
0.6147938881281384
0.8107730443057136
0.39106519304593135
0.32640445201331014
0.28932780192874663
0.4127862745851341
0.7171893109361308
0.32415168599093463
0.3285446825741454
0.6128025230302082
0.540955473731383
0.5782062426609489
0.6526170297835305
0.5260033268561617
0.833257970394385
0.4245938108490725
0.36784658752504606
0.7260887528526461
0.24680761608167537
0.556671350414105
0.472253649883082
0.6308877874320507
0.6028580151587022
0.7594057742394109
0.49540971960482466
0.7180763875031243
0.35235744258985235
0.24698917663459127
0.2397612449757943
0.30460814284283394
0.4745623892280168
0.7593035449289268
0.28553998853802137
0.20427231467299647
0.33566216784012176
0.42418497953025436
0.40713141141549003
0.6935238260778659
0.8138602992850731
0.7579264934209938
0.5592533090558492
0.7275667095609011
0.1755655073124805
0.09442126604238356
0.48825070798761516
0.5218830576277053
0.6520515591798481
0.5206748780833185
0.7160740890087486
0.4322848466904537
0.7247456716305538
0.2645484229701102
0.2183315274600283
0.1813704504662646
0.3091077227948768
0.5935770432021684
0.5425209180281941
0.7112920556255058
0.5906454665166385
0.863696551538561
0.49013372248343906
0.737568034958136
0.7829570534468752
0.5719696768553364
0.6416269144717224
0.5238289282564416
0.8239939909950136
0.33513871950254553
0.35774513215652043
0.4352953664252435
0.803281909465751
0.2511236861994818
0.23938079269726106
0.30741933928057746
0.38202327358008276
0.5869953960207362
0.5128447290396523
0.5769719630696314
0.6337302050483609
0.6079360043314277
0.8283414325771606
0.6336777885337266
0.8244151656901908
0.1995356477512652
0.42391669866803955
0.6044564661428987
0.41281613357070346
0.6984438108778361
0.2927596706522651
0.35076956591553293
0.24762187840579908
0.5431850179776038
0.8119043114130292
0.31645368593252493
0.4539204135683449
0.847477183896224
0.3607124340681123
0.3735677265478356
0.5596017853651692
0.6753943909257998
0.08797912902051702
0.2824612579443011
0.31047426922718946
0.45282417892668364
0.5897714777809359
0.8469003699215545
0.4174530969898821
0.29747906475092173
0.389210697334253
0.5293533452010166
0.8221135473157392
0.40022522520394327
0.35961149060496117
0.6385872894829863
0.375765614380038
0.6138655886490867
0.5922183605132998
0.7674489284707463
0.4869305919463654
0.8176185113009065
0.4988982120543008
0.6953113304756237
0.5686995726292797
0.6264221743368263
0.6859763056667892
0.7836387155641074
0.4076516244030943
0.678714214003926
0.18408440403996548
0.53082194312185
0.6724895365061564
0.33836145759715386
0.5471141747164885
0.6762440543457179
0.5584095588710538
0.7141582256658353
0.09791526914396871
0.17228947826030364
0.11260001238123007
0.2600182430494362
0.46491756107826226
0.6447949763222305
0.6839880713273013
0.3247995921603814
0.508528980136815
0.7461726560243902
0.41405836104195803
0.638654849346621
0.6503046160312882
0.34865236404986716
0.62348093533348
0.6209430224098422
0.693438659194662
0.23925627079661602
0.4392407754733653
0.6233052454544165
0.3460986630868483
0.5234646990082766
0.8192431348461534
0.46252565544941476
0.48078617548064334
0.6164657460560663
0.2988224524926559
0.36875135517575275
0.6386450649134954
0.4014063883883571
0.3311443570645938
0.47275673513941113
0.6017741584665863
0.40176652311090827
0.6279600812486927
0.5919492683070332
0.6600232483874175
0.482949115173492
0.7273064792543511
0.508240071225366
0.8459875823225838
0.3050164650258005
0.11395813589201323
0.4224835320945797
0.654293086434287
0.4794328980979154
0.7414538592039025
0.7148183990255365
0.36654275386843926
0.781671596233773
0.44535307734959906
0.5915807445054153
0.7553359958404907
0.7350147475626481
0.47617139545923504
0.5185768317913548
0.47547524794585183
0.48746755221805393
0.2301134285190479
0.24455119405950138
0.500807159070694
0.7109426366398575
0.45269725062586835
0.6562953135973664
0.5482199502155329
0.481994890285745
0.7348929360129147
0.36986659530356775
0.7480272773674947
0.4561514714639775
0.7343435783550942
0.46330204594372076
0.8054354524215576
0.34173031990380837
0.2953619057471708
0.35896850153024584
0.651145675665715
0.6520229523519341
0.8640356926813327
0.22421883312542082
0.5203951939825123
0.655369294129215
0.16651149056075823
0.14508431723195456
0.31997384469764384
0.3978015465776419
0.6055006259786117
0.7080206329283417
0.3604585206999796
0.8113898549257982
0.550577147277197
0.7652308188346196
0.629755365803738
0.7573313266165378
0.32783679511775377
0.45401719991451545
0.3941632811146259
0.4024081726941479
0.3573485745098928
0.3652275718071355
0.6702993138433937
0.6797560644612655
0.41760018389445674
