0.3527018515256525
0.35365469268870087
0.803188215328922
0.42134053169254604
0.2263461796981662
0.36152149358301083
0.4538675630649748
0.54182436648277
0.561374672622314
0.6492709101578957
0.6435358689171957
0.6693106216199537
0.48698805920811705
0.8056233336171624
0.17916217807272553
0.43105041045225767
0.7441195914513126
0.7468494988214344
0.6416794929482493
0.5193358702257376
0.6310073020533135
0.6280913890733422
0.6437335536519996
0.2761748013005015
0.4445945153947791
0.8340758701925649
0.4128034167677978
0.4172111735430091
0.4244760173324349
0.6058988722837084
0.2686137606083787
0.3699103826009484
0.6064433255393765
0.7922049032523113
0.4893685115972511
0.5816235510499803
0.7242641043542157
0.36923596212574067
0.46118769867799025
0.5677027404361636
0.29765275413348197
0.5619381249687273
0.7712357141339915
0.5245935410474799
0.4154091327382341
0.7788552178858114
0.4478692707647278
0.7371681572028095
0.5832832803634097
0.515700379987575
0.8314698139696975
0.40705573845420023
0.6339151164682777
0.6254050269873619
0.5370588270067473
0.842960156152484
0.35062754670405616
0.7559495032556304
0.7843459701041624
0.6897394483397207
0.7378704189050267
0.5366863846148725
0.7382132781697949
0.3627610815942694
0.40289447261106487
0.28659586078055493
0.5805239324915302
0.7123133350209071
0.35450980684748706
0.582939182659147
0.4886148988693103
0.6810129647934368
0.5239064867389044
0.6669449775498041
0.4206492311012918
0.5197560273322068
0.8547589447616061
0.2815433753523857
0.3512336760065526
0.46232451547048964
0.5529837536072568
0.6473267130115562
0.2792851807930881
0.4571571253359866
0.7162428425467974
0.6855594212343523
0.532685817887135
0.7583993062572862
0.71963040456775
0.746645372481381
0.409612672698885
0.48460750526436547
0.6429838665989437
0.36878291983891115
0.6698122310144661
0.7113184592107905
0.5613201751013137
0.7116736788352438
0.35107892934777857
0.7129442952699151
0.5176524625010177
0.6749562415583478
0.3746162678498855
0.39337859398102615
0.7422877165293107
0.40880158941822053
0.4473832521251552
0.565806719474826
0.6515204325138221
0.3040335934115707
0.6293988622953393
0.4575986625885868
0.7897365786167168
0.40089858472312095
0.6670508000180898
0.742636160097825
0.26807827827450653
0.5080939683380267
0.6724923942991418
0.3429103903418945
0.27930953264296465
0.541905639116463
0.873609822552947
0.3736496780941591
0.28825227691205974
0.45539841351780797
0.6702581412251231
0.4742880699835831
0.7948088951193024
0.5180008676432559
0.4734953334995856
0.68552611817369
0.4189441324713624
0.5949111803623809
0.8056772515695176
0.36248537164479994
0.15984215111411754
0.2294610159616231
0.3002357901973839
0.3861972954092496
0.3391114597141551
0.4692255662510101
0.7035112897141675
0.35125230597679996
0.32754127008887507
0.46596743218814585
0.3102918321434468
0.5089318088121806
0.7575236476515913
0.3275465696433011
0.6326207003978804
0.30552658700333063
0.5751692232066385
0.8787934116287469
0.26967689845051085
0.2731364691522138
0.35296874051272675
0.34728410712596064
0.3793818570682558
0.18829176641055329
0.3151012702746712
0.27688928432340126
0.3136354121218737
0.44346897019624654
0.40090202225403804
0.31715603895061795
0.5040068352710668
0.7104114640308163
0.42128792514364166
0.4719351430760971
0.7857927018006312
0.40855567328100323
0.40345230493011586
0.7786636922053943
0.33708393888554744
0.40754920888455975
0.44884707860296885
0.5535720385589212
0.6063015547830213
0.3269362605660211
0.6933972756621887
0.6356857711546817
0.9054421093457073
0.5151833757562084
0.756850627961945
0.27420835862609705
0.36530965036119534
0.4077176230277867
0.618833148501868
0.66918154452857
0.6500331724839117
0.6949364418892288
0.6728120362022708
0.7351015794156007
0.5567440413946361
0.7250407796709727
0.3736023640398001
0.7654811238460062
0.7048714233867204
0.3991217899371793
0.6657534903061617
0.4327473608369348
0.7992510412877388
0.43878347921979216
0.46796352383684464
0.5009548760258214
0.5609648589235885
0.5646296605678053
0.4985023727694666
0.765385485375289
0.4345062511045133
0.7945527081600245
0.36593928800356035
0.41938454402713377
0.535324329266582
0.5916134336957227
0.4507483975808657
0.7432072304995173
0.48966053588397135
0.765605401771017
0.3618555593430899
0.42579844633780756
0.42614955634158674
0.44965515939145395
0.551452620458644
0.5919885545665935
0.5700093917188597
0.8353016832494442
0.8560926542860866
0.7788133145337409
0.4829551449458711
0.606387918311477
0.43052090327232617
0.7084031935273402
0.3579205831852406
0.49393948216689304
0.7434188156506948
0.593810748958582
0.6768157478755505
0.6165061874836532
0.5628007777653437
0.5320751261080385
0.6479510419931469
0.5394206703926618
0.6460121612198778
0.5452844595733288
0.6127723970234074
0.4829073295064256
0.7812095608931963
0.5600687066106892
0.8850633325503409
0.2841971871244124
0.4459890111928797
0.615912069347964
0.5351013932668881
0.7902330658284749
0.5993383671808205
0.8191541650775035
0.31168160624300095
0.5940024503877165
0.8111675095354923
0.24365336253500958
0.3094435018525366
0.4340965112864779
0.647773631128188
0.5231379868086262
0.6861776681431004
0.5434429082765697
0.7544089443553094
0.2862689295772833
0.5199856305458181
0.8188150952509374
0.3538557503286466
0.34312838539091167
0.32737317427803
0.55638041568217
0.6837937365070953
0.6869881603369595
0.47950290684298147
0.7209726045726776
0.3098922288969278
0.3307570302547712
0.3426439000157045
0.5745067792276467
0.7673421327223829
0.2503738551177362
0.4849480872499126
0.6091967787688131
0.4151685420228008
0.7615974939185317
0.5026433583016899
0.5741433049837489
0.8325021502484946
0.3283743331961327
0.326417205999509
0.4237229675456591
0.6079718191628772
0.4134615772648957
0.6662235813761199
0.44196096806056456
0.702798909273361
0.6241441429780756
0.7022043803210479
0.7982093861880393
0.4286538696180693
0.7249911454824162
0.37737605428491006
0.6839777400564727
0.6608922132880142
0.7734529828543686
0.4091070596418595
0.5851552083244711
0.8064976348239177
0.6158402568128841
0.5496604030391331
0.698394719704546
0.5857577641343293
0.6287495749978366
0.43521195170582333
0.33292597514499095
0.799154594149768
0.4216415574836884
0.4315228890487363
0.6131101746780342
0.7983388386901303
0.6328833646477003
0.7732075797979002
0.2719844393467861
0.30949832368100205
0.6436867481714659
0.5506722512651814
0.5022164898752497
0.6258598128569799
0.22226180138974416
0.43604475268020554
0.3707527008625291
0.41915944937890803
0.5139043369621664
0.7656105448993605
0.4557319086437906
0.6460084056974201
0.6401591565820339
0.6519967505488308
0.5878367019674613
0.772838659693305
0.2650628996064824
0.2916352757760128
0.3856490808046285
0.2961513455424982
0.5048730165773483
0.6871847618284871
0.3903018180170037
0.5752244028429603
0.5075714343073179
0.7899656375614642
0.3912723169452099
0.32179458457746385
0.12877932690948218
0.32758340912404094
0.541957364744314
0.8091244984301125
0.3098578455531059
0.4370885829429974
0.7194227957624119
0.41522715554754397
0.6012050177740234
0.769666752403135
0.527302578037524
0.7850428498822896
0.540236462057132
0.9075856739484468
0.5586877688469484
0.40618202465682357
0.31596586839750224
0.2487253023860762
0.3466334915156945
0.519586426558033
0.5094566935447836
0.2355252711134356
0.21532464934723236
0.50179255959636
0.7163702733817349
0.5451390723406873
0.7833564522329295
0.19034851159850116
0.0
0.09023433650412738
0.36087444018893805
0.41041357954315644
0.5628303145124082
0.34249668461602667
0.5680273351922241
0.3585307819542734
0.6649842377374741
0.6635267028049222
0.45581483048164756
0.6410029649466592
0.7368114127590867
0.2408065763116702
0.24501959187086014
0.5945345936506703
0.5750549639488874
0.49783528146114103
0.7703953891898834
0.41922155239288045
0.4627021292973075
0.6718432024344593
0.3006357036303944
0.31700955414666965
0.14770809505523308
0.2737539346899088
0.3791690955414016
0.18705480465527083
0.19430072882579297
0.40751950153883243
0.3714922347138652
0.34949073019756216
0.3297967602939464
0.264540322920475
0.38024129942546414
0.37932127096112744
0.5878472165412255
0.5972721124128291
0.3785326020724839
0.4213513782542015
0.5556370877075174
0.5174524554405661
0.66850426294201
0.30128539536180615
0.5722396736985246
0.7788262497629299
0.5895776226308335
0.7205159097403562
0.43765503571577263
0.591725521703386
0.8111587755841035
0.4722558001804616
0.850847035943787
0.42895733630027855
0.6675109912748031
0.7493529788340237
0.39097625911686773
0.7175160783795337
0.27629144799830946
0.289183437622652
0.5652602977577708
0.6492845863926405
0.4921599840027796
0.763925456690039
0.6496734917789386
0.7517325573612458
0.211262341582012
0.4619765607284233
0.6097295135178997
0.1525132783305225
0.17383684292848672
0.6168490341143571
0.45411517868873175
0.525360568683574
0.7989590698343839
0.26755343533526044
0.33413106352961675
0.4269229260519162
0.4679633257143285
0.7208730694395674
0.25703445050507834
0.5265007385713195
0.6340926052976545
0.3125439125044725
0.4415582416717086
0.6302875897452316
0.34272837512770055
0.5142825064838095
0.7694039015679142
0.5923488563162393
0.5375548632185772
0.6046872349638146
0.6466960632292161
0.7230739702473487
0.38401168892777077
0.2039779042048511
0.45213170998322993
0.8297094785895379
0.35867783640331674
0.48000415732421936
0.8118532139713178
0.2790565883212895
0.36818276049487564
0.5318031956982272
0.6100328398616164
0.6168857337169763
0.5978960160970795
0.6974392059652372
0.35247384597755954
0.5931016362307848
0.46417517150287496
0.6177161670738974
0.4207238553224665
0.6537392199465715
0.5139611303884498
0.7012910324966452
0.1730017434621505
0.050778312252892574
0.3764151095564582
0.6738774070069701
0.3057338103875414
0.4471616787482827
0.5068842962476663
0.8245193214548397
0.34550303950019057
0.6644568184812026
0.689912387126452
0.2676317894444982
0.2563549869103082
0.2613569489919468
0.4821901189705549
0.6401554115707456
0.8404617345262536
0.4092126303847888
0.6295370621082356
0.7556758204822355
0.31408663203360726
0.5859016555576081
0.6187696487932051
0.386439549397005
0.2754003786703899
0.6475224257667823
0.7617754621283236
0.4978391031112882
0.6972595891428768
0.8767990518267161
0.4705948284106916
0.47178535228044594
0.5714870441213855
0.31571922538690556
0.2825876303765339
0.5534243101420028
0.691522627110365
0.48738280551393043
0.669183710206337
0.27508322721521705
0.4188227506093627
0.7525895920769387
0.629980996507181
0.7756868757228221
0.5023960562927616
0.5276898770641221
0.811915350092043
0.5123052291626444
0.4659978004887713
0.5766673901604753
0.6820144336377735
0.27914918336621247
0.40825602368539254
0.5275843262983106
0.7543458038748903
0.4200039889904719
0.34225585410943116
0.4887246781064873
0.5719176238881137
0.6302199267974832
0.502783831732137
0.7574072690394328
0.3441995101709047
0.3626951378865632
0.3256513780201657
0.2977147686207434
0.2925884827938465
0.5048466104167713
0.7788562005697988
0.36987082846080166
0.677764294920645
0.6151363650711501
0.6484777490860212
0.3134950956628235
0.5023816515810288
0.6217761332586973
0.5104326272923514
0.6699529237437784
0.6040271547407299
0.5935218762645419
0.2565722573312898
0.38466557800755474
0.7097853015435344
0.5928208717927947
0.6744843312592121
0.534979565656578
0.7373579428037855
0.3669138708437789
0.6210214954863984
0.7035898592894402
0.33195999205179083
0.4438936178196591
0.520183387585435
0.7623544279069033
0.28125770578688286
0.4546043997573624
0.5861240599437463
0.25322878600659093
0.40376955783467694
0.3915559480714716
0.6147065230381149
0.6617052216888962
0.6945547908160384
0.536666818510943
0.7357723146062246
0.357003236805028
0.6461006739646764
0.27097218401563966
0.41529660512868566
0.6894222408291667
0.7579121067464792
0.2606598169869625
0.4199431184265497
0.19031616174672059
0.2795414397724939
0.2640494189246743
0.39046511969818704
0.4949394850154951
0.8113830635206531
0.21447036644135714
0.5375574601121857
0.8315487845890809
0.23407300649926174
0.28372508368042654
0.31424479483529133
0.4142928299915252
0.31844421270098333
0.38025366304900293
0.27651312088016766
0.3114771982743897
0.40705330323368505
0.7712282329122649
0.5818356821639027
0.8306200904320141
0.35253691255018427
0.5073689074903917
0.7740641861988101
0.36066992168644424
0.4353387677301233
0.7305144928977985
0.8142560745400265
0.4266782855040652
0.761985458582467
0.34267809143145656
0.5926801242710538
0.7359259884909046
0.42832428584974386
0.31583136945929463
0.3725422669907938
0.46768286815424864
0.6032852288663891
0.6337594539001038
0.7959888094557627
0.654613575817295
0.6771175335920199
0.41426740618454855
0.5934759643439781
0.7062697806558176
0.3618099150909114
0.29125095496792275
0.6533873486081491
0.7986052072448859
0.48795696166562524
0.7242573147352493
0.5298459629709675
0.6647328889293972
0.42757483608273594
0.7745906592918702
0.5415090822474025
0.6161477075498156
0.8502847587386861
0.29269373360812395
0.2036687271662833
0.41207352087928856
0.4172461961012507
0.6756231796994208
0.7827509849665297
0.3662560839737007
0.3588180818160663
0.34207099878349356
0.725135852818569
0.6709387584181428
0.5263413044520876
0.5708200357987804
0.6679262345739303
0.4014071279925221
0.5100869793055599
0.6070473171103795
0.3784972151820681
0.5573415889671519
0.5473138975324106
0.43648535217362466
0.6151731205665775
0.7663433829087136
0.3686133797926964
0.24108940954393862
0.6602647709747199
0.5258559187061872
0.5122470276778877
0.7511330601209762
0.3768938285155192
0.5532516576531582
0.5883568660919762
0.6184577334096353
0.7466751474027702
0.3155200699217789
0.4418819441355276
0.6672001389199345
0.36245696742108824
0.4649163503303845
0.6877275613613121
0.21439818036697436
0.5572307964242442
0.7394924211726901
0.3222135628853595
0.38564183878459
0.7541766235433168
0.6403873419164482
0.5490059426798305
0.4500966802382782
0.6617337672383653
0.5953674674824259
0.6201193955547476
0.8575842091021849
0.2895190345427305
0.3032215442549418
0.6984961719447141
0.4082367477120676
0.7567840074465162
0.291205650570451
0.4987703123993189
0.6288918517728807
0.5674651562700889
0.5392996369472509
0.6524489472162607
0.44356136110229827
0.8649279312708635
0.5609394376995763
0.7512551358505873
0.29646264131742667
0.3242876666631253
0.29889526176768344
0.20302097200189753
0.36760702007696355
0.3763876677207302
0.25797665557561067
0.41499479033444636
0.6365136813474682
0.7688549145546368
0.38064493184138765
0.7437778164533584
0.7202702393982325
0.7534415236280987
0.3085053863163899
0.5378033528803573
0.5729786849595073
0.5461127165553962
0.6793208312251134
0.496103194161999
0.6347148783262493
0.294333870952051
0.5893666247867917
0.5189388444891583
0.6389383073124394
0.5205699861055617
0.6049431643083977
0.44059461169342984
0.5716871346252399
0.5129659656382061
0.8591024164483931
0.4388017057954585
0.3476195631255069
0.742902186300198
0.555998451190251
0.6848292211366513
0.5706176881385006
0.7614723943648894
0.24429216755304015
0.3117063593713206
0.3819643442014312
0.3322326635942177
0.5101114190135075
0.6257565840651077
0.6422181202013977
0.7193160594383431
0.26531852295462954
0.1741394773924806
0.6479609131306702
0.6798126381663551
0.632025057782747
0.7301355434531872
0.346575955880355
0.33402606355493275
0.4479651634239787
0.587993310510236
0.5892753094464093
0.48678560518319314
0.6958052756941282
0.5048522948996944
0.6406869581748385
0.7022916113542393
0.4231561662464563
0.7077442164753128
0.18815430918253115
0.3328557035061195
0.35578059074452023
0.48355082987101033
0.5889055964218654
0.7426033826843016
0.41734319980065465
0.41592975522139497
0.4221578739254013
0.46118744653306637
0.6849504542407362
0.4236428394030951
0.41153839517288465
0.735134047480257
0.34399280386870273
0.5230569699349797
0.6868941314924857
0.147353719327244
0.19327019486889407
0.34441040868145795
0.5462550298816418
0.5204975087418413
0.5617992351241872
0.6063368243217191
0.5260232914710635
0.7898876082491496
0.21828507712937567
0.24385357886410028
0.3022753230228567
0.48312877992546
0.3263312596517976
0.6280724948268044
0.6504390532055658
0.6892846216621769
0.700566553815352
0.47322018860781717
0.551798972620567
0.5443117728102017
0.6565908877266006
0.15949173539713152
0.4296353132306458
0.6678529215536275
0.38095047476345667
0.525689900974345
0.6065429576463555
0.4699852902223156
0.7204758475104813
0.15759205811617194
0.35378241348955314
0.416122208573612
0.7073634568013374
0.35529219972435566
0.43829744662473774
0.3330589613088769
0.606678039546829
0.47631730809107464
0.6995908444210319
0.4558718495961646
0.3862982821013259
0.5823140535303403
0.46815351712173253
0.794146951111142
0.23646916686915048
0.337019475123325
0.4555263888374252
0.5912626344009123
0.416496522369472
0.6896181052680709
0.42115435291020714
0.32931843701932895
0.49049551405508934
0.7924168646337596
0.35979424640874996
0.5126046628586196
0.6191688070153256
0.5124626038603797
0.7818602806391868
0.21153152982012938
0.2813692602149731
0.6010543598970367
0.7592449881693294
0.574846598996073
0.638045428171055
0.15652209432888603
0.3525967138817344
0.8271058645060633
0.5126363928719064
0.611645662681719
0.6532026244214134
0.6826178263291691
0.5835680063127264
0.6200083727229965
0.48514826973011455
0.7023919707846512
0.3572548238760024
0.41431075582701377
0.7227579781442206
0.14235042273320114
0.22714385735927778
0.18939613830199953
0.2023163357188179
0.22223612425988282
0.564212053125677
0.5802795092936388
0.7745726567816116
0.476510218066826
0.7213978164111686
0.22622493570961613
0.4062548966046892
0.6417329619997292
0.7787875711730203
0.2484470564088429
0.386202822892246
0.3266324901745689
0.35833071440623704
0.6887323494836082
0.29354932088638097
0.7209201072862894
0.5940086411307163
0.7569213126552709
0.6653698573254818
0.7278201712396881
0.415963242368343
0.532469570504258
0.688651893004668
0.6561270699383607
0.7361780474224896
0.4514006287278995
0.6829489750631854
0.30280829258082986
0.284881937114265
0.2973392856848928
0.372474239747543
0.3373079660856407
0.4049822979252511
0.5171166093272204
0.596998044706693
0.337697753164723
0.4431318632466571
0.24896645897489844
0.4593840976494725
0.7565843785660967
0.3243342574850654
0.33241513257775873
0.3932673716530723
0.430962981027941
0.44401234224803127
0.6023997230280034
0.8604565373135552
0.36567172473267007
0.4460570129071395
0.5770884256223079
0.7462147641404376
0.5314064268660609
0.6859561569703306
0.7687219631982971
0.8288021841113199
0.32699840405965624
0.6040916131305112
0.781464852722913
0.3357091997157556
0.21197234585896774
0.29179636093760325
0.5860054352316754
0.7462375639126374
0.38811622283060926
0.5629941753745072
0.6710599816525555
0.741673742224435
0.7991238509899775
0.7288500110609363
0.618922690127301
0.7430535687069325
0.15052489023095017
0.29673699482412325
0.42753757858213415
0.7556400868013674
0.48113441799657847
0.5593547536512988
0.24627396687405304
0.22768345473785565
0.46469532329779106
0.8025458984906356
0.6977050978050113
0.5040370358603228
0.7379472761043724
0.45054259249181194
0.6769282427213023
0.39286235235149386
0.5956774978121663
0.5378373006857329
0.9658938524022366
0.3876016671266352
0.45200165707696205
0.5561572362488963
0.5135879559097853
0.7565923015059143
0.3254856888151268
0.535702866194086
0.5857469498072261
0.5423526767491329
0.8342983799824225
0.2855880244769665
0.3343953188405901
0.6358776116310193
0.709258110509009
0.3134558384531263
0.30114417599946064
0.1514076986419731
0.17500348984972203
0.22189126643758147
0.28321797556437045
0.567287640094208
0.6428085975801615
0.5725390266719586
0.6593190594510409
0.5469800105262452
0.7689622752338312
0.30200782015070304
0.6128396869992122
0.7875905296149684
0.36185352156768663
0.6181948883287702
0.7685141865920063
0.4320326056039541
0.6423184756981802
0.29868249425033433
0.46668742695926724
0.49790648010003746
0.24963704163977177
0.7501968802917792
0.31861888919557724
0.25649240047204375
0.4252349439856744
0.6330207021250269
0.5289226282251404
0.6995343584389098
0.6798249735571915
0.77682224476061
0.7808693944837681
0.3344174506092373
0.5244537518833574
0.7106378056239386
0.35312877420180283
0.2766271248511532
0.3838363114833233
0.21365194911692773
0.32239698200446704
0.4106415333658988
0.6720753358485597
0.44430858807542606
0.7343565541406812
0.33017629664697623
0.6222122380008408
0.5661914378477086
0.7501745046646708
0.361519383940658
0.4227854266454078
0.4491286261161308
0.6867765990649697
0.4838144366478321
0.7536457982888811
0.2851296524273985
0.28132524160408473
0.5244040859038029
0.7991900880666719
0.35958435191113153
0.4386876696098009
0.7864844838650052
0.4979032275320429
0.6607890659957929
0.6550603635159041
0.28719881382111423
0.7236507235758459
0.6314391392834209
0.33306511953403173
0.39909565760567284
0.763885714107015
0.4288480976984153
0.5524861806255118
0.6590154907553261
0.5236341764479184
0.8502023522123682
0.3406056910057238
0.5348332831115479
0.7356706100201488
0.5554534884661178
0.7338454978139105
0.3079092285435007
0.41799447955864777
0.7872211915509514
0.45859561249365577
0.31433804338039173
0.4717744648669569
0.7488466273501481
0.20812147319777985
0.3127288470124903
0.3146483675877393
0.24212371690014947
0.2626410834745481
0.3747126853949818
0.6001435106314684
0.5281360411402926
0.9220700237676109
0.49550502471174196
0.344346580309617
0.42704950485410126
0.4948602033641901
0.4945978082404696
0.5497664153349573
0.36638745904679865
0.4418754403591883
0.6368323600349755
0.591041573928558
0.493766081043618
0.6236212330591727
0.21722715647925606
0.47978893807074
0.5066412405910935
0.8855448199275194
0.5205440917298167
0.5947073409823121
0.7826162340640904
0.3514844091532883
0.5627293776376207
0.6354820409901446
0.365204459193371
0.7159442069723285
0.2977637445296521
0.2771407491535418
0.1504978692348588
0.2752457487788087
0.39250095282221575
0.5101561633470659
0.6778292020356957
0.5783464175097562
0.7797026221199258
0.43547086230632615
0.7098695930578177
0.32254131741922065
0.4266225480658835
0.32123074344148667
0.7026394212850767
0.5167834692777908
0.7906266298612235
0.1987618550256622
0.3066258308169415
0.3480204107926652
0.7153975705380735
0.3834230752963106
0.2532450058559473
0.44785173136573075
0.6586220653494046
0.28082267616114376
0.43956727609943136
0.7703734332951484
0.4667469144492845
0.6469483434907591
0.31056231507632687
0.7857847247814408
0.552937717563879
0.8279755551163783
0.3368821510004593
0.5180080464730193
0.727383756711694
0.5210780659917956
0.7621909959344048
0.5142665368722751
0.6508475978000003
0.5206814389210764
0.692355301683367
0.6218846049545178
0.4663232616052291
0.724644697158375
0.31119146164025285
0.4540974801537039
0.5097052840528741
0.6463262134671444
0.4456359486220168
0.5847733655051675
0.2595267117739281
0.17744592427239117
0.39366631321567047
0.7023404361142915
0.6419002243295381
0.5292782088130514
0.9166803671689645
0.4103287249533359
0.6510212398422749
0.5024061546360012
0.7042473107698186
0.3836037248283734
0.6236956860027509
0.4176288442068296
0.5730029704751833
0.32284168441349975
0.44797775950594365
0.4027559554595238
0.5045042267150619
0.49977715318331467
0.19737058926523532
0.21006750405994223
0.34068424592421404
0.38011674997282924
0.6588966431451538
0.3278136800342533
0.40275062753895946
0.663200041663666
0.5701575026663236
0.710520826894113
0.41431750999601985
0.6867909558305518
0.5949698747291482
0.4814626432425037
0.7355792802208242
0.7303566506328718
0.4224799879429465
0.5399755222771189
0.22596805294631983
0.18939515622825484
0.2573642358198167
0.5126977499295274
0.6320564762414955
0.5609108044715945
0.7957894988423629
0.4363333581544406
0.34926408831457584
0.43972227017764637
0.5540965834014614
0.27144022718553795
0.13634622431408402
0.37508952274381074
0.48059217217930955
0.9292424030733775
0.3705539260852223
0.4975647122842013
0.7781445136771307
0.3427694897279684
0.5010142610559715
0.6561339978925484
0.40224520821979426
0.7981800571067175
0.41952415555359907
0.716171568613484
0.8756263269781331
0.3883093641955733
0.3473423073185623
0.41601985552389403
0.6215267528680052
0.6480974648740163
0.7690616058442222
0.6524625457486697
0.6845290852049224
0.18398665412357357
0.2562699690958588
0.28399602212812836
0.3817666963124956
0.5912243771069189
0.7339862688899056
0.1686299505282441
0.4287465724799483
0.5088224423347082
0.5721919407679853
0.6419164840264588
0.823651707380225
0.2431593653759881
0.4060598664674875
0.4335475473031229
0.6585818158424861
0.42051965825736676
0.7731800166610809
0.4178208668791392
0.5283387525795507
0.8022657612293942
0.33633471356470984
0.4048261703740991
0.8699525188023723
0.31398910548294134
0.3535572845569751
0.7520393904925691
0.5824933528019292
0.5651439217507243
0.2055156074205095
0.3395155718526636
0.31993024723896935
0.6135329887387757
0.6524711968346869
0.7666215030090406
0.5562507446909535
0.6974846874714267
0.8082498980874842
0.5808747829810419
0.5802750830852528
0.4880367726005176
0.7592746781897514
0.057391973074744536
0.2305134751580595
0.22131779431946705
0.23453193375315431
0.3178311193352736
0.3593708281791064
0.1767571436395273
0.34579207352265096
0.4534956722116153
0.6862439361137119
0.5947566112559224
0.5573170548528843
0.6744247872698637
0.8139966152221456
0.3644131725838826
0.39384918542273817
0.3713907076414554
0.42995696446465403
0.8189486584563574
0.540630432365613
0.6961831339670044
0.6222765487839726
0.5337843397483966
0.6620518239455045
0.6082475031548819
0.7625898480473345
0.49845561761351076
0.7062444570556196
0.7218901746919616
0.6675220149077574
0.7229667618805066
0.3035730723314661
0.6480392774478829
0.5804245243702358
0.7387478581426012
0.37230186087405537
0.34390495683711764
0.6102938010588249
0.774105027133638
0.47253969459921363
0.6553149366387184
0.8011978360892346
0.492011657723506
0.7427729372681273
0.2941776270070892
0.6601633547024228
0.7717555290789233
0.4090309846731001
0.32342247292264065
0.2289151708563209
0.5420292534857849
0.7970451478094136
0.32050961646449266
0.5164354380726552
0.5801130851094185
0.6188256393044482
0.6911610005820672
0.8651174870650166
0.3012014503080286
0.5469406612971593
0.5305529347136516
0.7829731354823896
0.2072140165738838
0.30970871491563084
0.447112658162671
0.24549990168280786
0.5795990892555175
0.6800056122670022
0.2794823494529975
0.3416453647574082
0.5041811001555997
0.7579445523981451
0.3272985033404879
0.1523670526386386
0.24446022973061712
0.39852857155102944
0.48892663045474644
0.7970008086785415
0.7759438832988844
0.42978688202332194
0.8482282648697423
0.24059788059458648
0.2781398916914588
0.41440889202344156
0.4181910807652914
0.5936447556046246
0.20243591667267657
0.3464792145573327
0.5491112571161417
0.26189453248020406
0.6701143258529644
1.0
0.40951160037909834
0.475473513456127
0.5649145999990909
0.45270766971137516
0.6486497640822677
0.5831676762959336
0.7956691134891102
0.3888248243354339
0.2664487702917233
0.393582589506039
0.5639398940890487
0.3827562694456881
0.3490827057406434
0.38204086224285283
0.47166677105699173
0.5100046852231266
0.48097486553143587
0.6250236136371238
0.7593532095646041
0.33885579000684846
0.27903475966537195
0.5139280267618258
0.8061774743299207
0.524366838413531
0.7335975148008885
0.19631551216161264
0.2802842798347028
0.4170338876213254
0.4759829829789184
0.6458134177833308
0.2522787995892005
0.38219987761103336
0.6949080682743628
0.48759048245958514
0.7086292038053791
0.5334344571977571
0.755380706713615
0.2697868346773793
0.4611530178081995
0.7220094028659803
0.3646020384294225
0.5928167655263908
0.4650299984662534
0.6434746453662782
0.6134302043946974
0.7639247321202884
0.45887449312860457
0.5100869169230288
0.7033043910851319
0.5729054985171347
0.8564805546554864
0.38367488871183403
0.3274339166325349
0.4163569000220047
0.32250186997952773
0.36321415982964905
0.5254535174292323
0.566884716924578
0.6582728290954121
0.8443634864535756
0.4288647793891424
0.4989354848481212
0.6304448923812277
0.4513864702043991
0.7639218523239414
0.5099526398001378
0.5662653715809094
0.5182876990920793
0.7998958680789076
0.8609778710003559
0.7714025824520389
0.6007162928988818
0.6667143025608824
0.6510777881013882
0.7708949345019489
0.4539999301842713
0.7400899549257539
0.2737086741830837
0.19864099257865475
0.2989913936299245
0.2515928994460277
0.35203963992573567
0.5882811429240435
0.8540170574159277
0.3523045668642535
0.30802927983831
0.2570684600952585
0.24377757664925007
0.2490235687752551
0.31299818702918897
0.5704328667338602
0.793652959904371
0.3361173314598361
0.24440834164929987
0.47949436654778627
0.7451360813240907
0.7823678228568256
0.7854679760219148
0.5200747617675736
0.6320701834887911
0.6662421669897176
0.41586979030602667
0.6788343996296639
0.18874343674522517
0.23445817907049518
0.451423134994887
0.4691758642390827
0.3269413161546519
0.2924114937956539
0.5011658853633998
0.6666470297708949
0.6512997733729958
0.6238780192165982
0.7303765785669574
0.299738654890021
0.7240727407271941
0.32052837022525105
0.31289161129959936
0.4263452461022937
0.5572393340680875
0.4792144064132211
0.7515907315270687
0.8254401674719494
0.6655912500018896
0.8264536379395511
0.37226261070577293
0.3306961071125105
0.5640375678063553
0.7884475884328566
0.4648188186294589
0.503002169635732
0.8444954020780564
0.23945562905642676
0.5344270515346551
0.8736946613755109
0.3914233332798902
0.5641201627497069
0.6946442451097729
0.654350983629458
0.6389433032116151
0.638996288869486
0.7314250151748491
0.6719917318529419
0.47919633591060384
0.7121485074614051
0.36735517723603106
0.41216794447280547
0.5996443892594646
0.4884077626512259
0.7068011783751796
0.40519356508079063
0.3683390743496798
0.6207986288738719
0.8462216367531592
0.4213517774129206
0.43263256268767436
0.569213350795515
0.6289893803552732
0.6073854146746995
0.4745735452201445
0.42054708050429424
0.7475874039156526
0.33611523940561017
0.2750655492365301
0.24285988314189877
0.5266701408910435
0.6740494870736733
0.5002732281324056
0.534075530662362
0.7645652015251732
0.3887596239396068
0.6803824542301885
0.8335320860478562
0.6065247571260151
0.7521345919901459
0.7660602800379287
0.3843890868462171
0.31152222263969087
0.3200175875377226
0.3859397101692269
0.47259394748181344
0.669254010268822
0.2839807237078689
0.4881839786169448
0.7322267510443714
0.3363847230969123
0.5217988492921921
0.6042842639141992
0.5347019894568826
0.4795096293586843
0.5175750898054459
0.7161526892372334
0.48189427319695893
0.7050047606262861
0.29631009405203995
0.22874155288925221
0.23475655558550082
0.3374897292177109
0.2771720710279772
0.35620891546982997
0.5888142839249791
0.648407694937536
0.5178098750670874
0.6793657899245295
0.5453359355108722
0.6158650660748901
0.6212048458281234
0.761885800188087
0.5004037085954461
0.6477686721578328
0.44979854904871797
0.5586824471709414
0.4719395635253973
0.4036238832560474
0.6252134347533824
0.6425978799476465
0.8403546206806058
0.37491417169739455
0.6152338933280753
0.692826265516755
0.21321267708120695
0.5654552835058246
0.9194342157423029
0.4099766264854028
0.4850556024017716
0.7540286820271882
0.5331552434668835
0.5252970732865964
0.7417966017741395
0.4828931948378361
0.3736455243217709
0.754922017822313
0.5962423863145627
0.7882422656896436
0.46829676936766407
0.29543552866451184
0.553137172267655
0.8488187098079195
0.35065075231888976
0.6877256714769835
0.6588960681951098
0.5386914655384779
0.39700894142056065
0.7789640171987101
0.4738799878896477
0.6645528926072624
0.5920362911251718
0.8404405007697304
0.4978816919127918
0.5077152300592876
0.722838651124255
0.35448880728762694
0.48405518650501317
0.4245682228581066
0.4068862469583326
0.7502608861109635
0.4630575430815868
0.3324200177689314
0.4224396175345468
0.7598929448157189
0.4038437119411027
0.7773252937519458
0.6269377202203291
0.6550722001407164
0.4038809415113562
0.7342738169346219
0.4028051124849611
0.7188499968269775
0.6643411275359173
0.7981026458956876
0.6820243745376353
0.8226642582786018
0.4012488413189284
0.5357695038330043
0.5871491008197594
0.17910297929791633
0.37314168685050186
0.47957481172754957
0.6549982734716348
0.40377062006083275
0.75566739385399
0.7345325997035874
0.8380202168235646
0.7620269484575817
0.6064715167138948
0.46678870621650476
0.6771312582488282
0.4536039379266728
0.7807981055724564
0.5838980461549939
0.7321846533372918
0.45065074910973035
0.27464236094407785
0.29349169479791304
0.35177706496886235
0.43840101942460835
0.6561151510066869
0.563006106980701
0.6081447702680473
0.32195997092816153
0.2831532261788649
0.542850382794022
0.8575704108077666
0.6306063281954399
0.8730329878347591
0.3437912997711539
0.37616518511841907
0.5368837002993057
0.5846570987393175
0.3205928238409273
0.658250657572802
0.2047129304179588
0.24471676468625486
0.20980940370032877
0.3822391908185402
0.6360136814939807
0.7641129566899515
0.375963730280618
0.5126014427864651
0.4614088086792253
0.7112954046933924
0.32680959721108965
0.6786188398438733
0.605942836141003
0.8145542723699241
0.47323137806224674
0.6022296246197546
0.4777960650797637
0.6204203615431791
0.49292568133142745
0.7203155654644029
0.39668591739092446
0.23828593325371775
0.3059467923441015
0.33593895162779086
0.3287883831520163
0.21686659760647503
0.5361598502526177
0.699543087602737
0.3053139951894968
0.5692664083218052
0.5656598154931749
0.5716645693945372
0.5986259641542137
0.3051994830588773
0.5735256130958817
0.1824187399741871
0.4128884127411333
0.7465110816986447
0.40232183722635395
0.5464930901600941
0.666767248899068
0.7768257039105373
0.3174494576298576
0.5599607938889589
0.7547949348027176
0.2959034067194241
0.5593509214652594
0.7000665605539494
0.24455236444010944
0.3474710956204717
0.7215298031595619
0.4029006716021842
0.6168457923223525
0.5487423713681269
0.5876039081783567
0.6190551137892409
0.7483368282485414
0.5297327105699318
0.7822587717404452
0.17602387392714755
0.515900274770297
0.8208734623687032
0.4700870336801957
0.7076456219829653
0.4788818215003714
0.6955496757334786
0.25123994402360356
0.32875382302351924
0.32861897574818416
0.5343803266363045
0.7105707620658677
0.2990136243407902
0.32865217839428085
0.2198274911887393
0.26747658826009285
0.5030882271762805
0.7554316429505133
0.48503478383309645
0.2574712096783174
0.4018518299922206
0.3820285742967466
0.6838208263523172
0.19432431304309844
0.19158452278878013
0.4142590328713455
0.36110683798970544
0.6200861635932883
0.3022997732923334
0.3546205002354832
0.43615135430650465
0.683957680777067
0.6730334508139512
0.8351916171965209
0.3724762348373193
0.5622092200745822
0.6424843342371191
0.7041190150734201
0.2947339485737334
0.6223720601187137
0.45010744184258517
0.7208482131025327
0.3204326816956476
0.7266888068559015
0.44749651876696295
0.7464338186282226
0.5973122648713886
0.530321968930823
0.7123906998283112
0.27173306906894956
0.2400102498861873
0.3710655873621695
0.5209170674123118
0.5185301423795184
0.9001357753896747
0.3969125084008393
0.5590633587631468
0.6977430042020294
0.368860224691786
0.610585954364669
0.3462992896933414
0.4249189240400288
0.593663150148861
0.3670666323917704
0.5625832254476679
0.507529649243516
0.6597134018411612
0.34197550585997694
0.4920557847865922
0.41846339135799104
0.6396892754554563
0.3668807566098534
0.6080487345476991
0.6624733672408929
0.4013761391244456
0.41220682542691
0.7218210824665625
0.5458787410737966
0.6658989629402949
0.3003083885047786
0.2748391256677102
0.14320010267646785
0.5516698839498934
0.6922914994568631
0.48106479049806694
0.6853204357217514
0.1416762677943213
0.3771178337308622
0.4419387934502957
0.27414431283295176
0.5900202941180958
0.7680742017415022
0.5597770954240139
0.7202213399509825
0.32946340456093665
0.685679500765664
0.4447578463368651
0.6788944065910668
0.3695265602203166
0.7634887440787294
0.3514657438993896
0.8519463573317718
0.7383856991081439
0.8935688492388715
0.3282998118963182
0.2241408029200185
0.28893628943608773
0.24781270203813452
0.5016738320530117
0.4609288907761426
0.4553200730166837
0.8284468977069417
0.2309670630069105
0.3606575421992526
0.30429776926438395
0.47119341347102484
0.17753986335795202
0.3708551107705444
0.5587992416417359
0.8234385944026845
0.34575327082870655
0.449519706114741
0.6087311848196552
0.7275206600960605
0.581712238200486
0.5160670431962432
0.4374784001081839
0.7233058690717801
0.29053708594897315
0.4596770670378684
0.6946580044550686
0.717370513930265
0.3777774086737692
0.6035108235117247
0.5842347078075901
0.57507365283804
0.6213121967456235
0.5148856181825594
0.6687328120172605
0.6483029125593259
0.5247818164734784
0.6363057627688784
0.5647495911091099
0.7642434726265683
0.43351831453250733
0.6605165332449673
0.42456910596809333
0.8205026027641581
0.7428659154150561
0.7429958858634084
0.3674178601911793
0.5667119901368257
0.630958134821824
0.321775386330443
0.5036433976309977
0.6268642904058279
0.34387889537878846
0.4242631539322059
0.7197807095191692
0.2802939017065962
0.2300333571963467
0.7714825789121618
0.41075105232949477
0.4206069240298195
0.7130973812618256
0.5049543579021275
0.7795133597432921
0.44301367518568735
0.6652434034067216
0.7380594516659517
0.5135234593891012
0.7674009397391481
0.21091337495187837
0.10734264059586911
0.48031685028516385
0.6992253515542765
0.4815143518754121
0.6174436179715344
0.42598476284375153
0.6630472814379846
0.6896231363331191
0.4937583284093371
0.4883889988424647
0.7820596328667203
0.6277411657255949
0.9000773605411627
0.4065694061625481
0.491523942989558
0.591887505912963
0.762726716702687
0.798291947455217
0.5672837723873367
0.7794833429977915
0.33453166368727777
0.3780211823646661
0.82370303924176
0.3366192434961114
0.36030174245467206
0.588933362027349
0.885603924689145
0.3615252075519554
0.5321218267460289
0.6929379730929753
0.48476434689685605
0.6849351281769058
0.6815631354558698
0.8350133039198782
0.3029905578862876
0.16480863776848687
0.4395214945576219
0.2490252803664994
0.3085480468651405
0.4846460501253166
0.6071637655606513
0.5334827851642912
0.6423586587584094
0.32678018385472674
0.6512810465656641
0.5816430668909646
0.729803368336027
0.27818559389493397
0.22569043007539447
0.46173043409970527
0.7322473341061383
0.3830903344763492
0.45093317205940436
0.6539606987752554
0.5800480055897772
0.6843155468302429
0.5360446183046376
0.5673898563797529
0.7122806448380052
0.5310078599798823
0.3888167600933372
0.6561671232293941
0.3853434312969454
0.7866520224612681
0.38786352715783934
0.5155201451257113
0.40048537196715417
0.7353753411945891
0.6437550127083415
0.6727840002557862
0.6825159986374518
0.4572702207835032
0.587922411785066
0.3150284802961275
0.3288338839126914
0.5953353657265682
0.6056660380968766
0.3451751494416428
0.14728486344898215
0.3691716014598329
0.6377401159994813
0.7549653050782759
0.3239886865268937
0.38869497942766446
0.7186706862057519
0.5309520638915612
0.5933922357702073
0.5417484923156587
0.7738881801751666
0.44302216532807775
0.44758001018467536
0.40941523074804714
0.613842935428658
0.5877102061199057
0.3068367910036692
0.7085616540563285
0.6871565531404265
0.205280787584696
0.3685418260415217
0.6061841525142788
0.6644847499646378
0.6030591563180668
0.8782081707777847
0.5378972030416299
0.664301881693482
0.33167145900656153
0.5620896802046756
0.6939881845791526
0.17335698201557673
0.6410044080644891
0.902244633785085
0.4280959663181357
0.3639181552004145
0.45418061955707334
0.66623896684653
0.8233543944266248
0.6074661489566019
0.8219978308121542
0.5014727465660064
0.5664670432454523
0.5744639163077219
0.5536412956186421
0.7758938267470763
0.2883923000460164
0.5823160022370318
0.6963813358366044
0.3028120716022887
0.40931935862927143
0.2575024046654039
0.38651139458702566
0.5451847178484628
0.6060165253608162
0.552253249381637
0.7180351593801673
0.5811522958026157
0.7790891714338375
0.14156231744956957
0.4917911175210351
0.715994227620037
0.5557617097309038
0.7031678212754747
0.35355678898351456
0.7533489294512308
0.7007133795600953
0.6357008321683515
0.8100072364721512
0.6089108838809233
0.9123635075609403
0.3976213207920226
0.4329282877332681
0.5988255215880497
0.8445881174814687
0.5333590230657
0.7796897373205592
0.46106689318024985
0.37049288864167984
0.21947386656374387
0.29837290110698805
0.42632286132585806
0.7078988620346884
0.4638303728769316
0.7040722178267558
0.38609528188602826
0.5982251386527221
0.5314078549475859
0.40555715797197
0.5660364597457265
0.3698617464828218
0.6611959469817648
0.6794589590400463
0.5263129697586815
0.66192569867025
0.7209205813678741
0.9206443159912441
0.5575497188288628
0.7036978465910111
0.5471365959770973
0.5072162157082838
0.691773685350361
0.4727056728489241
0.7043465037708871
0.24147646535136746
0.36618086150517837
0.42365496199975466
0.6217143658666934
0.35552128014522794
0.5138106314563181
0.6575037294665124
0.5442197148991507
0.7961459119079514
0.2817089120898423
0.34892434651353466
0.3948066183865063
0.7090221658042125
0.666718047911906
0.8436864025756948
0.22015463757022075
0.1911240361774524
0.18384905864187476
0.3040482211345355
0.464599936429743
0.8269241552488302
0.4549568054156658
0.7818151515680176
0.1660882267083748
0.526217873735164
0.7707223583275866
0.48139593558737076
0.48135050234059495
0.7828808303750625
0.6504211599947953
0.8680854952417272
0.22375488831287355
0.46829050036305037
0.7815905620796423
0.2906006994147883
0.30883411416522466
0.4264216840259004
0.7711341159324666
0.2522376694085736
0.48861153608211694
0.7198384740098337
0.4096140932209095
0.8884205726515119
0.2802429500132384
0.484636659503604
0.738360399015711
0.7136700276683909
0.5069296693442485
0.6763617758483141
0.5531944841266572
0.7228400911200403
0.680123063043841
0.3783268187398189
0.6291910718066523
0.40045844902673366
0.42742859007579637
0.5636158414248633
0.8192048058124672
0.2700917172181589
0.6963688777595072
0.5598400014301032
0.6683479756416262
0.45823894105959356
0.4979696657081744
0.36009995894240493
0.6526398809850125
0.5477739188208063
0.6017768724044558
0.49757852943331193
0.7923440015764014
0.2887598801671668
0.6116145512001006
0.4013032302338037
0.6094656678458729
0.3728808489130202
0.5705830506829606
0.604974133729578
0.5077126521157577
0.6929618305170087
0.7608465739487894
0.5263977106185277
0.6758043947471403
0.5046641889233405
0.6831649834673763
0.3606373675973302
0.2434431605310508
0.25526137895691403
0.4952422051717121
0.6543439615060213
0.7156302780085644
0.7562433789775157
0.3740074889008963
0.2993444541993292
0.3406617984800269
0.24132118786550974
0.48086519621833046
0.7383332236996836
0.11159552127674534
0.21279045624610365
0.3229326373233719
0.21229388151029446
0.2261215725344308
0.31148868255024464
0.3681735909433033
0.6553086024342293
0.31574205299117813
0.6496738414244586
0.5632076852471115
0.7397744356092875
0.5685952181210006
0.8251709549832829
0.39101609670774307
0.36919433192938195
0.4810435999578
0.5325812939221783
0.7376274415924192
0.4164589942463879
0.5490078618683983
0.7097306695200623
0.5611198468951674
0.9197153426006924
0.3635332381884402
0.5610493340153153
0.2920168507617265
0.5002066102492106
0.7840150935150948
0.2762187415513691
0.6083143096871316
0.8078913003955122
0.36346156778376437
0.34835129027637857
0.21905744849717457
0.18531125034871526
0.4887896766104122
0.629903926850349
0.73926415264558
0.560061089143728
0.7760449912142344
0.40746530478572285
0.5121344929820403
0.80177147707848
0.3709091200081018
0.483783105336264
0.5325635439540203
0.8353320414869778
0.19875756212502152
0.3793020482679944
0.1290178431007977
0.5356623353633959
0.7918191121050462
0.05433407992630849
0.3181814877419713
0.45601887646196765
0.3996919012026823
0.528922827184575
0.6358197384828841
0.3809980337468395
0.6216707273074014
0.4076159448973158
0.6652380937675838
0.43922999592265466
0.4873725159925867
0.6913154889765365
0.3395883823288819
0.6179363089763816
0.44089910271879734
0.6312344394111491
0.4051666725577826
0.5409170376374549
0.2305844698997128
0.08426488232373253
0.3550030853652594
0.7923900641731864
0.7857320027412228
0.6100625674209978
0.6827431117726639
0.5272421870517889
0.7995987983697058
0.11476941710635909
0.24105496849665825
0.1890781164358114
0.40479377453463355
0.9447428052953355
0.37885152501576713
0.6659517214675353
0.5084587461219653
0.616068936794433
0.18976892744802004
0.406477282399974
0.4996735482280758
0.8644669137285167
0.5034719485067352
0.6074853067260383
0.6885841370365997
0.517412386312635
0.5884202118138357
0.40341540814004645
0.6890145654770493
0.26390470198669674
0.46038904485439724
0.647364063544075
0.45341147389526454
0.7045346834242675
0.2928710478103921
0.320880889124144
0.5323276908876472
0.4419192529080667
0.4980340810698942
0.7182879811697067
0.3552416944777668
0.5568456269464054
0.8142446713779524
0.34064379134542827
0.6164222970537496
0.675841762051597
0.2901518463048248
0.2931556395590626
0.6641350294224077
0.18228686129059513
0.26380696963563144
0.36176664582143087
0.3883829848660666
0.5145848999152863
0.8835712418004605
0.3034247184217881
0.35008964514765345
0.36855861595783357
0.6986255783171496
0.7787514481443382
0.46967305174047874
0.49094174578381644
0.7113788788793949
0.6594564418416226
0.7593405802792786
0.4474343972474153
0.4609870371635525
0.6202916904916974
0.3966756413322735
0.6213479252502515
0.76922063567026
0.42001605396404695
0.6973689481557857
0.5636846638065567
0.6588735112856332
0.28471747006490017
0.3339512735509503
0.4111499462233022
0.8459333828553576
0.40214608701675075
0.2970833725994198
0.36299327615808935
0.5337968620455991
0.5572079305644891
0.7406846292657591
0.31430554960421303
0.3095383798584634
0.2529091510769394
0.23502199505221236
0.24894207254182874
0.42721058961800285
0.7533348022694178
0.3068664880908252
0.3920130768293778
0.5022618876371254
0.6888344010922006
0.7205811303039907
0.6830163559746242
0.5140291705894823
0.47421744826627216
0.43331482241041785
0.5133710676756558
0.45872995900795954
0.7855193450724918
0.5124477260183191
0.761206170211432
0.43081864298474465
0.548168356812522
0.6622698296841911
0.616034765020614
0.7371215798046404
0.44227777487430153
0.33528802876115177
0.6504455274286322
0.645169946663952
0.9019006914714118
0.45447631861949167
0.31134437683379423
0.3903205969905253
0.5357422309802126
0.8237588173921623
0.3175159990720913
0.28856208241771963
0.612035986730522
0.6680666438937992
0.6182919366335021
0.7772565784951466
0.5375565477574265
0.9055552576647801
0.22316068568696046
0.3066860754057429
0.34173646381709194
0.4044578784391241
0.48608565955154337
0.643997283568698
0.30561250632710285
0.30684081581970957
0.35564524428660854
0.3353772550585702
0.40391529729335496
0.6280844183635881
0.5484289315148743
0.6980967026254056
0.3959426976258094
0.525820799352086
0.717274596681929
0.17872645724049455
0.3333725294027128
0.3074667044947321
0.32645404987259363
0.2554953817699071
0.31248145835731206
0.5663693524965421
0.8007464147598367
0.3827231547566548
0.6251487901589662
0.40298859618447036
0.724158609076872
0.24161127271794944
0.4398192114853294
0.16521705637075781
0.2615589873190413
0.3546067338561163
0.4497828228677897
0.7698288971101422
0.49399619804169387
0.5260680946900169
0.6961937178640559
0.805302689089001
0.5814368769854881
0.6146892107379682
0.3810469726868036
0.8177750203879817
0.4183833378430033
0.45833403916754933
0.823622582019991
0.339987775152736
0.4328635023523547
0.7166142433321779
0.797261621116619
0.48467511300471733
0.7877532830343988
0.39165160214008965
0.656828197972596
0.5929551038889195
0.8077064621345172
0.33087474281219964
0.4247756331927825
0.6080162724645596
0.8756408999412618
0.3973266699700955
0.46019919034856216
0.6441006238260206
0.33297003991959817
0.4102193712143211
0.35109847864327404
0.5299998745137832
0.7299677160889212
0.20404038793774265
0.2597309813504424
0.3582802291672076
0.3396711283281517
0.4443820316378319
0.6653209183378717
0.2883020541519848
0.43162305056789413
0.8662735744537516
0.3674306020554084
0.37802111195080057
0.6983751284989325
0.368936390811938
0.7253628497202703
0.2901990102061068
0.6208129520599902
0.850736858929057
0.43828561393544063
0.3012741729402736
0.640155288487419
0.8304646835635336
0.4401822163023745
0.6915871146279912
0.34228242760190336
0.7805527633696119
0.8111380147528329
0.33184154850364256
0.44371233458839937
0.6020420274412119
0.617911731898153
0.5083151209033431
0.6995141543905175
0.36370037048266873
0.5010463302910745
0.603661797608028
0.2774539056794576
0.419681228729054
0.2702951177213509
0.17355623345255627
0.15407476247632007
0.45064240280447904
0.6495548089868296
0.4060569128693634
0.2844128284112098
0.33854221464928436
0.30259395214422535
0.6110765413602
0.23072124280119147
0.5465550161015114
0.8081034082398162
0.3128568332552689
0.3484036997196907
0.8455888927235118
0.7214502526399839
0.6890072551988207
0.7531854192368783
0.6310289477869958
0.8636956995211359
0.3359556921348941
0.439905820304612
0.5260561372067758
0.9081488106822925
0.3459022057509789
0.2910174045465876
0.35861502912703813
0.7038870548616565
0.7070964175492703
0.618549576456684
0.7610490848460739
0.5107550470793708
0.7638093791688043
0.6793643967852365
0.8414267730435697
0.40811296553526727
0.7389854090568634
0.47381023851853615
0.6930324874245914
0.56835251010573
0.8460937634247426
0.24312906188307998
0.46360641371060946
0.5653153142289848
0.6096108761268678
0.7454728167894532
0.5837867478146308
0.5044801337560504
0.4027816491387558
0.7959772414539438
0.28385864086711654
0.32139190939281526
0.2631558086448445
0.34494980068150005
0.38543489503375805
0.5565341128439503
0.7453535382002868
0.35511201747000604
0.29206702489236935
0.2815823598322919
0.5636073078704136
0.6981108221960111
0.2667092680612041
0.42113233352083096
0.4215016330795613
0.2219002756612645
0.5261688856540889
0.7182857061947628
0.3481954545242971
0.23603454684414896
0.6565158615375463
0.7150255918660003
0.5096838497636322
0.7314841712749597
0.6725451224484694
0.7192157445226176
0.6824761661533563
0.7322981898841204
0.5577613708423869
0.6978948071204221
0.4097369398349277
0.6256174791130268
0.3528775363717457
0.5917439329394988
0.5149710299231028
0.6678160236117343
0.4454613148638846
0.6888765070337313
0.334540075026942
0.4808170667314077
0.8222057458905085
0.44851800274843423
0.468225568556404
0.4960075910857707
0.5441767214471495
0.6106762888017307
0.46234047066959694
0.6263149457040273
0.45741987960924685
0.5956201734247811
0.7679709496831572
0.53437818922288
0.7693657134001243
0.26024044983341743
0.4194552244546526
0.22174293109270313
0.40877727869261477
0.522853316699793
0.6606198729250983
0.29097645662203303
0.32067014993752185
0.5887258658202579
0.6113141682022443
0.2688379847432707
0.851142810587298
0.3205011541885757
0.4030435169547145
0.2756647629282678
0.31122296160326873
0.7036527843907322
0.5891680347906814
0.6369768373197682
0.5805128757541997
0.7629758990863587
0.47346890072194947
0.6863639484581403
0.6743631344862031
0.26534347902618177
0.3854452041475811
0.8172772253159731
0.6112176036072794
0.6247118583514861
0.31442749351362437
0.4330698312205025
0.7092094062883753
0.3921046605970021
0.29359119493903413
0.6813142290059481
0.4664061281205435
0.8508654054804421
0.4682238828147417
0.3266182301537519
0.4721870754209271
0.6543488680703177
0.9522333275219169
0.31565837135542646
0.7062254831209828
0.6629010389281973
0.744137299837039
0.7052784739576796
0.6052712315766672
0.6556843493830505
0.6334392205249959
0.5564024943967747
0.6314315967045453
0.6465005677056657
0.4710451927405354
0.7864468003230675
0.32358268756373854
0.38913012489169657
0.537770329661977
0.6968033088942409
0.21193087795319254
0.632701674612267
0.541362564972088
0.8175780669113939
0.5060902974627951
0.6892033509969454
0.37361251625367814
0.5682446923083211
0.36590836490281686
0.41671563159274755
0.6694857705826621
0.579619330388832
0.8137235497194398
0.5831829755689607
0.6073474337031664
0.649318312580824
0.5607511811057769
0.6374737206087719
0.5362780501278241
0.6121081378386027
0.73310137915375
0.5227010539175397
0.7866513582213219
0.3694453471533163
0.273317920947976
0.3636711676359798
0.5285634846247914
0.8533007359817663
0.25760107284461503
0.13642939687644878
0.18944368293057667
0.2878363151962783
0.27647110559156585
0.38994626407623073
0.486842806426143
0.5622294691614216
0.3040757073500835
0.5282092989247181
0.3963395226770464
0.5457251827567952
0.7655005396399652
0.2600208798459194
0.41677561368058486
0.5747253211213056
0.6187356561657363
0.4902020495484077
0.7403732977170864
0.37293121861077505
0.2806921487728185
0.41241517949835815
0.42657221587597666
0.7989309909542747
0.3932820498076246
0.7224518381780369
0.45369611588545156
0.7807326769494675
0.36951675235780684
0.6689712515036035
0.8844281338032227
0.5681022723151691
0.47301340143167714
0.7257859309484959
0.5792232240816931
0.8705907448824712
0.4019947088711957
0.39434603033155013
0.44691858536151585
0.5459032673882291
0.9261367315863399
0.39309679296085387
0.6286744971501246
0.5296343024308812
0.832403231207484
0.2938966911617239
0.3713986082330925
0.4814847281089971
0.9026427453518718
0.5470438966953137
0.5818914656876947
0.6356343894152581
0.44967075165373693
0.7951897386085881
0.452714692168862
0.46104633866777217
0.6681385203425114
0.5490536733590077
0.6639739369820304
0.3584544066262236
0.47280923975123423
0.4947691126373813
0.8045218926209176
0.3814307971466786
0.49295999197880647
0.4597050065281242
0.6432965922168739
0.284695616455291
0.5950131768261834
0.7437913070138726
0.3752527622456289
0.5399115438311423
0.5914700302022486
0.12029701164413883
0.36507291714728346
0.5683975197212539
0.6996966213562096
0.40884207074261836
0.533535786598441
0.40784840496572883
0.6377941247885696
0.7735638134969934
0.5724951910162578
0.5845761954760103
0.7641337477523792
0.421066783616664
0.4634063989297038
0.5557763650522378
0.6250245985662515
0.2365752300947127
0.27085461051071447
0.24603941877918636
0.1948076005423174
0.41027263940824227
0.7655239327213669
0.8134068785445293
0.6187442389437694
0.5711515777035343
0.5529849700598788
0.7701016118619992
0.2655849201364545
0.2752302574803914
0.41435071047103217
0.5060997734654039
0.7461712700272115
0.44853055154099425
0.6826485268240956
0.6588094909294056
0.6134328064611774
0.5990066372241555
0.4587916079471893
0.7855504964354303
0.5497757103768343
0.8705255344348151
0.4324523084507913
0.48097807347628857
0.5028769658414366
0.8310660973717712
0.36113868295498885
0.47571329489971576
0.80291873394321
0.31575152426050096
0.5910121765235127
0.6946852135372868
0.27417101179910963
0.5520560311276925
0.729988800765999
0.30041918478615054
0.32877226917442914
0.498927584703611
0.7149298876078216
0.3906333996723844
0.5296519489579088
0.7513510122468251
0.44439285769105075
0.7229587596694866
0.3216262251936334
0.5340678712891475
0.7692978531723109
0.37975108605603847
0.5605206618975738
0.7433582150330991
0.484156188743537
0.7737371980055227
0.43386781947121517
0.646002804890523
0.781083844076023
0.4423958121225005
0.5153762996111573
0.6012602637647207
0.49011588705644554
0.6504308826668183
0.40492531039816976
0.4851376618040118
0.6711567024462581
0.31654480307034777
0.2783074262395953
0.8330772565277553
0.6185755497317779
0.9065018233052211
0.4966460075255685
0.638112283373413
0.703880469015032
0.32586655021705885
0.3126317433858924
0.4342926684428033
0.40910414199486905
0.5653781425536153
0.6431728290241169
0.35365996486601947
0.6952526879137241
0.3906799614291796
0.5132804520885853
0.773743245392752
0.31266528187746356
0.39012452922485286
0.5609030171560241
0.7641975531844378
0.640420691276507
0.8117334809377827
0.4982417605774261
0.8055813018104572
0.12935419962179245
0.3145020672398766
0.5634295460276415
0.8497635293952966
0.5142089753761342
0.570831885973051
0.21900746026267534
0.2507265457117992
0.07709899301404814
0.2935156289674443
0.530762873544873
0.6261012970352866
0.4682225041783392
0.25642750006287224
0.3501359319507483
0.2967844700838503
0.641925204374229
0.7646625545791551
0.4444724747752068
0.860780350691822
0.7568928311709071
0.8326544464241374
0.5613461430636248
0.5756715440712004
0.41916548852601115
0.3100147844284944
0.6452158802927735
0.4859686781479125
0.5471134342649995
0.7375702242858588
0.4821033188465224
0.4618993508290442
0.5621666451371583
0.7952332203039101
0.47393021303224137
0.5757419345962204
0.5222799199772282
0.7521953247201351
0.55173259117477
0.6998736856944984
0.5156466724002156
0.5107831831553594
0.28315758943489766
0.5902441779432108
0.7204581019399641
0.2684106193856919
0.16715375380243494
0.1978028307487834
0.3548727205537348
0.5811548927464751
0.8094494844273881
0.34661270634369107
0.41224706844406805
0.40762943022065434
0.553017745431328
0.6309136712236717
0.46732859780368996
0.5246499957091256
0.28531958685526787
0.1904957397708274
0.3910155444099254
0.5613544087066836
0.6629067235914107
0.6372245195311732
0.719956579660274
0.426782275960909
0.5688789044387446
0.5629160610693121
0.8546573540404748
0.335745420412978
0.380879678295328
0.3772488999115345
0.4953556803906719
0.9510195351624876
0.3783653620810327
0.3397323089940874
0.38727129388496023
0.5783648656702657
0.7530025280703122
0.3881562648324553
0.35961746736755157
0.5054907511811482
0.5314363596643908
0.6702988154983858
0.2887046275964047
0.3083700833802133
0.536045721974731
0.8162774118684875
0.32834437597971955
0.2821282959558574
0.299536202299426
0.6058462371390714
0.3764148427720396
0.4427270344619569
0.7101629133112839
0.3177982658745182
0.4479645668850576
0.6263175579399349
0.28521651249928354
0.23369397569821052
0.31498202518181123
0.24003577682919858
0.23483343107332394
0.31104630092692026
0.3262987995838488
0.490803252789138
0.5291261598964826
0.666051980391632
