0.4088686373873605
0.5745123157837264
0.8067355554057813
0.3450329965814068
0.4714299345467039
0.7246302801607303
0.19044165300414198
0.17126428346074538
0.009919342384740312
0.16753265645517865
0.45769723895535147
0.5539928498967973
0.2359339525526672
0.4503912415276385
0.6941832816350257
0.19177171698593468
0.37143523489340746
0.6141676330706597
0.4396840275446262
0.7362495882114176
0.7414882792103625
0.36817911291188354
0.7328533397378065
0.42940767072586544
0.7698601200216711
0.38462471121277614
0.3024432402562717
0.34016510266044725
0.2108960601399041
0.4158168504178682
0.46759961737091005
0.19267842927869877
0.41437889868623456
0.5852114025951773
0.6510177576904518
0.6391962940193531
0.7737658957122383
0.33359668351157223
0.3923463236820488
0.6180144451054986
0.4640083069236995
0.7269839751241373
0.3160087569159288
0.3561181518111655
0.7093995160223414
0.2774226274982508
0.5139231201430399
0.40297966739750074
0.22482177534681866
0.6167653276201661
0.2316910534725273
0.5003478189978328
0.4007246827246592
0.710220701908443
0.3414476504511407
0.6756538719136506
0.43514959431947076
0.616117626490312
0.786386978057025
0.5790733059831056
0.8492125093048055
0.33844162541873674
0.3755151936436708
0.6543853325977024
0.630355903674413
0.3309126393579156
0.9507988523017346
0.4815689453128875
0.5380140221327657
0.7689810961557669
0.4050641620120578
0.6404934361868112
0.685633133997996
0.7229502705434109
0.2841218510161286
0.48043268786359183
0.8211489149396561
0.3431546464462723
0.3894172787394203
0.8740255758994785
0.40887801832551934
0.5208463664555795
0.6328207683236392
0.4849596154370365
0.298612232537322
0.6085820023470722
0.2985111341923021
0.8018631936084883
0.4068668913157996
0.5895145698833893
0.6831788592006901
0.5437020561379461
0.16557916466708494
0.48727833114197233
0.828816690318898
0.4973887991964769
0.15778798668016883
0.3030569828879938
0.49822045657853836
0.7851220722651179
0.4346846015136342
0.580989336673028
0.728113397564745
0.6332081309391965
0.5481983102468687
0.6058144860146849
0.6814229533969899
0.36804493262892546
0.7094695819781764
0.19567712333314186
0.4137012813732948
0.3807100749220554
0.5137520032785049
0.7764258537082538
0.6036590318233517
0.6612167003704225
0.35890973133950416
0.30377460548255597
0.3213552187869347
0.8151443148126735
0.8509531410576904
0.5574890424064916
0.8251373201953868
0.14992681089635426
0.23531063591639073
0.510965770538909
0.4701450522802659
0.6761877531894306
0.20482873930543974
0.6139562990575299
0.5203725659782715
0.7616499003777185
0.23328112246781246
0.5038525216859825
0.5316356383163235
0.6055977735889037
0.4783403324549713
0.48540498599896487
0.1735293698441513
0.34542241804528645
0.5910216713109878
0.41951609258290096
0.6425081280797744
0.24786410797160496
0.33372137446892514
0.1788957518229845
0.35564743509031044
0.40432431647258943
0.7117443619284072
0.08385445046551362
0.18552292690428004
0.25091783295794945
0.27097014194183816
0.40250344731271864
0.3904386869565512
0.719709808818961
0.6362777059298517
0.6073360034726578
0.4139592770925245
0.749991481977732
0.18523626874123744
0.21828937619985386
0.17565504993439662
0.2209839911409732
0.3980934840504277
0.5498056015816226
0.7620379249312024
0.19641299924457134
0.467555595191935
0.5267977961766684
0.34608455512261754
0.539417108904987
0.38776736583805416
0.6668220096782679
0.6672975624372282
0.5375418293827267
0.6184763211643562
0.6421521488598506
0.5260509619959123
0.5106970078669538
0.4269662216427347
0.38647564191662426
0.3408314812094724
0.6799585862776634
0.200115521003208
0.3586315292769287
0.7508716781446972
0.378617288981599
0.6940869274464219
0.6731935978143605
0.841095246982793
0.5205900979776972
0.833998702075067
0.49708647852298815
0.746624205401446
0.15546819047729363
0.07744609837063796
0.28681381988266585
0.4278019599506233
0.5797077793995413
0.5816111859045996
0.49593773284259374
0.5141012870175369
0.6088079770111892
0.5422143237735871
0.7652471729281368
0.491721510521907
0.4636590863196417
0.24296517230938022
0.3925455031030738
0.41388338677306213
0.4024527071237389
0.5310240162961218
0.6536320964125887
0.5527651401613273
0.7337863597062747
0.5035568158019861
0.7547130520440873
0.44486906139342514
0.46078755946937205
0.6808213683780292
0.3303440193641264
0.5329392638746647
0.6857121209256472
0.40158598862307754
0.5459969208116471
0.7061695996328488
0.23756982462786605
0.15422418811598052
0.2407251335211501
0.25489701664409226
0.5490974505940375
0.7609248946507559
0.2690914449542856
0.4070735990545778
0.6991536350850077
0.6030662170810109
0.5505576157709374
0.2429726137610288
0.4565632597255778
0.6932994914965642
0.46623895250667063
0.8520571207425475
0.269799206884555
0.41208823213091683
0.6548544858144407
0.2760469408106695
0.5936609791171851
0.47289267749599273
0.35485703194447515
0.7174596737895895
0.24072464717830608
0.3394608589153498
0.3636354432000598
0.6758127629833421
0.20007185568078636
0.29171150236989357
0.4437344605550682
0.7580280551650977
0.2856228918500821
0.40700071432963597
0.6611017749743237
0.7855940883377848
0.5908084184337552
0.5707366250471755
0.788115087073347
0.3662033627812053
0.36114221353512466
0.4944832637426533
0.49927889906812
0.5763913220588591
0.31079680516335323
0.7604435097031821
0.07354170068867752
0.23487231946372747
0.30496678968775054
0.17393601851817242
0.3354995209912168
0.4460499545914898
0.6729000514836051
0.4580513568221391
0.6164999425987084
0.06889748455160423
0.14170535394090825
0.15305784747427062
0.39319200995347847
0.3216757863296134
0.6805701016120707
0.17746169364816847
0.2412555364432042
0.38491601348510057
0.6753194196544183
0.18662150747293904
0.4265334068954834
0.8172878045548388
0.19112949121032263
0.15771150704228015
0.2798150214676601
0.0
0.23618698090603235
0.2971003264193645
0.42039887983382557
0.6266859850586514
0.21667027299448868
0.2204990557002357
0.09093697300369082
0.18808939032439737
0.346072669459949
0.4436964635037452
0.8381975719425299
0.34584605202231483
0.4686529624193898
0.4727147902843118
0.2770128046039591
0.5082287723474006
0.8465131175994057
0.34029469739990376
0.7308146662073719
0.44365888657893715
0.4519079289078954
0.05073996316816227
0.2692526158189873
0.43276455775525274
0.7766308661106399
0.3303355516481904
0.335457473837309
0.09929416814087437
0.17347606275231814
0.2466317487463786
0.29547581920865323
0.5247032248762011
0.28682748095935034
0.7009337853756955
0.5010258431984826
0.8435841662434593
0.12982191609716892
0.08682556570124245
0.26352106107534323
0.5144015633240364
0.44441084768824846
0.35908397369497425
0.7607185154703787
0.27935410749450756
0.5172336063602689
0.6725584316027476
0.17493008457383943
0.1920928472788415
0.3134535203791341
0.18914089959301145
0.2930237771240671
0.5815541278390732
0.3612359341139954
0.5894766193922633
0.4320555544874594
0.7472235637369387
0.35560101910250025
0.6404442137381818
0.6802836840701553
0.3402332864376014
0.6734326967876879
0.6812933148502173
0.4781181314233362
0.7700430091404614
0.28464328547031575
0.28683967565673196
0.578558638276876
0.7282230320510583
0.3388860228928017
0.4942830821667074
0.7595298876695386
0.2568253766775942
0.3095868086619449
0.4159118923627981
0.5958817984016926
0.6245147169722242
0.34757895887386137
0.6043626047421019
0.48409819801440096
0.6362562407055219
0.3932951738440615
0.489210932833459
0.6968425173955625
0.2994126931487075
0.7162570896202105
0.5634865918304087
0.6939857016415713
0.29717332306726035
0.4029508115209404
0.606459234532744
0.4625125795180236
0.6926537302062407
0.3893182207326806
0.328588742825261
0.3687748455954377
0.7281978441119004
0.36330218300161604
0.5552557947174606
0.6586700418156693
0.17800914533992643
0.042991696308242074
0.08258413441199026
0.2750767384921602
0.6313394028181328
0.17528925480756194
0.3836850529254738
0.704584565133871
0.2585742054593423
0.4262815836279601
0.48807960356117525
0.7617867513858009
0.3284800050530465
0.38922902311728685
0.30772785314995404
0.6421125606435933
0.6358922500368586
0.6637141058115875
0.24070709987282618
0.2023233070858075
0.6765022097334413
0.5273490368306688
0.6962302238636083
0.2950655474245635
0.5384117913301151
0.7769099962627185
0.4227292192991221
0.48979196605786957
0.8080680347884204
0.41382925003622295
0.3525355237728092
0.5185860207322562
0.8161406292804292
0.21666381132851137
0.2707893654023282
0.47307503351675767
0.21224466879855458
0.34162362989846096
0.6278352236116604
0.4230365162017979
0.48339398073663914
0.6652215613427207
0.7003011948354474
0.7477605748307767
0.43735471566697115
0.6743822202737018
0.36702106699360876
0.3025467976552158
0.6366000684353249
0.561324514843634
0.6347761779570429
0.5032958826773395
0.8396477595531529
0.16439612930636696
0.02356145560276135
0.1800070792189446
0.4466006444082845
0.6051583132969358
0.19156697295825736
0.25975609848701503
0.2796041042188948
0.25368907071078406
0.5861567582157688
0.8900944017580003
0.1818611372703127
0.42716662890589335
0.2643253528445677
0.48785772329432514
0.7059982559760991
0.7812903840941253
0.4952818280744058
0.8210756205977549
0.24788653012935613
0.1945681451619375
0.26198375477509567
0.3627310911698158
0.6797614284181562
0.34127622436649063
0.4758171429767217
0.6519548301887917
0.41775546406128194
0.7066896138541379
0.5145636936630642
0.7268084676101957
0.18877924510557922
0.15930296889342416
0.46107093779602754
0.48313312297673267
0.2847691659218119
0.627024047805228
0.21358918940438132
0.7719261178483859
0.32473595212801487
0.49859282221963513
0.6160634164403861
0.30271516878214616
0.3161712581573797
0.59067964597733
0.2522604572609659
0.6122373921223985
0.31090745174562406
0.25578028529364527
0.20722604595733723
0.22973209598803054
0.2906988046235593
0.6977620372574364
0.1617783168949219
0.41081364545307497
0.7640975863367692
0.5243818692326826
0.660462794439519
0.2712704769946694
0.30223083251315525
0.4385378898249641
0.5782881434767865
0.40293332353053984
0.5507698601097865
0.07100570500307343
0.19975979754043638
0.34811023155245696
0.653057207940757
0.3579153688887357
0.654537054221726
0.47125050633012877
0.5605280158332159
0.3144416131151423
0.6912449172998443
0.3798706288174702
0.5135729556800149
0.2544927774350147
0.4662407591152792
0.871257746883073
0.39857203854217266
0.5320971390271169
0.3066520619041402
0.5002403646483404
0.04988952717749754
0.2492776915349472
0.5443758927889945
0.8428375829612549
0.3895843584050446
0.6417527732576561
0.7602801982831197
0.6042035473137234
0.6062662146530939
0.5715028022612867
0.8514591320951636
0.329794624838064
0.40531381940368283
0.707128232958421
0.1381701500770636
0.22414693690146315
0.35046098783491064
0.5315015577912459
0.4821732357383693
0.3975134518432732
0.5240949240003805
0.6345364811283333
0.818385754403858
0.2828175687477829
0.43315743721344496
0.6477226248743071
0.3375907204361004
0.567907455244139
0.24869555727062423
0.3527679472252384
0.3706644375707232
0.5021765129791366
0.4448607095061903
0.8792392752209599
0.3546923272745012
0.2781025343076906
0.1736642351549953
0.2196235766002792
0.18131160760251666
0.3640936868859404
0.7974902208120289
0.2781592658379043
0.429219390656454
0.5062858498152032
0.6092647205610231
0.31861635741726246
0.5919551425171248
0.6228505596761906
0.7594208863073968
0.5409575398059532
0.4586535651523042
0.6979797976431769
0.4402408302877969
0.6188703968640411
0.3277331900909733
0.8250839845999585
0.3168940061193811
0.3774437162762114
0.5463011781656165
0.6720692562030951
0.7506059231536674
0.5894028376206497
0.6998772475010133
0.42918873469583285
0.8225396830983267
0.30209047006224
0.18755617919176817
0.11391277215576508
0.22672277630750395
0.35568022328418686
0.7828643847512275
0.4813192306274597
0.8125552253772657
0.285482098730046
0.2711478657723778
0.38402435939106583
0.46589009784836743
0.6375179949441215
0.15532405728401363
0.23863152639124363
0.6731717129676924
0.3645694849858294
0.7912652965080115
0.30625746154780115
0.32620560666974696
0.35586711380291214
0.739808994850957
0.5147543465138767
0.6520915989423269
0.2849289212676449
0.33935951421168004
0.4892957955280075
0.7757433899299513
0.17371104621492267
0.22097694209807547
0.5384484391442066
0.736356560855699
0.27487693778331757
0.5539950141952117
0.44763297164798843
0.7401150863867436
0.26396126322196517
0.3236538851043654
0.4853339644972526
0.685797859438902
0.10689810756881332
0.1661315828503601
0.18902487830663503
0.1973317154838132
0.38550873436574534
0.380094290738107
0.6433083449919804
0.31825274896607797
0.46666523060149834
0.7248784769117631
0.24435076786376828
0.5869281119685583
0.7282282213619068
0.2556546335727265
0.4373662710520298
0.5933529178427042
0.712689567198823
0.2101320979382524
0.347746081875301
0.6705343322994135
0.38314828891734865
0.32554642021131464
0.626566145473443
0.18616610094767794
0.19845023311551382
0.34673419183004167
0.8148166168600941
0.6318819205380469
0.5514872129451733
0.7873903306570608
0.4284230702691679
0.7367016541111935
0.28968979820848734
0.43400773870051407
0.7384789996913651
0.21688545529366268
0.194419221593108
0.48288534914965253
0.47956246187502793
0.6558607274882863
0.2524355787007842
0.35267610056085563
0.5306807904947864
0.5637777518076725
0.7184756635159805
0.40212150583214895
0.5636524558083219
0.18603357676519228
0.6708898843455191
0.4783371973538442
0.40187304435085747
0.7299042909025752
0.6096843599148338
0.6820110078568934
0.24138577880061535
0.5309603049864194
0.8081644765082441
0.20099083152940603
0.3076699562406422
0.2848402043334625
0.2613608155571848
0.40046280105106513
0.6244034944097534
0.24974946911119122
0.43573043800221
0.22815364663918705
0.24141130481232817
0.42351994294604234
0.4735268268792799
0.7583643623351047
0.36577480081054997
0.6589868198654849
0.764339997094516
0.5740492860756632
0.5915778366115623
0.442247457276654
0.7178061894402213
0.44465151100331046
0.6714599138011401
0.34959735684730037
0.25937788026226566
0.6827100379755325
0.3793533050370096
0.5308010970763457
0.6988469244272957
0.5220355306257519
0.733553602026219
0.19519423404562425
0.47834449123317135
0.6934729459000317
0.06824005718014015
0.44589163378602387
0.7958373632130364
0.426024931325933
0.6899831677514495
0.9415270030660557
0.4256680984871699
0.38860669704190526
0.31999514320011957
0.38577773489584116
0.2136576975518404
0.19489896741393187
0.3197733205549272
0.5079818568464308
0.7619712728629089
0.2797931804684178
0.2878139890615381
0.3002435797573226
0.3090848017365783
0.5416074163270098
0.6956200530881154
0.18980720014124147
0.44938478055053116
0.8927492210216177
0.5706181937888576
0.8114023863801272
0.38342159451938457
0.5537948945292616
0.7509751991954332
0.29628852091624847
0.23577217452004975
0.36584631039308646
0.6476523354655094
0.2599979273794944
0.3453891353523383
0.5252341150966853
0.6764556849709037
0.336148515560757
0.5947200533112149
0.48868009557224323
0.5922866911605396
0.17005248925277022
0.19699704242439284
0.27235405512740424
0.6150308705883009
0.26354892750207515
0.4254740550677633
0.5805881207303396
0.6956512576312845
0.41289472304155894
0.7346633020706147
0.20952910264998242
0.6457436631865615
0.49033114748124546
0.6211789254125166
0.040296599170035106
0.3031626982204927
0.8096293864015646
0.3558984084380841
0.45852685273500327
0.7676249930339885
0.25698748355021056
0.21428577236832028
0.4768029287034508
0.7504389475100172
0.4661554441916334
0.5411185718765641
0.687100494522993
0.6419115450088857
0.305131975828551
0.4487804733155178
0.8559979725624596
0.34501277124367913
0.634909697189139
0.4903646532558574
0.7854712566400488
0.48255505816284944
0.4489913357434541
0.9257440167985348
0.37181637964898906
0.6638681314860007
0.5228174400359793
0.8084009613254651
0.35742038801935655
0.19777209328181597
0.2663212978240311
0.3655815140328284
0.6881487562755312
0.2567021805508027
0.3965694911890375
0.7214390357285575
0.8230386925698775
0.5276542139428657
0.33050782210533747
0.2286512651930013
0.6348339116739679
0.3481508807296452
0.2955185842141152
0.45935614441724487
0.1933545187572745
0.4854364596860737
0.7346616310135835
0.26804681697388405
0.43936291763919416
0.46741360403806664
0.6028058911322394
0.6382979205743737
0.5908981754627456
0.16748721745267567
0.4974556603151014
0.8608467115318469
0.49168795577565955
0.6276113180576789
0.512447619714746
0.7188503184720558
0.3080495628764121
0.259065515098761
0.32320580422540224
0.7105079199498313
0.2587811662555139
0.6828510344596017
0.631772660453992
0.7304711801174656
0.5923948043180426
0.7850106020746351
0.24917193318955685
0.3452186958853055
0.593805262349471
0.3107883198103099
0.592609353868161
0.33130349432273537
0.5049108192055601
0.06953048563946113
0.14759448000422504
0.4530588403356116
0.6623347894863119
0.5497643883742673
0.6595980852114798
0.3310496767673386
0.4574291989095289
0.5769163553312103
0.009511702030239239
0.15922772563744353
0.40716413436790583
0.8425880228121667
0.30238645050881047
0.40935276337791315
0.6476506851034439
0.7982885861826746
0.5884674111687881
0.5096745314050919
0.4128201660756336
0.7725146889367218
0.3090702103875683
0.4775733187843386
0.7901302167964354
0.3367163476284584
0.16237176728079
0.6664330537177751
0.5152676210228057
0.6639047021134759
0.4607343332879067
0.7523982594271036
0.3172081486508091
0.3744613068952088
0.6395967524847493
0.3683871326179876
0.32183907943503437
0.552319063273818
0.6167260780003142
0.6131087242106613
0.6281718339167645
0.145143614436846
0.388763548441267
0.8788445143084929
0.5281967687480669
0.5867670194034432
0.2624637509859915
0.6270605082357922
0.2722612691305373
0.23635018322334975
0.5297288067959283
0.58656317133598
0.2841424993728852
0.3752524411512405
0.5789391431153577
0.32707915827054884
0.5328570569043906
0.6780580954164596
0.25509228733785566
0.20875125342796547
0.49759931879303665
0.7042433338210325
0.37996076845142973
0.7291055885659199
0.2774287369360812
0.37409250732157723
0.2978862477143132
0.588562972068504
0.6160394803079927
0.5896562310019337
0.7196741547024444
0.6205240884182917
0.3264226785901213
0.6554499216438002
0.7355203280878525
0.3989813866315212
0.6716443396963311
0.2907886976785675
0.567692986065865
0.46178048092403606
0.63873910242207
0.48885868319835285
0.8348580037487994
0.15738627234506164
0.11244418662505404
0.6188001099008227
0.6408647770727451
0.461925441918793
0.6781017563043614
0.2717931958752045
0.25177538746107303
0.3172260031300055
0.437957157037164
0.6424701601926819
0.0763615145179391
0.02578546589937596
0.19155737648562962
0.27595711592211136
0.5920261170639425
0.7744749474202209
0.2694279421088776
0.5216359278116063
0.5918510891419007
0.7383658356438795
0.4319883104647464
0.6108100995274357
0.5750536022138562
0.6031903286200746
0.1862340233077238
0.1935234236642106
0.7329549555648278
0.4480241524554712
0.7018139461904161
0.25565136496910373
0.5611305971363664
0.8109381106292998
0.18319155208475443
0.18658041869521377
0.2928243571584961
0.790980275032571
0.2263866492820087
0.4684517134684325
0.663127769949141
0.217671662367247
0.4914960132331446
0.6852468128024257
0.4501418472090585
0.7006935744555113
0.23783292481641202
0.2768085183192371
0.5056973332756207
0.7475817934648632
0.33234792847195516
0.2327305326344884
0.3101822648928931
0.2980298019257448
0.24527771306430585
0.2822358071173228
0.6605789651836029
0.6126529708499431
0.40202860146046016
0.6942976619606751
0.474417675156824
0.7186754958902397
0.19898412513802374
0.13267111643727914
0.19290343285632905
0.4190730751867711
0.7579722832746216
0.6317996550695948
0.7008312302645355
0.2544782301872406
0.3314453331681753
0.7987772232008415
0.4300812624087599
0.6456746692436821
0.08764277758517329
0.25898236259722823
0.5296644660834098
0.5989205581053488
0.4108878751474577
0.6540764700224243
0.23760628630539202
0.3631830820281086
0.5447841084918306
0.1218599767763124
0.1543956605495362
0.39634280826621326
0.5897443946880538
0.30803744149508244
0.5845264267120461
0.7049211693359975
0.6228349024504249
0.5680100507528887
0.4848305003786866
0.6070191560263395
0.6630656287874206
0.532991897392622
0.641427613613225
0.0999424682904249
0.3286051197689822
0.2508391201546146
0.5936706619544144
0.3921286840151241
0.6688404762767071
0.19463633905401903
0.5711023713599315
0.4370146610076784
0.7035252995991113
0.2580507079740956
0.33708742727425534
0.584221651748687
0.08255432011406118
0.25494677937103893
0.6571981172157138
0.3186917000149689
0.7222280821563709
0.737558835117962
0.2777370050008413
0.3876228624874034
0.70526923039412
0.3403896743716009
0.3369592356400455
0.647412634435019
0.5489882643977865
0.5534946064606177
0.7462677523100097
0.323978447959619
0.6854372097429376
0.49329131279596794
0.2842869954170022
0.3502259034968167
0.5814329522805025
0.30398465972945576
0.6805620878805339
0.07409761795184097
0.4588977305353912
0.6607159130213004
0.053819071109095964
0.12419242973449629
0.23369985518279637
0.373949596209541
0.49073001268338173
0.652231896926727
0.5158722483118168
0.5965786829454922
0.3742193365446384
0.8620534863763168
0.62730347359491
0.5742897931772376
0.4210822412492279
0.6524611345709189
0.2601306686435448
0.3261303111951988
0.7671786894077173
0.30844591617854467
0.42218653364335323
0.6958356817952698
0.23119421992812092
0.7102393130141744
0.1933266402763643
0.22250519907318897
0.3782876805463973
0.5055783706876459
0.6616609081094386
0.31934945550569616
0.37244491449737294
0.4266478017917243
0.7187031534353919
0.34562696655826897
0.29444874366191087
0.16853457827533458
0.23421192196811605
0.5310534498345378
0.644105726722932
0.5558643288845619
0.26927308860480176
0.6296042788490354
0.5793181317485554
0.4619482595881735
0.4544107445017037
0.49359545052616555
0.5585805187903007
0.20556182903719533
0.4665127810527543
0.5826148397321437
0.914353186360249
0.43681046431685433
0.4552190779596087
0.5989970157673665
0.24088389278883382
0.5648884514130137
0.21975373631957046
0.7701642318286179
0.3331771639957017
0.5560356595428803
0.4803573412366036
0.6655798183857462
0.34121427253319075
0.41492546660999374
0.8255714748187235
0.15641450601213766
0.2222937814285787
0.19797528567507308
0.4974915379027358
0.7351535755467505
0.24384497485969986
0.4657867714950951
0.5679014613384623
0.6850523852867557
0.5700704977861762
0.6178099310793891
0.36138453544709226
0.6540148566780419
0.20137711194976068
0.6179205556077281
0.5325482678574753
0.5086044660998523
0.5804970961599414
0.2981864584308436
0.6342229883803234
0.4019351288420006
0.6372962980481157
0.6260788200337168
0.35137889356961766
0.43781167668726667
0.7036997229096646
0.4942245563605642
0.604282846368597
0.5182035365855768
0.554660986734933
0.8738833349580187
0.5749819577186375
0.6738342436214264
0.11119534369907537
0.2595577666877979
0.1275232380567625
0.39285721634710363
0.3503924966899021
0.6182576185651419
0.6217983700335054
0.7289422905805669
0.47192597233929506
0.673045404478864
0.3007916102624336
0.6196467374003412
0.7495233163667505
0.6077982625219183
0.9363667000251411
0.4290456967144135
0.6848969351976755
0.7751732123638923
0.12436086255996452
0.28248097148674356
0.4572256217643683
0.8578364642374476
0.7242535442861231
0.7343663546320742
0.0781484330955573
0.2876921476673071
0.2971985103780729
0.7866809632295837
0.38631948805197963
0.5048222777117619
0.06206938519261477
0.4310146069098929
0.7405206277759768
0.20507064545040943
0.3190684587453726
0.5307620884981663
0.6970200588638648
0.5476978031389533
0.8318571177939769
0.24209327232486583
0.26436437512732314
0.3585570991597786
0.501123425849695
0.6344764414658253
0.6761002555719497
0.6464628541645744
0.41761633118248037
0.6904416790450767
0.08369815318972712
0.39074823583817575
0.5452035894822841
0.5800059059355848
0.12367675198118051
0.25784259049333097
0.5275163259548452
0.6565962044714392
0.7228404678095759
0.8462745620582773
0.4556683551703058
0.6057397130310351
0.6606936997367522
0.21038870837666462
0.34396332477958413
0.5680975519356241
0.41907066129972165
0.7426874353799832
0.507418227402117
0.7985529098759655
0.46431205869801234
0.258723758835333
0.32079735574868684
0.3522874852155623
0.7406479414023293
0.5175774629752234
0.7823464479356075
0.42841951849524607
0.5110223617638936
0.2952124707813758
0.506571691708192
0.6972119175456563
0.18472604714349072
0.44266324724793915
0.7874199818513857
0.1992147843359131
0.24649138439290094
0.13163518190048762
0.22063309161059033
0.3038674327916148
0.48140726394329936
0.7500736655119915
0.14248045596370282
0.4485897248840321
0.6253249407566347
0.2980753969188739
0.6949359301821354
0.39465334089681003
0.6809870678373315
0.2420854879815781
0.6413330104544371
0.3917191000341353
0.7674946203278961
0.2400055999754811
0.40045721635580495
0.7859331841762127
0.3499891394934987
0.5813480073553833
0.8115163065942667
0.25846168615487813
0.4288246938063831
0.6423576299967265
0.9064999730153914
0.4863680262073195
0.4734845256671165
0.42153050826414024
0.6932668098372358
0.28221686185800654
0.2554140009050558
0.18937688639372316
0.25212521316100234
0.39048058391105817
0.8794997628270399
0.4299492145671446
0.543334412534882
0.5784688633550383
0.13902911670493814
0.406382450850736
0.5929690245490916
0.32687062825730445
0.6572433485576685
0.5114374489614734
0.8435362806236859
0.17980653390935125
0.3032678123055023
0.09180028541225546
0.3228539668236934
0.3944255137848247
0.5236157366439196
0.5782578451111633
0.1332216497856792
0.6498677020387614
0.2966198858834172
0.5654018372019111
0.5314897030670774
0.768800065738489
0.3423842965296099
0.5466985674742744
0.6556865034943279
0.4622074653938491
0.728669960715225
0.2579664323662792
0.3973266221864989
0.5264114080878798
0.7970378078730083
0.1891793144712543
0.2670712285975926
0.3448236729694742
0.5720076949397706
0.7778352095371874
0.2921562513131999
0.44094666373184954
0.678555900166401
0.31229759235568155
0.2715540315373386
0.3067833778930746
0.23338153901227787
0.44490162271335815
0.6361679490286056
0.26356932648538633
0.8182742713540809
0.2575005533995031
0.893636273764946
0.4761125179369454
0.6302248443013883
0.30105379526538256
0.24663546007716616
0.5848592745990576
0.42265861670242566
0.5536035568530471
0.8332240109227556
0.3604649654600075
0.6563846738802299
0.27521275660622607
0.38278245884527495
0.21016102219062538
0.44088478299761086
0.5528663119692122
0.8040230693488488
0.35787293372972295
0.5414120561829427
0.6419378286458708
0.5216952673633878
0.8553687754695796
0.14609630865598747
0.3423697083460811
0.3959751636989135
0.7996121354395048
0.3569666337877334
0.6443203696043215
0.47570024472323574
0.7844103912776305
0.40831647737993043
0.7634256327513506
0.3971186740427282
0.5230113306334168
0.528772741909822
0.5729604148803149
0.6058130926443002
0.6414138869195656
0.7677393856489305
0.5578162318055845
0.7647978263714263
0.3662022413533766
0.15712819272170633
0.08718528454940351
0.2839632019103261
0.25574129288022507
0.24694067368586928
0.6513372474665771
0.5869961179663279
0.8303334737584593
0.25725085440154194
0.0875536156816531
0.3106936026688258
0.28911679709887
0.7166280926490677
0.24914853144078625
0.7275147482021209
0.6803974629896143
0.5589167973724961
0.5660532014704337
0.4456343892648645
0.7497505310251641
0.0737954365498267
0.4124562714851975
0.27394327753282355
0.6134515801079798
0.6232492358601747
0.4191109050536477
0.7517152482927669
0.4771512559326377
0.7434880773783062
0.16244393302467164
0.11404040449306693
0.220141863553734
0.6280816433542986
0.5268215212559595
0.7259005449607701
0.1449694051662226
0.344704465717782
0.4420933760216758
0.4988997667573069
0.6548491325931147
0.31465101606113616
0.32728049337742804
0.3297092224483358
0.2035738981247264
0.3684242260136452
0.19249486816393604
0.4826042159715472
0.616286614653516
0.5754967933695481
0.782495164747125
0.24710255817225252
0.5221755173831245
0.6562604040695724
0.33246809790864873
0.6424074208048525
0.6035103789116016
0.785420491621926
0.2148321114390843
0.05662230252790247
0.23430645858742447
0.3737563216259854
0.552954852757985
0.52768655141608
0.37572122992296597
0.8012191430745
0.4221358612267816
0.46913378078121104
0.14523160061884996
0.1531992335005635
0.29857308982867575
0.547945448478813
0.6738449217261756
0.4207128770097718
0.6496646257885822
0.2226401518306326
0.3750213921670965
0.34550897618894133
0.6292806342193812
0.3552708180648431
0.5504777973274821
0.5339489611783738
0.3367105256687286
0.5689619825614022
0.4002089562082315
0.7991159673898652
0.3507049346804805
0.5403800443753265
0.5777377124139824
0.6113859007665436
0.46034156239097795
0.6005687918637875
0.5505118634600489
0.6646268262290888
0.5207079103392358
0.5597493838516915
0.131561049478411
0.3367723492304532
0.3114426825761724
0.23561811956614526
0.5346324755895403
0.27890403474925834
0.2284203644247068
0.258199471904914
0.5637134866206577
0.7809408865100621
0.42420483421559485
0.5426286929115576
0.7053105803784344
0.27910657996581123
0.3842326067446171
0.44833080614858334
0.4327885052125836
0.6706329725956334
0.29757952908914254
0.3250244702728113
0.16034794331119967
0.4541672566838403
0.5283840301784961
0.34148372358541745
0.6012288011015567
0.33218976451119364
0.5687438700051985
0.4744914456684885
0.7768436892879707
0.411778872129451
0.2939775651140303
0.29385970480437806
0.42485084706521975
0.7036505292629969
0.46385783578908985
0.6753433597107639
0.17913983473138
0.13099701334320954
0.2629198470862889
0.3433424548526602
0.48416150955716536
0.7820129861286871
0.47813996379018436
0.6579898622051493
0.6295110209619651
0.7814612814174667
0.2615861337361959
0.3215374373659829
0.683729432649344
0.6826448240041794
0.4409056562311646
0.6927795607328652
0.42498224987462324
0.4634489944852641
0.8403168222803782
0.1549120473125221
0.35607163443237844
0.2392056997226722
0.6528309564708392
0.5428389137711025
0.380219354832559
0.6145229396659594
0.17007015570417888
0.18282762763265809
0.2727539465332692
0.5053805458157354
0.7282303060298593
0.3630422903786266
0.5067485314795119
0.7332076501263141
0.22369852545354688
0.47540679259376883
0.5344894883580688
0.5390891795658974
0.8337211081679791
0.33249016397742337
0.5622043527690329
0.5829854723454365
0.41178735445087594
0.9335337076144082
0.259888185397199
0.2737728719657883
0.617975562473552
0.5407945714179823
0.7639783042105563
0.26612741136215146
0.2207396624220609
0.5525409196800736
0.6881985120209371
0.25688564883180415
0.30485619851536416
0.549323836116464
0.6148028746926342
0.38863339997819524
0.5955738017404606
0.6029985929516364
0.19609591059273668
0.4500296585459784
0.6411089054802863
0.3338578487491366
0.43919645346012137
0.6968749892240083
0.6773577023434421
0.7978845577305342
0.18698647313309502
0.25199930631887524
0.33297963514474915
0.6215137967181392
0.6516818243934728
0.5838887367107138
0.3678331215933258
0.5340291865489921
0.3233586754497039
0.31280438195027144
0.574119513186106
0.7832100944801995
0.22969081714759018
0.14141563057704393
0.03879798186663869
0.05408254934982397
0.4840712391635228
0.7207222732344719
0.1782981231704485
0.4057407462107733
0.7093524586102287
0.5486488838909961
0.6265623393940988
0.3895120796188155
0.5072392386430892
0.7955495548890413
0.4225184003598743
0.4639591321304225
0.5045272625788207
0.10234107099186303
0.19021125636180541
0.5504378418545243
0.6472502515462305
0.3320750917024781
0.6326201008453093
0.7144549344820863
0.5002301982680288
0.6543421739207358
0.203789603391636
0.1849351755508857
0.3410224552667845
0.40302287883996996
0.7482649599543562
0.5921639150937963
0.5801465476828916
0.5251795121313352
0.6330063188948126
0.2606596383993819
0.5400988134397794
0.5833474083338958
0.6791136467820152
0.46275596572286026
0.49783518349091416
0.47855783963793314
0.4849304894083957
0.3798765318097935
0.6251237603107591
0.11170375765944685
0.24951071763382918
0.41045013704885447
0.5831172451997557
0.5791665416376107
0.7379029504428705
0.4395843249782459
0.6525174789943928
0.6930850244365849
0.5588506702677171
0.6957473276026038
0.2584419066251057
0.3384205511991513
0.9043253748020029
0.49180284816253805
0.6132263419343572
0.5954905097458665
0.7439322942818215
0.14252664618235256
0.27187341699989104
0.6634961554947542
0.6294213817927864
0.654854050012606
0.5650877532379328
0.48506433481925443
0.6853162060785407
0.07986452570861965
0.3431821871790557
0.5830848222596198
0.6428954527805177
0.5619491963416858
0.7486862346526051
0.11502046223213827
0.026082418828364106
0.18822163324352578
0.6032683432777037
0.7766751594297711
0.33642289621023935
0.4073787122344812
0.5011683575722653
0.7816432886882064
0.4434191251766419
0.2633591837371854
0.37314117398167485
0.33822109741276196
0.5381284453964724
0.5500118769942199
0.6650416328542834
0.4174369665797917
0.4269608565980382
0.6270919228517745
0.7558803941120795
0.18056152189131866
0.3720383157656779
0.27511581481373487
0.4236681020822558
0.5028699757823024
0.5523997596078941
0.806461557962704
0.6425143949508301
0.6943433832960967
0.26978171240649274
0.2021946977703204
0.33840765366002173
0.27791765192001044
0.43144788428720615
0.7897515463776875
0.10356949753491523
0.22055151883795007
0.39823265729309837
0.6985895515107603
0.3499715148082698
0.5375402936526905
0.3379080055030278
0.46589692553991185
0.2861728161496969
0.2356965665859481
0.36976310152680897
0.5996789190600672
0.14923738134619605
0.39248366449645355
0.6829427568019949
0.32072954317787167
0.3962899500300286
0.4281532245970714
0.696167536579656
0.5929367815262714
0.6154397308047381
0.4779150761183386
0.7279035566093714
0.3884792548855159
0.4948555875887357
0.6617807692019535
0.4128895758971214
0.27705972496276493
0.6258964649285639
0.5194908243899189
0.6375867642089112
0.2926982499237171
0.7395999787131213
0.1599124454273022
0.3561356343790746
0.4191116586164101
0.41271625428804587
0.99588871855789
0.12845936674102354
0.28564945187104085
0.4171710352926949
0.6524037561550431
0.47261534627416296
0.7283333595064859
0.3686748663630853
0.3036681350913509
0.3951710354674999
0.4565566221265621
0.6926780676364186
0.38606913120178254
0.5285221941866625
0.5716549606184164
0.5633751404855342
0.47571154210952377
0.6808240203989057
0.24991599997007394
0.4015630999070374
0.6312542877099776
0.8402699294328915
0.224477542499404
0.4166937987033637
0.6163334566021916
0.3046899280171601
0.4446054109209407
0.35341544911450856
0.5660128887145376
0.21644706804343627
0.532726676188596
0.8099457169644946
0.24165389320185457
0.2861054062854023
0.2036825681782528
0.27085624833810823
0.5079713300975413
0.27554991706940785
0.5157664914673254
0.3475671914663511
0.625987959388121
0.539047917039219
0.663799671975815
0.3672248797070898
0.3042758411509528
0.6412961710004705
0.42359298753667735
0.5375045770270713
0.6666344456344072
0.4452872063562066
0.6003302511308831
0.6032144074414274
0.6706184744900233
0.655014976721326
0.4008988908148741
0.6086099784585488
0.24605526844268913
0.18904873617693477
0.3237494275206843
0.4294889732073098
0.4709498497693573
0.2847125203372821
0.329561424366127
0.17861039967135275
0.2809575827041145
0.5059824202460683
0.7261880033773778
0.6919268137416832
0.8105166349348806
0.26907869750984875
0.2016615214422842
0.32373264311343636
0.3304113884830997
0.7282168013080825
0.3074537516775386
0.4247260589602151
0.6420046626122937
0.1926871880726469
0.18317786078177462
0.27941991734113325
0.3323979343940805
0.5058065063450284
0.5670140329848663
0.261667914114629
0.40450547190008646
0.19186450847961573
0.44634325669269287
0.7319886022035228
0.21182943542399707
0.13890315226368666
0.5075907099825673
0.692393461799584
0.4616133425554247
0.8219078365417436
0.3334250926372361
0.5327662345638325
0.737426567374519
0.33778594943253026
0.7476410336995652
0.47695249423688985
0.6930279536249896
0.3767214983122647
0.2787061129556075
0.46679078122997675
0.6977740769625175
0.2538357219936873
0.17919264670485666
0.32017045125004023
0.38196281635972384
0.5410577689185629
0.4280625092986522
0.6293956661882514
0.7666908858494634
0.5210609527716074
0.5997770000242794
0.42922162956729
0.5951065138472352
0.3209697106744391
0.4907265371511747
0.7053855893117028
0.22146203011606733
0.5337677550707849
0.6886619838535315
0.36968325987681055
0.5714679306372976
0.7243598959333915
0.31479165294503797
0.37289323148634607
0.5434244085210033
0.7416794981670064
0.19355837070968995
0.40519789750704965
0.6180463014564738
0.23147865551884053
0.14858470449321903
0.16112421477079936
0.12803634964861121
0.1393319424425757
0.3647361956644194
0.33218676921168294
0.5298952904285894
0.4966732096783347
0.4977850388434769
0.671786960332452
0.7215317407997731
0.6068761181466944
0.7015514671558646
0.34228409977315133
0.5483175137572545
0.7423705681787628
0.2206526037408334
0.06228934313623165
0.36548027248949083
0.8870821033197271
0.6304267298582779
0.6244730822129039
0.36368792936535493
0.6817404098175769
0.7396419939867447
0.4506570329517422
0.7676861732536107
0.2711749799495532
0.11140344940848189
0.43406704583361594
0.33803794424150907
0.7198691659516737
0.2128984592296763
0.24887089179357127
0.2571035164311615
0.5258696661839676
0.5003802359803361
0.6902266145325329
0.25290374678536354
0.41318117624139455
0.6040802290405157
0.3569155409785973
0.35871817825746716
0.6678960371114466
0.4886376424655114
0.653438061080359
0.28695004479001995
0.12333826273251727
0.1658816569590704
0.47034894942238537
0.8057970433724612
0.05873776607560003
0.14907981581556498
0.18480913869858295
0.2825407312724611
0.655235258778833
0.35780582594041266
0.7835698916341262
0.3363396521058405
0.4138540825419591
0.8699752179705977
0.5562021118902754
0.8096262843677828
0.2510160466223617
0.432763683009357
0.6171552939445429
0.5474099661592859
0.718368514260418
0.5004141466704387
0.5709494613083603
0.625763715147929
0.3088331466940267
0.7975902519731414
0.4740947983915491
0.6724827464142855
0.30343852403217025
0.5702891423364752
0.5595487984228223
0.4616496525309947
0.4427752836668606
0.6052467000090109
0.34250560960057985
0.661839392907746
0.391428667756174
0.5120735186977065
0.6275019897290964
0.2670792970467077
0.358904977450766
0.48106879276808484
0.4839050639315204
0.5444517130288984
0.519974597889733
0.6378487242612356
0.3925250481868406
0.43622628777190847
0.4749185309182104
0.6857614522469723
0.39909474443559695
0.758867312509915
0.4528455459337967
0.3941405707212648
0.30224290125550174
0.6730744057283219
0.2010741385140473
0.20933602674017177
0.5338005494033443
0.7859826169867112
0.2176412094994539
0.4371596876670967
0.8216927169566988
0.4328612458683534
0.5125847088793564
0.6314635719577903
0.4720781340722031
0.5884187159586023
0.20198594196509143
0.2565402350687195
0.2127694797650494
0.38223467179946086
0.6476670157967392
0.14404227389081511
0.43205501056168744
0.6409199117864147
0.2921875573458269
0.42830254055173717
0.730438459488323
0.24027290262556947
0.5292894398527911
0.8662380888574929
0.4189982519575986
0.12013961949411953
0.3244732488473179
0.3668785895125388
0.7752115457511637
0.4038472004316243
0.5630104783904826
0.677936027375878
0.35361297778844186
0.4593989850568221
0.5760739020432896
0.7587286291938512
0.4505033621694355
0.8890825348238137
0.39580865972287205
0.25013051226341926
0.29515108279607927
0.5027039361128723
0.83566951712675
0.3561619403551482
0.550398000439016
0.5383567728933174
0.6267313790919347
0.5474247298417318
0.11468631830085627
0.6896804031418171
0.7454679686042197
0.703987878581871
0.755832008525184
0.5658003969871387
0.6229475809185621
0.23517415403829525
0.37501941931770016
0.35981830392030995
0.39456584242165843
0.7176880849018623
0.20909583361607836
0.3675502378733708
0.23270535727009542
0.39801142371451076
0.6273340960718629
0.047800151291871984
0.2572888307437557
0.622525091323294
0.43007788032422545
0.6172403276877747
0.31944094225438474
0.5071562267973805
0.38620335805344624
0.6746641685322444
0.5542768772410089
0.6315548775994257
0.2824604775949621
0.32295635312468546
0.5712266734767761
0.2999237533307713
0.6277701746165715
0.5041462863272212
0.6967065373850998
0.27488167894413285
0.6357325911272366
0.7167814901724396
0.34163771368509743
0.6922569040944726
0.3639218211645135
0.7631202860496177
0.35484304456554305
0.5409699685251189
0.6845072783124923
0.11797827777548318
0.2585530672488793
0.595553015572988
0.8984145920658977
0.303694101254355
0.2986437606854975
0.2918248334305216
0.2496297166070708
0.4493161761838366
0.8009685327556609
0.3797971355210747
0.5181802537960872
0.4177147304568457
0.6687199042253089
0.299732260249668
0.32502032027247824
0.1722031100568744
0.08552304072142144
0.11974172105629065
0.2251881503474502
0.3754145140386857
0.6510404998271249
0.29295184559623233
0.29430917240540283
0.2035727581215441
0.17236812118338288
0.4198371568504792
0.7015668193344768
0.1322713513206581
0.35662320253340096
0.6560564797108827
0.7614787756020698
0.42540444777343855
0.6308305547058796
0.388085678668113
0.5873341237271547
0.22006686934138925
0.2280889662674108
0.23825055931557093
0.3384251903910163
0.3331820658034572
0.39954699618094724
0.669527066138387
0.40818868374407985
0.39757389552727984
0.4905869930864729
0.7669136827483557
0.1762734601134069
0.37299514251978155
0.6631513686378961
0.5363314319358314
0.6389967125637849
0.20335282128873114
0.17866629999192968
0.27124275153808797
0.32472437730078035
0.23752199748572028
0.41437359211132774
0.7891244130789755
0.3031054302685059
0.21728380369258218
0.35413439199658453
0.43319631318927393
0.6513697195268126
0.02947068954788952
0.3643913311284967
0.7069999562449117
0.2513891994456085
0.4924580037752059
0.80579241414306
0.45960137904227416
0.6786144570684602
1.0
0.3682483651167616
0.3761242467922348
0.5801709964967384
0.70081795799087
0.5526392093797814
0.5131051747725596
0.17826472876779167
0.5064478599869094
0.6883750410245201
0.31878204632960516
0.23806215102695466
0.14029629854027392
0.552576542042534
0.5635033446441011
0.4783824872137589
0.3537853919812628
0.8267854888881168
0.26567274841176525
0.2735297747955523
0.6091361395012383
0.688352040190077
0.28693646685846513
0.3186581838517287
0.48663661776765715
0.7186917551986366
0.5913041619410087
0.8307701947262057
0.03925643440745614
0.18136482911756763
0.2966004685149004
0.32022762961992834
0.436721279757323
0.6892347078264958
0.7295953209397196
0.6709076634957591
0.5782591237807763
0.23128011665393677
0.42353288318668164
0.3847208780106922
0.687557055594639
0.07009846311585417
0.20198063106142483
0.5400716212331087
0.6051006287836875
0.4687555003030497
0.6585690364359642
0.36600419073164503
0.7759877530900803
0.6530165715999071
0.6264638190522226
0.4078939820155614
0.560256726239056
0.384717375074499
0.4060894398488786
0.6770024277918453
0.6840272048780293
0.23886055970811418
0.21303370609400407
0.36949232050043546
0.6742895876848103
0.316865015079168
0.3871900481498113
0.7918266005419441
0.3765966929991728
0.6429240562244909
0.6433816193304442
0.4637161558850172
0.6050753790153625
0.36115214903995174
0.5357014719103331
0.8445789996750055
0.1946987103260043
0.06360214439082916
0.3075347890274433
0.16326025188557403
0.3539878393005147
0.43940302395559205
0.5637288404139221
0.3609660899492037
0.30366543651689126
0.5364199333882974
0.24383100140101147
0.4187401477845258
0.6493327564642298
0.24251151017114608
0.6255182654126945
0.6146416739753103
0.4714245650877288
0.4877621336871461
0.5250860240336713
0.6602258873324008
0.5883960791717283
0.8056412657257389
0.31148456251089957
0.5741471215741905
0.6954375520952378
0.2290148267292918
0.3970700786036616
0.6140002810426058
0.34369433569209273
0.13273221180702965
0.35426351658103666
0.6384934522107735
0.6027396355520505
0.7884096882027142
0.31335292126991776
0.4239821974726167
0.6695235487800518
0.5864505648877562
0.6181742917787977
0.5857772676547481
0.9122274166678941
0.30110393129650703
0.2870571828798477
0.39405036227250195
0.7626467499588477
0.43984011140633683
0.7370599929876868
0.601230353459056
0.5883961530865964
0.6435697331950215
0.4814489927986631
0.6394012008289607
0.20251150570657536
0.35297135732301715
0.7976995137493735
0.3905558341050643
0.5926937747023274
0.41378884786283165
0.7965739392685931
0.13633055902813374
0.1532625754959165
0.26643179203401474
0.33862636048605993
0.7685619572548948
0.38762817495099494
0.6534653648894678
0.6256038075647508
0.5400140214932668
0.41591467779320673
0.5579687444136351
0.39051685297732286
0.7095141472193547
0.17620965605256914
0.11934555147626295
0.2709669813198788
0.33338857427552365
0.8016598085214256
0.24412061132090876
0.6105267720574079
0.3457846941820985
0.6149689284324101
0.17181687128855652
0.31461361265113946
0.443405570530644
0.7632462549372495
0.28167824461718655
0.39690635970637334
0.3758338145108121
0.3816829227622853
0.816057241759887
0.31100803531505467
0.23651480443797648
0.4327839998182971
0.42492042504615757
0.6735691560214241
0.24907522241418145
0.10885066848032832
0.438617444556777
0.7512939320205565
0.4903714412518613
0.7417691299976001
0.3863436241576464
0.610881124576582
0.305516906066974
0.2675796291163667
0.5221547929812648
0.650441492436446
0.4205108509924372
0.6445898141386786
0.1762340025429522
0.43460120747294956
0.7176322044940137
0.19275426172294646
0.2763925727060673
0.5659280011071042
0.6696655070496865
0.3280764973874619
0.45080341808038854
0.6379054741731682
0.4817184123632292
0.6676500544725372
0.2224630309061835
0.28572118974276384
0.6724874580562791
0.8822092541170129
0.4934657592136598
0.7033342625886572
0.42012765674839725
0.5751269946788892
0.5938352360928122
0.5509011942132082
0.36421100882126356
0.6048920284753333
0.5290094329468583
0.8032563888429883
0.41784185717481626
0.28283360721461565
0.5062404199995287
0.6938245197760611
0.45346819592740917
0.25179636636538305
0.42545665500573704
0.7207695430761786
0.259219212889414
0.4025875338777657
0.6942049826214444
0.34771084583568346
0.4593981614230633
0.4215063118587943
0.6995070923328353
0.2035491530209316
0.20967409972866963
0.21405408568357398
0.5401522630421385
0.642706740223724
0.5412347700514222
0.5557553771995606
0.30040692346290726
0.4571288607244525
0.6098867593783112
0.11293200189173783
0.3868707494702997
0.6158237270801559
0.13858050209110434
0.5456763573624783
0.2635670085343762
0.53823365996781
0.6846982809212949
0.4137344432355736
0.592961919965935
0.31487952812881287
0.524364081560692
0.5594030169282287
0.48007663416044616
0.7448386423337908
0.22091264207075023
0.3946693942055658
0.5923424125998629
0.3103677081219397
0.34584438336316603
0.68805004665221
0.3836900048273454
0.3354532097127707
0.552045564334983
0.5300594287821088
0.5619132720664203
0.13960333542144152
0.6097729067546239
0.47873992859754455
0.704886893853882
0.3430976083854155
0.5978797574681345
0.5801196449675673
0.5901561166611597
0.42079299064512454
0.8010876230916407
0.34431746880838116
0.4847146581203864
0.6664334001105104
0.16689133509885595
0.29129203983354746
0.09306798420469542
0.26861218052783287
0.3407350041266489
0.360829321685344
0.6282294528693156
0.32220534713437365
0.7523792991120953
0.41092324632686916
0.6956027063966439
0.13503867941892594
0.15964854602733367
0.2814829880021051
0.4904892705399626
0.6756360639220274
0.17729415165274445
0.40937416227839146
0.4054984043381649
0.6900264629237096
0.3439714756009439
0.2713153115215351
0.41363450424943865
0.7236030520343659
0.24163026744386393
0.45246415117016053
0.8524576315666892
0.3196630722166905
0.1687965564509563
0.5095665387219578
0.4833710020353633
0.8998382567942067
0.3407501142393089
0.2639573024248022
0.29667321269502395
0.5984732704262247
0.3415029701092106
0.732045290813681
0.15736412642013775
0.1946630511001571
0.5578796987319776
0.7223999023780172
0.4745528870471507
0.6926157367658606
0.3069151822190394
0.3383209002201784
0.45364117145007243
0.7359011408075841
0.15407714864078736
0.2721029321891646
0.41968984779998525
0.780896366902743
0.509258735554077
0.47929654158344864
0.30447356542278414
0.23355422035793402
0.445686227893818
0.5700968561620723
0.3369164823263016
0.6627672053846243
0.6362013232948184
0.6688258163067134
0.22387431878337913
0.18417795949059618
0.32624351568631516
0.3440943624578377
0.6990664067693705
0.4184009002913081
0.7390718082903976
0.7032343302930125
0.586781289244164
0.5963346950761469
0.6884703243549395
0.42008832014048786
0.27551817384098204
0.413264016421602
0.7437161236678129
0.13302883567639012
0.20411300012607927
0.4185231281596812
0.5308666561942539
0.484197060474603
0.6731574211066853
0.3749812650934163
0.43715833133574816
0.6794690744771759
0.19310949265197114
0.4925978669671772
0.7374115485613704
0.3673878829329864
0.4759499260751277
0.31199425696807814
0.6170422909939457
0.1644764996141312
0.3019231902578115
0.25444346862985345
0.5215296970620955
0.6245280540495096
0.5698587631095009
0.6704306164161291
0.35026397654587693
0.3309789658578522
0.614699266991532
0.14108180147044153
0.25189339828646035
0.32044246044201163
0.789171429711344
0.27752528961493644
0.5114903455241027
0.6481541717485914
0.6433046923204248
0.5283247369742211
0.6557925944651964
0.49996739135147616
0.5808371839287775
0.22845466461610453
0.33229109268495965
0.5484910061954539
0.5427424359131606
0.7070616150341886
0.38696620425568745
0.5383043294341561
0.6466804168803122
0.3752006680696645
0.5103944289956007
0.7913091939770985
0.4221731855311223
0.5463999511958615
0.645926611682949
0.31751336237192246
0.5369334606750147
0.2185747504862284
0.3024822922346659
0.31815809856374233
0.600510808271579
0.29774847699813606
0.5983933476914263
0.5940769615972734
0.5762124989574404
0.46777204231252073
0.6393204445785601
0.17459781287180554
0.4044271480001284
0.6567783284824152
0.22778942037645555
0.17292768321375346
0.333844895479604
0.541230743569392
0.09731404331136438
0.2417966457121456
0.5815008116812166
0.28041213475046944
0.7437285367540453
0.35374409880481866
0.36936214377793747
0.4053433530915577
0.7764527305734323
0.11761961456153704
0.36458320019617374
0.4811864907136311
0.7777759350166088
0.7299006403023834
0.6644884467638654
0.5635249268243944
0.5871204663589208
0.35959780346503906
0.6525057447429956
0.4803982201493953
0.49946103598939207
0.4526487122086457
0.6248944774931018
0.27708951998776854
0.24488436902987062
0.16695971533534532
0.2178030785412881
0.22070791176497775
0.16505442388777247
0.5619319788711151
0.5615540840643661
0.5204837775105257
0.5616062354754427
0.29416379879778204
0.5962983856030445
0.7599134724320727
0.4770234440321548
0.7194085060237091
0.7952436643305069
0.6481039751292719
0.7438283026357392
0.4100413628801177
0.6690921021075555
0.7474708132526335
0.4683879808754069
0.6094900675919881
0.13415128624000722
0.2792026849877255
0.5517379651681283
0.6449585948831089
0.7485205858132713
0.4236297534619198
0.5762717223513522
0.49133021519659864
0.7339619396323978
0.4155072586216147
0.40001814662630947
0.8182494771334725
0.48093324913945285
0.8701478888321165
0.2382214322342927
0.15952654955981208
0.19294864501696804
0.6130500485784233
0.7948081996509291
0.4086394178311584
0.5515017542376851
0.6443796095931865
0.40696894162226727
0.704969635148323
0.2818576247448668
0.2608546758941822
0.4476939526344953
0.4961125456704361
0.4272143971502479
0.8997853925420853
0.16772348369059742
0.2862647067559346
0.3533423362384081
0.6252700755071504
0.65664741714918
0.3808849307453237
0.5177186991708868
0.5213515390367399
0.4400721977140063
0.6642654153514472
0.268672622088705
0.5198940539974434
0.40892059265523
0.7956011990801864
0.5066896630010386
0.6855486688528889
0.5127073900073317
0.6469679404885241
0.2581911057571026
0.24367754435237066
0.2403375223293953
0.3241370755156019
0.45825289212676446
0.5512802340606874
0.7449055344513389
0.4445203284245677
0.8186594094251657
0.1939185267258006
0.31405972826460604
0.16382447840660355
0.32307845143368114
0.6854128653432758
0.39930151122087554
0.6678644571090019
0.5642120473872572
0.800503277021709
0.2780166162525653
0.6208558613255591
0.651063821122466
0.4015569134442685
0.6721989633609572
0.3867716526594227
0.5622307112457894
0.724872201458195
0.5905128245346283
0.8142618900606923
0.2728994007546758
0.20309132044738074
0.36461665202162574
0.6345985851986525
0.573888138231629
0.7263888384548538
0.24562699800341647
0.3985359417230189
0.7236433325069304
0.2869916638856376
0.6955171613592077
0.33732566129622343
0.4685389209482204
0.6352598407179206
0.24514769088198926
0.31256782891559715
0.5568360164225802
0.19161871187638504
0.30753302636840313
0.4772711682670638
0.4096488161363346
0.7435252095343797
0.6606687832420723
0.8042815483527889
0.2929791337250068
0.3596203930583649
0.5924618220168567
0.5187731438432028
0.852371047067738
0.4518591301333774
0.7860782177245714
0.5013918414218528
0.7704401288117754
0.44791440195665894
0.6209375317164555
0.054965973401584614
0.3540897063913009
0.4877034415557348
0.4757914795738717
0.5545716396699294
0.6017099068985794
0.3993698639596525
0.38474062941056575
0.7095689940285148
0.2894720375156791
0.21655458637696706
0.26385024401156704
0.2683161744041592
0.432805177057463
0.5525117401514069
0.39004513363973214
0.6248419211220541
0.2047605373113215
0.33612653892477745
0.592525699698099
0.6320026548947625
0.45602068859557576
0.7496848898757519
0.4017141624420989
0.5465141998636347
0.7139494625316877
0.18675079539212813
0.4004025209776376
0.688158060797728
0.44631867311869533
0.8841518962213065
0.37610258483184383
0.39326598794730633
0.6124887291086157
0.1438125173006348
0.26806409030600936
0.27299574463939474
0.6272135488394543
0.27205095387992556
0.34240097961969773
0.4898637953366197
0.528538886810567
0.336691938310935
0.6051625164873156
0.2765818841742006
0.6463074702470945
0.8364270500632565
0.5275821794661236
0.7266045443894813
0.23427508236984806
0.43435986335402416
0.562390035761459
0.6965156078547152
0.5993779839851708
0.7125919466149905
0.3313449055361969
0.2705495284141233
0.3063767480412353
0.19143781554005873
0.37221432197298276
0.5638190297180848
0.2465792186852126
0.38153499780524336
0.56221028659732
0.6120666953972349
0.41978599257734955
0.8617077970094964
0.2988551386660639
0.46876804767520647
0.28352425345515636
0.4280027550147572
0.5246702085038334
0.5203529268827428
0.8254874114763573
0.22685544651636036
0.41919499673490584
0.5252335382110795
0.7823766005730083
0.14937324657355158
0.26371339344157174
0.366234779216448
0.3310408519371331
0.48236819617777765
0.792170679462177
0.09429367370771137
0.2991421816733566
0.3276485125006549
0.40261222541758396
0.6015355664712322
0.6687304283442801
0.08038996434501632
0.44301704457353414
0.6503557508572024
0.21099004133720567
0.19328127815432256
0.5308527881129835
0.4855048728974702
0.5841233335784061
0.5798338304906561
0.48832964370036486
0.4987828203588406
0.6186662507101727
0.3471078000782035
0.6312459120154545
0.37519360912778116
0.42336355134195713
0.5949392067786093
0.7597150535738655
0.4104369191761059
0.4851119172326201
0.747084564375328
0.33229669770299763
0.5302048228468439
0.4255059973623844
0.6050102058093896
0.2406677384017529
0.470607001489423
0.6908022506732903
0.6938491798407591
0.5232991074422266
0.530854665482697
0.5475380932171948
0.7886151624490647
0.712626155975044
0.31345399985722305
0.7124184977186162
0.7599323965281617
0.45596883291907725
0.33869942175744694
0.5660768968175829
0.7130425859482898
0.18078237739793107
0.2647847228443378
0.6749604331995865
0.572332848941297
0.47218935993453937
0.542599101755302
0.8546393000396668
0.33301768825657857
0.23187822517528894
0.3484680362286396
0.668924548139602
0.5540974606921354
0.726076158835934
0.6371142800756673
0.7187253108884436
0.3649913458622486
0.40074253714338864
0.5185090466993253
0.6831299688138868
0.31283027047787915
0.21127272506638808
0.3106411941354769
0.2612723526571583
0.2486224358910153
0.4107123568226121
0.500940187299502
0.45027009659375955
0.21331164835943006
0.5561514322331248
0.3102600161077804
0.4412850166703448
0.7459636037556329
0.33216813047719423
0.46919619698673987
0.6540936559491807
0.20957046458611808
0.3623998694622453
0.5688138800747149
0.10973690187191054
0.22503923556624336
0.4635417186383486
0.5554365921189138
0.6926958147698188
0.3042038608365506
0.42067272814389106
0.7210041744979624
0.28885733426881244
0.43911306027358515
0.42901328236908043
0.5706399549559475
0.6873145832868015
0.5171615787494067
0.6782167322623984
0.336968367309282
0.37440972476281226
0.7078016036030044
0.3303156408943138
0.7350216264956928
0.46006837440529047
0.8832405722280571
0.15756744858920255
0.1979220364031463
0.28401830724115407
0.6138131838366653
0.33451616891689645
0.6425317828045235
0.5278344375575537
0.5967855585976283
0.402799700811032
0.7931592501952874
0.3688107641132008
0.5850105761786202
0.39589829175439706
0.6670006537842113
0.49074716920068934
0.6097030286877213
0.4065411134990468
0.4557240901845754
0.6075296604167598
0.18288184100677837
0.28320157074389296
0.5934723575158884
0.07609707204598451
0.1483887373412482
0.1750495947057275
0.5764639591500486
0.6438621850407132
0.4666647139958499
0.6123507699660012
0.2002282250167734
0.1461249542980363
0.2958771412952314
0.5178063311635724
0.8030032502999543
0.22940630295675232
0.15795755533072922
0.45562099844033455
0.6482250418516905
0.33839258962487356
0.6079737430556627
0.6490321142880909
0.7608512702611108
0.46356823949195314
0.532033168126839
0.20319990689012843
0.5906354390472863
0.16528183101241134
0.4889461925755676
0.5141949954978444
0.5657988057295986
0.6829270756881439
0.32053978613328876
0.2626454767728227
0.6930355835010682
0.3061584671095534
0.6527321651599494
0.34680323116100487
0.21284057698532435
0.27115515265245715
0.4029026338913125
0.5212359142799463
0.33964637709665624
0.7253214377783811
0.40918939124444736
0.5825362471086319
0.53084561031181
0.6015986654738145
0.45019066973997807
0.5094552127159292
0.6741836315278507
0.4206596916879662
0.6032638095798185
0.2889686765688315
0.2958040148048417
0.4427973749932533
0.36761120069356773
0.49416845643591756
0.8020926631776878
0.3869137660611901
0.3991909248600472
0.8175590322596886
0.4074384261331793
0.7674340093141033
