0.2100546920963215
0.3003235489096288
0.356616892517641
0.44064598610314654
0.11655212093074083
0.4010826005345075
0.589067954202672
0.49836630014987504
0.6232858425599993
0.31198738400020887
0.31631375394289246
0.6273208074278145
0.5259576441938982
0.27346363452229216
0.5838421477165744
0.23787318425878978
0.3009096468553633
0.2741079184697595
0.5393156162874828
0.45348240845605864
0.6774480388638133
0.18757341976083616
0.21054007705004757
0.42536550333485146
0.6309542401647817
0.20722861760614855
0.15219203771554737
0.21303986504765327
0.6203966043041619
0.6138806673792985
0.48680399765816773
0.5885035843424834
0.45308436609493963
0.49063076288196394
0.2139670471448764
0.26918486738877584
0.42805287562421984
0.4456302920030763
0.7146102021122847
0.3395638531589541
0.3648113224108268
0.48990636768949186
0.629206525182524
0.19134334150777307
0.52938080197476
0.18656699271615784
0.5808872389701143
0.4116638595820604
0.6319964142030452
0.33398016011124887
0.2560765031185765
0.33652687729120906
0.30467243562007645
0.389015381811572
0.7159566031204601
0.3442697736323165
0.5565223753002007
0.43508104788817364
0.5754268343392686
0.2552457400583184
0.3617088493235652
0.31032588151385593
0.5089600747150378
0.42248030158868455
0.5755661217451469
0.2740634830905432
0.4084210536455693
0.5831011570547158
0.3283230131947743
0.5834005113853614
0.27461472784576196
0.5893834796905523
0.4135305091314945
0.6053357780071803
0.3006862410658705
0.7360597883219706
0.6063846713637464
0.6135753912037517
0.4888970426457856
0.5975545924229273
0.2065500509072824
0.16464837688054068
0.34095913283265217
0.6113723716314042
0.46750877718248407
0.6139686747369223
0.4144848431584143
0.7337239965587637
0.35839448242528316
0.34879721668356634
0.4981735475248436
0.5012766255667693
0.3513640505217726
0.710146032844243
0.14160497441630146
0.32886048252225
0.28519686538045746
0.3257308678867945
0.3078596850304033
0.5622142745586391
0.625825171164315
0.37835854824115406
0.7257196002205129
0.29610512459587407
0.4474651026903546
0.7183958683195905
0.26792895327891614
0.47192124329867713
0.6004507532738768
0.27372404110910814
0.6015361460003662
0.15303371368377547
0.34739336754821587
0.37456773043754116
0.628515330877238
0.4155007498297654
0.7012527393540349
0.9824068837227915
0.33478072694229233
0.8328152089240158
0.6327709637969764
0.4425948098973561
0.637252772425922
0.5038439551748224
0.6655850172162545
0.18238461810384063
0.24006364968428084
0.3907150479192776
0.4598347325948055
0.7290212409718272
0.2587979739022452
0.3868292165714719
0.4961514449138537
0.7050866453330891
0.13853933598561902
0.295783534917198
0.2973083783387957
0.5406114284881374
0.4473053733163406
0.6127527278897371
0.27244890715066844
0.5013089485234832
0.7780850150248434
0.32927340762493096
0.3428147762043638
0.30902559610001423
0.7192328453909709
0.7258751933884489
0.6285643176789788
0.6033142413895395
0.6039199119068066
0.6988043085467875
0.7371021494766947
0.5610035826679737
0.42561843632707536
0.33971582848200454
0.572096921212043
0.129650650970745
0.16046930424974473
0.25019316094647853
0.5081896283522034
0.12308473243881708
0.2941625074286171
0.5155277405594437
0.18476113225925658
0.24907852396005048
0.5392902724532292
0.5887375459323912
0.11096244061935985
0.3119514281358073
0.341017820228133
0.5288422555089507
0.7223883476710458
0.2144286579542446
0.04819397000087813
0.189456654742425
0.42222698415197374
0.34175254513194464
0.6248918296245574
0.2758835239349479
0.4966729318210883
0.4279332136330568
0.6954646380456044
0.30910304458608384
0.2432422075190411
0.3517586641612346
0.5275088331348494
0.3873248778935912
0.6432371203285514
0.4419187326125235
0.5825487486375027
0.11365624938220398
0.34837346336491776
0.42385200093182607
0.5154326746757695
0.6677238965766708
0.28061831573978274
0.4005231175868151
0.5678705166466095
0.5816441972671859
0.4935096411851379
0.7138440921821578
0.2729457499353545
0.6101465177096703
0.6699200371069778
0.28944343191695265
0.47986780140366964
0.5532589717450062
0.37179866145690643
0.607527143127413
0.42518182860842113
0.5864028833044675
0.20175390017016073
0.21874596423475567
0.3625649066812488
0.5742216218657465
0.25115986703183935
0.325990233202583
0.6258536033138185
0.06104563932777909
0.1830060881796875
0.32895612608503016
0.6879128516763535
0.6363079858875722
0.5577035699363745
0.7882735708231651
0.12784481968462855
0.1458665963355205
0.18174889494069202
0.393798357067178
0.595490734986952
0.7243464192944913
0.3374251017694332
0.3492749549596095
0.3765382178399622
0.4676907151003409
0.5209007644613081
0.28928773477558545
0.7488542519642991
0.29918105020324215
0.3237310996794559
0.43879607560872175
0.2090889981615411
0.2185121813474827
0.5525226630148379
0.20490777836934926
0.10389708356153946
0.10544740826225092
0.12415591433343555
0.2665357767749986
0.24026795592697311
0.21096368370881025
0.35183041797832226
0.27745958777616414
0.2669575151216454
0.5487926977628952
0.8031707874036462
0.23832581118421511
0.13603669494112178
0.15612747670026153
0.2574360687825773
0.39776971485447604
0.6065975656988452
0.2712958107204645
0.47177608246553693
0.6572676458554692
0.1812007046696452
0.1877173279357223
0.20160119037846866
0.35658737889106457
0.6711009212520425
0.4256136564040563
0.661031966388003
0.2584283330769588
0.22785737279841953
0.3876464422469207
0.47985090141263825
0.7699028203470573
0.20190959722129437
0.2858230240568201
0.23337635413509955
0.10693106433662684
0.209845170095291
0.17650916980808323
0.5908777699744991
0.34410151316381005
0.5802554127232593
0.09756419564451171
0.18163393594458796
0.11100408018346028
0.1974590859436894
0.17196900744026816
0.3821909496377469
0.6524999946740412
0.319851525534408
0.5772376933414959
0.4387324043879348
0.6421334198001988
0.40616444610542535
0.784785675765898
0.327794124126214
0.4286377674649227
0.40792766634046224
0.16460681170519553
0.4297410275138719
0.6118175720694995
0.3344127384424922
0.5784730326057459
0.3889385223398749
0.4671554184664185
0.5294967249669318
0.7360533848032915
0.589895325781411
0.48435584646060637
0.5070153900195292
0.6357043850437576
0.21198598732184523
0.42372852266755534
0.6582997680141305
0.4942965916539336
0.6259423973230528
0.21030075958472452
0.47450271128568494
0.7204770680373571
0.3136420997939001
0.4907483435744824
0.8242528268132918
0.3846173191849308
0.4026205552982527
0.5541859199411154
0.6232636834037263
0.6994235684101047
0.6701604863578638
0.3172230721357193
0.6488708711536437
0.37377010005479927
0.629119491795022
0.33055626791689424
0.42573582158932666
0.4481974773279885
0.5873173738236377
0.7185202118348152
0.753237541417093
0.6786596596570071
0.6695390501746666
0.6859110262225828
0.633818254547732
0.4811333128594938
0.6968889737629865
0.1658207523872491
0.3729695416576134
0.29377541583425487
0.18544677929304734
0.22028544877723802
0.3149262086259616
0.6223913142255697
0.3734318419407471
0.8178133456779324
0.3462127341134906
0.2783423190099417
0.19958771011154422
0.3805029419912494
0.46251899435146937
0.361313585013487
0.5824229855739189
0.21154543795355815
0.24651567835380753
0.4127675956438608
0.5501605480442969
0.47569810140324525
0.5553721170315247
0.3170210517502325
0.6047334322949353
0.6122514479325288
0.6437608435023228
0.5216307826488967
0.6520621609804966
0.3407524560345159
0.4789370311861408
0.20538452427087622
0.5969329502845091
0.3077228038774667
0.441425374961837
0.7146451423919086
0.2648359969445446
0.44851222415701186
0.4004673193752533
0.7467622242789184
0.46324980862769927
0.5647569846313973
0.2650802867304596
0.3811303846623577
0.6838547214121853
0.6387465019947496
0.692317640003919
0.24399539254408636
0.4354244518519139
0.7566340420469637
0.5947908586664465
0.8341281395879468
0.3597516950118677
0.28068508207641263
0.394764531146674
0.4545947355068757
0.2689455658589255
0.28186749680225187
0.46182931205341193
0.5578098417278232
0.08677138735663986
0.20642597733457926
0.4916288410032836
0.6071710605895647
0.3556630835885122
0.7754855510901983
0.4353015683728751
0.533394702723617
0.309288870339011
0.5817566745136833
0.3124073498112056
0.6236446200216622
0.3367980822362552
0.6869857279986212
0.5201450922293568
0.7254726806562264
0.34627389286461
0.4693552369641187
0.6535271437592802
0.5832361996234132
0.8838044589379277
0.3091895907096696
0.3418800131330709
0.23891676941856144
0.3167473054573258
0.5430159943121067
0.6566290051892409
0.4884180658467005
0.6538859976089393
0.32333414411702505
0.6469916533733706
0.5411742947786943
0.7927413818562592
0.16786885399641174
0.23949714450561185
0.5713792803674336
0.34723023449050994
0.6189422660072248
0.4669057662677968
0.5054758554652505
0.7342278677023618
0.22763688634687004
0.10604407278538734
0.3637132402979968
0.6737446901250639
0.3528816876956809
0.5979153848777408
0.3100840303312295
0.35058347999946526
0.6250119476692283
0.2404163040050331
0.32267849082059813
0.5235210757329076
0.6133807812070274
0.4605342607330863
0.6397978405111638
0.31330853352798627
0.32487959239337966
0.27767405460611644
0.2648174413782932
0.4330478264629112
0.4896824231185847
0.4872747190241185
0.6989718464899141
0.4446213665146914
0.4444227676635555
0.4703375150612842
0.610585753731948
0.233849611568589
0.6696011751742678
0.7440580357259201
0.24947271801158982
0.19882753956932817
0.2227073501857433
0.193714591068005
0.16486641037112704
0.3003268602476735
0.32050200964455194
0.2896452110745658
0.6717739940675037
0.5881222491033081
0.7183145489064884
0.2643183685745107
0.2859680340893278
0.4880297760455035
0.285672990609765
0.592675604741638
0.2873386595955132
0.4975610147260846
0.6538446028001148
0.22149818911678534
0.38437161696516314
0.500878587474337
0.6220031297197963
0.1404769208911101
0.16196206644092453
0.1720592965891939
0.2676751475811058
0.47430925075321023
0.8316893150072306
0.299987078632096
0.14844876474894253
0.17338884942996555
0.44206038781222706
0.3626542391733683
0.5877891186410275
0.19990866651043837
0.3872997648357758
0.5496148740805161
0.5274174891010979
0.7384599962280193
0.2806330760657856
0.3919249625329805
0.562655024291019
0.3750055992658527
0.614587267019907
0.4403724051164814
0.4047636502826871
0.5154520863741588
0.21093964767639775
0.5751845913672129
0.5682244092057058
0.5553003906986494
0.5433710925082227
0.620637863942448
0.35693248847224157
0.550636297550721
0.2853555336832222
0.6277397235901446
0.7146095419512798
0.3870099555314342
0.5192585451189888
0.10725015409821438
0.2635263325004309
0.3658156628490952
0.4779571283632486
0.01949952903651768
0.2955631315377
0.23630755472184556
0.4667850559010625
0.3048176759121934
0.5607870468992702
0.3023807106504618
0.49701219633516425
0.6256138176144516
0.37644003888130795
0.4509641635036885
0.7679487105366177
0.3865018040360763
0.6420129320187825
0.2729341997133574
0.5529925599201377
0.8092757471114052
0.4470939578469321
0.23348300022840518
0.4376690013253756
0.6536652416717159
0.5784094668049566
0.5002194879363816
0.5146671232964667
0.6512079425760517
0.4308223206340901
0.6859043017229065
0.11117101915898303
0.19028676583989745
0.2526383348551017
0.2352213941374546
0.281798928340254
0.2641103402170074
0.27269398379495896
0.45697827693375404
0.7643949950161781
0.29968667060199056
0.3581209194471028
0.29546584747990684
0.47241847512252233
0.7551884677760011
0.10349871321216705
0.23253140351734056
0.16151008874543485
0.30149368052651515
0.40561832581683005
0.5855458768932963
0.31877366917616073
0.42140954438692774
0.6120220585661981
0.15371343772033166
0.07255003570944046
0.34684233658251495
0.46345217386881304
0.4159698417872425
0.49359717740076386
0.676415257988519
0.22907446923063632
0.3564464956976156
0.5009670267188086
0.5647069906151282
0.49588100753585973
0.7519714291434687
0.3829764337957895
0.4201677176852259
0.702598990322131
0.12308562998667565
0.2022998975907824
0.4845603290169043
0.6906524408891846
0.4857943342989889
0.6373906717095277
0.4631173636201669
0.6404114467958061
0.3071090286495841
0.5236004262911693
0.5832202868552364
0.6301911040328039
0.51733572363769
0.6942728477575018
0.555540216640465
0.5296653211630453
0.28848943605804916
0.4102300108198235
0.07297835092582511
0.4754637406202149
0.5177543648856947
0.22278543345972146
0.5771394161948568
0.15359482474993713
0.25132102992022093
0.3005153493606984
0.4718519304173512
0.6173033687150756
0.35974539884917184
0.33782707718274213
0.5222965146381737
0.5862752682157955
0.6647079142120802
0.34247023708070373
0.5517254764590837
0.1712192974879183
0.48175801701430027
0.5946212959853293
0.35480778822652626
0.5733182925018011
0.10712183143511139
0.15099814120461696
0.133755023477964
0.3193023825987058
0.2781843520275878
0.6016311519884503
0.2391034833659019
0.3116797754289235
0.573904994509063
0.19236023161605398
0.2787197831936932
0.316426668681517
0.5715574087195147
0.0589677111557565
0.26367911852722825
0.5828113603464393
0.5064577377450286
0.6523820661222909
0.342340641280263
0.5642448980220175
0.6433065383987884
0.6808249858114537
0.45087431120813776
0.7002395828871465
0.15996945403003177
0.06173565305361158
0.08250000413183947
0.2834094379888912
0.5756744256933809
0.5857603864520879
0.2796856148067285
0.645432738102065
0.21404667039250516
0.18375219997241285
0.2668148199071564
0.26111670212192784
0.5219962469094415
0.26402989440676494
0.38833397914259005
0.30972805098476675
0.22154305533979748
0.3180873532376286
0.3278543667479691
0.729628262891172
0.4331109772325109
0.33990797840931025
0.6055043605888366
0.653551593155568
0.6563388066912724
0.5892181988222144
0.46594827729318267
0.682995822395917
0.24646055134196262
0.20648927940307948
0.1658176202054532
0.22596099904890282
0.5136302923013939
0.6145133301787821
0.43567051394830586
0.6012107357001678
0.2796957608059881
0.6132571963828725
0.26830070022300595
0.263106409657036
0.5975839806593127
0.29696900228292616
0.4322280295010677
0.7655220671930436
0.4390336680010367
0.3785616998411328
0.6082695153611688
0.7643704414763328
0.48756308143365423
0.5943400005545381
0.6980725492937301
0.4072519591147812
0.6739668436022414
0.414275144584752
0.48570933556099033
0.5301553710031865
0.2797858769339689
0.5986015839843876
0.42760602743816295
0.3143123986060644
0.24971087967515515
0.33274148667442865
0.348047203016554
0.4010429812883928
0.52267238620424
0.6571452935598732
0.6366675093016975
0.73840332507197
0.5308720327523315
0.5827353600407038
0.517683899490222
0.498933496525773
0.1893022854117175
0.3839603873410374
0.6798933968242087
0.2681952593343569
0.33378742502961334
0.3175948925547302
0.433187753783188
0.5812941318106415
0.24220405970931136
0.4396869371551742
0.6052417599597593
0.13443349122640963
0.3466800772137694
0.4745677797090822
0.6349244228961001
0.2557205086751477
0.3998615823062678
0.6339810391441194
0.2454274540200256
0.28874756516734257
0.5628302417191381
0.577088901934804
0.573910775148639
0.5299107975209214
0.6050537668755388
0.5344870902657374
0.5279820855412052
0.18007761131153607
0.4778123127334676
0.6795488301700889
0.062016220472117425
0.20404449430360216
0.38711633309960125
0.6967534840816052
0.34665077849414494
0.21635760273792326
0.3381792914119269
0.16938212303950584
0.21587788719777284
0.33213106413809346
0.2869866121667205
0.4292532133945374
0.6381064606097487
0.09268938879785807
0.3205221424900161
0.5323775602765263
0.506120330983837
0.611675751940961
0.23737650297071844
0.35254093619708327
0.5701307567452173
0.4464992389838146
0.5779206156846141
0.18023788361665521
0.4032494594939325
0.4780860388696931
0.30595217863765845
0.5152472632479299
0.2873984689490188
0.6152697138444418
0.3496692768737073
0.6763122613638466
0.38649162368349554
0.5502219709877055
0.751139389161391
0.30728182261552045
0.338326041515103
0.2174456496484267
0.14154098699589138
0.3857333147334524
0.6366486775950341
0.18026006841708564
0.2257989051075775
0.1411300357045877
0.1770863549491437
0.4663049848868447
0.6423499883700625
0.33696650081792184
0.7292566337704315
0.2164573444723902
0.46648995582029046
0.6501964716972898
0.19047843626973784
0.21602360189877717
0.24393253661389885
0.41090400726617926
0.5475659595228863
0.436593650906454
0.5689323874420537
0.158022125343521
0.3316461268400176
0.4848174719298662
0.28045075721616125
0.6588481868925457
0.4227625529284689
0.5824541445911358
0.27211671680161337
0.4546186044903901
0.69678305865737
0.27691674257666665
0.23197322217087252
0.29975761396422634
0.3835785339103614
0.7651025843457212
0.2860340841919449
0.38897752298269717
0.5992903113186078
0.328016557159173
0.31677403322497794
0.4649196293632801
0.5736733964474683
0.43358650580758906
0.7625285836232859
0.2130517336351605
0.1793750496628523
0.19074942339380532
0.4887437129767025
0.2936984498034846
0.49366458407519004
0.5606090459424942
0.6040398930179022
0.5350882460564389
0.7441614084045212
0.3074785401022074
0.6245466741581298
0.5543576250779529
0.5161324371353221
0.5650945818085852
0.653269640404989
0.2597473463664473
0.393709569293578
0.5508147059996311
0.2683754272222959
0.13927304026518467
0.29728303444078064
0.6520416231495944
0.2088909163856185
0.26764415264988317
0.32006622722693057
0.5885103771057162
0.2170612547123442
0.3299317249736213
0.5709675990318716
0.5421530515667109
0.5016447831719979
0.3365034991171206
0.3659575459628792
0.393620455915869
0.5365462759276958
0.1776885625741964
0.42026420268965475
0.6470244745103404
0.10414340092390675
0.13754653722379093
0.1586010217278626
0.2852302965343281
0.6301790502795291
0.32027928532308475
0.64626439589215
0.15807376300678827
0.2358990523109381
0.1285621736586769
0.47911157489391787
0.5527350669263169
0.4850502898622065
0.5838484540171998
0.3161808916599012
0.7321981998387657
0.16550519464009883
0.24062695738928072
0.36764322752006573
0.4764220227066057
0.5869907838039498
0.4477297290376199
0.47211560334418945
0.6543346660110839
0.3481827175372609
0.7723751959753767
0.18338974556264231
0.23695090801474528
0.31887245727284413
0.4411972315304553
0.2529912039368529
0.6656702858671345
0.21278420612967483
0.3008627664264408
0.23009749282723277
0.5691363941598402
0.24391789934789945
0.6380446754493863
0.6091729734100777
0.3073276781079869
0.643351968641998
0.3148471764293592
0.2219780009981428
0.4044504921082432
0.5327197572372319
0.07948875252822646
0.40762482830918073
0.5903775996698282
0.4412704528440298
0.6966463444578738
0.2756209990918087
0.4897664537899077
0.5625084360547918
0.5784378149061731
0.8947219866263676
0.2990336679672884
0.2084961805658383
0.3282108317421632
0.6623314865062531
0.3549182786341037
0.45310339912385666
0.6396016705017976
0.1713829207813221
0.3333426717448914
0.6012827976386456
0.7227092979968575
0.5757400333253885
0.6394487823231739
0.3952127820371233
0.7314117323172205
0.3776260596011763
0.4859304981152392
0.368830510951329
0.5539965681179287
0.6098184155889167
0.5672789156367101
0.6299626776084952
0.6947501309077942
0.41688846119164386
0.5733797810624547
0.2911196551751168
0.514058212199515
0.6098331140451024
0.38516500258970826
0.5694470313041968
0.5010896207262744
0.7049113980283871
0.30695525538292456
0.5424935482423686
0.7230122372874737
0.21212377152027695
0.25542865569857354
0.27391219414619256
0.2732181491437788
0.18471733370011176
0.1411268527231054
0.09942841354972667
0.15828676396761193
0.2411905450847235
0.5121216142637576
0.65791318644825
0.36524316460100037
0.659762030221964
0.25032638707971183
0.4279195232055305
0.632861082822449
0.3495189598909333
0.4124466458472965
0.29355480056203637
0.608952484399267
0.3670805477324568
0.626668871949202
0.5501845205264387
0.661823040358556
0.5069559983468019
0.7235685108365616
0.1931288925379791
0.21306687876731226
0.3899149034813304
0.4249114585990261
0.6036576993545217
0.4196918526558566
0.4844160094771944
0.33918558689590445
0.5611241571005744
0.3894830281257146
0.6470917790731877
0.481732759968302
0.7993070945686048
0.11472334219141667
0.25414759017135163
0.43474058160167595
0.5506148174341652
0.17796443998478398
0.23402358057899603
0.2886212511057744
0.5096392389545034
0.6667657255413112
0.2845155435189596
0.23017634962099395
0.34831796513092733
0.5538580895291925
0.5671038938445966
0.60281605267653
0.594738482412753
0.3794130018116017
0.7237945508227868
0.2227502002769309
0.14389490732344307
0.35995417677320984
0.7601746547960592
0.7047555827224711
0.6860242340648322
0.48304151732099293
0.6925728080547804
0.2212575788776123
0.29265856052523936
0.2892110205903809
0.4550049285624252
0.523403902485362
0.16715124464851092
0.16645322377630103
0.4324439079219659
0.6589915392336892
0.3689041233825722
0.5742949121073049
0.4522785666419516
0.6687473327815615
0.16849639496558363
0.22854039913678648
0.28033209477394727
0.5908535833296391
0.523636387616079
0.7559448550864749
0.31262162744256083
0.39545990463061004
0.49384645750116046
0.22447573812784552
0.49319299809988215
0.6056770659391914
0.45010248658059443
0.6094588204668393
0.12240286665510454
0.14400018073220122
0.3133797496764718
0.564851678052429
0.5945454593902486
0.7022438968756806
0.601365565517476
0.6144577139093053
0.46739968086058553
0.5794336492595875
0.09832545165126493
0.1526681580738792
0.27874256688754695
0.5601183550463971
0.7282489112374038
0.3329972156994001
0.5080797480331803
0.668668168984807
0.5472503574878337
0.6356885165899634
0.29252610302672044
0.742302818130901
0.5334480535025097
0.6251280629454407
0.2396835355004101
0.3482213109450446
0.4794430002889975
0.6397198915073848
0.5790905554003466
0.4546772092961282
0.6136805840172963
0.32017395035108803
0.31734683811408465
0.36167841920558474
0.5736751042541463
0.27687569900190656
0.48807715159594567
0.6798427217359514
0.08673864423670993
0.11401446135110029
0.25884876680601904
0.3040669687283033
0.5094021856221477
0.30854876464879627
0.5803098480863559
0.357718300554508
0.5755167077848976
0.017906753140143717
0.03144252541498052
0.13868530266178042
0.11541825857518864
0.04439849093063307
0.01668926485175811
0.21635796974266885
0.4256536405977864
0.5996464410081986
0.148711959505012
0.3947068978152968
0.525231099950306
0.11574147431446118
0.2603938828325717
0.5672139248396582
0.7876434492121372
0.22138297345634006
0.38523212653201755
0.6902015256050555
0.15823716253224204
0.4927906390151255
0.575784312942542
0.339919249487399
0.46908715258298467
0.6575120931765599
0.2173267227276789
0.2390566235361488
0.322673299791459
0.3278498244024415
0.5061486999739297
0.42649564400875606
0.43003142286039314
0.5487910728292793
0.31242798404381217
0.47120023062659605
0.1743835434971562
0.35921417954258583
0.5430021522927878
0.11644780530348563
0.20354572542186034
0.15476542228585957
0.4090633595988024
0.5593185842783034
0.21551635574685726
0.24974410609182127
0.414919308363091
0.7521548103780126
0.35901416531396263
0.45807597597087985
0.60808758850722
0.422203993275022
0.807494055426389
0.26889006749942396
0.4821239712268399
0.6850317465471675
0.522608470743378
0.743298556704414
0.43767106337640055
0.6576879757078392
0.26534079839301167
0.4410493073771864
0.4725171707026597
0.4849771948715353
0.5094586830318868
0.6574357877251354
0.30621855256198555
0.5331608603418849
0.6927107541051439
0.4098053934413176
0.611045610302421
0.26659683220399105
0.3456672365107682
0.5601018033008458
0.7487064519620971
0.15499867552110205
0.25112643756360964
0.40934458347726993
0.6327917103855418
0.6126692125112846
0.525031787335266
0.5301839612971899
0.5522768780078826
0.5926505933486182
0.3788818337496396
0.7063001047312559
0.2985624927864532
0.26907768116346376
0.45453777277014384
0.6520868367824103
0.25959239793624345
0.10517314505883225
0.15642960990804325
0.33695491457225407
0.6370548272973187
0.4589181512324966
0.6746438664953984
0.2041784558226239
0.3490768316623108
0.5175282271181931
0.4312897042280019
0.5966009751495005
0.436546421733521
0.6104267054881367
0.3691722378883351
0.5758068140662396
0.6145191649352598
0.4054244418409213
0.661372546350487
0.1184069508934118
0.1459325615398574
0.27428188520559077
0.4485137091973866
0.3292458805961157
0.26113025420444125
0.1706950733278666
0.4101531034622652
0.4897065254341356
0.5366947317025668
0.4473959483913875
0.5457344771546344
0.5906120239461908
0.548865891603217
0.7579723580878784
0.3259668238390698
0.27454266169563796
0.20207286111927408
0.36113572326312093
0.4200707593051226
0.7301884396374057
0.4024134351739967
0.6040544258548672
0.185782940852725
0.011307383555460241
0.10450577873513976
0.20921271386807938
0.5330287215731934
0.4624503188264649
0.35041987416176384
0.6890986164717667
0.29126020212552456
0.24542006150034065
0.548404787602212
0.13968666658369458
0.3796710482077339
0.5242827344931829
0.269672236003917
0.5499250040399056
0.27150194514994697
0.20714933587483902
0.39249099899534967
0.6193704674775153
0.28534120330287377
0.2622340753484736
0.23483029805381084
0.5967559556043841
0.3163377742753684
0.4004063724959583
0.5418842551216256
0.14133522808545051
0.25141206044201353
0.34785698010140803
0.5184735201713258
0.6959395219997209
0.2613945150374527
0.09136704001461878
0.19948842361103217
0.17696382199141653
0.360265400668206
0.5224442220515961
0.31516501992678453
0.6624033072407772
0.14623708861375967
0.3059023624708844
0.5102113383923395
0.33465117174703285
0.48977630253690074
0.2037259658033786
0.44503429669006056
0.3491365495655099
0.8353076914501184
0.2548529416530164
0.3613802887647865
0.33876642630137993
0.6852527813364389
0.5670582596806921
0.7962883477689646
0.3696547606328961
0.33736525085285984
0.4011820793504417
0.3199921688122634
0.15914501456076408
0.4356034514430611
0.7005917051739727
0.3593078968415457
0.2660253882793013
0.45386426545004754
0.6271858516954518
0.4738761263048283
0.6724410448410009
0.2539937988718578
0.20564084001746646
0.492778197761091
0.3952568927653721
0.725769474046868
0.3499777056134698
0.47477136840463985
0.6048127744351076
0.4743892456191169
0.5912124749489991
0.46252403238358375
0.6828864517573784
0.3825264994322043
0.4453933196909187
0.671125948289376
0.2707273342167499
0.30012549954827344
0.4184034227674119
0.6299831793325434
0.18330342889114193
0.1912661645092019
0.23915773140935218
0.3011106567738982
0.4702596793246494
0.36690657125673715
0.5771719105546503
0.24110948282316744
0.4581745577163496
0.6035229582904105
0.6101198079520296
0.2990517707437582
0.6470044450371891
0.6949098568003924
0.6536326597445842
0.48195522279407715
0.6387699098638691
0.12935717096621685
0.28373389683119093
0.33783169365329496
0.5580531506863194
0.32127915851591743
0.700666900139989
0.2358730759759611
0.2955846107771013
0.5237508790366432
0.3556457294431299
0.6384261665820774
0.3773482626852743
0.599717945595008
0.06321368876593692
0.3594400387653542
0.4776649432408278
0.6550875632179691
0.34693909285044566
0.5639963380332582
0.22355452134631804
0.5316468728711422
0.6451163533563138
0.23388584701731577
0.23755565078883173
0.5424178645043735
0.4937423874551886
0.5238865402853708
0.6746752848814191
0.47764607919523777
0.655645140097133
0.2841579274698405
0.1433215060010536
0.28924989668079837
0.22068498126916186
0.3251508083654591
0.31741018962621576
0.5368894949707854
0.5202627946857706
0.48462343808591574
0.6738568860346672
0.24741029007213403
0.24202545368882397
0.12139688941900469
0.2760775621097723
0.5375844258988431
0.5941010003896832
0.48873755464820506
0.6927557728294129
0.6261642804515348
0.7142511823684887
0.21112395429506242
0.4040006489884522
0.5906704917970013
0.35251477920345414
0.5321602332924079
0.6113003805479531
0.342013642042622
0.5440892476012513
0.6293553042842635
0.1271856648880171
0.3121594920303795
0.5282213460951048
0.4793482804204566
0.3340366843921982
0.766531970273093
0.2276578499353347
0.27541583346598636
0.768887556482471
0.6584460286024989
0.6723431986772238
0.5034336973330339
0.5826708222276759
0.5806256918512398
0.9212808370049843
0.4547939754680677
0.6456108440566812
0.7373207588968367
0.564668528813705
0.5266114172313846
0.26513932270290386
0.21276528995889027
0.5948684975722504
0.057489721315927174
0.32938999610978326
0.5543399891231273
0.11324560882511303
0.18054007982018236
0.2318440863080988
0.3689015251301173
0.3790376879376994
0.48613643371508103
0.5683031149803167
0.5456310510893263
0.6256904806452129
0.28593501441795954
0.6614291896501697
0.4803700434521353
0.6696735605339111
0.2549097389496319
0.2641669839272081
0.399193825568336
0.4335786230574419
0.4827218037943636
0.5336776317769587
0.27795085216710497
0.42939906040045833
0.45713624584227047
0.5767589382030788
0.29245750556721223
0.37010137357477774
0.5397303585612429
0.13353701676517815
0.12712963772108102
0.45007404728791744
0.7001319529956753
0.20541094558160175
0.2662157909545707
0.45120602145848127
0.21173943941825604
0.4450722415349203
0.6097727363531836
0.4449235893565147
0.528530322494028
0.19845090797942902
0.3266640753538617
0.7023530338858894
0.4475566965905815
0.4569627474592127
0.5369351697353023
0.5497854454094756
0.7422699775479576
0.21771712040838298
0.22427102184754275
0.4905062342591089
0.6178276477761816
0.45779383271685503
0.7289276624847474
0.28007374314829764
0.4448632490334548
0.6531546377329458
0.3707806936427545
0.5271908693166971
0.333614452892721
0.421711573276713
0.4705006895355014
0.3156408659938345
0.8357013532805959
0.3240640186344536
0.34212704962842555
0.24740742867967322
0.24898653859921396
0.6314197721622956
0.44924435910733485
0.6197985645963381
0.23054323768964988
0.2062964157220702
0.14309797134675123
0.2332979875045573
0.5282754779652834
0.18962371617348087
0.50573341472174
0.505696175365853
0.46222437074645656
0.37736172817575714
0.6115963034015579
0.3198314454109576
0.5893280695669558
0.11863167855999321
0.1350476955369422
0.08606132536730807
0.3861943089000174
0.6822436815568926
0.31947661991437964
0.604056730226034
0.8448748436191349
0.4856043670006243
0.7409902381453753
0.42035805972051865
0.6380694059306493
0.7866543089223602
0.39344948277095854
0.3190441132948499
0.6436233130554796
0.5216458299930588
0.35923064618309136
0.5221610221611646
0.5356865232503637
0.6293563653923585
0.42308151529480703
0.6429745305128924
0.16114361959656584
0.20686721898752986
0.3637515442025021
0.43121635867459807
0.19391230770461393
0.6304362809699161
0.2679923135636793
0.5715228048842759
0.19156828615285013
0.3755304452742709
0.5848103128385882
0.6436253494471025
0.46052276344757614
0.7500366740171253
0.7276898866172868
0.5112416527134436
0.7063295426123257
0.22306529071540837
0.14756022811945105
0.4563266355572532
0.7658968310105508
0.23529371690897163
0.2358648200682779
0.23370650989805752
0.11901499703394744
0.05463682806949904
0.0655401014206956
0.1610594037472137
0.2860197834341732
0.5328056497632091
0.7309393072131676
0.18854964260785073
0.3460666970758835
0.5964492504129272
0.49135300963947115
0.6325801542743543
0.16553351333514507
0.13130553635592088
0.2682362572987632
0.38432075565923246
0.5501456236868164
0.6570684843564468
0.17648925995289202
0.4966143349283085
0.5625744694622289
0.15893895292140148
0.15740464935620505
0.11791054130465752
0.2455935446412326
0.5104847110099243
0.24588172294582858
0.47059484738832663
0.7612714162492789
0.3460706349146893
0.5224055285395667
0.7728835396207604
0.1535476406510118
0.17932806813536903
0.3135897549303092
0.5221178035258242
0.6238911328665445
0.38549854495926583
0.7236587173217431
0.306992653078724
0.227955308519947
0.2551081929309998
0.3490711488771038
0.3011911119204488
0.5050579382118108
0.2697415053408619
0.32999628495052663
0.3929011788132262
0.5198287104116147
0.10113231153713385
0.3567953338984204
0.6784943961226587
0.5358212584403417
0.6575160986784124
0.5481743004645379
0.775347387387553
0.24572578619812138
0.3747215036827012
0.5320795242888606
0.6086477295192393
0.411479001673197
0.6533315255537134
0.2293208643808937
0.290302106270856
0.5199342477309323
0.6057424504921401
0.3316507276855678
0.43355606353955334
0.47729962923065367
0.5246858913957843
0.40711497904193056
0.5716748307377799
0.13643200719890788
0.15457888070527948
0.14732901730107523
0.4673356146192378
0.6535568977799436
0.5252961143530098
0.5516734483408552
0.6613813097287845
0.4657813261537936
0.6447739262738628
0.30121978671591093
0.19026434826272692
0.24945298503436417
0.6473228475035948
0.7337721189680513
0.605826275595607
0.634888297699551
0.3208068250382431
0.6261768391989632
0.3370810439601967
0.6759042415599941
0.30448275337042296
0.5310781333210637
0.6259569686816714
0.32819091176522835
0.5518349099669375
0.08814452695770485
0.23727445387014562
0.49643280385062327
0.7736505998124334
0.3754373776664015
0.4031018404458049
0.40509700310108915
0.3402095674232894
0.6051063761012128
0.12628069981244544
0.07810083638008912
0.23965845342391515
0.3809332824430342
0.7129001558976412
0.32826003693500655
0.43412753414425165
0.6725810199989993
0.3970215867105063
0.6455750468643457
0.48508788867583674
0.5992583711985626
0.13777336609490876
0.2579828381330558
0.36834523837113686
0.5952492306999468
0.34988202705148186
0.44560413647995806
0.7748904100956187
0.295740930400272
0.46598868665839427
0.6708431720984763
0.09208835064405431
0.32760326401009104
0.5304561775545701
0.7871835226151689
0.262897788461309
0.2954676811350991
0.10561181282749317
0.2252759311431843
0.4243756572795007
0.3594307351936667
0.4827389112609034
0.2786261248601239
0.5358768487034967
0.563820900782839
0.5103479385028387
0.5548913670484819
0.2008002182752311
0.31289970959582025
0.4131081401927309
0.6986462357712231
0.3420206209310428
0.51579519643978
0.5879826084057059
0.33923500440578064
0.6103175497023836
0.13060868579637305
0.2599540748642766
0.3493770934997031
0.6251358891463265
0.3383936362764946
0.4631780443900401
0.5416288334768502
0.40398941705512487
0.6095032070627527
0.22780206754745258
0.187083944730386
0.15771290850419734
0.11355785360753869
0.0377924605821534
0.3614889184376597
0.4283227509942905
0.4971295903746028
0.238256268714451
0.5199318749504762
0.3987554337468857
0.702130017249578
0.41208001766127106
0.42351194770806855
0.5988398026193731
0.29458938343973484
0.4452796491942973
0.5353985806775401
0.49638831915809484
0.1348652246684863
0.5890485359223442
0.1416659742638131
0.2616963724396993
0.5465584991900196
0.4399889538686518
0.7555329764379194
0.33304587849766043
0.7196082647984043
1.0
0.3926615548008487
0.33268478103687565
0.5640444400202652
0.34681635905832453
0.6409478032578628
0.24777248848899333
0.2758657471624446
0.39531279394807783
0.6071096558797342
0.7063993615223302
0.2212504588320365
0.3644554809884256
0.5035557056429967
0.5446652449997901
0.27015239900943255
0.7070394955810156
0.1560530605042849
0.2482399102551401
0.4041912986237162
0.7602879391744097
0.24919894222377334
0.29982860181955007
0.6104951491684084
0.7400256687245163
0.43138168923789616
0.6087792017808461
0.6166678573700664
0.5495742335973817
0.24359304926064898
0.47778831932837434
0.18512114252000736
0.5474520831218116
0.5190100712295405
0.8165703818385605
0.32291966489590546
0.48386947203137426
0.5926683463006405
0.08581009880938234
0.12954114010073928
0.24514139191969825
0.5535190324032911
0.15905852327363712
0.34548073563383497
0.526290684609088
0.24788569084755116
0.3699251289100179
0.6313518659964577
0.4383820834130042
0.4909420622080074
0.12044891996672835
0.3070100064340662
0.6132514597696564
0.5605982962351668
0.48638655931793073
0.7776597882738536
0.2171484884101971
0.40641112272505975
0.41942221461666795
0.7301597207556471
0.3368868253060011
0.22233368571925125
0.25109452966210444
0.3530675042427532
0.6649778162289407
0.48343071886717326
0.7297340103595635
0.1986478615634991
0.13122740125431293
0.09360689992823405
0.13212962723253074
0.2089711151887912
0.24755987855384903
0.537307655349349
0.5739660662489974
0.6054839000072173
0.27782599400751806
0.3653864525100731
0.8236667395321446
0.3429411497507273
0.4750712345345149
0.6668190701170683
0.22289596187009225
0.3225938493835657
0.6423864657439793
0.31078729282913087
0.25909997122756945
0.33852289563334426
0.6299643534821281
0.2022187832199934
0.428398457519862
0.7675082054783184
0.3361980750823601
0.2672090981027804
0.6303437903008438
0.500261107155216
0.564087053670438
0.4176379737038609
0.7093751933473824
0.19887700414501305
0.34356335187186143
0.6057109532537358
0.2731416496423933
0.6870027943522212
0.3643025597761487
0.6001413769523103
0.109358983805306
0.41659573106343384
0.54113015235945
0.7060642000917019
0.2680431785110824
0.30055805295314136
0.6771394025767563
0.7601046471245767
0.27202111504253734
0.15613392645069732
0.33938167870988817
0.6069553980625911
0.685755364735078
0.31489362584771957
0.17517735391240666
0.14677773812788228
0.23727263929834955
0.13655698989702322
0.2007956776083446
0.2651054686338753
0.305984736326207
0.5147372955201964
0.6887923760636733
0.12789927197425727
0.2543199140648752
0.4656428595219787
0.5036950690782472
0.5322225030166702
0.621981181001762
0.4973143756578865
0.7639445607282174
0.27326224226955015
0.2117597473114652
0.28296256944584697
0.45036919682176174
0.7097589599235283
0.18309527294979652
0.027511483036281162
0.008509829779364512
0.38732673402570433
0.6140395038817127
0.1153513868952732
0.253973166827504
0.45355910169865965
0.7401504416762152
0.3673903879400537
0.6350243125765102
0.4991721981153727
0.5576064852825392
0.741271346449397
0.3204937554745853
0.41590602800379073
0.6269795076149126
0.14109801357011745
0.5636436724206252
0.6050537888146469
0.569176114820696
0.48973597387182627
0.6902880540728933
0.25023790010212144
0.6088135363832562
0.3169210814767746
0.5337716344385596
0.6605679034802485
0.1567024350543185
0.4418463798331156
0.4847833074772063
0.5765256568592994
0.4728403362163012
0.6792159896088643
0.2506392236167621
0.556686027844297
0.6819494258098621
0.22102935629214915
0.07218559445784292
0.2118723737163642
0.3706780296614214
0.38508235234330795
0.7072306993561083
0.20808507423301043
0.31981638991849737
0.7003043830416873
0.49704779265602883
0.5715774298063679
0.29096465001224736
0.3197172530901806
0.5349133544795686
0.16922347459617565
0.2981477444961434
0.46486024735439485
0.25783117841830183
0.5896287637734006
0.3702409669071184
0.6862186253113618
0.6010511758856278
0.6360817545559517
0.48901532038477485
0.6455987752775678
0.030710264603570302
0.0
0.1013420669889784
0.1968763249698405
0.1401527615684466
0.38268953368377506
0.5970179962977393
0.2884047434673301
0.5193320974435015
0.6006506909209092
0.839430917977283
0.332844404861936
0.5002160159340299
0.6182616767398563
0.27403509267403087
0.3841646243563031
0.4466308415761381
0.5452357492470719
0.2805534786310215
0.5367870557855032
0.6119082881735712
0.43546841866829633
0.762993798045896
0.35322936141297606
0.34302574613644904
0.6103501571635881
0.5994067312449507
0.34470440408733694
0.7381027047121748
0.2229802247953717
0.35379239321194855
0.7408621856043606
0.7482639324436393
0.33378700140948275
0.3975639018661106
0.48067146744448863
0.5525214402526974
0.1077513329683426
0.2641550054681687
0.4359320276065403
0.5322609772526777
0.2990226987067048
0.5765711259298412
0.4683856828413007
0.7413451768737633
0.3373133237125293
0.2614555214828194
0.27646946362813873
0.45098425435902306
0.5035541242029926
0.44547756196282606
0.506853031311374
0.5584665418347554
0.575852469540872
0.7590796287334266
0.6114769659357104
0.7762676211112124
0.504985183994332
0.6750446867358239
0.7682438314617843
0.44857186151104095
0.48556381731720044
0.5613439806128514
0.17432629290172658
0.27492110128947256
0.5763905608619024
0.43983623973559244
0.6946898624356315
0.7039303873736917
0.7453359012873613
0.29038945092852675
0.4428506953677883
0.7351109758114854
0.34951888563392597
0.24708225831323524
0.41376673729959257
0.6090513046190237
0.459405908621521
0.6604266407150219
0.2227376622653895
0.09997739512483284
0.1683960239968317
0.18875929894510224
0.16977419808540178
0.50129275395708
0.7350043959337261
0.2292561288789078
0.37085003908418374
0.40654003260196675
0.684428455654801
0.40328576064148297
0.5670804682721751
0.29954195346452056
0.5241676346743183
0.7303336694108252
0.32449635356673145
0.43666781857542936
0.7149364444634267
0.2654456404648207
0.18907369861468676
0.25022675500597186
0.6034247991386033
0.5877326584090433
0.7461931212886492
0.19180978907275342
0.378472653577758
0.5543974807229106
0.229085084286902
0.3488562154686333
0.6106697256466245
0.46478862367082235
0.5050689004567337
0.12951191129463271
0.20307482441302263
0.24929875638910945
0.48963287536241984
0.5058877532146415
0.5766310784358573
0.5089285289437592
0.650475323316588
0.14464356279004328
0.12350406609592855
0.18154714419009976
0.35054626971742375
0.30502727584780737
0.41718399187950167
0.5554669172006502
0.3627692375696597
0.6978154135601514
0.6716152731980322
0.7416177915379161
0.2301049695091831
0.3134108055383846
0.3385578371067509
0.5489796382940856
0.6999564298325879
0.3146802627246403
0.34683939863281826
0.5447020963878786
0.12540667689404414
0.3661141849198157
0.5750687293089192
0.4098876733824044
0.45122279518263925
0.5825364123800905
0.7181385857972212
0.34745986873764995
0.2982901814040286
0.6593657662174258
0.23293809314076408
0.32794652745432407
0.37382780386019143
0.5248585037036734
0.20385616047485958
0.43442059498263225
0.38829502177722536
0.5756385895308392
0.1399067115510845
0.20571444989249604
0.34692754063492165
0.6341532211003037
0.1578998103910563
0.3269698833459406
0.5037648911040873
0.33222597991144603
0.7027326147246169
0.2990098854409456
0.6362594572520364
0.7205545568052566
0.2838489670335191
0.43931168580222285
0.48103030522058043
0.24792142965407593
0.49086576229524054
0.6358149787721773
0.4977972021133169
0.73617145018124
0.22096349613753216
0.28058820796329
0.309417245880767
0.547809391823838
0.6909013200778242
0.32034154044793545
0.4570897803963434
0.5016983700803748
0.6859418300109348
0.17788536207063835
0.5409860101392031
0.2627019316338088
0.5732607588660423
0.13891451368207425
0.4580111202898585
0.5625422703860625
0.342530566301654
0.6380051295830906
0.3602604282975978
0.40207566434700537
0.27678327425014804
0.5587183796523626
0.5941881394342909
0.30408091386788116
0.5481157668003135
0.4581540955380089
0.7045860172610416
0.27247148323459364
0.20654773335595975
0.23760538407265433
0.4494128251601502
0.5952653332560706
0.2709508042788195
0.5320168933701588
0.6619437381730106
0.21272869790085006
0.13230377333031051
0.22304997247550526
0.30527164895421277
0.4946918400566595
0.7311233715100047
0.2562794424058513
0.285520601384793
0.4294815000361346
0.8018677078150098
0.31368557841943856
0.3450328444767652
0.12886209515106117
0.4463740054712937
0.721893193335903
0.2625016955841496
0.4334269638369325
0.6237961933008033
0.4321404093967556
0.7283903241606875
0.3241632101964445
0.43652731953888196
0.6795698454056329
0.2627081448386036
0.4515032892605586
0.59932106215297
0.0822076857237455
0.09031244546925019
0.20848149261132773
0.5881940631256987
0.3461235889394547
0.5333423310505597
0.7452408921892392
0.16911519439244915
0.16928215029765958
0.4611540983265975
0.5778927183947715
0.18802267526944177
0.35288693081459777
0.5810582741792365
0.11914256365816045
0.25895933855953246
0.29905799779978925
0.2508366718747006
0.4399869103305026
0.5866116042273166
0.1512306571261574
0.20525519333925346
0.16257437838248762
0.15773493822468
0.5082519711022392
0.42251865084324897
0.500973456327264
0.5273268785542303
0.3672702351904277
0.539612290163844
0.1497712127824479
0.41673672810799756
0.5453489961484653
0.3043327587475757
0.28786186211378983
0.5955417538513453
0.6350057219920155
0.6055776978614554
0.5220955549202899
0.43375845618046777
0.6758954879122645
0.4588613487951712
0.4920826696643656
0.4042062540116502
0.46711122294119534
0.43013880487197736
0.45741203167814387
0.4712848523195928
0.38490584882615614
0.7119073655963793
0.3077970360480354
0.20484701827060753
0.17109050305260615
0.18927437419423354
0.21994336669471234
0.21823269799494385
0.38274233983814504
0.5706163455919893
0.2726389538089617
0.4535736584459364
0.7136411279139788
0.16727912861016225
0.19641252301392184
0.5119123522136672
0.4222724347005938
0.5883400466233716
0.2454279639826271
0.6253331993686007
0.1533051639211425
0.5991176119118178
0.4970780089993275
0.6712900980232268
0.43207794894798024
0.6501718801184092
0.4182308910789494
0.7681273161878044
0.18681294703820425
0.20189569590874779
0.2309449547253082
0.21671373001204786
0.21323436061195053
0.3355017343854868
0.527583055948242
0.05757134160896519
0.07491858943451646
0.20931326941407424
0.25923437320813564
0.6680244901919439
0.24665878603147637
0.48446816508571244
0.26223631698744904
0.5327353971838454
0.3854050349354059
0.5073043220638902
0.706809883132777
0.3509627513506224
0.2978814762640896
0.13210191250513345
0.2704308070990331
0.16069122531409774
0.24381157481942284
0.6083629366056453
0.28546569440155106
0.4573010709438706
0.3121889729892949
0.4374330236113545
0.535636846017825
0.5985838588129249
0.324899045136582
0.6458632744870514
0.2537341495143644
0.5731176933949125
0.7151421805574756
0.35005460176558
0.3042021286211327
0.2796316271159469
0.27654074270161066
0.5056516017239259
0.5893639771617163
0.1930140272325661
0.25641609706386437
0.22176978155159555
0.4342457257567121
0.4258558739857904
0.5143197447119572
0.7017516681774707
0.6523299908984775
0.4031407565884338
0.5576805715375089
0.5099195998119875
0.8094287292268837
0.23541158129901057
0.17018623700060023
0.28685498963600753
0.41773132729510715
0.6255358326824139
0.18805018316410738
0.38861531202183125
0.43586931685162217
0.42845699111985325
0.6536392843849562
0.58330471268006
0.7453162080276602
0.20202850342948406
0.3540884273246278
0.3856272694620514
0.5417496939095567
0.5242299481827867
0.5322030757824635
0.5233154283520661
0.45587189230581604
0.49816707935182875
0.5824953923581516
0.3426628212821529
0.713002224933563
0.350754339962309
0.22240490555137313
0.25905787100556243
0.5627148115445838
0.2994948738296321
0.5780469487730654
0.6688475091046854
0.41781548580795025
0.57806761130648
0.2650414492225537
0.5347008088928564
0.5017146447941357
0.22708703786643888
0.3662868906012151
0.2686351264329804
0.5646215772088732
0.27761267165481357
0.224750397300208
0.2899383934608085
0.4909167874408265
0.7799954908756437
0.6417786959492251
0.7409512235411384
0.2408686414043144
0.19882347220738383
0.5848599984248101
0.17736224982003404
0.33773300973050807
0.4767996297967561
0.2960980127492957
0.5194752334599486
0.24857088534704735
0.5770823667520874
0.5020046174135295
0.35121286514541644
0.5676790526944839
0.18209237144637783
0.22526921821185647
0.4174651332125041
0.6224664984920905
0.41264019758046383
0.5722071142521157
0.40210045503058034
0.801684522637727
0.42781455889627595
0.4138002031153107
0.38035886288350745
0.6043975893213746
0.26465517499833746
0.41309267110847614
0.4758425074914669
0.45845766779529146
0.6764312308448827
0.3823595104611265
0.6145030737926657
0.6918757196909732
0.44399706023252483
0.560743771848286
0.5024332444581587
0.6464115252116732
0.6834243240109907
0.4805064021652778
0.6307512852864755
0.21902590399537186
0.24059848445495335
0.17662389947140578
0.3486863771486515
0.6291499245957587
0.4761226725743641
0.8017627658138036
0.43770474083193694
0.6700524147467455
0.2479783078740784
0.31604697014997607
0.5942241144197028
0.6283960323712773
0.49456557134460405
0.6211566806003623
0.2898404854746774
0.5116312002372801
0.49815138673966475
0.573649139166598
0.2617720258371935
0.5516488003060478
0.5925108544627754
0.5148155181403573
0.5276020605772406
0.6341327245984523
0.2190720793734642
0.4521124857290588
0.559411316318872
0.267118815335268
0.5158402775930765
0.5479966539658605
0.48797305597215074
0.5659009176101889
0.30526794444349586
0.349596520863676
0.580514925898223
0.08372419043951214
0.36596544804795644
0.7606503337495673
0.5417853214791514
0.6314244982007102
0.47005699439407933
0.7014970442549411
0.25719234902257776
0.1344209768674503
0.06052137416384648
0.09780827262726673
0.2739755364208716
0.42672248452570255
0.697041299519636
0.18726372903055097
0.1994916297024512
0.6059397472123441
0.6494741874787715
0.44788425724346526
0.636785666234947
0.5300539006048743
0.6832921152409038
0.5492536494890513
0.6471711766188424
0.2365134062417568
0.3360178919847609
0.5437247426467096
0.28316316186063134
0.37823024088849017
0.6788981302359589
0.13380658758398936
0.17390087751357536
0.5074846795684954
0.7132864832043191
0.28573929195361186
0.2315457413367943
0.3895550752265446
0.4520424599966515
0.28016724107432184
0.5123460407659994
0.35245251921371745
0.7140408423389469
0.7252224500708235
0.3246811170274324
0.5278744378395951
0.39496490547286317
0.657084018960581
0.3644747360179878
0.5454375521798698
0.4437972821870844
0.6673486627233914
0.4766753436016219
0.5085537882565547
0.7316025490960517
0.363094613500415
0.2895307022133761
0.3238446781083272
0.6104634605179682
0.11944255990420062
0.07694216355185977
0.30651102358807175
0.5459732003021555
0.2752636852364589
0.3599328373255621
0.5382827412730188
0.5247827972300273
0.49909174618788055
0.6396889423812748
0.20735761112821838
0.5867577629765041
0.3490474011844481
0.6051209957708613
0.24401876059018116
0.3135958273907916
0.36067499294084965
0.5301710622753519
0.6522535459864263
0.227026457902676
0.15247697245836508
0.442968093423954
0.3418311892019048
0.5647391056480544
0.3688849748622141
0.5637069495216901
0.29979689679179994
0.5081294806219461
0.3295833251104284
0.6636980966139209
0.1428703476408795
0.20412088830198163
0.13329461591965672
0.19614538523055983
0.6134783677888993
0.1279482700824109
0.16691334616655729
0.15414479126180072
0.4233483495763675
0.5468830475281442
0.583587173617668
0.5188824946534097
0.7139410069276643
0.323767012816896
0.25269438749469014
0.49674872289631167
0.5136378168049314
0.7785929365398353
0.6431074441042144
0.6224112845957183
0.27746398991169097
0.5272284463414468
0.3862201066331982
0.6446824212283362
0.31678618447992546
0.5306232234292114
0.5138015079066638
0.1341018991893435
0.14614487454726938
0.12548590662676798
0.28699941809260254
0.6636983878764454
0.6060102364672507
0.10875145602274679
0.2534581120197938
0.5543041598216598
0.26678198810215187
0.3218651481311292
0.5998723981735883
0.46244929317346595
0.7517305118049716
0.28243319794559013
0.40155513131902576
0.2834748649613344
0.4217451161093165
0.562179486943922
0.7703345566805967
0.25443039297149195
0.06844006379853028
0.22327476529297943
0.29850733111656724
0.3372121261632785
0.28691983416839606
0.41338843896743444
0.36301838037026624
0.5057615570503556
0.5928425607564228
0.29086514184971646
0.5977895113163999
0.6328156093548718
0.5791500493436976
0.5610219724474651
0.38803298454799123
0.6653488101205259
0.14520389650219984
0.2150880210624762
0.46967262019224293
0.2337539202333081
0.34468111919609407
0.5074819485797046
0.2193094963534538
0.25198903292195624
0.6367823261742672
0.18093649943934043
0.2768473176505265
0.26422806520302544
0.25129484116197864
0.24228886731724467
0.35279703047720096
0.42434381370339436
0.529242057290327
0.3176932761144045
0.7087618690326469
0.4461224474720375
0.5469551744532205
0.7489771455184596
0.6181728203803339
0.7457854765671603
0.27770570496179897
0.4398250820229048
0.5797953814422464
0.2537848376124664
0.41007344511318067
0.48456259419234277
0.3510549908524944
0.4289470592352922
0.6947254676489304
0.24888840264208906
0.16108985440948664
0.13924910866551565
0.4126451949807843
0.4773455572979244
0.5663039108122445
0.367472560320751
0.7122474275084871
0.2597130176811873
0.35624029079196223
0.5060475527252246
0.6737791803677536
0.21017380286489495
0.345640593354569
0.5624964972524149
0.1928080586117763
0.3033854938309939
0.47986205575952007
0.424381761396172
0.6359211809825963
0.2859835483818591
0.1688950182613748
0.39590541975377586
0.7394841901664625
0.3960913460177779
0.46878128850599127
0.31117908467941263
0.5550602321810996
0.17828105148137077
0.30163493773558603
0.5902954840085896
0.42012418308609273
0.5501434689625944
0.5515177745187383
0.4943284725077288
0.7582437215165162
0.35703058403320903
0.539320589948716
0.7662183764022984
0.612793683522983
0.7106899724966487
0.5396131524215638
0.7058027888570901
0.20886738989662218
0.301874430844914
0.5757846841242241
0.46054110745232457
0.6203545139558939
0.13497794138406383
0.32384868228518543
0.6532393537319134
0.39620565681984155
0.43647506327649555
0.5447843344198479
0.39570068757675925
0.5259313168369457
0.23307548275460804
0.4058958544591487
0.6122564105132325
0.3487744545945128
0.7145523463827967
0.5990020482216342
0.7247440329659239
0.22134181976836811
0.4227131937063102
0.5504831397438322
0.46508583916180635
0.5466065836707895
0.28559928660269307
0.3327767091755842
0.552069122943843
0.22308357390432162
0.4877117302049961
0.3764614725535607
0.5838699896273375
0.298703627520989
0.4306880304724037
0.6642672128764259
0.27949354873518173
0.6330645617060321
0.44350078596659925
0.6261842064295944
0.2501809926796776
0.31884010985839445
0.37415966032381537
0.2938992958049902
0.24378330835773987
0.18110974876736832
0.2820759074630441
0.40171894443392003
0.6543209447179762
0.2148417553267496
0.34726408541642634
0.6148138011362047
0.16500328291188918
0.23879555914805595
0.30667532899892863
0.27876450895871174
0.48971627516559885
0.5576176658348325
0.1404280070050753
0.44596267602771755
0.7015912318851648
0.3127370772899957
0.40829302496778386
0.7425492693695855
0.16479476961772582
0.24938874901944627
0.2477900794144283
0.571480880294414
0.6286454424008295
0.7038042263185303
0.6101613083469294
0.4526281956824405
0.38899917676676843
0.5336415733248171
0.5667511900719502
0.557406510067931
0.5561638845384893
0.7194084756059761
0.5579949620082154
0.5757605922350666
0.28842138997740785
0.4684379408537119
0.4257029273223457
0.24771151013870796
0.6024995600774309
0.43232105353019107
0.58137176170724
0.6000383837165766
0.5563716972720146
0.8151855738838036
0.29972469463072626
0.2854635581230816
0.2836175539418098
0.5944876150135199
0.48588753431382803
0.6088998007010783
0.285885347439851
0.5260498478643393
0.4351546067451327
0.5911302050589089
0.37666723255484574
0.5562284278999291
0.3293064826303389
0.5282182160540921
0.05250233210692121
0.12206852408924804
0.4342833749211147
0.782232450723248
0.1995302998510238
0.05920353066278303
0.13662987085019035
0.34396189377594366
0.31188576870162993
0.4824179038217508
0.4599183816285047
0.7702104404178236
0.31652302983049313
0.35936662289754595
0.4908088382109581
0.7018439977132033
0.6215155269121142
0.7041962581691025
0.6088340414740644
0.7053159226009911
0.14900064776935523
0.23573870040115225
0.48053694913879397
0.5090086318169341
0.45126743333485436
0.6127359511242756
0.18751031375887528
0.523746875450989
0.6710493181820694
0.39471272526641293
0.5593913258825197
0.3192176621673745
0.5854849419090873
0.17489671574823099
0.25840831589063684
0.6783682660296985
0.23489454827776043
0.2884184717565903
0.348975221820313
0.5277351748468209
0.5774833410740496
0.5917025046615922
0.28257720927213237
0.3568964355110164
0.6679211984816921
0.2794782456571739
0.256291647362116
0.2313146766382819
0.07413306821039439
0.16677961303033242
0.3221620797614442
0.5503064750276595
0.6181032051898591
0.2417287659727958
0.2560076905440496
0.41503698316000887
0.5841513737722102
0.3465043835701711
0.26108590894348216
0.7030638610111405
0.2834000996908384
0.35731739507966054
0.5129849907901605
0.5200215484236423
0.6030814131718267
0.17672338184543815
0.286940421876457
0.7019073054538729
0.5124128509573866
0.5725692477879053
0.2267541361790497
0.4638237512216026
0.45843577498450305
0.5399342256063442
0.5841568421132788
0.3052882481981644
0.6120222698799521
0.19825023442314005
0.19566526139992654
0.5753725445691242
0.5101747289892687
0.6046485911188136
0.2503840900377547
0.2700053590104198
0.46777335845563234
0.5597461269796481
0.2850268154581737
0.4993310239043881
0.7563570997109325
0.3614079707293724
0.4555185797033936
0.5534109248328077
0.533897564917778
0.6647101655728271
0.4335323850338469
0.5798936585882555
0.16300444922836074
0.24618918921993893
0.5443979642376496
0.2120703547423091
0.3825425674280867
0.4879450753796487
0.29478092167061093
0.5787662992708293
0.6398984699587267
0.4884092431986615
0.20237059202741228
0.7943799341234719
0.2250825877663264
0.4359191510988609
0.8294806867487011
0.3965994402101548
0.589660156641516
0.7261030736526846
0.29001202217162975
0.21257688470314098
0.2629255093071613
0.2222057248858397
0.36969348962422727
0.5532903763722776
0.4036947904385111
0.7161223982797348
0.27008049094549336
0.24080880773745986
0.2624746848651804
0.3007312929955419
0.4514997715524997
0.6984685125609882
0.23437465659884432
0.31956357905587324
0.21123142560556885
0.3234045848854308
0.6738221651383289
0.40765893234932926
0.7119016515251465
0.31338235351547594
0.18988188593241764
0.2608746684151187
0.5393930759331798
0.827857397334836
0.281908978314317
0.20696371553351653
0.12291178523232893
0.1300476400613951
0.259172676044539
0.4071096771930478
0.6721716564319865
0.5707820031311883
0.6632816787186675
0.3634878110859538
0.37151243837164927
0.6541650485696887
0.24803863379715313
0.31933054641587333
0.4783370507096894
0.7173652357325386
0.20969555511068208
0.2979817675256684
0.2874312179867922
0.5359815664462636
0.7369526928108431
0.1212315750355583
0.11849061688475966
0.06987614666442994
0.2073928536076465
0.2995571380368502
0.49152652144540926
0.21295063177696355
0.40681954662769415
0.410626907116944
0.24393565730031788
0.5449792984088643
0.12952643270141428
0.14631860699096388
0.1902513177365876
0.12711830082204445
0.10237521805378919
0.18877961971641208
0.3914400473854045
0.39918454049793806
0.472116164747815
0.3120723234935468
0.6070253814010025
0.2064196851597729
0.3405007912426407
0.6002420751462401
0.6165755618459516
0.3991985177460006
0.7393319457482838
0.16251004343652245
0.34795240004269656
0.4915162688411989
0.8461245667013566
0.5790782546896883
0.7208098357167069
0.18023607480217982
0.47239696821383703
0.6795814841363966
0.23635828220907792
0.3777236807138633
0.5427108377573368
0.37290797729605724
0.6910809081526714
0.40340047965102765
0.6509212984611507
0.032813367983711865
