0.5910693684499603
0.4441313041021525
0.7352431297738455
0.36021835184134204
0.19914364330141113
0.4799955920068176
0.5642695635409875
0.649985467458029
0.46693896595074724
0.7593052095931044
0.37250036940733516
0.2397282510893451
0.358791976618776
0.7733144181052383
0.44288136629709596
0.5385828087567118
0.6074062354332316
0.6771627178271252
0.3953878058071077
0.4856249225562907
0.5861274096501681
0.524147525311612
0.5621075098185649
0.2233647459860467
0.736217583044504
0.7447938065127271
0.4185094591915283
0.5244362441822842
0.4266850105733834
0.5577033302177724
0.41399386823953055
0.7314369404279891
0.232900595995951
0.5772212625949771
0.733670977036425
0.37213924604926035
0.41475811586853395
0.6074334130217776
0.4062917728915166
0.42486064939712265
0.7036023976154109
0.32449072575391624
0.44764493949831724
0.5934310227991212
0.737241565033557
0.545811325415361
0.6363330543897341
0.20169785803501034
0.2786397056590478
0.3351457179775587
0.3171554499479732
0.6717701219003717
0.4761424620558201
0.6345408331117628
0.6513103358733964
0.6898187555816963
0.38178682488645244
0.5082526739221278
0.7161244333351634
0.7208391813683135
0.5784615817883264
0.6602181294718519
0.22024367885818602
0.40497090023760335
0.49318162250514436
0.11525417307174365
0.2738985803866219
0.57729935343348
0.2959112719430739
0.3452770255466511
0.5265216060930765
0.4357058514353222
0.557693049870645
0.308898146478535
0.5301454360986647
0.6915693771777311
0.22533099635526377
0.32724623829208166
0.5662341808979243
0.6131618960725431
0.6267687834536385
0.694399686587898
0.46120748425742464
0.5689731580588288
0.5848351958780822
0.5020096952101123
0.7501257214025973
0.30369047902575363
0.13389944085525926
0.11867162572955452
0.27952919226937106
0.3373669395589689
0.6754859924677498
0.5704798935372164
0.6610085951962059
0.44895717358260934
0.4174307963287014
0.7941443397999273
0.49728277742143845
0.6569499190756884
0.6639556794114314
0.540597936170696
0.6415066920270458
0.3408593202950085
0.5085923598039036
0.6793929895886099
0.33244507417785363
0.3722141819486499
0.6227678853109694
0.3822753478263115
0.5501840000058882
0.6401473337929395
0.3087802892965055
0.4512972110456693
0.6864331506259432
0.2118864172282305
0.47211266692371556
0.543344000053621
0.13154480993484494
0.26097011801132136
0.3111238263596012
0.4753774708534218
0.31699074623186296
0.5912134135805533
0.5956655851211277
0.29195784530091223
0.4854250773810653
0.33212853728415037
0.5799510038281271
0.39608798776273013
0.6688518532625608
0.11790917609781258
0.2309476090158702
0.2809894975974522
0.4216003828860964
0.6903290881921591
0.3842516118891825
0.35707880368013023
0.6115282144277717
0.3639688672530832
0.16768690932344452
0.2944793759803485
0.22178830709059735
0.716049474249086
0.24265167184707112
0.5721022983563661
0.6796638044010334
0.22416163770307163
0.3890815620360807
0.6829002759410845
0.2852296460317158
0.37489029990561057
0.5243076151677702
0.6887783957107568
0.6173833524900337
0.13030910162661455
0.3239885193198156
0.45171625026886936
0.5021167113493668
0.7220445277506804
0.25460020016111123
0.3004674670734783
0.7304032962461812
0.2566194786565174
0.6555898560089657
0.413345551376351
0.37258319002375984
0.4509792243611338
0.7852979064465826
0.3942713321091377
0.4973018023663218
0.5653714511358728
0.27765992740058854
0.6413318513022211
0.40107958411165767
0.3428010053975993
0.7034027129831356
0.33303406020553156
0.3435320993183008
0.35373105324019055
0.24690275928756578
0.24069450509822468
0.5084831010633428
0.43451181196629435
0.6515753514399532
0.2485112626755269
0.20881993730393222
0.6128620774379141
0.4792213030780765
0.5660167559845743
0.3549949642902189
0.34988082670721576
0.7251100699565679
0.4367279484850567
0.7447971217125905
0.4420980012489347
0.6564825698587097
0.3153939383433205
0.21035163322936953
0.36100651838268194
0.5590857515710045
0.5341036774906752
0.4833705403564082
0.5409727543611478
0.33594156836323213
0.6145069107239192
0.0558963051407045
0.017254526401073795
0.055667601431823886
0.3899265198394996
0.7091112926536558
0.38268087151532754
0.32168897043597217
0.3216008825385029
0.6454386450935893
0.4419909812664929
0.6323391745588359
0.3204317666843597
0.1443912583179607
0.2073238493657765
0.5542564924332817
0.6286597003713692
0.6020299803850451
0.36291639100073564
0.31381327417183497
0.3104602227989588
0.6606741439092045
0.2833675482854437
0.6536859843662228
0.3938780383198693
0.5442835123220634
0.3371277633069165
0.2506665043884017
0.49079194394340825
0.6984649836371979
0.7325337933035204
0.40564811144592045
0.8147147979769014
0.3457712654839215
0.5880471602898811
0.628361838658573
0.12357230540593915
0.5172166153327088
0.39244277533220234
0.5756836407355551
0.3212779613764935
0.2915972613483912
0.25258456070894947
0.4580878990073684
0.6038997542000706
0.2546831675962625
0.24047864643965022
0.3491933491759071
0.7062591684999536
0.42019691644734053
0.15371436475448758
0.32615950104741603
0.4371210879675694
0.7428510416512559
0.6374107126944358
0.5944041782729464
0.6191552532776381
0.6247543292421406
0.4973394829676572
0.5208987249833427
0.36223668202630144
0.7089907365562766
0.3408973439998011
0.39389756222675254
0.7472934877999677
0.32092512719068256
0.4472305488648103
0.6120144275904416
0.19968772801257975
0.3407782962840496
0.6933482938035819
0.6012792817214955
0.5335887093858009
0.5241765839929239
0.3841171139212374
0.5518355964499028
0.286300761374963
0.6023876953443911
0.4278381850347466
0.5983187059702973
0.2469734538014901
0.2757502114564699
0.5994230171420571
0.11001541097586441
0.3589315397381077
0.5838710364068442
0.32384114081180104
0.487450722100793
0.7428018392090948
0.44839570088162767
0.3086945147706168
0.16141178285115554
0.1829195258204376
0.6059514903477025
0.5886387977706613
1.0
0.29111375263968176
0.36623930987440273
0.6124953909323088
0.4093006879908628
0.6758333041602905
0.26546033499709115
0.2707044512866653
0.616102060659057
0.3948080812886134
0.5897191055453629
0.18685393473124362
0.46892521782944907
0.6263524097911375
0.37732461686634117
0.7267891823132827
0.1728300946566991
0.17708108963123662
0.29163999748793684
0.2343527170106537
0.4062229969308517
0.7316736051661819
0.4288165367701151
0.5224964058842146
0.44807723004274774
0.7332849558329333
0.178392641688204
0.2749267544327516
0.3906944317733338
0.3112188645681324
0.410248075123823
0.6659061326760941
0.2535051643528545
0.3207723794269427
0.46432190361379166
0.5974210212852394
0.6815509685637976
0.6126932064035131
0.4994716899824394
0.657610950300916
0.13557082471407186
0.4720651237575895
0.6002343230466463
0.25096857914611687
0.27934069411032025
0.516809158983332
0.5218901027638182
0.43560929257091596
0.6148139106684861
0.11137912635047004
0.14432308254857515
0.13832346819755395
0.38491923287865426
0.563881765458891
0.4436906041578753
0.6294673892040267
0.6052552362289717
0.5686757510037117
0.5883622979838691
0.3764012711170501
0.6394880313721644
0.2654837410064614
0.38378506949580216
0.7225291440383685
0.37462376691139593
0.6883199364057068
0.4118094489763799
0.624465297447285
0.133219621684996
0.5427892999311623
0.3290097766776733
0.44423356917208706
0.15038434026417696
0.18118232382092264
0.21000929587485034
0.2547224730224557
0.36189979507467757
0.6741472459351838
0.6807323178026035
0.28081569882321156
0.6472946993186993
0.5489250221248322
0.759466989854892
0.23133642935391438
0.1703107999271659
0.16631835609306533
0.48059567631926875
0.5819333849532397
0.42340919428360674
0.721960103725524
0.5795062748295229
0.6892861911852262
0.5555480992536606
0.764963430523634
0.36789232312360287
0.5947339966409829
0.7338971039146832
0.21063949566483578
0.32818373938748713
0.28475664973933096
0.42977161711368794
0.6167532802197575
0.30720748385665797
0.5386502662213416
0.7393960551632532
0.3303801085620655
0.20539993721295283
0.305484955059949
0.49719138094401766
0.7446865459264321
0.3377139966996443
0.2938875434176223
0.25290235853860404
0.44266886110561066
0.4047949197691581
0.5024064670649193
0.1838473452524837
0.280374440363696
0.751392043260368
0.39358305070751215
0.8047195717704247
0.2675926780663693
0.37964135557221973
0.6899114592088288
0.39330936260912575
0.6463551084010659
0.4962674415938226
0.718381228482086
0.7626900223879709
0.10594692401905824
0.2908748638373988
0.6167462008778116
0.6163357902045687
0.15940932299408603
0.24225184418421375
0.4551203145876202
0.6091980011650253
0.3681944050157372
0.7799087983503362
0.320799030722567
0.3946013947178821
0.666100584914129
0.6182042479920825
0.5853331149776553
0.573324240662768
0.6219827168268957
0.13206061392654925
0.11502130635249176
0.28805249688846735
0.34911083287111594
0.5567550654680534
0.3337629989459249
0.5267979414642544
0.24195177741454213
0.6560009454207306
0.3849574124407729
0.570915378072258
0.5576117148644313
0.46841425469378445
0.5368487693785682
0.29521894317336944
0.5445320466587867
0.5974282239755504
0.4688402708498649
0.734140753412229
0.3849150122508092
0.35588129328323714
0.8526376446292844
0.40879664575397984
0.5319286256002007
0.6080220376504325
0.44454830192380823
0.6363473708902067
0.6553272019939501
0.2601779627661409
0.5493561565988705
0.769314763594066
0.27600364126599564
0.24807246549706483
0.1788279554092279
0.35352363754615823
0.4536255546519875
0.690055062780153
0.1115041847585273
0.12430053031024144
0.10542671302247501
0.2883724108508252
0.2904881746946249
0.17572581472480597
0.1599817284686711
0.07383551551726278
0.35478698928217733
0.5365815200621188
0.5703325218973384
0.5413970243016698
0.6429461968248348
0.44991458896381076
0.6157384248866626
0.30113146664579954
0.4464133679438672
0.4108866478295021
0.6076825440740191
0.27095362596021744
0.26655944483938854
0.5614325985468515
0.6474021143797027
0.4196566033427221
0.6554022161477477
0.2540807461000631
0.20473286627611886
0.14392676164526996
0.13311836758108342
0.1288355950579557
0.28729856208072707
0.24861680774084688
0.46433652691619465
0.7339037341770711
0.2775263607283808
0.28881216693727685
0.2795253491637761
0.33244670231394513
0.4179619331437729
0.32602113572886343
0.778090960017977
0.3333986507151019
0.3824952845426166
0.8115107423398363
0.3217561351884969
0.3556507647751938
0.27209534452563905
0.7064823731223326
0.32995474318586043
0.7116032901239933
0.4437770014139224
0.7970598574828862
0.40883398755684536
0.2896561696750851
0.44879868634490866
0.6423748050048664
0.44135847475359063
0.78939433052313
0.298439896282806
0.3354702028003802
0.34129234121080404
0.3466757912284184
0.2901536591926843
0.44716612812646156
0.6609837028320183
0.06914778381728176
0.25271838559528775
0.7320399078160083
0.26422140488649726
0.4095583954359913
0.644656019725833
0.5659973631175401
0.7207882505462287
0.10363223725973401
0.383881805859859
0.3179223748296542
0.38008911929228484
0.5367665715338359
0.7201550062989359
0.5009418574475076
0.6641463534397226
0.29920228513343655
0.5775244934391398
0.6934648317397303
0.46915304393332397
0.6937436243951877
0.5169464869364228
0.5754300511897582
0.26615835161381385
0.46419066018840455
0.5066779007562284
0.5523190066206749
0.544785571567597
0.6811706257033393
0.2662706770901648
0.33284382729292034
0.7380656005275865
0.25677739421664697
0.1837391721932277
0.21054975573658602
0.24739908270854205
0.14446595962899403
0.3390517767784659
0.4926134187014007
0.575257339576226
0.5500698539707981
0.5106771518527944
0.6411388133323799
0.0921501742237639
0.3206711878305898
0.49658402578903327
0.696465191355793
0.18613191679751798
0.4041787521174569
0.5660596277603955
0.28405678774255955
0.7326246812108728
0.195644234664968
0.44245979512991024
0.5854449571806707
0.55294607330108
0.4387604766727469
0.5936956828908321
0.43430067841101994
0.5774395022331648
0.2665150094381918
0.3726265681176221
0.5655158525806367
0.04762715386014729
0.22424757122544775
0.1786562801000192
0.3475967452862557
0.2846694531954821
0.22930022548683554
0.7546262246250053
0.3854307943665963
0.5856216847500031
0.1987701213704681
0.108611369694028
0.211475959290854
0.2918941528636294
0.41999510159905756
0.6677435592091604
0.38666459782980855
0.7960044906640649
0.18735854134362814
0.13258002365037014
0.3593162003469967
0.4997038460686256
0.4931971035537408
0.4908245467953202
0.6305574484612021
0.38582257412331966
0.5794808825680281
0.36066055143751297
0.6625031630006373
0.25146833511242656
0.2944699774903709
0.5459337558169997
0.30085433226326724
0.7173605077040609
0.2418804855779539
0.5373970869366124
0.59777571611691
0.6464553669775173
0.6737924101797423
0.3720225015890084
0.5744426871576617
0.30516319214690524
0.2694791113659696
0.4372441677830348
0.6092063489621049
0.3883878613050624
0.5561281589622658
0.6873194495609938
0.2669362269955313
0.2984803554194323
0.20908028523403685
0.4184424455006605
0.498775729296679
0.4403225506283555
0.5157378025432307
0.24663224005352727
0.216478901043828
0.35545165005688245
0.629034538897436
0.371900496422123
0.4606408956058015
0.6177817687859076
0.34348607002297504
0.1525273253750416
0.17581674101967945
0.31453199232331547
0.22205421424772265
0.23444080397232048
0.35351909579709306
0.6475337307359088
0.3057770332415117
0.5512976054831761
0.6514430749655179
0.2872103117315024
0.4453628691278696
0.5792626014916665
0.6954125235213551
0.49845521771091816
0.7477212059952512
0.20304451303840118
0.6481669758775778
0.6214215622943959
0.7237933549797173
0.6709199028181961
0.5701474343330738
0.662055582308068
0.14146800945138013
0.30274506316915073
0.5559496990788658
0.52014044139609
0.5952142913111973
0.15329077550925246
0.45551554446044307
0.691275739702011
0.37677249977593696
0.6060817597976107
0.27723039717146725
0.5385792926657094
0.6051671954238108
0.749138211961841
0.5224428121084745
0.6074300725613082
0.5502196805821031
0.7184582546888195
0.2516654068526939
0.351977005610047
0.4216736855543603
0.6327381278641951
0.3451529210600102
0.5107157515667652
0.49105527991593073
0.7056769381100294
0.40169630828207575
0.619048481574084
0.11511486079239029
0.24769833193777033
0.22517303815811218
0.616950885873412
0.8729513058995947
0.11894618387068506
0.17494305102412427
0.33823412112334256
0.3638254678021293
0.4330273469987271
0.34443293961627297
0.4973597383565112
0.2966993954727952
0.6448678675519206
0.20690478575792925
0.41269771093085106
0.7928423436320855
0.24326616616692792
0.569786166417053
0.8418368707339955
0.34634757487965184
0.15309544402083458
0.14666332637140447
0.36825773940793555
0.4428214918610194
0.6666017443884774
0.5091140348621335
0.6948435596686195
0.2913887243448938
0.3000754742930277
0.15218946849396134
0.476517833706099
0.6236107304805121
0.23530484188631612
0.3082951927246444
0.4788599966040072
0.5937025406934621
0.30799640730646594
0.5017806489144445
0.6238101335674121
0.0801253379762232
0.1606338292767452
0.33299435561818613
0.26234551739314604
0.27317426218418356
0.28067217046244797
0.11290410929945577
0.38906079034741187
0.6430513710827951
0.21042005258248347
0.5805746693199714
0.6249531534055537
0.2779851880677943
0.32274882714998554
0.4369472304296302
0.5029356738360603
0.502571160986644
0.3268431410464751
0.5794258667778144
0.4673559041464076
0.6737095183477096
0.3151588635585087
0.3762817354216
0.5766010583063403
0.362780806454808
0.5459499297574749
0.21011638722049558
0.42227738544183896
0.6865856199862087
0.46351434917341605
0.6501889237944863
0.1744701949600001
0.1264527617555694
0.3139658178583219
0.16039119589526085
0.11509642014771275
0.13566551411244096
0.21079071831412124
0.41354895387287705
0.6165447216491416
0.6338331345114584
0.38346355254667297
0.6285795666086843
0.3793774850167331
0.6785643311555996
0.33365414937213916
0.6073390565112506
0.6194330462109582
0.5413036027226243
0.6869438111196337
0.27842487781196945
0.5032658492958105
0.6968087074027274
0.4036320175640979
0.7326307265014426
0.26183857121477555
0.3162809626785986
0.5141933947625716
0.758574839188031
0.3639798718334348
0.4547233462745791
0.5230530856990594
0.6073923703261928
0.7892378228246273
0.5278328838196454
0.49937410830660917
0.6987659137502581
0.3139406795873985
0.2692762666274984
0.2588937096198593
0.3579471553397405
0.6113431018209996
0.17677679673794636
0.15259096913279602
0.3780423230343653
0.547307970246223
0.668308199496241
0.05809554168409124
0.5174712296294028
0.67922346460525
0.5949278978278506
0.5500711651216811
0.5086031582565204
0.5461534588437629
0.3826685873116969
0.6319952196517518
0.2611199729815267
0.38117553696838374
0.6473846119238464
0.5191250759356147
0.5921330615576226
0.11753843098819118
0.2542407551506182
0.2926910418118409
0.62458035838135
0.49490606270143345
0.6978926235194525
0.3895211114893293
0.7188293896700687
0.4421109531561158
0.5188101067158406
0.3755783329113649
0.5849008138595155
0.38908546535732796
0.6234705244726388
0.4042701667674765
0.4876741953830001
0.30247137429797005
0.32486696649124536
0.39623407859045046
0.4837570709311121
0.30855925304656706
0.2660811496280096
0.6446342368416161
0.5604894942947282
0.5277834946118687
0.5867696342210821
0.31066825722036817
0.6771974294802546
0.29556104595826016
0.45535055080961717
0.6804350698233729
0.25407879433582875
0.294727966082191
0.2091895988507094
0.37432569560823253
0.8342660625613845
0.5196545726025587
0.5254221227124247
0.3641347228169419
0.5750951131216449
0.1689246337546711
0.2045547484803676
0.338061745804784
0.6555988190210608
0.6401923878634644
0.6136628817811166
0.2503417555822231
0.32286099924804385
0.6450559909174483
0.18971158206273472
0.2838519666494872
0.5300325126910909
0.6267484120998446
0.2854482317533785
0.4668824380659131
0.7912359708142532
0.3492463258463933
0.31655449853851675
0.6027851976909012
0.5568093557510488
0.7845491983754098
0.31832403441219526
0.09928786445345346
0.2950397773525451
0.41196559806488453
0.632396253942484
0.2930599322047803
0.2255717055335963
0.21693866915315185
0.5435067295660552
0.1936040237961325
0.4962705415020973
0.7748342506449618
0.1973281476289835
0.3837913633155866
0.5746522030323572
0.3912093426057272
0.6904428898397271
0.3790768166639455
0.4750863350694438
0.6637500832270414
0.3226722930708361
0.5699981389657466
0.427261243855117
0.43935355728379144
0.6625671575335526
0.49760937578075304
0.8378809579857334
0.31945006720419356
0.4911099973660024
0.5597727014658905
0.21363399622616716
0.40408683846555077
0.32726460853996486
0.4128796369827383
0.31293504832088936
0.42596922291607014
0.789312819998066
0.30916928595663906
0.7119765725209948
0.5266123593107948
0.6058107735946427
0.3601337388549657
0.5607209205220268
0.7467007071117993
0.2437304402707868
0.6678253210322531
0.5019295947864902
0.3217773849267494
0.5372502655240337
0.23409336687927726
0.5207695961858232
0.6213118335981463
0.7716960870179165
0.7618390868621027
0.39543975139286475
0.7128765670948917
0.4892311002531743
0.5820691676599682
0.14946708629967398
0.259733570823371
0.27030274549199135
0.4666955484149517
0.6877909506499109
0.24274880707734578
0.19162106428565637
0.2494397709939958
0.3100528308402695
0.6121027468651975
0.6691324912734264
0.29998570054102264
0.508838720018505
0.733807444922616
0.3394869999613288
0.39589130416789275
0.4480611949174513
0.7458815940593012
0.4088307880332133
0.6288457908284484
0.3671358915972384
0.5629136244775381
0.2937341257478473
0.495631074036865
0.555466581173084
0.6944886031468217
0.36139947641760617
0.6183283298464762
0.4383712069958291
0.6667469915329901
0.3826439774313267
0.6378719932532935
0.39596964535448576
0.7056608202340963
0.3283625755138654
0.6344488211323018
0.4612484333844898
0.6928525556411009
0.23463204733491214
0.2397687798703792
0.26007766044954356
0.2755213553353657
0.398162927899652
0.25317521533473436
0.5541039948476962
0.6483440317201046
0.6279732899119334
0.40107306183658764
0.6509157256079579
0.293580239203734
0.41383933770704084
0.6611855483447737
0.2820409059070164
0.5922406565803717
0.5196512947451726
0.40584704397738824
0.5439329779179853
0.4240781208617381
0.5736586420437906
0.39582414937448646
0.6337108324584448
0.7580968585195539
0.38560336567888887
0.24465747724291406
0.2947434446151027
0.7042770347493733
0.45695456891162783
0.5892731990890521
0.32861510564651913
0.5385889001342705
0.36830944626657175
0.6185415270827668
0.24638528173869642
0.43810059476847457
0.5959820367480008
0.6445331655028318
0.6668609956551342
0.3591034871497661
0.625043147593632
0.14543626834632273
0.09586201032267541
0.21778053839471906
0.5608233437644243
0.2954376628892081
0.8495937887438312
0.24725815510231747
0.4664104132369659
0.4137148001496437
0.6681238387234621
0.1184781206707945
0.3016064428832523
0.39740585481981644
0.6769513116772725
0.3360492079526321
0.2521573440655201
0.31590253142793145
0.1901990999701488
0.3415954047897357
0.432066761609233
0.5629271233827071
0.10527397098001162
0.3676524311800299
0.6105440332575384
0.7704685236287494
0.34985773201840664
0.5064855281083264
0.7540467419019695
0.28754246110788817
0.22553688928645904
0.2672489016535628
0.29231314152586746
0.5535637011018194
0.5842046126228988
0.4676161990788321
0.6847186080082397
0.32652559696697486
0.45711131628391605
0.6985669934955566
0.3281905723288211
0.3419441836383247
0.6894587929661097
0.4176663340940383
0.25035267138868184
0.42716322795912554
0.5914927384935992
0.23780218058458819
0.4216491594135919
0.6088547151772399
0.30423138772717745
0.5404832122342748
0.5988561828230925
0.7169563884329657
0.4273292777249589
0.4824728572889025
0.32739084803086466
0.5803219699882066
0.7410003404937808
0.7306039594828744
0.41695878239510215
0.31760850488214615
0.3462912065362091
0.568748805970251
0.312489539500204
0.7075109448155219
0.39268362008155305
0.5326684240507149
0.48338537027252554
0.6085894699805138
0.718188412105246
0.2386415337966121
0.36531493463517467
0.7378982705333145
0.2831044262063627
0.38326745526017514
0.5960422665936146
0.6531803576980548
0.38829307293684956
0.439840923273543
0.4188884143979375
0.6750383267045341
0.2124933215481671
0.28798854735576396
0.384272424916569
0.6509096826495028
0.5687938078655943
0.6364110374124883
0.6870792249282317
0.4619842022828639
0.6715926621904931
0.2202245947982631
0.2563089969434911
0.351360202451048
0.4769864054984779
0.42630116383279787
0.6034415929779706
0.49425765330854854
0.43734737713748667
0.568720028850173
0.6003482953877114
0.7796858143525469
0.5960035613035858
0.6964812411556369
0.3070331881330451
0.6963381132109354
0.6223241800524866
0.5320122939142328
0.5461299391615119
0.44426338710160757
0.8085168717769833
0.32989107775208526
0.39554585711724066
0.35565634468009916
0.3041709573140462
0.7437214043504273
0.2784744994408347
0.38013397428092177
0.791083086051125
0.2606388840627547
0.31891895226291495
0.18351433041949305
0.31735905181058743
0.5945826401590516
0.12263302303888073
0.346615985319993
0.5165793481777573
0.5086662141459887
0.42912394822210265
0.564282139172658
0.31505575499145755
0.6427029100756587
0.6576630059388827
0.37257488141907447
0.7199069032885881
0.29780575822523425
0.3141770338153101
0.45587517335611044
0.6423506675153996
0.4076458950432594
0.631551197085483
0.6483653777373625
0.5801823709004752
0.6444689729101707
0.1173649586240037
0.45866785173626873
0.4314010666073106
0.5559713866799156
0.4937269427505687
0.8117199217733918
0.3606623031947193
0.3500812807629563
0.37077368525324655
0.5669168625599185
0.6671510017154215
0.5168262831625058
0.46919675427259383
0.7520186823763849
0.24446882693678218
0.36843121215586006
0.7409897095130499
0.26756621700275074
0.26911349292989295
0.5853419913904224
0.6193060249029813
0.6076401613155415
0.7037515421987299
0.2807910405359696
0.5505650215746211
0.6088129233040651
0.2909464001693727
0.3455786018778623
0.14442875738155359
0.5016938180325328
0.7796841719102815
0.42573818283515785
0.5007679360468078
0.5409443747884108
0.7125856017728264
0.6346058777299001
0.1780790047114625
0.21775796394033725
0.7960170916128835
0.3539160823343746
0.3143346808025244
0.5597643773793521
0.6154314696965765
0.3791492506342693
0.6800278108135231
0.37897714641281544
0.5354065016509227
0.8501406724599632
0.31600252662645
0.7167004882430791
0.4330596443096114
0.4129544399452782
0.24591701101010563
0.6323609782945613
0.24135082079976775
0.2759490060729174
0.44417630699258837
0.3846844339666273
0.6151452472257063
0.2236075300199841
0.41858724447876466
0.6958162834257154
0.226953806399624
0.4382564575217381
0.7858946324261736
0.22581895103641386
0.3667697686232144
0.4046075165755067
0.34981110344728267
0.6598536565449221
0.700248247469879
0.5104352133265384
0.6863127469819776
0.49874261205185916
0.6840757080616734
0.25243911572742284
0.4941399995152281
0.561211599788074
0.22514654786325336
0.44628200332079687
0.5221133897821841
0.5847579166473016
0.3088159694383227
0.5608881104523783
0.5114257306021572
0.45488865549069957
0.5909410933093364
0.3257414966524226
0.5686670445246673
0.7120783986263542
0.37095707751901974
0.2607955180245676
0.4191464464159726
0.462948748948899
0.5825454515914205
0.10990269726514296
0.45191938728819797
0.5766245787696397
0.48331844244838823
0.6341720275414173
0.34450896020881927
0.8566635926234062
0.3318088812540321
0.3945871919551874
0.6574267811521882
0.35053516495728115
0.2972908213394199
0.6529834745694365
0.9464650838977695
0.26052858646199706
0.4000177953799859
0.32620567236842146
0.6078569682651034
0.2951862712867214
0.32428481301244705
0.568999407795304
0.8130162375832105
0.18270887318532988
0.3082334976628639
0.39537015042263784
0.8936604108275117
0.2267813896791585
0.3877610969551908
0.4939112622862402
0.5375002245388508
0.46181849839905237
0.652447282440947
0.184967553978149
0.2871978573674348
0.21849490760569595
0.2732366406706998
0.16268834607057583
0.1705544078449064
0.3313862652225696
0.3203381755284002
0.3904316335134735
0.607958162129343
0.3587073654936652
0.3049325523228291
0.21042095683901957
0.24721534435251788
0.4020888106904028
0.7133988228944349
0.3741735168029343
0.5245054116686051
0.27161317551741737
0.45842234676525384
0.703616661461312
0.3917369029788842
0.24712293459526635
0.42488865515390906
0.7417585842221779
0.34010931659961047
0.6934827161675743
0.48931937505759004
0.7272035427583015
0.20096253781136447
0.16084394486908946
0.3331006262973851
0.4904856671701227
0.25826506190091914
0.427733528916544
0.6818566925906387
0.2989708620294274
0.4453060663163321
0.7452918427284015
0.6524904539281929
0.7401799779215968
0.46459631129786527
0.6909429369924373
0.2197034424453938
0.4001676106953952
0.6810915540453611
0.2868508378108682
0.5426924123151271
0.12818410205838252
0.2826717097215808
0.13663071913990688
0.3186121630261194
0.479408078743112
0.753590148282091
0.15330848453375126
0.3498031643426968
0.44409300189763345
0.6027547582961799
0.31162452768396154
0.5232875004955615
0.8883474601747998
0.3915495087761836
0.5799966644336899
0.6479629752808446
0.5011419448100448
0.846093991299578
0.27353233233486685
0.49571600798389387
0.3317928262467229
0.5003037044959584
0.590585295028548
0.15095365248136688
0.40748971219231767
0.7172814443551935
0.45711939546836716
0.6616129296601067
0.18583405050592575
0.43856009269250085
0.5385807996268295
0.1650294791463009
0.2515208111719962
0.47066067255977734
0.6684420357797469
0.4143273400850535
0.2926504452858935
0.6728609520275581
0.36034769183378895
0.6045449388102124
0.3884526644869145
0.5562443574281277
0.25049548547909434
0.4772770266246857
0.6960841060975698
0.45381723761323406
0.7113990961951445
0.3395688365398573
0.47909626852575715
0.49888043352649675
0.47407328493515544
0.5568781198952262
0.3929268312760658
0.5982608244760462
0.6412291886056567
0.3151083747746521
0.379959972991318
0.5560413192860636
0.32496956679394196
0.5695913111765868
0.47593481024778983
0.8113189358367735
0.4406185694962887
0.5506843909471169
0.6259957798313783
0.17723392030762314
0.303113372171625
0.2775759712548688
0.25178926316669376
0.7186094022564209
0.7699022622973325
0.5405708892889354
0.4703848628359961
0.5319945020305569
0.4167857294975455
0.6849776102632738
0.6135609299897644
0.8456730127248614
0.25035091248141544
0.24537383827760242
0.45822565123211967
0.6848433288609576
0.5227978387349881
0.650212949187135
0.35793486250377066
0.3611373231875242
0.6175123921762412
0.3699205088867302
0.5028646456244105
0.7671552628308509
0.20738893777200032
0.2636907990017849
0.6625135067591222
0.48553612016868464
0.6303585408545909
0.3791579475326453
0.5466972380285791
0.348199589981459
0.7721375221597729
0.2560847538411419
0.18190849611032844
0.40765612985454797
0.565851558537387
0.33746129512152273
0.4924006525875945
0.44197288532072304
0.7404271217520618
0.31970805068499336
0.38162628361485806
0.5750735013105382
0.20561353419096193
0.5002326502029227
0.7554271297858074
0.30588034373662437
0.31421152795855134
0.34312635795269003
0.129067685223715
0.2521714860468449
0.14715103034741903
0.3174359282305988
0.7401371322129146
0.3522875752113191
0.5648056317468768
0.41529821771999437
0.709822722198186
0.30417268643543177
0.2599646432936462
0.392837076322878
0.57430781084647
0.6194010445798304
0.4001673329841181
0.7569344645008734
0.24380838661545193
0.16843229195687828
0.17080021495693704
0.1802798908673522
0.18190048464482014
0.47645367452359444
0.5664847823344781
0.35903454764669357
0.570380480319988
0.24718399534783106
0.7378205970525875
0.26076823287493384
0.32510200078046514
0.3776163139516483
0.37359646976333877
0.6354982327972902
0.4011461280037334
0.42951855952517826
0.2849301099597498
0.49213121584141667
0.2599711256066743
0.29598501374884406
0.5103752899580267
0.6729476223151579
0.42763448219378936
0.8205081534849025
0.6016505995822169
0.7355953017030779
0.5138032264446519
0.8019630978659823
0.36204794794109246
0.5301234071684168
0.7924544909719209
0.4433716522680495
0.33472229712714674
0.5005138258002825
0.8341933845705608
0.6376345487588142
0.8583403924938068
0.28509017026258177
0.35135144872831686
0.299632192290956
0.5371060819203551
0.7982235477820306
0.33212791197461683
0.3558149743884114
0.6283549522334048
0.8001983191008
0.4265817741227607
0.52247215152215
0.6387024006457214
0.6295995980310927
0.5990464985095739
0.7576052425502111
0.24493392125554356
0.14175920734116512
0.2752182964061997
0.465930101802026
0.7582508730383044
0.25120330083312914
0.2508281166736993
0.40922653455362373
0.6342658116407514
0.5177155880081786
0.7226008608717093
0.3492271970012571
0.6097513041156896
0.3532119268300185
0.7620652815023048
0.14174454693215394
0.15031340675063234
0.2377701742361121
0.40485370399526116
0.5618506149585395
0.2648325731781638
0.23353849295557114
0.35922019412568623
0.5209719607250035
0.3009715305322437
0.6981782046123214
0.23643356108724536
0.41849744100108
0.4948726648269698
0.3557859039403313
0.5772479976804836
0.17355566818819634
0.3017425392733247
0.7153465092643344
0.4138702553137833
0.5730675152180358
0.40070853631256004
0.7118863790357616
0.2945873657473142
0.6033411364927898
0.5993653190690392
0.6957788619717908
0.49778025359113554
0.7017957379926154
0.09064340141483013
0.10581736285339713
0.036301353437690864
0.13648599733082634
0.14213152145470742
0.36841913265085063
0.46602199018722057
0.4462827388855541
0.36594823435503565
0.6833973126098215
0.38732677137692184
0.5166581148043904
0.7160142154610902
0.2243104128376117
0.3579446502460614
0.25456574932642806
0.3044721755010857
0.15285123003455028
0.22321566153879793
0.3002380454804605
0.19300675705992215
0.3367291606286074
0.636427118095807
0.4892310307955145
0.45914193476007686
0.5435664369437999
0.24151655496333177
0.39500101176516916
0.7459973876282685
0.37866315677813445
0.5496628091078071
0.1291085851702667
0.19578867881567893
0.2885160585147614
0.4343917526852503
0.7233294031654275
0.28601992680607125
0.42888715930300964
0.6479318564462114
0.28896074886712575
0.23105472792908877
0.3610664165503989
0.7161128813001028
0.38771281484339803
0.5609734721447535
0.7012224203435863
0.28732396288963313
0.32749070663399393
0.36542089489262813
0.651873539990386
0.325900592442452
0.35026420947849696
0.5632421642272435
0.2798036482895543
0.5926350815212128
0.5400222399067816
0.6653008435505104
0.38966515003624536
0.6534721665605697
0.4441010086499976
0.49469812523081025
0.4069486495695826
0.487563383679748
0.22794785912420693
0.10660199789410837
0.09197242321656024
0.05021322786739393
0.18415818855054858
0.24486070999060178
0.24927079181817935
0.30704705142399163
0.27519168455345216
0.5873886873345185
0.7301236761428916
0.2837842904493828
0.26005172761819
0.4456169078503685
0.5820222951323363
0.4461726582544027
0.5678431699295328
0.22490325906334022
0.1676232605140951
0.15441954869380373
0.33902499527721947
0.6470971460322621
0.4736045368710516
0.7007067338401484
0.2543401503678347
0.42138462185956016
0.699969531320089
0.3806559995578719
0.6004865881254422
0.18939417565358269
0.3100106260396374
0.34218586252839495
0.27400454371935884
0.23961415215264312
0.13506644285020358
0.5306277770184069
0.7615822299057499
0.2553286399172655
0.4660653392823165
0.7328564295168817
0.16040049470950435
0.17183365475322995
0.21916697731636336
0.18166128543087987
0.24130825525945235
0.47984890619096104
0.5759052146330654
0.6085651418390684
0.7289869670078067
0.43420707585753654
0.47361537136704523
0.6993839094789112
0.20634160184938818
0.42288557667487464
0.5757620356136349
0.8291837258482766
0.42181864398482893
0.7778434111085769
0.5039784302989685
0.6119124613965173
0.4454306286242052
0.6134929278227605
0.4260301215699728
0.6553623347865446
0.5100590502726268
0.8702955344284313
0.3142741039430278
0.31516892120042916
0.456990696945834
0.4778989087856254
0.3720067214926196
0.4841346925767571
0.436363130712941
0.5945244454803567
0.23170141855065063
0.19351095774063357
0.5600606704718094
0.25928873039560196
0.6616491649347405
0.7378227617684214
0.3518410231139431
0.4098967324298391
0.6504582609968894
0.7037879935257983
0.44267642569421906
0.5315982436086433
0.35247177105002137
0.3731612040642877
0.5784661682248298
0.3570623744689334
0.5617850636882615
0.7027024526309195
0.4039815596095016
0.5289530866618216
0.7907516440220145
0.2830691060598012
0.4086893102741502
0.574445650242155
0.6493206909267101
0.5687978835988059
0.4018046692711114
0.4338616811964233
0.5950152736031773
0.26234322706498325
0.36282984311639893
0.5268087325099537
0.2535557464617615
0.3454723090425015
0.5658048993135939
0.19438880173293444
0.29427221213157706
0.596539888505967
0.6864173914141578
0.43188554852772043
0.5733969981695305
0.4108819970314684
0.6326450969961132
0.35587006212786315
0.5359388917336648
0.7113141429158434
0.3717249098254799
0.4835081658839201
0.4136909343134913
0.5073135459314702
0.7362859196620296
0.7642294337530475
0.3782125639790419
0.765367032862566
0.47899884299611073
0.5900875886029344
0.10454331822113479
0.14269520079056985
0.4890874530629378
0.5411768641925123
0.4571497578054497
0.5897973252559092
0.42287000004777997
0.45594281984022816
0.5549155646921257
0.5332427021209056
0.61580546989409
0.3810862921688174
0.1877833815837945
0.146886570151323
0.29033132076425966
0.4935958764051734
0.5495379051754322
0.5758740735397903
0.16151140375439008
0.1686433821635905
0.5329272718729064
0.6463162858119016
0.8437926703600489
0.5334305524050044
0.6617742662745282
0.3198789744420811
0.5738228036822
0.4174041924611371
0.551669720540937
0.35218769475920686
0.7449972765556254
0.4120377732932936
0.4353785882170151
0.6281221458022338
0.32727605975936
0.25659447001807384
0.30568116319357397
0.4806503859248513
0.5896943162655144
0.4050965686277378
0.8432958004461378
0.4260976704877764
0.45937504754794267
0.5775530634970393
0.18783015129067687
0.23403032627030862
0.29443104672707476
0.4091636945034084
0.4275705641302879
0.7066537611542445
0.35580730744114925
0.34524990512528086
0.4728690170343917
0.24052676482972615
0.590680603884461
0.8377515600629355
0.3612183047008222
0.31720697683404375
0.3440810550110096
0.48291072697595316
0.6664752879221761
0.2467849558283661
0.4612153686758396
0.6514483034780552
0.560894587191928
0.7083423055475573
0.31122023396770393
0.501619691362984
0.6390678203849743
0.2336855457478472
0.5677470043695708
0.37650214773769647
0.48497102959180133
0.42893553723594946
0.5819183343495861
0.5788621493158327
0.5801387104093578
0.6251752412884206
0.5467334647365429
0.6567459045499917
0.3327322396801375
0.4756476830211454
0.7511954711750242
0.3546490284680489
0.537581754810803
0.6610404048833496
0.6184914614831419
0.31358738150548693
0.43678658796562414
0.34458059089020376
0.7126897558549159
0.3434432459016032
0.33187134537321733
0.3881300111817382
0.6716299114879303
0.2651508465201047
0.23528569160017104
0.37333342724357615
0.6474351948604603
0.17066665750416032
0.3139589452406706
0.22672630489772452
0.4532305610525834
0.5864767399425757
0.23942709062955944
0.28566751187360473
0.35294492053329013
0.7525767032863212
0.2645952343190686
0.5004628972986409
0.7911503607814254
0.31990320729344784
0.5941178992485073
0.546357901753923
0.6452221392519003
0.5110760664513381
0.5755817054316126
0.23400457341422407
0.2797623707741581
0.5900261197911391
0.5925019668262395
0.2891322068662054
0.41211810423145107
0.5824722185714369
0.6224041563688696
0.7030737289599595
0.3379227738014551
0.4817293198532253
0.34199152132539995
0.41270643094695536
0.12213016981307478
0.30573012929649646
0.5391992895944716
0.5229607326201544
0.17546305039486634
0.4789963540985363
0.6943483301438163
0.1744299921336181
0.3081013567268288
0.4884485654466313
0.4449416206866317
0.49949521328567237
0.7027786860154112
0.48933021748676025
0.6045699820267123
0.14069832089552162
0.13702785876702106
0.32380631401903115
0.6712782201916893
0.3114937943747266
0.12860222310067904
0.10174513064545797
0.3140123678549503
0.6936732125858093
0.31105705518476023
0.3991404712148461
0.3795092204188975
0.31217718130422756
0.1654192960469353
0.21390853004455088
0.18871458878189873
0.25893844023376633
0.2494663105686615
0.19881723080904426
0.3297951519657646
0.33333890613891354
0.3859705755751782
0.6841420733737907
0.46151924738007266
0.730316671567328
0.2941697198101244
0.28313261228643044
0.32214556753413315
0.6186321535558221
0.2874391042616134
0.5415845635459173
0.6507891233149006
0.27288690439763985
0.25871046188314417
0.753441158877213
0.3704325347962148
0.5827187361517383
0.45549365950665505
0.5962120951835956
0.2512226342084071
0.18294158617605547
0.12628641843480234
0.2713766731570441
0.2767340771786085
0.2804035841508516
0.246425327694989
0.3401376352631919
0.5673555028259899
0.516922789259365
0.4575152914253159
0.5151592910351901
0.5710549044389588
0.5342380427901562
0.7349424056736704
0.26941342733189116
0.31462139154265234
0.3505802806497757
0.6401309230490747
0.7269455908082043
0.3449825206995351
0.6235933738726793
0.5427705088525056
0.7452856210741535
0.20987196610865486
0.5642157328412902
0.6382752175155302
0.26452233661332974
0.37322837505524187
0.5005584045780757
0.58225544231931
0.5359441818025875
0.6778597496969453
0.4051076253760087
0.7161042896780804
0.13298341237368197
0.2734878219426542
0.23797086764359854
0.4692980771811771
0.7684318643337376
0.13515097490194988
0.2502026473834962
0.2547035377614216
0.20665251479136623
0.41115098634954167
0.7823927698593807
0.4394564113971602
0.6768685260321153
0.3790349294394661
0.2865192130627809
0.542668051392355
0.45191526722021425
0.5709302699614494
0.5816063657159397
0.5963650929396169
0.45214091865774186
0.717323422332762
0.6400629050751813
0.7410534375987375
0.4661516334692743
0.7571975541247935
0.18021811369880286
0.138257480432414
0.3207647955488432
0.6202963034733957
0.7425899973869176
0.46582110140559546
0.5168037396334837
0.09345303424582763
0.3288569835167696
0.4913882264626589
0.6400339852822206
0.10359565679918446
0.03824106440895306
0.15948190059478684
0.3441135712394206
0.6552193022028691
0.15606929471249417
0.3055836651398772
0.5779487497325669
0.47548499588143034
0.11683960940297582
0.298517305480982
0.5532204882495154
0.5112833291642235
0.73574572091754
0.4001780212260515
0.5154865910697577
0.67228963428903
0.2209027364131029
0.3310822093425947
0.5086871774554009
0.5628705669734007
0.28340695871728705
0.4811919405400734
0.46962540398808034
0.34361460151708884
0.5876184168370527
0.40440764919115646
0.5671512351536836
0.5547520350836191
0.6788921235073524
0.33161702708947816
0.6152042400637459
0.724795843450078
0.6251634484290173
0.8227803057206662
0.2243128699584265
0.18798901522263703
0.334493516384507
0.32668726130176773
0.4306800318479358
0.5626119754205963
0.6461570714786464
0.71546991291715
0.17768145272480515
0.6217796413989792
0.4963984788699294
0.5626341118599923
0.5540766835146516
0.5541289324473287
0.6197506931646508
0.49234539376930014
0.6006056342696005
0.4882095662058359
0.6819550520682147
0.2744248953277474
0.16014001895946972
0.18279428805997175
0.1481223167937187
0.2297211544964946
0.4072094917089756
0.5579840830542812
0.5166053732712546
0.6133283037214359
0.505356512046149
0.7013029650819572
0.30406125449182375
0.777341456486703
0.2929668612634304
0.8331401539950335
0.6062158680036106
0.5885620637411902
0.3575881090867669
0.39506293833016454
0.3474316454489398
0.7074065859675969
0.29707305188312055
0.4930907394226722
0.6011018692062489
0.19606188758497597
0.36599479695009285
0.4939775549668133
0.30357758201131246
0.5725619991850698
0.7876670504097124
0.2329921453672254
0.1865871638139769
0.2573344946336337
0.2836011990557108
0.3597558479994775
0.5848569202887317
0.6442274215119769
0.4715121014450099
0.6631615051777068
0.10431079541026848
0.30589182790201436
0.6747286562038147
0.53571427159773
0.6362808840238419
0.4312440092108763
0.4093422189039226
0.6938018267823417
0.23224625942218036
0.6886423357045105
0.2673268493028972
0.5769943102961147
0.45996300652776895
0.6499211871465597
0.33150812097050014
0.3938778468860852
0.4694433132064932
0.6553910108640282
0.40037910297257456
0.6040175823445054
0.29570498817056834
0.45877867687021434
0.7102132438261182
0.5506542073654855
0.5415704833987052
0.5880375594885884
0.7295227829572152
0.752326154097206
0.6241623878800897
0.5663812498724023
0.4947936009774624
0.6128778680753875
0.6421657523569956
0.6617759614053373
0.8079334004871671
0.27311353639213826
0.15984506021231223
0.1638772446870913
0.2716035148421489
0.44571645571096247
0.5143798387146427
0.6512980818402431
0.57172908111269
0.4280636123260121
0.5269951192489042
0.6157533571239711
0.2777243098361205
0.38500433645688276
0.21781720180275807
0.40662503470957334
0.32223084239309807
0.31543624503309714
0.530263064269755
0.6325739320531739
0.8690667458696106
0.501606474044616
0.6500277255484246
0.4980329876694947
0.729750309028037
0.28246975864148016
0.44698286763887574
0.7468182898850728
0.1963850628513084
0.12163246163051707
0.47695490627864223
0.6952714253040408
0.12409751520941248
0.2953137124951422
0.4891014276111383
0.7722671630813283
0.10605793032096021
0.22109007160818595
0.1293634647256804
0.2172356547818795
0.39230782405194414
0.8023928480311587
0.40784993722330537
0.5483064183985809
0.7997571518595065
0.18914514449039024
0.19006212430889896
0.07068354709198683
0.18768823796640202
0.3179351415000349
0.47699485408087433
0.7667465266485552
0.1484974515366371
0.06515857273064984
0.1767838235796972
0.20023203232713058
0.24009447308889023
0.0
0.211391202046517
0.3698871478513131
0.45523487752503083
0.6063356990548283
0.1874303368860515
0.48612329958702716
0.7721048623804325
0.34465922803720783
0.5316383058714335
0.652987285990471
0.23202562282174702
0.37836091458591836
0.5756650796705137
0.3003905806938431
0.7304636656268353
0.538477338682613
0.6857112746833088
0.2858196607158747
0.6078456438112952
0.45565698249973136
0.6798371949476975
0.3173619227621268
0.6451141945064531
0.29405967254714843
0.07959007223968205
0.13958725927209137
0.3535039974211363
0.5575684655606802
0.5583832250833153
0.3694444950746808
0.5482025981149536
0.3148425824099986
0.1480981057218465
0.3270167866703506
0.4651485164532444
0.571942768462729
0.3834159205759654
0.5191294910124743
0.493813920994433
0.48140444753600636
0.5974251603070352
0.42145231384448995
0.5074918536453596
0.6308207553422666
0.16803363341918398
0.14195646488357727
0.1643918963838189
0.26862112470964045
0.5184189903908529
0.7086063580107357
0.35578181586141716
0.2732506872042835
0.27858066990096725
0.4711562234656437
0.6743998050136604
0.4663774200053796
0.49332751706595157
0.4381093947092572
0.6982174939698079
0.3644771815542567
0.6801281258904825
0.3339356385983321
0.3754642569407387
0.5636448080616986
0.23248304363152347
0.5111431701789263
0.5865322928646157
0.21699942810441694
0.2070454375499788
0.4974470552256854
0.5968109092681516
0.3826596949815464
0.5404803272659798
0.36472899566603256
0.5154764945258183
0.08729969876262902
0.3058122715707789
0.2782118915006651
0.650521005598003
0.6947970492824898
0.6480027645784663
0.2990967743548829
0.5579608074964573
0.41810595875129486
0.711588370788108
0.22399720214361055
0.5163883863770958
0.47379626251416834
0.540204958048565
0.8335822903213097
0.43956619710713846
0.5930923781958364
0.34515154522892866
0.6377833437222309
0.5560104717590605
0.46174885158392115
0.596060080502079
0.6026708249195024
0.7154725606973654
0.5075352248332315
0.7497146054682456
0.44953248591607947
0.6370260005985686
0.5417784615284782
0.6331323689577344
0.4943654858380041
0.6744489343979275
0.7411967504403478
0.5658236492831711
0.7308087120413733
0.42670090181184994
0.49300573183753166
0.5652650877745199
0.7169379732745773
0.3922300519020542
0.5516203592715437
0.6664156045303333
0.6553005052195955
0.5898027345359139
0.7723874264909724
0.20146341747519092
0.30164739047462497
0.4930233984110825
0.6978974208798615
0.23312336691917843
0.38955993231143404
0.5859984001869042
0.16739060519343732
0.24944171263204717
0.2858642694062188
0.32616938039945353
0.6166893116289262
0.4176675494863777
0.7016863838538899
0.349367536202988
0.5889311409466449
0.6435127590028779
0.13112904900141065
0.4220636980202278
0.37138952322600155
0.42601391626653046
0.6503822545161604
0.539643516156144
0.6871973132239629
0.33009517210553707
0.41755850026915053
0.5948478105510449
0.663355585572805
0.6911427692184643
0.629027568756692
0.5860976828371972
0.7578896863549979
0.3566746812345268
0.3209132543838638
0.5818984892631954
0.7071935768141926
0.36674748819695563
0.6822690810498795
0.29679680169821593
0.41268135474503775
0.6230580504261092
0.3754955062829795
0.5586472268788208
0.4130044388385832
0.5534702152924681
0.08213592026182877
0.25119473924355445
0.1596546012651833
0.13718530977304702
0.28510755940553223
0.4627342557565467
0.6081926076363924
0.16716583169899155
0.09056454689045426
0.15678748369504977
0.26749588762878207
0.340260967350075
0.19856838742770638
0.5246329837018464
0.4623775329496289
0.6178269080543279
0.35510196640269304
0.5493125647803863
0.7140544062952761
0.18157089343158184
0.38072428588385454
0.5469362179713643
0.5748438410210319
0.749972966199881
0.3772837863955652
0.274411030060646
0.560919296054253
0.3326440239922237
0.5329904762378346
0.49306081272014146
0.6071083941272786
0.26274736569790913
0.44435095404864655
0.7110470946241942
0.39410706674859086
0.4209188999153929
0.21307266724234813
0.3809895419206619
0.2915005654112862
0.6371594107452777
0.32616321922103503
0.7486434234432188
0.6264395990432132
0.6620472997533607
0.6103900028158652
0.6788633635085809
0.5489328488612042
0.6168524251956267
0.2581607078190361
0.5314505757738692
0.633440563290871
0.6168044068032634
0.26934140074037716
0.5030695190172193
0.6154030260843697
0.3625318145524192
0.7250563518966625
0.3504767451774487
0.5913918733554153
0.34173086969383665
0.6701485049521505
0.387225139313741
0.6462981732983095
0.38900730687577395
0.6703151832988281
0.37973684386783213
0.6308505450084905
0.2510685039801995
0.47250038289559637
0.41061656920615724
0.742143800052831
0.46207895464560483
0.4560585810859055
0.5292320700613692
0.4831133091119987
0.6167978213888111
0.5628925090311959
0.47256073391243636
0.8163212079544223
0.23503541662049093
0.2520673569085412
0.5369867774186373
0.6176749055364702
0.33953342684192933
0.477012519008919
0.45639659250385345
0.7031952656260276
0.3787437901715811
0.5508090296424081
0.6735591392109608
0.35168927961216423
0.6988052191871849
0.5634262567773547
0.6748099854302522
0.2993377309018431
0.28909376143535737
0.4659721823850664
0.5490928251428872
0.7110397999557617
0.3902428723849716
0.672257596080926
0.368187732530954
0.641439869018933
0.45678986836327
0.33373731626382536
0.5538573145716252
0.23441969323539924
0.3059085080289078
0.6200691089176165
0.4861341053317402
0.5193133270528886
0.014321271512811491
0.1515578830938089
0.22323534279413992
0.1292521607883843
0.4711417854391066
0.8849385192073351
0.21706017420267948
0.33060578381320865
0.6228107453903732
0.5189104910206137
0.6570415538615453
0.4619406426150958
0.29688731116289135
0.6187942013366567
0.14525850149435296
0.13047763369446636
0.26318166894782674
0.36790494183640166
0.35259573615124684
0.32094184509087015
0.5231812316018941
0.7446901605273777
0.5660266830377967
0.5413178285789069
0.4225916620598584
0.5990266892426821
0.46985758241462505
0.6819598982025754
0.6081704429527888
0.6680162213171319
0.17368042075718174
0.23790126268502915
0.22852800889614835
0.36343676037716965
0.3599835672367601
0.46866292204068993
0.7156670734884768
0.5797807094581579
0.7031791061586317
0.09746330477533238
0.3375663380590105
0.23679281224329632
0.27880634772216406
0.5177235127932095
0.3602507417658358
0.6867996321439963
0.20196589337943271
0.2329548102209552
0.5951009109085044
0.7392311524233697
0.45467086224705583
0.802249822576316
0.4960381060989837
0.7576892234991441
0.7379186749169553
0.4907250347282496
0.6416112519247125
0.43274197260291764
0.6669886051428111
0.39809071763872106
0.5246462519806748
0.7060949148504713
0.2676526997751107
0.3254717546722614
0.542156580958748
0.47727182616937286
0.3475410198353204
0.6904333632974334
0.50490154296203
0.39999186632714406
0.5659741482136069
0.10149713192865562
0.2385346728614125
0.46955093332991477
0.19961090634565512
0.42137505893974964
0.6260897247263002
0.3346984209595976
0.7464560484172
0.49216084667965715
0.5371023832767916
0.4452682211356631
0.8333606527438862
0.3095111967362276
0.16544178595465048
0.17041382843031003
0.21869413134939095
0.2405669283144466
0.5057189423107078
0.8385120302893468
0.16259791883008531
0.350663099214649
0.3783799478523215
0.6612490176991347
0.7270320524397448
0.6858400755291398
0.5825887333116506
0.8147792452862683
0.2847978442726637
0.29536898051692867
0.10053167175412485
0.1820236621351604
0.2657204274459125
0.387582076419075
0.6607182604537258
0.2290721222079253
0.4085898296008692
0.6143814330245446
0.3511224912331735
0.24102211272967544
0.5136616003162852
0.6621467483969125
0.05693903576935305
0.22861292612845416
0.5721889474430533
0.34665539747602736
0.43261663532981204
0.8858114053091991
0.5858264418362941
0.46625556590849165
0.6685354979529552
0.1007033489637237
0.16339163995294326
0.09600382142698294
0.4325151866015304
0.6563383448618619
0.3024746053984006
0.5284693951688345
0.5752407318367349
0.4162887017502082
0.7087212521219356
0.2697792386010675
0.6315778312022626
0.4236000483789171
0.6970145433022495
0.27563358989044956
0.34227215721722776
0.5243305416257295
0.6849252400277273
0.5390307130490669
0.7089002663256939
0.2141023359788789
0.3831728395839149
0.31996423909253074
0.5544955340474178
0.3810594118140637
0.24705571129066134
0.46765937826546694
0.6820787126628695
0.24924671040998125
0.20077502141265594
0.2946326384612483
0.47681734037955065
0.8505735025751512
0.30020617894149215
0.44451741393679556
0.7111220582173265
0.2130136458997474
0.3908381494257261
0.4382830419510125
0.41845413204078974
0.6649183106311544
0.7007514842663105
0.3131560925210504
0.6818696147471092
0.1211193944784109
0.38325270466025896
0.5337244580530858
0.5931273240870906
0.7036950051482043
0.3788286587280506
0.7466521640685111
0.1835788579423266
0.15304405498340196
0.11036665095647871
0.3823437742369657
0.7247129666704422
0.4250912319099951
0.6206296470246455
0.22082406922731554
0.16631608898913405
0.41153482805784525
0.5269728495809579
0.19142797715989787
0.43496112483065225
0.4935401056330075
0.6601061143834633
0.46722384313236637
0.535580591592114
0.4764895368232229
0.691206091668109
0.33317146688740035
0.583597667498399
0.3484296217564182
0.5772697230361695
0.6569953615483098
0.6634563465442311
0.5761509797917475
0.6047249455795874
0.3142599159894907
0.7328412118014714
0.17670815149960342
0.10655515867783859
0.3870001427156536
0.598402707196748
0.3440224161192417
0.45174936671751575
0.5670636600018896
0.6078576431210677
0.5113431623209623
0.5444253418324358
0.35264307076211304
0.3594612136585592
0.6279451427412318
0.20114427361874065
0.31990082863528
0.6183350081929224
0.4342089785276374
0.74497788861788
0.2899018785987924
0.17629627820174668
0.4585093543508507
0.46403266696129114
0.2322083353096157
0.585506535289078
0.3475956546341398
0.4978446810291286
0.23096528044648332
0.4445492541292247
0.4813434504070939
0.25379856430685116
0.4277255913895571
0.553794005325325
0.4355754665173443
0.5206478986379343
0.5504808356680437
0.5743384990028496
0.30789397690108183
0.4217182446264916
0.43477131667892654
0.7109484453545555
0.7009966320570026
0.3322621363076184
0.31741948492412914
0.2629817159274374
0.5667442987600549
0.5228750315470168
0.42329788854724254
0.7311320611166803
0.197486392967437
0.09529438475375632
0.33730516821670015
0.6809297426613726
0.2636688242825242
0.26497846090729826
0.3183858394688946
0.41978844584576575
0.6579144137864047
0.4045450167438188
0.5483933005159286
0.08429950728895733
0.3827014522900117
0.27767736982778723
0.6229369032917844
0.13553041659247217
0.3923154183454906
0.5812622290761896
0.5767240368612455
0.6924222940172117
0.45156113344338306
0.6805823972074239
0.8250023498770094
0.5849117111059758
0.7713706588941784
0.6184306740505016
0.7924762794330994
0.32786629958252467
0.138614689237688
0.27790267425694093
0.20796126537381227
0.260185400445157
0.6964431344359212
0.6470163336285103
0.7920577246751888
0.3153904648449509
0.444610990812119
0.7448407386472293
0.4665281211748256
0.6976311319832917
0.18655896532778737
0.47827760758717813
0.7371211454960619
0.32964724200761897
0.43717270450122825
0.26107692983538755
0.22670967321139862
0.665437038435108
0.5213127676423834
0.7824843987437101
0.2662100150563354
0.291363392065421
0.3171427162522616
0.2617301862791895
0.44020251530990573
0.6818401508544278
0.2600968154278659
0.44980936146316636
0.530602071964372
0.24178277307553767
0.4937308365505299
0.6887864666952143
0.38609596486113995
0.5080823882253644
0.5722051234445401
0.2158987826547227
0.4953696008777292
0.5251026050199482
0.14145653876525968
0.3473047694373081
0.23679791987268106
0.6150597796875964
0.7334782015893062
0.46084067919292376
0.5443038485639645
0.2111131503627387
0.21534591449305343
0.5999056463357668
0.7066982547673358
0.3446304562763793
0.7812239835327666
0.3932476922100537
0.6283091496228608
0.5989197184856908
0.74224700032705
0.2985268257614547
0.5903380933691598
0.6140897223249127
0.7826811563035633
0.4425579893525224
0.47178394563365345
0.6855878184439606
0.5038600744571604
0.5110990904804156
0.1886311279451949
0.25971367991414146
0.41033293394294473
0.6483795960785207
0.20793623756539253
0.18798395183987512
0.4244959852208139
0.6296280971539315
0.5103924985458101
0.5433573956928521
0.2239649867538612
0.5746832440672024
0.39147893101097025
0.6717732437583211
0.3104864245391159
0.7005375342882649
0.5136466532079177
0.5112315647635539
0.15736028196980906
0.324087174249604
0.650650830122897
0.22189076666796675
0.630259648911579
0.6260312895276612
0.5790298756446393
0.6232655841869532
0.34534319911364025
0.4451947662612405
0.3913670892060372
0.6008491003761236
0.2172528759220783
0.22169633168167002
0.5521175131696577
0.5420251102977757
0.673324414734069
0.3587573517146802
0.7716456580040735
0.3722751795848653
0.2107470187408253
0.2963995960301927
0.3896497475091216
0.4760017546903245
0.3400478708328766
0.3731438593208409
0.4580501464641091
0.22611678636403573
0.5102731612867245
0.6609597846584186
0.5504139193960012
0.7585298402532608
0.33067678398915185
0.43998116995411546
0.44509225116504453
0.8716427280359942
0.2662292078396006
0.17585611347101457
0.2200138542219576
0.4634887170349733
0.6153299162267696
0.34612956639892617
0.14012868324705746
0.22738379400887299
0.2988578985522545
0.5893082610474975
0.3849299093703484
0.741651577129894
0.6099760609886246
0.856478283079439
0.32765404094771183
0.3167944388899498
0.7089035754223465
0.3511291295041158
0.6784563061598576
0.34465323212410603
0.5657137624395331
0.4853914408868526
0.7105587178125591
0.23792755070537938
0.3033706670604865
0.5011149906034149
0.3051392688859044
0.41538899856473965
0.534221379659691
0.00032760540825748827
0.451682334671811
0.5357189444383642
0.32733057670818405
0.29350331818537106
0.49224484579402
0.16658292537237632
0.5557231156180837
0.3616821009062222
0.40188644029337683
0.680033576547122
0.3434814790480344
0.3612111564847797
0.5287206670212398
0.6762976622696133
0.10233169908710749
0.25002543171860986
0.7034643680266431
0.3555350782340437
0.5815823778967001
0.36285140904456364
0.7007893468157114
0.38256534429473965
0.36155846867172053
0.2934968565484424
0.2559901949467556
0.11864744667784383
0.17570457435045098
0.37311449209180353
0.7668958321082874
0.4623914414310337
0.6274461441731101
0.5170626210316178
0.5040231778804426
0.40271650424978067
0.5656105910514059
0.2399722823021182
0.34570463830964726
0.4179690778431568
0.6566786112265235
0.5779907320183262
0.617389426397274
0.5781891787427655
0.7033743820017062
0.5047113398270617
0.8738689203515483
0.24961691155824425
0.38568139165044707
0.5859572326003791
0.25407773447912696
0.5990684677205232
0.5291559749321387
0.4366788610353446
0.7141415014076422
0.5200560731431122
0.7475263225323339
0.28054699559404794
0.21711385467833572
0.4400004790463759
0.6765594102785013
0.31822177705071
0.27608153685944736
0.23937576691095244
