0.42250298980468876
0.7485928708556507
0.633781804992578
0.7184329011398585
0.3529622756188026
0.6480328289428491
0.4744546014347719
0.7560006400173829
0.6815182144504754
0.5960659317435536
0.6719647326281939
0.49934547578800104
0.6678927747710868
0.4498059549400603
0.5700537762997036
0.7196258481734352
0.4172265810550167
0.5785269186645238
0.3635053385995034
0.6258773495592149
0.4480912481220158
0.580452794213191
0.8077058932946449
0.4287308513092567
0.3988644291556138
0.38895334438586315
0.6065276767760585
0.20151510151874277
0.26242882963370495
0.4113904185316228
0.6050462104037472
0.41050773649424754
0.5750918835002135
0.4116475721448187
0.4300979283077193
0.15122188210436577
0.358949139903226
0.4451043277873621
0.6307594409443192
0.43590611203133667
0.6454114649714402
0.4717192000070358
0.5976070435393295
0.6115509963260694
0.6183710471106519
0.4074040048452312
0.573320404791223
0.2964100648461958
0.4871656206303078
0.5274024976615994
0.5358140583068085
0.6615551472463622
0.4976208204133637
0.6464271040054328
0.5516362493573812
0.7596201759734019
0.31452243435139676
0.3489086430183598
0.5285984886264009
0.7964874134691653
0.3628199410901907
0.5382377926541883
0.7235596142902133
0.3063748282419071
0.2804776204255448
0.1947437958170802
0.24779338638196724
0.23193838535741423
0.18681639350530987
0.21913131185453877
0.47478806705209814
0.5505893742312193
0.3713243581043501
0.6740306111376232
0.3520870595861627
0.3120873471735506
0.6882307474909022
0.4697675806419726
0.733461616135635
0.5951066426752258
0.7843528116019082
0.20919181821968688
0.48201223664549564
0.6160558254255105
0.2650251228099644
0.2844025943830909
0.5861480308545265
0.6093988984954589
0.6043589842268932
0.620613678091159
0.42137042872609476
0.6296693842189376
0.3217940159492506
0.4462895494096857
0.7099834879258756
0.2550285520334333
0.1793403514153027
0.42439919122343617
0.44172116440744796
0.7336092469423614
0.33232227123267727
0.3729729079730183
0.4632990773891748
0.6209688351619118
0.9154377626665443
0.4412248237415279
0.5761299744765705
0.8469158393101587
0.6846349967226792
0.6959736628500939
0.22368299118511492
0.37982127203614424
0.5771832584562845
0.2307838783567915
0.4494604992637714
0.7330850575062385
0.4562566556752168
0.7347255811486826
0.5504227105285535
0.7453351150345295
0.47866258656355876
0.47580365509846095
0.6699978874954369
0.5274715808547291
0.7361584595827955
0.2837488080451717
0.32778190462959167
0.4859190820090271
0.6235299198114529
0.7025939934578681
0.4726541158504063
0.6919003505615798
0.32308068603615875
0.23834339534074092
0.3766144522486133
0.6578238445590163
0.62544665797429
0.7506333245681475
0.22997356385914308
0.41493670658570336
0.6271763452728064
0.7164688581089027
0.5174614750443011
0.757298492145485
0.33547669822374165
0.2894156010388334
0.35977787124993066
0.6375407842830659
0.5438399162395895
0.4290906483464704
0.6514533744385339
0.3731039173037458
0.642043070897878
0.31307552092985097
0.4062231821000275
0.4930130731183506
0.6506037308184691
0.33711650615615985
0.39740420213715855
0.6185833338891338
0.2633516165204043
0.49812941118421816
0.7160698710547213
0.7307095910176039
0.7095976818936711
0.5465455892662969
0.5253394865717318
0.5474263036116265
0.782135699932397
0.3945254180630557
0.3759037312489191
0.5524538940605016
0.5792096029314145
0.39731681885250464
0.5296420213956359
0.1272219809313686
0.24722621862238872
0.32834757320414637
0.3000441930229597
0.20834007662324355
0.1448137225506432
0.31112861770238726
0.6641025027208053
0.36699881794033967
0.5582185300203235
0.51573184044482
0.6434528276128968
0.5247456989125048
0.5926148292113286
0.5612469072944692
0.6966404014143431
0.6062893037338379
0.4930390991792521
0.5286606446702752
0.6855175053509512
0.5160627616972728
0.8067744449139896
0.23812510856014554
0.2542244441853526
0.5574593012257237
0.5618192630257103
0.5362852837112635
0.4389774716621466
0.5879386487482098
0.5616928978633376
0.5801375070486142
0.5035001381820301
0.377102921071268
0.5743432323668651
0.32873077493532304
0.48535329551772105
0.17587110349709395
0.14644011163213524
0.5124800235570016
0.7684505923367108
0.41938384854013216
0.40742264123744054
0.6727364769160592
0.7460032319556315
0.4690775836301111
0.4321680097598483
0.4808352174156071
0.49015089907200743
0.5673869972102371
0.3417411924733803
0.42330596657475533
0.6270971969388122
0.6328986457696596
0.6263409451930364
0.715794052036144
0.3753164510544811
0.5037025888315229
0.6159108120958088
0.5191980283395278
0.6496675919406368
0.22365657064729222
0.29663669888194694
0.6181674708409862
0.2828024401548146
0.4397018597913487
0.5109394054461744
0.3718977140395073
0.5602831569641872
0.755265850670217
0.5221557687759683
0.7358515583200891
0.2814748454156368
0.38372377562250687
0.527596257423152
0.8271250068246723
0.587162994012399
0.7663476632012389
0.3588472968247177
0.42888669902291565
0.29204499524324257
0.3490820743159404
0.4270323846938493
0.6925711508654973
0.3461091244142253
0.3864948976122544
0.5962014265306996
0.7268079823661523
0.3740311429843361
0.5096357866402171
0.7084904037762734
0.3598607206031773
0.6608198100826972
0.6050706549343622
0.623836978918935
0.43134140520476655
0.7314198681175755
0.22442322950266735
0.32785210150758537
0.2959797184103645
0.5004679301738184
0.6321061691986397
0.3750167621876166
0.6658158957302959
0.3754875918748029
0.43194294523664994
0.3180232704892432
0.6561446084045852
0.21854160640516285
0.31106196266083297
0.5571368742157236
0.6214158436732281
0.3873293071661268
0.5979016509516603
0.3873500092365359
0.5718330237792825
0.21279183741913787
0.2968184129132391
0.5312122213533224
0.5361555056927468
0.75067905192396
0.45984764343384765
0.5060436158537436
0.5511470260436031
0.709324529813769
0.28666621866462244
0.32889462049407286
0.25826260737013923
0.4699410975232929
0.5112307679324353
0.6019934561082442
0.7879638690798398
0.39166320538448923
0.34197242552818524
0.7203277040010725
0.451623844323844
0.5219954410508414
0.13579613182170253
0.2630916083281946
0.24569946514899452
0.4225790261444774
0.674824407587531
0.43564525255044045
0.585330287480842
0.685548806390259
0.4791947717711115
0.7864721352396065
0.30829524489280663
0.4053794105713051
0.5724867382839515
0.5311336626838172
0.6248855311992982
0.4297759695554661
0.5984056177810565
0.5042568497858341
0.7167902174379006
0.359067537473169
0.4122658562385196
0.525687123762015
0.3572634119099197
0.6681389600535479
0.20988138391060235
0.21869407922297895
0.32274706507226625
0.2937100857954879
0.31765504816815393
0.4870142234276599
0.45933902010729405
0.5595783049208696
0.29413390421604424
0.3674095310916415
0.4916713212940396
0.37539132139833215
0.7644034204941429
0.3482916544397009
0.3570312894013354
0.32917658246992254
0.566741613871319
0.5702518099453127
0.5158651968370394
0.6521906101436082
0.20537590843541348
0.508264435565288
0.6418464901780794
0.39314158581588216
0.4984782514133275
0.5842062886344391
0.7060975965032552
0.6749036276085901
0.7247305090479139
0.47849915315681
0.7072320567210894
0.41918848354941796
0.3885638663050759
0.47912510361565175
0.7483805700753319
0.4360100369430289
0.32358586795141725
0.2561268220103734
0.37592712851347726
0.34389944074891715
0.42446306237516596
0.6282124709652059
0.23715843346854476
0.37826592680328247
0.6748197761619597
0.4845024063714656
0.8263806143946605
0.47476400265632446
0.6164801626261094
0.6384442003880165
0.6073197843408245
0.7039157626077376
0.2604860237055464
0.3502431712664528
0.48626970801999103
0.5066405075521795
0.7413883957527428
0.2941856821367435
0.4340372087363934
0.6236854021126403
0.6816477520604627
0.22208439352065787
0.37765991862960063
0.6862566236495823
0.7578618705452925
0.48241254367735303
0.5669804386990203
0.369381694232609
0.5150235205081721
0.80067721186703
0.3357020860262593
0.38693605826949923
0.4678498777840333
0.5833791770821938
0.6682894365377589
0.18273564559146488
0.14743193061091417
0.19980952723323758
0.549438856704876
0.3843961799465667
0.5343134701256896
0.40156299491099684
0.5660698027820902
0.24534375185998186
0.4362982469423083
0.6263025428396225
0.5110696298576263
0.5027283958548565
0.5914985298618136
0.4560798962703194
0.6673144423175347
0.47663122510672196
0.6339071249517928
0.28300245283268133
0.2282585003123611
0.12712472204010478
0.12491678092026941
0.23887075824541665
0.31492465023203214
0.6424374666669374
0.7747066855208851
0.3361720757769953
0.5047803930480151
0.6806342417860044
0.272964626896798
0.2813820726805065
0.6475523614215621
0.4288900185328772
0.7332324842085889
0.5364602774248003
0.7522976352928671
0.41125248571626366
0.608724301143201
0.45547579042488173
0.5856695477483069
0.23735653901970835
0.35244205873461165
0.5266383661143222
0.27098631170724063
0.5857036225840718
0.6289747404698711
0.603250019935489
0.6753548547647854
0.6626155805411529
0.7546367368543837
0.6532745030294704
0.7808080732012711
0.4441512267092261
0.5145157332943365
0.5921752477772044
0.6506376492105009
0.5247917017166923
0.6681446548956139
0.4677739054546761
0.6349742100657975
0.6573029969043819
0.36921345221251145
0.6955709019582382
0.32385890484878394
0.4606654505394329
0.6934717309478465
0.32211249657700386
0.3278057244486782
0.5148763904685356
0.6656633259038062
0.3318618893897686
0.6261158566112178
0.6993792860587312
0.4503034266618736
0.7093060476850515
0.6676751078129107
0.6642279738605462
0.302461881431136
0.3457916465721215
0.4085848790030992
0.6501635720247577
0.6274544920199648
0.49694418176542426
0.7508404215364654
0.40087325301413207
0.4557721102091428
0.6719739180538954
0.7752842875209847
0.5478276381900694
0.7061736027539184
0.775112134676114
0.38138781256273874
0.4460354467815162
0.5763802827291997
0.7358694395103834
0.5680548251301061
0.8512183052209074
0.327728874060269
0.3304925857138576
0.33823889849518723
0.46133921292935537
0.3128303483741347
0.6047459018803308
0.1495018811181635
0.26484534206738203
0.4145738882174936
0.6875622012550971
0.4279508833752488
0.6616046317681193
0.2364296217339012
0.3250722022638963
0.569625825193082
0.5546105262076049
0.6599682790393856
0.32540543579447584
0.4462649513643682
0.6996345080139826
0.36079788111774586
0.30715681403698825
0.34366171054168504
0.2590523171076937
0.40914667568095175
0.6064994618264976
0.21876553747128533
0.2506159384762816
0.4028820868596065
0.5995750019547729
0.6426714433159078
0.30734519040703956
0.5211585462409353
0.6082212945117546
0.1812745176541714
0.3815156220196121
0.6160223332248992
0.23216105199902792
0.1817089785708743
0.15239618274612127
0.28396770395725224
0.35684230548549306
0.6616892905170346
0.5864805186673727
0.743975693973505
0.3294567560820698
0.6113580270616629
0.626929876736669
0.4867515868172997
0.6914918242867141
0.37773502409809745
0.4857652891314756
0.5204105772263677
0.7303629259788232
0.42190757549727254
0.4541648359352031
0.6799682466857617
0.6666835143158693
0.5530338377415107
0.6359528456623192
0.476649648076724
0.6847336242307716
0.5302114743804979
0.6687457406995111
0.3163410337745493
0.32677119348188816
0.4984194569926147
0.7109695563271468
0.6474945109907583
0.8286153159520833
0.3181438416317633
0.3993732399808464
0.5153298587292316
0.7074687126818443
0.2814210318068039
0.5384076287057014
0.5376621011789756
0.41342933392759995
0.6979472782856888
0.43330041802055125
0.7020271550269994
0.8038947535067541
0.46942471029716426
0.6721426490078671
0.5901324212064573
0.49285467150928625
0.3162591534783421
0.4707022497406307
0.05620674856801975
0.1614360317895451
0.18948256678474606
0.21922340247312053
0.1902606837878358
0.3904074870321903
0.3367937112954819
0.4428655742079292
0.4825480031540417
0.7395656662395091
0.24124290893156203
0.20449988696500956
0.32320699976879924
0.3182465860279864
0.39731691593737567
0.424585804205068
0.6714010656531332
0.4319837330396908
0.6299804138133709
0.5343864715007111
0.5289738455491109
0.538294796732047
0.41080645134870686
0.7173348518765488
0.37212485930556766
0.34197271243980887
0.327992928548444
0.7438725269608049
0.7744474509744098
0.301878747087031
0.22923235123687635
0.2088348618970472
0.33216524457060415
0.4064813666657954
0.5558915434601592
0.32011130109130154
0.3366209355666883
0.5576793800165005
0.7490319727284945
0.21913259358681922
0.4099010304604877
0.5616251709430574
0.16631141699091778
0.24024504109438674
0.40743902603465326
0.7134285394722621
0.4333533109806266
0.41004206774039875
0.47639156590367876
0.628300250349744
0.22842552162458324
0.3538369686556424
0.6379907861435762
0.8081302642870847
0.41940802815477357
0.35796970863619854
0.33295600813875476
0.5267582428143959
0.05730924140264288
0.2323063688151087
0.25133189386847804
0.39390217352522244
0.4327412692948005
0.5612782553663406
0.5732833873641038
0.7519882021515715
0.38511029065342023
0.6765394491476313
0.6586860704131681
0.6644940353638837
0.800217283412886
0.604306877111608
0.5652353099951718
0.5900637905064693
0.7215016841410902
0.6183137766921426
0.6857246014605278
0.18702144162521528
0.181834484272778
0.2974311115605232
0.3142029763704157
0.5140863280766157
0.45104649412075853
0.6419254211855717
0.3302912421934704
0.3951975152058556
0.42648519038454175
0.5855985390271747
0.7226442110119338
0.4441361826530418
0.7415602202459632
0.31290246409128053
0.20412508788611305
0.2403773895122884
0.18318689235827665
0.23513630478804826
0.32312213987220045
0.66960230546108
0.30708328002995194
0.35302437726046054
0.20054155130928739
0.4114196408858468
0.7629935110850102
0.5655050560495406
0.6895489966845306
0.2291141060928389
0.35244928314675317
0.41127077502802284
0.6062139137155637
0.5472416819102599
0.4441356780947392
0.603019002400797
0.13418752744374812
0.3701581109727436
0.5715993898315604
0.8235475961097017
0.44075071260193294
0.5886685113662161
0.7201388658387926
0.6046925194656261
0.7729385185473447
0.21282370668645506
0.29395046177923556
0.3308568288136407
0.5256200678951424
0.6526979177613829
0.41617634752497557
0.6657969553534693
0.5345072583337823
0.7528706762316911
0.34313761816269
0.3070778840416343
0.48061600651619396
0.6085786746899495
0.29273820867581735
0.4654116802257376
0.7040081053451228
0.4062987788313036
0.5831367332277274
0.5047091545218005
0.7586344499502594
0.3299325488329465
0.46358466693683226
0.5776945387824399
0.504148596793999
0.6128476490734902
0.1840711193263348
0.14130074630354786
0.2967203919683449
0.4201902277196346
0.5858722351909447
0.6526173435192913
0.6895406084879909
0.6594570122422161
0.6184355379170139
0.7289032942806327
0.4560419389173739
0.5801208830491293
0.7965206139285449
0.5798171456107801
0.6192637605291925
0.4114028261351871
0.5184666370223382
0.5522186686597924
0.38168736802723857
0.6156116679266261
0.12773100866852652
0.3968145940560072
0.5080249710166885
0.8576646909565878
0.43974333515866887
0.5174212603157192
0.7807733432370252
0.4104224691961632
0.23599502605254638
0.3188726071124726
0.5418879285981235
0.7097279371368556
0.2673654258405856
0.42031405419140466
0.559937364154314
0.2724825299722473
0.48283358178698277
0.6880821880955725
0.2543249680382597
0.33276619240477395
0.5569420803022787
0.3804674483759289
0.5738286733456358
0.39371714604076835
0.6373761459715457
0.2003397725308176
0.12541859645463366
0.23975547053246815
0.54336092676262
0.7409790722829978
0.2169572151354158
0.2534510677194575
0.516192558581263
0.5068226326989689
0.19535937562838637
0.5229551932969967
0.6439904393254039
0.4546281497823411
0.6793077489121522
0.4665845182038838
0.7105963936834876
0.5932434391685797
0.7483086951190058
0.5435608598530465
0.6765193391720982
0.16707586887182319
0.1247341971434243
0.09120807293323806
0.33446000144952226
0.5543635380739359
0.698510561598219
0.5596176453046694
0.7754335253791081
0.27736271338502544
0.2949313389552873
0.24825148078070472
0.5076651398684011
0.6676090838134474
0.9065641342275359
0.5467281429972758
0.7622630924344459
0.6307928963271854
0.816890015583423
0.40433077675922624
0.5229502565259883
0.48365256335126483
0.5450298901410121
0.29521224290526527
0.6097810395755838
0.3046770167164209
0.44528178823860287
0.7475063337565698
0.20959671284620612
0.26999327492061453
0.41092819659682633
0.5434117053267896
0.19871149422407533
0.1756642108120557
0.28872883037108826
0.41074825894672873
0.5790867282239588
0.8804034077910381
0.5636082036328929
0.7660044503690786
0.4158560721234528
0.6567744677332459
0.5518457131452563
0.590119908535273
0.20745252391204008
0.34997892367143657
0.2938606797958459
0.3555080251601708
0.14143101096484773
0.28187455840835757
0.5879064411773435
0.4867619231099566
0.5570316651325847
0.6512399854853755
0.5309604857200806
0.7145961500589443
0.273139389432057
0.20731774334429168
0.37515230406044425
0.5552633850099253
0.7271978750700958
0.3746659732853413
0.2783174941778576
0.5411538372245368
0.5980105224666877
0.7167160641019192
0.4423045575375145
0.42740589835418935
0.6246527259721107
0.19769032188769417
0.27187691911545464
0.6349241630453916
0.35155240049803566
0.6412137380014186
0.4213012394092589
0.5605483544236599
0.7905242844947171
0.2655901654123204
0.4294307037736956
0.4460601296877444
0.6910562549245644
0.5020007422916903
0.6761801346845813
0.422643890028866
0.6303920560738537
0.4767109913113833
0.7357801006218019
0.32298497612426563
0.3846100392572124
0.6689614820806354
0.25245372725538634
0.4668570219581067
0.3562544202918159
0.5596991863468018
0.512606812397233
0.6831567735748547
0.4428794395108641
0.6820713396247623
0.23931607271881677
0.6470735515116887
0.8236677918838005
0.31339624642369085
0.45422837429437807
0.7059126549490016
0.6146314671640084
0.7555169487984434
0.7870320295032412
0.6224161467417433
0.7119305088949378
0.3545676994204817
0.42151722929072694
0.6010499097750404
0.7676988630979705
0.4393249383435148
0.6563579345559015
0.7509600441854519
0.4010673833519525
0.5830018555868128
0.22364103529739385
0.4486431605831766
0.7537308115878787
0.4083171795346921
0.7185884950864386
0.7997638837879085
0.5280123589045784
0.7074026401332627
0.21728081610489097
0.3703843080990011
0.6909771889277997
0.29046754202021
0.5025544025793187
0.49529137986770577
0.619602458218466
0.7208378867518848
0.3497762250114512
0.33161388242677114
0.6042768332436103
0.9124796260708377
0.4278646500333082
0.38396385314788006
0.6577847234382443
0.28199259807277066
0.3843499684557757
0.7593969330926953
0.4006814786956519
0.47591029449870365
0.5857557503928214
0.6057847813563964
0.6693929271065485
0.44524962218769726
0.6804402023984069
0.3260692038317879
0.603124159435081
0.5282604289628968
0.7709843547214332
0.2801338244027825
0.5825417471381242
0.5431905764557171
0.6626687801517449
0.5569764955109975
0.618253696412627
0.20994115759781262
0.4170976540574263
0.5908289116644543
0.620909640451296
0.5407061519353181
0.7873593665144422
0.25827511142246784
0.6855311539777171
0.7818289965408568
0.3685022017344629
0.5981908397609762
0.20250268348049746
0.30880648839705777
0.5742854105704334
0.21962672974616546
0.23275458772727758
0.22410438104912406
0.26728825878390805
0.31146935933222913
0.3681727818595988
0.2752275730467894
0.5354102358701486
0.44997300945024366
0.5243125302106283
0.20474123396246696
0.30301325175069665
0.5452796803714695
0.506610134032875
0.38845849376913416
0.7601318444746009
0.3298018071698226
0.37609186396924543
0.2719604210654917
0.4335080523765205
0.6471634061486143
0.3771113273365824
0.5517978649602718
0.873625841713249
0.3465640576118801
0.3819055206139039
0.5065018841476773
0.5750766424053351
0.7780660175361245
0.36960914892807795
0.4623459763310131
0.5330380715280375
0.5792507265842961
0.4306920592536324
0.7587658558793315
0.6081956790264926
0.7896398747325443
0.40792012487385887
0.448616244566224
0.5360806680404967
0.46734555601444433
0.6402699475828324
0.4384462008404117
0.6571039739796877
0.44849584202438814
0.5668281967699942
0.6175044977380095
0.578234229433046
0.7368071028358288
0.25232053200665566
0.3009881735301829
0.4350085306717674
0.5627134054475413
0.6865949633682199
0.2874488116586905
0.35452035378127894
0.5416122074987794
0.7044378131586568
0.44990626139621825
0.7612830214330356
0.3582005764810894
0.4416012958939193
0.5614440868637007
0.4752740843804953
0.5078136399188277
0.4014739654418984
0.7734051328054851
0.2725531286651103
0.3013309654833425
0.3972268941827678
0.495974788007944
0.6037370530387316
0.6681345337862349
0.4397775267471926
0.6171300768917694
0.29095588260017236
0.3132133007692337
0.41644017623831975
0.4797838889858133
0.6187102731883829
0.472553687125603
0.663735819665335
0.957348802436147
0.4037623695479782
0.45291487659822083
0.5936056189741926
0.7263852676304157
0.3232944921880037
0.3421184133436188
0.33798367482191444
0.5819872351695236
0.8474769144848895
0.35625845690856
0.28027565236528046
0.39870778273218527
0.30314470187130477
0.5463794889460944
0.241624215464209
0.1982130285461736
0.27524343342765084
0.555017411258362
0.6475808041648159
0.33234832231226896
0.4819609271193375
0.6812978825228584
0.6376185757859621
0.7499530256114406
0.36604623333028474
0.6247247212579305
0.5835273798875059
0.7448081420039484
0.4348643489556184
0.2874447633273858
0.3809045329201732
0.6435021647657033
0.5951981051741436
0.7036508729276842
0.48758374801061904
0.7345605723035616
0.39113620721566705
0.42781397007880956
0.6949022659078796
0.7795955571963205
0.26698532755956866
0.5484711826191178
0.623000422976812
0.6526669692276934
0.5206514459648894
0.7588419564605692
0.4080937895301819
0.5061799369197587
0.7963861552114823
0.3546773047642278
0.20917683792066735
0.18036422118823056
0.45010543025549987
0.5133373707163452
0.5981126902373872
0.142711642779898
0.17860106847457882
0.3706079741218164
0.7098456910536137
0.45313781394273683
0.7034236134001493
0.5479527360894336
0.5696416761886729
0.38345733543246363
0.6061115112717975
0.46195504662520226
0.6486178772580299
0.2982621903797054
0.5794752466993467
0.8311198475631089
0.4142852042051755
0.504581483558465
0.5010739916817742
0.39881349756900886
0.5093491704106435
0.5432301311019304
0.8083631944022095
0.37821754597764573
0.4584156550098083
0.6451845127692066
0.2556086630129156
0.3057956493712591
0.45255253474968615
0.6976738481816616
0.6963465224666396
0.4729980714851466
0.643882217518367
0.30491854696718274
0.4515224367813306
0.6165872625540098
0.7185326635177467
0.47673231567423124
0.6963983345661413
0.43816360194813986
0.6674841494956331
0.5190690445863042
0.5942602871233307
0.7937061218519159
0.32903360470735493
0.5911620260450622
0.6692550822668916
0.5859419691469028
0.7171826302620982
0.4647401482857038
0.59866556650445
0.3387666825787414
0.5310082830266375
0.5375759628315372
0.7122290532342977
0.4470255674636954
0.6688674570864345
0.3761580558244459
0.6005949057105867
0.6692424134706089
0.5853960670233752
0.7764116874663951
0.3620899590749977
0.2676435188637732
0.30994244791848063
0.42830185034810364
0.35956771894723755
0.5582252488366336
0.6084161214951567
0.6202126660055919
0.7387782288374776
0.5391471033964406
0.4499265726762304
0.241610563180804
0.5165219397138565
0.2319147480707805
0.4012868442165866
0.5833439422052524
0.39564689845433454
0.5048007768292585
0.3052882090600784
0.5901701574822519
0.5690490155170901
0.6950317707491039
0.27573334529223137
0.32165088572210376
0.6506830954742129
0.6199627141053146
0.2361414102958209
0.16648851670502385
0.2222032551989522
0.5072507535676595
0.7199665319510838
0.2722638680330451
0.28543406658249754
0.23631556621686337
0.3102343603785642
0.5241970451671114
0.42897889744008266
0.7744024784161081
0.2842300267437226
0.41814337218555603
0.3778850228017865
0.6103255577497293
0.223890051256495
0.5086482910472643
0.4256160341609444
0.7259525922177091
0.30311681732852946
0.3579196475043172
0.5024587761700982
0.6930899152944549
0.286695478130451
0.4571455009506108
0.5101834797284561
0.6981853824269938
0.5591387570252325
0.7374629957263531
0.19192160588295046
0.3590349140905089
0.49284689321993735
0.824554500142611
0.3003015520523711
0.5910890836404756
0.6393543541131278
0.5454797036594878
0.6065077021282302
0.18190940982873915
0.233471076869677
0.5008076200230015
0.44389991204212387
0.5891639016946759
0.5707596169899329
0.6421607503765708
0.6580262778735853
0.6208702881701104
0.34889166290502677
0.5640356209973811
0.30633996040711714
0.1793607409158286
0.11357898031382507
0.32870734378686334
0.5455106686867105
0.7498613898270807
0.29981085802061
0.3030759681397461
0.35404111742092037
0.3976880216343926
0.7245193779300639
0.830168410788123
0.46323806294026
0.5682402434195736
0.8413300300502479
0.4802633385877393
0.4569964928821683
0.6211073714412229
0.1754926281974675
0.19755854116902516
0.12827212374328076
0.08743465823213932
0.3386275442639662
0.2876667814191284
0.5306675570025853
0.738651992114536
0.5445160772342656
0.7266798349653283
0.262917638240603
0.3614086706913742
0.5760968611219457
0.5636597342538948
0.38682462931309475
0.5412525514309131
0.6662184666536507
0.28397327934624983
0.4323657367084605
0.5526787139875932
0.42950183290877497
0.6566827209076523
0.14748136767453443
0.27926555120699664
0.21078495419898974
0.270597863608319
0.4448040815873113
0.6297114436512395
0.5242029408077737
0.7201921275001796
0.4511105349145934
0.4090364072320047
0.44266067265103015
0.48928241617290186
0.47389232564439465
0.6702953069043425
0.6471624377418588
0.310149619050363
0.5216437954112635
0.3858690407487213
0.6638735149112617
0.6877853590768384
0.5814284401801437
0.404052016479016
0.6787278796197108
0.3342648710663475
0.34766391852002054
0.5129101649102208
0.6693629755249542
0.3356854415611036
0.4868958726010764
0.5178727221195528
0.2354001038617375
0.5488082132601815
0.6810716192603313
0.4902624631912094
0.7511638840487989
0.22169018447882938
0.2982137281440036
0.3481374502539783
0.5208284530803031
0.36868862641110556
0.5751003423039565
0.6873937854827689
0.3920872107052155
0.5563562477682539
0.5705910203427491
0.6567649582230028
0.7419604283545975
0.3514986319005286
0.3208746575635218
0.36691909571876447
0.5531095522178625
0.6066601361677026
0.7975126803572278
0.4807302747705664
0.7003111669310258
0.3595676595346828
0.45036673687602424
0.5833999405290068
0.3999352444885732
0.6187339277173427
0.5782942855259893
0.6323042068071844
0.7468440649415318
0.7138773422691482
0.6834076141647
0.39406525636893563
0.6224829312963129
0.6310544787742131
0.5707972581043774
0.31679194831658153
0.47001674268793453
0.6790548941162011
0.2685601923808248
0.2568923270238016
0.33161055169044107
0.5251294955869542
0.6822022668034458
0.3604569948466841
0.4491790879050507
0.5305922651215249
0.25863861018279444
0.3163504313185652
0.5184736778298851
0.48829623992965304
0.7227470970677883
0.6782449248271777
0.5232897345791745
0.6509079650192211
0.5077829501314137
0.6620001669878411
0.28942487525627464
0.29526756018878925
0.4739086238871023
0.7156957201126818
0.2829660396830502
0.35723198527423883
0.28826343545370786
0.4368031194957144
0.6249838003540711
0.02612887518376255
0.13671695548966592
0.16573816290502344
0.3346634462653784
0.5252389629883197
0.6861623893857316
0.22063998965792467
0.3298655137727195
0.4652681096926255
0.6227883020972256
0.510956742984453
0.8048708887560347
0.38955857801365373
0.5032677014467787
0.7432256033168995
0.6283241478801934
0.5702193958511884
0.6719531398189874
0.5883390199273896
0.47083182316812633
0.5554987785084731
0.2792906378360683
0.4714027129702222
0.2839746423138706
0.6131739820423154
0.24922355994697798
0.4050036062485536
0.660656330161089
0.3236304066988616
0.3248883803851545
0.43367839742934916
0.693792355631887
0.2713051425474675
0.20920999625605588
0.13445298925458152
0.260338405734313
0.519009011747525
0.8159918864461639
0.3215213367495171
0.4162285009620785
0.7064346168284694
0.6029752530069918
0.7945018705454506
0.25598706082590933
0.4216434934983083
0.49880866181559985
0.5519198539895455
0.3611508124714038
0.2348687570929004
0.4583548999031135
0.5426398364144894
0.40738422121679835
0.6869651458381533
0.20317985043192657
0.2560337141670057
0.21921898082375282
0.4292533362035054
0.8197034996284529
0.6168351695235745
0.7625524031897456
0.5938352436497457
0.5058076066296852
0.7096981886002911
0.6210252463048902
0.668347258375173
0.3267315293226866
0.24239141449102117
0.5763467338724241
0.6956976929638039
0.3348026737501572
0.4730897413524634
0.7625361111218008
0.4349927218105367
0.6040917003391711
0.6049444259907639
0.6130661921041733
0.6559069402087315
0.750044583448386
0.6909461003069094
0.6724615609950477
0.4054761084286957
0.7036535048548055
0.3171757506884066
0.5105041774235639
0.7075861500273068
0.42169701639471296
0.6575921099068955
0.6445932578981335
0.5693310106801622
0.8696656515882214
0.45043822820999213
0.45887140307095947
0.6176399295658006
0.5607935433731228
0.7745106566866313
0.35140705812661055
0.6385791030774742
0.6792943820837789
0.7335895696857364
0.2757616289114382
0.4015529186988341
0.5464490851423162
0.7686532000015877
0.3773005895372142
0.5968686296859574
0.7146086609800703
0.357034264759759
0.3932730308046703
0.6170735213192245
0.45243615326407677
0.7857586240058788
0.30655563039632694
0.16698011188606687
0.20908271976943243
0.192201665263586
0.48661141790529827
0.5927603135343198
0.2947072905241831
0.4488310112608052
0.5625593414075231
0.5370770554079185
0.5517494289684434
0.6040238161894805
0.8495963172563522
0.42282891580823284
0.5575271808693864
0.7557767875737301
0.33960803169487747
0.3162163809454976
0.42893619534711175
0.30070530754478847
0.5420646006314872
0.1709247290484819
0.33716879601210853
0.7504767960803107
0.4839141763888446
0.5446974693480915
0.72316876789653
0.5243587551435297
0.70250631681397
0.3688954591223886
0.3934231963938431
0.704552213523782
0.500757152831804
0.6444454739726165
0.38602892710192255
0.6136538190148548
0.6020420986931492
0.6481002560016751
0.7706830510627972
0.3812820932362501
0.5563658995905061
0.7845963594419596
0.25141929547023323
0.14431626700834194
0.31851782490263514
0.591428777941136
0.33717816036480897
0.5118975630165578
0.78717951075364
0.4143461136349019
0.5256079469127373
0.4228951548318385
0.6238585437037203
0.277715128436664
0.4484468322514909
0.6961457244720367
0.42278475250761227
0.42774942440527775
0.6532278656246834
0.21833892269665212
0.3191238739660426
0.23740293551976482
0.4415776249032902
0.37334688173336306
0.6714251801336759
0.2970534346480544
0.20098163090233115
0.4084435637783306
0.5779301848013024
0.24422859549168854
0.2743269514633655
0.5435888151521998
0.7209213464571026
0.22856317583311592
0.26031612686332684
0.25405628378042056
0.6582288083888448
0.6738718918372009
0.5914194970429855
0.7557077724817775
0.45974697534483894
0.526752088463551
0.6948378894231189
0.4681920626754697
0.6565847084913827
0.3536965882938357
0.4919910642222095
0.5758367421012112
0.4373196498829221
0.6140842773404555
0.3814290277787274
0.45611114640885353
0.7268629277416991
0.29350521163138915
0.37661246780524676
0.5953620694803511
0.5946688900330268
0.7106478371536806
0.6940235704675494
1.0
0.43252155016036276
0.31937950289275124
0.22013501196542484
0.3669279954086761
0.3816346239155384
0.6006973720566592
0.4053804252522748
0.5720392497684796
0.2566771642040897
0.4309753640459809
0.6691780398149924
0.3211208932414374
0.44363747982949864
0.6930525846036962
0.3109081973437688
0.29689201876747845
0.3096210026172673
0.4908733139467808
0.28700071021108686
0.42498085685896647
0.3162461821420172
0.7027455190699337
0.23758653113644482
0.32354642761651803
0.32721189214419744
0.4438610538918335
0.7073719734806322
0.3774753675670186
0.450519772248032
0.5172136755439871
0.7609261511858998
0.31165776747000423
0.4261602218602972
0.48725701580849196
0.2216915808812715
0.15143956319914284
0.1849287265422656
0.27194849462798676
0.5228126675671781
0.17113842762796358
0.40198499166018625
0.5652098530027868
0.4884921753072252
0.5863039301632726
0.38137470571015475
0.637934231004022
0.6991984978718153
0.6359979765844195
0.7435922989946278
0.747017226770738
0.7331797395088446
0.6356951807482969
0.6815233588075379
0.7084648527371924
0.3319284794304848
0.4778543366119244
0.8724256689574833
0.5716626848139672
0.45885562045146666
0.639722064491859
0.2748129945754618
0.42546441362030907
0.6000099865807859
0.46068016450386706
0.6694539202024484
0.3310777314901834
0.35220772781763965
0.4360707605567047
0.6565575484903878
0.48503631148816817
0.7264042953897523
0.505987691523033
0.7945427641443155
0.3401891678327114
0.36416532096102006
0.44803419487950713
0.5350618265416213
0.46118245703534
0.6358289326325739
0.4619450932592485
0.7092768335385794
0.3899735324297824
0.4303367716609154
0.743991378911714
0.22488098762391331
0.3110802962857639
0.3139580413317235
0.3454056982433906
0.31543189604198785
0.3575350029231944
0.5978308124606151
0.8391901405798388
0.4871221140840844
0.7031785297990424
0.7276706099869618
0.5321851961242262
0.6385024013345064
0.1661355613159936
0.2258536206085924
0.49067918067588656
0.6132727150945201
0.1986984367610048
0.25296846208622337
0.5562139308599579
0.6025580057677752
0.12127507420338819
0.2631482952266033
0.44351146295064303
0.5598345205332022
0.4992185760856415
0.6535925518291602
0.3550130153370196
0.3225565887874954
0.48664852753517446
0.31620892995291483
0.6227319698005896
0.6545492714572554
0.6502354089351937
0.5947058563865251
0.4489116697925379
0.47254814544467744
0.2683190679420131
0.5796253491242319
0.3480704689193518
0.3961186351355665
0.6457149602435461
0.6309601374913318
0.7349582968713843
0.40677181164590837
0.6792762609700387
0.40272218394195713
0.6934380058259251
0.32487199789929494
0.575471172986815
0.4636602786814909
0.6219700106831246
0.6430020069355246
0.6270564353142248
0.3627524155141437
0.5825872996015375
0.6315869944967952
0.5328619747672116
0.6829195772413511
0.43877109123389685
0.63367243664689
0.5744171744007628
0.6349312721454529
0.3140885905948469
0.24365981242158358
0.49064570547819675
0.7225343389457534
0.4072945008311234
0.5059797963773821
0.554627382643474
0.6650490788856731
0.6456700527996933
0.5224896355293598
0.8339751190502752
0.3702354644858118
0.5404587307348089
0.8080332145521556
0.26791096397483083
0.2813513133500033
0.24219091229554612
0.39574515114336145
0.3781095483509249
0.4062578394210826
0.6277816977458877
0.6838492661922608
0.5007602381623525
0.7563167147347031
0.3671455439505987
0.323386979598184
0.5990003531074725
0.6813464518103011
0.3886450273699308
0.5109227721591532
0.7556964557869783
0.3541406307146254
0.35331141122061105
0.2724613708836301
0.3683941006207342
0.6831930105599066
0.5288744986453657
0.7640430421634306
0.3003920904397756
0.3417927857906403
0.513182722286684
0.7804679576023132
0.4558013229546809
0.7461251029355995
0.4513049729593848
0.7788886412254569
0.5115913126365305
0.7151153167240202
0.3848336469648171
0.6300736584335195
0.3328560917129599
0.763394641095982
0.42380558595088025
0.6002942380526289
0.39859032170884834
0.5428361095456391
0.5092265690772619
0.5533961232816793
0.3722044869458952
0.5596487586497683
0.35453406520299785
0.6538607114072571
0.3971228154473889
0.5662062679287523
0.8413677450848688
0.42178765809673185
0.43306261545481634
0.5657444680048948
0.7309061256930235
0.22340366884274854
0.3912616530031145
0.4231716395144216
0.47112351535335695
0.7822721941687194
0.2400523491766144
0.26734669508601616
0.24318960489276312
0.5881398330378765
0.6973245649468953
0.3985536514122914
0.6118744223212219
0.7313974715740786
0.41336650670115904
0.4864317771744054
0.6914150594812928
0.40152039681491425
0.6441768073215027
0.37653324828211326
0.6873365658037127
0.4433220387559294
0.7227329694309764
0.7380054627449956
0.35388432336405756
0.3843735022312795
0.47090822381378766
0.4862784994270203
0.6809895598454468
0.6478186520282476
0.7661255654042266
0.4689174806789636
0.5607414508062505
0.5112083301677226
0.6166127637210291
0.6532826554518782
0.7616807994977777
0.46314645014829936
0.6623416271672761
0.6250831072232296
0.4238681937596896
0.4589842188004684
0.6624015984658765
0.37198705131900855
0.5101713742062823
0.44078665543449436
0.5593260538138757
0.6605212049906101
0.8474065679694297
0.34865551063976197
0.5283146449791155
0.6684380891729976
0.21294109352066318
0.3312149972371749
0.366733011065294
0.47526487063189177
0.4597116223947503
0.6512191535053472
0.7342193609782814
0.8368256930244268
0.3756612193131995
0.6267341097284265
0.6755872469699137
0.3555953318174405
0.4731362750910933
0.7132195553777796
0.24856124187652287
0.37070870745119494
0.645152493026225
0.5858122560540874
0.5611959765162782
0.5811519789489273
0.4507195175167161
0.62033460780871
0.3143829862726783
0.5777657371848777
0.38162524772606343
0.5910512964223807
0.5292580720139013
0.7051634524172768
0.3394865783714724
0.40724084917072545
0.44906137914129624
0.38511482978081774
0.6008138079792603
0.5695619359443759
0.31312248139504884
0.6369134984072564
0.2656021097164522
0.5608906194425433
0.7759808541500833
0.3647001912717548
0.27986739791196696
0.4587222256452212
0.5732574409545508
0.6132528821617657
0.672526788698029
0.30229374617680504
0.43699011285847983
0.6675913372531058
0.28320882361527844
0.5396590560447084
0.45304783916176383
0.6569071285489259
0.2650723044211504
0.5220188074712159
0.6424513664862579
0.2766422729893496
0.23292482715580276
0.26704608136510627
0.31124173626326096
0.46701675347297417
0.5162650897664384
0.6548877264792048
0.5455809402628927
0.654759045163168
0.32281175288118835
0.4232695856003814
0.581735546833598
0.26252617169562925
0.21324305541209848
0.2862910863985746
0.5194763576065945
0.37357633931113243
0.5907833248495356
0.33923895380078345
0.5887875983366883
0.7753213886619464
0.5447645510296737
0.7081091885189027
0.42731909649460365
0.7645409880046735
0.5261379930055345
0.5972632541936302
0.7687949962315865
0.4776543188629907
0.5481748347831296
0.21648137332736986
0.378387522306804
0.69349625592824
0.6505138105491393
0.6599375824465269
0.5089613058440771
0.689411556581739
0.4703943004580262
0.7122443437531323
0.369190621765057
0.6012369830744194
0.7039574968236441
0.5293653273627186
0.48435123163203525
0.6601803193349521
0.22262723002430662
0.19299289413065984
0.3104485220299308
0.6197654009754869
0.3133800087590621
0.42887792178831624
0.34192122157787874
0.3704128580483081
0.27432505244497857
0.47751602724060527
0.61854466961069
0.3698733533440078
0.5349079247593562
0.610724562497811
0.4319948311959988
0.5975142646571088
0.3978302980714683
0.5792785820695766
0.746734936773464
0.4238392002638529
0.46859088590203696
0.6093367586003994
0.4807950922788191
0.6746467389024858
0.3552234791985693
0.3155693442428782
0.4031796380343706
0.5321643088910952
0.3813166065290653
0.6612328416189562
0.344378377014514
0.5635002563450792
0.7234704875595226
0.4069350158841943
0.5496690229661297
0.2592387574018743
0.45529801392665536
0.42056880545100633
0.5444429871431841
0.32411109703665025
0.5870470514176036
0.3829364276105131
0.4681654555099405
0.7226697184751151
0.5879723734891893
0.5937269007644872
0.39476180690032275
0.6206848289097409
0.5592146219499822
0.5948007427811078
0.34823697645542445
0.5963850906164986
0.2839541790792884
0.5553945292567091
0.5096900591193987
0.5144601725708071
0.5104249181578465
0.6187445251905871
0.226800688525448
0.3871039898833931
0.7213803485125445
0.39943694118055795
0.6616076812476059
0.05175693056228449
0.15379755030068124
0.2602163987539101
0.3465660676368045
0.35693527868788266
0.6292066582507212
0.7509077104904841
0.5897813114668278
0.8265334175268094
0.42832073266007414
0.39379363341254625
0.35898852059174824
0.3848792836256956
0.2877228624612449
0.3562370321191527
0.6742902434793893
0.824350161370791
0.22275348195397518
0.33542786363653004
0.5615675852702768
0.6564694231654589
0.5144567297820766
0.5759076814871162
0.23573412149698844
0.42430323420238136
0.5879202339064644
0.7298350133697014
0.3119423390914081
0.4461905848533124
0.6894252157366355
0.23725233071706847
0.43374372221140545
0.7029429024820515
0.4216113063851851
0.5817631661883468
0.3023130408259412
0.5914288997000371
0.33159669066315933
0.5616358138841911
0.8112372000865959
0.3190677978533966
0.4018647867167471
0.6184003144901526
0.45563557738057103
0.5718165900042541
0.4933638068049776
0.6978199019765373
0.42141426763213
0.5804441693282295
0.17134302364112608
0.22259734242658888
0.5285119816127251
0.8810373822702448
0.42853441479131443
0.3693683961562775
0.30406973808958987
0.5699376897266025
0.7461046899207245
0.4406460678200867
0.472056879810494
0.5673391522068023
0.2582979728416832
0.18448397616720338
0.16155054858597695
0.13640889710728613
0.3490672354917839
0.48046660651947015
0.6685563017277094
0.6963301184229497
0.6434052357286836
0.49373886821169005
0.6757813717881987
0.1347710127127822
0.25771266251666863
0.3104477782216727
0.5554461244540229
0.31852630910618535
0.5806558680391032
0.37713972009182617
0.4087878809247458
0.5230454539999173
0.3280364810840331
0.6534292336119039
0.35486087167120994
0.4580432582440354
0.640007690097802
0.28742491758667366
0.26418414047988836
0.3259189529784872
0.3532359265452583
0.6039242562287305
0.3443015688513735
0.5003223872774115
0.6229205169409868
0.8489453570231722
0.5366178670390356
0.7981344158898596
0.5095736738489571
0.7506225475294536
0.3490684520626767
0.44159608174130976
0.5160230584914142
0.6737339174067103
0.34862134719316645
0.30219873930698415
0.5439691717221506
0.6293616357683016
0.36488068848688865
0.4654601291472274
0.6310074962671739
0.13498972640812687
0.23931871065520427
0.15598847508189564
0.07728673594806171
0.3714097343112803
0.6156731935238565
0.4630676331898118
0.6315345733697576
0.830019170508206
0.1625655061229079
0.13184695708269464
0.23978272623655958
0.2134426174430213
0.3436295706018202
0.5783702097732883
0.6962806684752122
0.3479448028655397
0.29668017733789837
0.30323873255230904
0.4794375537798987
0.5443210413746185
0.35408703771005573
0.5456004367054199
0.21866070232765894
0.6121358459389536
0.6603643456051458
0.18250642636153103
0.24781647959366468
0.5408515825871139
0.18044899440817988
0.46928245303941296
0.5441205952768382
0.6166255842584362
0.36340908505465036
0.6180857236435569
0.3010232535288397
0.38239191553664054
0.7362221072688486
0.43059314206097826
0.35217695465409904
0.5124427170972318
0.6158863786358935
0.3828633064435733
0.6018189847728215
0.20527386665191402
0.15518787254006225
0.3412253062238207
0.43351045747018524
0.5883117886663892
0.18599038559931944
0.2394783106479364
0.5229204821765037
0.23333684039267022
0.5100350154167157
0.6040666835954911
0.624021493617719
0.5272771921580722
0.5876803104294887
0.6938123996928742
0.525430121387414
0.6368344013079491
0.29422306427196615
0.36639333232404964
0.5773939470362964
0.5779062270493746
0.49833691499140115
0.7781522185053809
0.43054874584040215
0.4704944705557247
0.45283466550486184
0.6241189882279516
0.8048098091789487
0.5899620698721797
0.6586949657983402
0.28691563898850014
0.3358853833580277
0.5014661017133248
0.6943450480005653
0.2037454163586689
0.43103777859481596
0.6220607012890975
0.3647831854955364
0.5752140925666056
0.6175371005916704
0.6246342036245262
0.8185110499321187
0.43117123485153797
0.541578939936558
0.6705612128680687
0.676939458344155
0.45481228848474303
0.7113056830859575
0.32796073261376857
0.2980184917984998
0.648649658758622
0.28399383806852735
0.41576086770100984
0.4161221570967433
0.5703889956884007
0.21062743774657683
0.36254682869839694
0.8211212920780226
0.29990868298380424
0.3738950194272362
0.32866902671477083
0.1591473901587621
0.33263311934025486
0.5461154501835879
0.6313009347511752
0.2871837328590195
0.29215827243197373
0.6753126555046249
0.4683576105542801
0.5744545367442012
0.18935793953334462
0.2232511095488225
0.3818933663652114
0.6530592251125258
0.49540721239898317
0.4376452381551128
0.6096440813352757
0.47859648669655297
0.7511689810509193
0.249362798483629
0.3313910871961648
0.4198334267313725
0.6820633779726322
0.39182514682700553
0.38509661685851015
0.6328918921633461
0.20660831925060058
0.42166600604733434
0.633155416545984
0.46611754943085576
0.6673416281600422
0.32691147297916845
0.49979143767051765
0.6884867458462831
0.2545371476044724
0.5236678878844748
0.3642796320548001
0.7593910672875086
0.5282768061938472
0.6672691777548662
0.31399263172065056
0.2777898918956584
0.17716981702779794
0.5305686100959607
0.6355779469611231
0.25456083867445883
0.26739506225854776
0.29204453147386955
0.43400371893356665
0.8208722098920936
0.41047039651953177
0.48140638647012346
0.6095371450939295
0.45218755437557184
0.7651026793068215
0.33027289117001096
0.3345544293724523
0.3537461947372659
0.6488560900431739
0.48035049484491926
0.7625885066673066
0.41954048671927735
0.686857326306699
0.6712276928834365
0.42493864820858895
0.5117035916847202
0.5169556133149398
0.5726110556302009
0.640070156610383
0.8214593685867722
0.5547513078665851
0.8104727533045508
0.48474401739355577
0.7261450205252896
0.5158750140882945
0.6965579118498488
0.5959366445816281
0.6556136500106309
0.5678431734473768
0.5644527333278844
0.45842491971310706
0.6803831493399057
0.3394673287942775
0.26716871679070286
0.34544435746500374
0.4396795724634699
0.8116930134648247
0.4205054480186711
0.5506140593941047
0.8024071506829655
0.38597497199233816
0.4405885401640524
0.45180034540588665
0.599079262399609
0.37504080700565967
0.7115806860504739
0.2949508628650509
0.3316659118488649
0.2555787458421664
0.09677462539901917
0.19969417324111574
0.2912411076692395
0.33113225683714487
0.5476351630392843
0.696435237159601
0.4224084443950039
0.42085583403827115
0.5449533771513604
0.6706186039753111
0.5444597624318348
0.6708380553626349
0.4999947579480089
0.6001646686316611
0.73370912653584
0.18312086811708364
0.27818982049178864
0.38465876696868545
0.5847108213678693
0.25956112068663884
0.597112665656136
0.3658496576821929
0.6060504049505724
0.4979247242314321
0.689693677737733
0.31215117655853764
0.3088989025520193
0.2924029403695049
0.4365926857196784
0.8029129943408789
0.33806283753726313
0.2811648208172022
0.25106757109441885
0.3119696057925853
0.510271540578705
0.7860814114907992
0.41261584368354226
0.4028213127199424
0.6112446260551846
0.7260462130215829
0.21165295765022035
0.3119200718404343
0.25987784513226697
0.2222934941122218
0.3175553636559737
0.4864997499426787
0.6646361801363883
0.22764855532045714
0.28981727839279037
0.22369528396316443
0.26732054654371284
0.4539639912985928
0.6665169802901914
0.2626020568814962
0.31813118301778653
0.43839775314734913
0.6931731134400788
0.6732149395563889
0.6749217687867953
0.4946458813197344
0.748556726344908
0.3937264951250551
0.6191396127533556
0.5620616896443776
0.550234593685952
0.4410189250531846
0.5424220794259705
0.3385231090614736
0.6673172751621351
0.4936185745241366
0.6349864884489709
0.3473747357517855
0.5581549179063325
0.5715151685211887
0.5785007391683881
0.6330002124287121
0.8261639382480653
0.36016095427734085
0.39296540569839955
0.35272820243973224
0.2921599938529044
0.5215459552840893
0.4788105087866436
0.667642187956841
0.35162160806815623
0.5119655602459606
0.7252533108082923
0.31883741483631445
0.17927880026981577
0.5320616859135584
0.6711660031505415
0.3128951803217663
0.5628479881658084
0.7481701184267467
0.4970960217114627
0.7456151782179338
0.38535700152780894
0.4687560414389345
0.6025717904388662
0.41056900893367076
0.6716758401159805
0.2717718911257992
0.2438427682027209
0.3321626328794599
0.318171739866721
0.5390681585620598
0.6327040894367287
0.6414782225904506
0.6126354278148516
0.6005250140582247
0.5955371012589562
0.5848695872826979
0.6015607400830988
0.4365012196905593
0.7190424564011084
0.6798847408896872
0.6393113905188044
0.599927273635376
0.3470207830872736
0.6145864669948032
0.2991495296118923
0.5962731998143552
0.7210500074968909
0.2483809225615166
0.260421323693079
0.3846996710784247
0.5297241891287765
0.874887124571093
0.4631469825193065
0.5663440937058566
0.7812962474615931
0.5876892520806932
0.8550427437319601
0.4140496711444191
0.22106955761917907
0.2050809914954595
0.20536544351204278
0.43825951180453443
0.7393505276937204
0.254582661526078
0.29166840104204983
0.453795832972217
0.6054890538820451
0.35455665390682534
0.2616405201274688
0.34580561874738514
0.38458227275657975
0.5805358264508216
0.6208546061439454
0.2999384174850367
0.4356378472132543
0.5613497428745596
0.19053417846509227
0.259909035815338
0.28651710054625773
0.3930509657939743
0.4390713570646807
0.7212414628268776
0.31252215296141506
0.3215051091770963
0.6344915580975654
0.476485694570093
0.729860158021915
0.4698266050839311
0.6025960983338899
0.3270104091420772
0.6334377536491244
0.6991139162000307
0.43416125009944584
0.5052943632999775
0.7091255446761574
0.2632242454001638
0.4256744133837231
0.6097600516270687
0.4498543599964972
0.5285080007519156
0.18473560203040615
0.34785004692086724
0.7074543771701751
0.5640237428868943
0.6896230173155817
0.1881874658190418
0.08860719531106422
0.21442033887777667
0.23955736872350755
0.4639207747496455
0.7660761408537079
0.18396826402335723
0.35936917605210106
0.31436617794143484
0.623334913578011
0.3393347261427617
0.6926219549385656
0.39793484113935906
0.6804782674851185
0.4121273764299382
0.6608163524620688
0.3661822440432923
0.4620084931636452
0.7447151341354281
0.23448645931983242
0.22373214355078616
0.5038320449983726
0.6353429750456853
0.3103532898737775
0.5202701791034436
0.8123161780029278
0.4074806783818063
0.2751965275114576
0.4746913383218628
0.5982761940737917
0.30190835535385724
0.3932096131163721
0.6578899629318986
0.31100761152101536
0.6440412519154992
0.12377352078181884
0.3110186149613268
0.48634847434910516
0.5254253481150533
0.6710716076891715
0.7088477638614089
0.48730164633367845
0.7223932084920283
0.22310855437421417
0.3677038602204889
0.6033791759040837
0.49349346381270814
0.5485734798720053
0.38663282200151783
0.5927495539219355
0.5651732973972303
0.8134708750863888
0.33406237919457926
0.35209278727503807
0.7181838544797101
0.6284832902296846
0.4942223086343461
0.6241195152976311
0.48890005039336853
0.7797255087625893
0.34550343838332526
0.42367710977834555
0.6093606773522047
0.6462299684855302
0.36374843709460486
0.5157569049225607
0.7131091749208505
0.6113743936022742
0.8373137272702383
0.47812052126258076
0.48601265705196794
0.5976854318607543
0.8219450773565715
0.4008997912411382
0.272681059269671
0.3462755014883052
0.3867603786121514
0.5483273392320183
0.4722596271489127
0.5704614448684128
0.3298429690828914
0.4186611564389165
0.646875516021844
0.17941917392591386
0.21048779049267877
0.419663642561461
0.5678171619300776
0.6212837438076915
0.24082302582428636
0.24288802025053885
0.3808924562368228
0.5510457765159116
0.7573079798410736
0.39617097478413227
0.30266026552341635
0.37467275176255077
0.565360127711731
0.5917994616529753
0.30230404864610455
0.6162910816798908
0.4561405828913338
0.7121771884200407
0.3303700107360613
0.5155293611524747
0.6128640911837151
0.3798381779112134
0.7214589067224744
0.32155938932469197
0.29184035901614636
0.6217112348403685
0.2648612037316597
0.250352369914206
0.5900200684286007
0.831567458826803
0.5037854725681709
0.5167429391911631
0.655994671957201
0.18486961882345937
0.136364373532297
0.25288345244728666
0.33093154435294914
0.6566531250346448
0.420760287451175
0.6074819620819728
0.9385879343502108
0.435901329351004
0.3500558611734971
0.2812447096299831
0.43776317350571003
0.6825164921776864
0.28328019343337446
0.26567933321190396
0.48974849928065467
0.3730227495494763
0.6303683714786702
0.2005882469152449
0.3160701610111159
0.5296596199186266
0.5595590742988067
0.5528043210401759
0.6263652463919878
0.6276177338938925
0.5376750589545964
0.6448502883807058
0.4634165169724742
0.7277952424468176
0.40996219156901675
0.3868631779918261
0.5927169768079733
0.3394580721102004
0.45258691310602656
0.7347448018630003
0.23780657163543242
0.382049500537336
0.681306608446655
0.5389425790706178
0.6588140048028528
0.3593046767825056
0.3667638670455763
0.5624927417340504
0.7621906685729337
0.506747153702453
0.8604244858617878
0.44683118215615886
0.47551472552251256
0.6762872291315153
0.23880733102003934
0.6093066973500046
0.7489857649064791
0.4400365021158852
0.5695072023640979
0.688886631285885
0.8821185244644426
0.9155519500963624
0.7190758280987516
0.7648124911062696
0.4097379225357647
0.5314677910191885
0.8168345150465411
0.4635346448782592
0.28060250263169334
0.36769327495146376
0.6605570932694991
0.27330011404065196
0.4107428709184093
0.48989843787449133
0.7752519783870715
0.32859019976968484
0.36006875113332454
0.6479835455241371
0.6310105229913481
0.6614362932481819
0.5739588131293206
0.8130820117800779
0.2059836164746263
0.30720609272074895
0.3494855339438591
0.28534990330409676
0.3494085930260755
0.49650983736472787
0.5848231376596239
0.6233754925468329
0.6938788393056277
0.5418257654318963
0.792658028208205
0.4743420027995438
0.6592153887002651
0.7053381186206448
0.7419043055273831
0.5529333334308324
0.8166202888722626
0.3499525086208249
0.2684745897072594
0.24633838122788454
0.22513631425422473
0.5837451487712905
0.6880391250693191
0.31510824115978886
0.5376405707695244
0.7009378608726629
0.56359407697631
0.6671553742886113
0.3169773252253039
0.40905210897303174
0.8126538132908354
0.4315383489355515
0.48348254854076544
0.789500533880591
0.3525423440671623
0.3495303689784114
0.5351604186583924
0.8216836277618238
0.3636612118000437
0.23969831373566028
0.3523973558604367
0.46631951915889736
0.6954677850914037
0.2623779610109557
0.2723228690186517
0.6361170587977412
0.4103216361932959
0.674529967681081
0.4876797832319477
0.6542378087774552
0.3420336366203079
0.549788892474142
0.7544034036760052
0.6559392649660777
0.7091317328465749
0.34830870608114894
0.5241127850831356
0.6826900728407742
0.39311832614869996
0.30978689116064756
0.2901607010482856
0.14638013042054057
0.4161057770257721
0.5243013589712262
0.6472814913769472
0.3697231717178033
0.4747613308724633
0.662888003950793
0.38829133264028887
0.587127616694082
0.5404590813065149
0.6203785447589923
0.37177843569935
0.41861631021268897
0.5406064618166724
0.8016805887433112
0.3228595798614391
0.3057827775070716
0.3300739318472088
0.4943546895278512
0.686997977358961
0.3544362028597085
0.6696088711468522
0.5491386399041065
0.6479342223753741
0.37857609406395665
0.42344695469850596
0.6675415992179662
0.3696516342616439
0.5614309784648919
0.641101561791325
0.4332113884078577
0.8160444375449665
0.4015402100885418
0.49372037793973383
0.6835392199687697
0.5156781178718306
0.677471461106233
0.27399687968445313
0.3858501951765326
0.5331749876034133
0.7474960604324826
0.2877607594671449
0.5612510881110029
0.5562255733186058
0.37831840888459756
0.62341408633006
0.2526338736376078
0.3547520821653154
0.36082124100529706
0.4262671896566906
0.5463025818563901
0.6429014943380751
0.3213365187618768
0.44343776191665235
0.7537780898474228
0.6247207793727947
0.7008735964120711
0.19349989108277668
0.3280941771151563
0.579944025333038
0.7142122772012984
0.37709690846995975
0.5594570464693952
0.7126869610080302
0.3735222114399907
0.6948992667495744
0.47575832386310185
0.5221651965956706
0.1430232709707246
0.3397062098117757
0.6719484728104058
0.4920861477463787
0.6575525674797011
0.7047873085270003
0.5057812467375282
0.7367021358518587
0.19540263343871161
0.2645840552966797
0.5649809098827553
0.2872053468743285
0.5733043502809686
0.421353539165772
0.586446466951361
0.7508018950398979
0.5057863527396552
0.6253958526957383
0.30085821536950275
0.32725713213151997
0.3448338758048474
0.6929126390612231
0.5619579203273138
0.9247464499630627
0.4230124955545314
0.42403901235373154
0.535730282220912
0.7613169644252643
0.7147207560883918
0.717885580551663
0.3655109170732283
0.4652018631692823
0.5572816001776563
0.5253529704346177
0.6706484164107394
0.23031858881740175
0.6606129316695938
0.564231601559652
0.45895483621145944
0.5738129571003391
0.2830035385103126
0.4469504284917243
0.7410337611160552
0.43287540364483057
0.38928890402587646
0.3164426289679185
0.3179429226575134
0.2957510262256173
0.5210159732313424
0.5068872553749163
0.4168459134157711
0.49217517929120325
0.5987437552153299
0.469283310751592
0.5109826976613439
0.21505953659130853
0.3339645350961248
0.4481343913953184
0.6395219961189503
0.2894544988955555
0.36429668400386767
0.5683431757572766
0.4162303364558266
0.7153610984938719
0.31929897016590614
0.4407362142739431
0.5360434686961978
0.24816105168402133
0.5770666565855895
0.6579545604705218
0.33085717808640164
0.3448239948996509
0.35602130372543694
0.5861568807853923
0.5396435799576017
0.664121160902665
0.36724479677939664
0.48330976661319563
0.6576577388209464
0.7862077604287491
0.35549255508771355
0.5482637773730443
0.6394426075178945
0.7680252789074409
0.39878285915648853
0.7271454718771039
0.49578951807985333
0.672021775774099
0.3601326369374847
0.3429596437695992
0.6055065925700204
0.6658587299206131
0.3491116945815458
0.6077219643527065
0.38328792513460536
0.4615784458510959
0.7391380749527815
0.26711186834324296
0.30581845420828707
0.5741404807434932
0.1313977435343549
0.2071008346541189
0.5315302026498486
0.7627541857417779
0.3252534663698492
0.47656717272064364
0.6751324378842992
0.2813395939701303
0.37373207515621854
0.5988062105378802
0.34054301764309935
0.5474651818767604
0.6025025186103378
0.6155164231001357
0.753432140405478
0.42287420131413417
0.7757738402102445
0.4151316139790971
0.37638296426807794
0.6381708988608985
0.4979030661393758
0.7544154240764803
0.4616122909391901
0.5523827681857467
0.5508332606382742
0.6971754202690295
0.12371653283135343
0.0
0.27635681384819427
0.5039158541700853
0.4929104413100056
0.4914817932313759
0.5277770580798269
0.6978969348455998
0.3251494494613164
0.5428214198229726
0.7533774774906299
0.15345350710658023
0.27477340169278136
0.3527728352345799
0.726803022578686
0.3145678058470915
0.4591143617445825
0.4947676793264077
0.7735295334445655
0.21377223342231985
0.24677748301060715
0.27159011423388874
