0.4745792214621253
0.5242662686025878
0.4890760744622493
0.40385546186192256
0.41765390410342085
0.5258976094136201
0.2110337501344152
0.2790178864811295
0.2932364924487047
0.35928852441344
0.5797907027141136
0.47859781421876946
0.5461702291167693
0.590092901693833
0.30615626057309936
0.41507536371008125
0.6730667620451196
0.3643791462606445
0.2338768968094091
0.18737995122716467
0.3111714095616785
0.4894449688556296
0.6320320603428219
0.7140571032506549
0.3239673821731862
0.17571776724826668
0.19928022776324536
0.1326375468974515
0.5702624832913303
0.6680747306252782
0.286087450918006
0.5992208253364251
0.19080932977194257
0.26417490793605886
0.3639502748418252
0.6703632618281395
0.37789900568178264
0.6340277401611097
0.4481493687366631
0.37974789432177636
0.4610449547830066
0.5744194392418098
0.26720994943326787
0.5691850903428947
0.5043507092778491
0.5312770137437391
0.3761317304607794
0.6391320208083681
0.16930134831526952
0.23030585798511283
0.35982650271511835
0.4751613091907984
0.67470665385998
0.32282470578544625
0.39721285747493534
0.7364652171939027
0.3138907705795285
0.3872505326818415
0.5828089689710131
0.3890212956018271
0.7189544220926228
0.418520208322346
0.9074215764462911
0.2543652435261332
0.3628858025932886
0.6682376406820035
0.30476364704526
0.5653070150077556
0.7227699905085276
0.3145485425408678
0.6327971395221499
0.3230018269570076
0.5058411428364465
0.6501053315402421
0.25181791390408664
0.461430998662283
0.653483517250979
0.22399006914663946
0.20272255099484768
0.5796376064680138
0.5134803980796823
0.4795168236270408
0.5205385838612063
0.6169106866816241
0.584297078081887
0.5940543131281646
0.3909413285081916
0.7176773746219864
0.44558511219943214
0.5062474479931951
0.6463972577987057
0.4138358052826763
0.291615212182637
0.31814427048913896
0.6229595764983858
0.6406477851492431
0.56824940301056
0.22775020208298588
0.2776145292597519
0.5048019028584749
0.6907918230051887
0.5208812732231128
0.7233416399928946
0.32635882045344106
0.538408128890598
0.3219897610875907
0.49065354923373383
0.40810587947168964
0.6598549642697342
0.4757097956983329
0.5908464070086717
0.23864935086656974
0.6313749247542787
0.41981565589169134
0.7593652858105886
0.2644377304781692
0.585750664851577
0.5353030006235062
0.6121805655450391
0.27376112964368465
0.3989860297519564
0.5462876393611068
0.563455875273231
0.5950478184906864
0.7011525362280288
0.1575887838877
0.15457226610001934
0.3797939751214726
0.560458766049177
0.7293014751558867
0.283437559646757
0.2619909721237908
0.329193518251321
0.4136647443095975
0.20451511973657122
0.305784336553529
0.1977768546885827
0.21438840394370984
0.38996355763063567
0.42822471691653036
0.5240493220244068
0.6724654509906506
0.1288076764712955
0.18541521145440384
0.5503127923534282
0.6122709415193329
0.5941207781805821
0.6515774585104576
0.45058841291098406
0.5951519283878436
0.24652864397976018
0.3394146362180798
0.4474702851587154
0.6359146592699617
0.2931232672733621
0.3717564593155577
0.6638908270192939
0.40931242256495365
0.19835948311545187
0.2531005885755437
0.19666567810081365
0.4192475013353234
0.7684727447086548
0.4868977427733909
0.48686921407428135
0.13315026751566497
0.4029041570064192
0.6959054776184209
0.3805336824820557
0.6015549180552918
0.33527593621102736
0.45889090874765265
0.43071572763166494
0.7319753999796496
0.4431893289174442
0.6516500089234588
0.22205493751507033
0.4800865662857583
0.7717572494791315
0.19148133280320545
0.2503656507069106
0.17609786076731326
0.4353114347977448
0.3098632078287648
0.595967248978572
0.2105194471973295
0.3166268449455184
0.5023930121121016
0.6114728909976074
0.35436007983057066
0.1559173739386395
0.31109133196679334
0.2894130871825362
0.4786476234871646
0.6654256139050891
0.4595677734381024
0.5370850478285826
0.35267221452139813
0.6571921460695009
0.7009694625790733
0.6018652226158743
0.5500916261717059
0.5794934345755736
0.4121743989336113
0.5895870020856264
0.2957021048066483
0.45512463690268185
0.48561612755845335
0.6160411148961347
0.4394017308567598
0.732481760577775
0.19482093716393523
0.3131251153177535
0.5192496516334876
0.514191905023288
0.5849085606965311
0.22021805863192268
0.316673004477157
0.41041903337171987
0.5622702720054539
0.6034558481040039
0.4153886459878987
0.8143637032217349
0.39136887683522037
0.5185845377524589
0.592638938530498
0.3669360866302078
0.40969685705941233
0.6815807023979764
0.2754670140560143
0.6772795163392576
0.4996719785913186
0.7680760527831876
0.4202042726185233
0.4281733688861631
0.310677575671539
0.6332505917371789
0.41745798029744385
0.6744573776719205
0.20077362318331132
0.34480217048822664
0.5309554391242812
0.7733229080007386
0.2570789300838755
0.4038307772837363
0.5868906634785851
0.4048672070025573
0.6835880365956316
0.2349023761905831
0.35554502537020405
0.5357257808132756
0.5150846449881006
0.6035981611791704
0.4327397121131138
0.6476592074044465
0.41332106102735233
0.6535662559173548
0.29526494553246535
0.5532954454514264
0.3846594526215297
0.6967669022973153
0.4812443858902181
0.5780750914787391
0.3831402626580929
0.6258401195392616
0.1754496133019377
0.27461535166230694
0.3529361877254846
0.6098801922859081
0.3038115002302948
0.3575092259845761
0.5367996352544607
0.15928442386840258
0.5259385825579035
0.551897076016056
0.4874542948720136
0.5398170871068849
0.0790006714939973
0.17696175532203975
0.42604480611577517
0.3106823681337055
0.22807586814416356
0.34484956908255254
0.5199406906242153
0.17188723612774734
0.376760072361188
0.6618033544591412
0.4570877619737935
0.6855189441268748
0.33789511941183137
0.43394675540141847
0.33561752491591157
0.5562793798495836
0.39381322834099314
0.8226769080981587
0.484073331062821
0.6987938792471671
0.3294738695840834
0.26830171873318415
0.548656361087385
0.784179987777594
0.3585779280135349
0.6681169157545798
0.44139409638940874
0.49068432194330885
0.2575869191698429
0.4937305320769552
0.6095081305961063
0.42728345970723364
0.5222766184414862
0.3971484674566604
0.5913226807435713
0.1096221031491704
0.19462292372935572
0.38292094171610613
0.5621866610382311
0.19807103020126615
0.42736051685372656
0.7532243643343378
0.23998267856434768
0.5975455039622277
0.5828861261397691
0.5974903210338638
0.49048191787584766
0.4711581227981488
0.6989062676082627
0.13578570810046747
0.2071494736691565
0.3858678828138226
0.4511239316781733
0.6890256672739398
0.25738781421393514
0.2758335946318269
0.6211277297481307
0.7006181751027035
0.4923184965924326
0.6589577182800457
0.36051299296952005
0.15681969287832884
0.17279202002963306
0.272870761813307
0.26226924211363645
0.6804304230342849
0.3044746235245898
0.43373741135062727
0.139548278422408
0.19850717204052234
0.14937461321932302
0.18933272329469583
0.5001982509991361
0.7073625568721652
0.1296260922372239
0.12218463079705655
0.18475759713895337
0.3731353650242463
0.704081879770311
0.4061219533128713
0.6272969220574894
0.6472729189223906
0.5670029783618905
0.6430059189647248
0.5426244037275315
0.46901753481506725
0.5390037412177354
0.6177656105838625
0.4699581256484779
0.6112294948817354
0.2976864905035167
0.7113708477606855
0.1652913328994732
0.3069409772634384
0.5537330019716367
0.726458582646788
0.2903244455155468
0.5012933961253919
0.7988317231372785
0.1588252301766207
0.07463200331778652
0.17301983445438285
0.3500687302029363
0.7553730126079532
0.6306222895958526
0.6866587575625113
0.6157793260556105
0.5449082018794073
0.25900051856484213
0.26228769436656124
0.4679544772652371
0.569366459393363
0.4275754452945496
0.5064892028957202
0.5357788135307158
0.5445909410434716
0.568401242999992
0.5268966334987921
0.5325269235275474
0.5684259656182507
0.6343429767043015
0.48052699737037363
0.650556063769971
0.38099238972095784
0.6293536292137437
0.3779168663301259
0.5059730545391652
0.685319746988391
0.30941444913300253
0.40222439601959
0.7064095859454463
0.57525515200549
0.7491860419171916
0.19907041231433603
0.4292044396119966
0.6323906015517738
0.2863316814504185
0.41499949851684725
0.4102335096345088
0.6718896910975561
0.27316511363320745
0.22904924532043774
0.21677877324285638
0.30380778500626526
0.17687438946206663
0.3837433340495015
0.6455366054358864
0.17014057675944055
0.2119837067473072
0.358981342494745
0.7069129774061672
0.14676193209310215
0.26675029386721655
0.3083844510952517
0.626140560128024
0.32451568005508175
0.6181473787777949
0.2574037484949698
0.323986825084464
0.5609887586366407
0.06557738044692861
0.31354965177500194
0.27739145869015364
0.563030715643339
0.41737215279494916
0.6440494387731494
0.22456936061991267
0.3630099859520927
0.5167539736145943
0.6438789586051915
0.6175180370028764
0.44998148145760025
0.7968022327371826
0.3793897891742167
0.379228175745105
0.40977420764454103
0.6849429318174542
0.5385392523246532
0.6391464887919274
0.3103654914400315
0.4866290319875188
0.606445832180929
0.689612257139471
0.2500483760643222
0.27721693256655583
0.5789369427461102
0.4349321473614062
0.4594382454862215
0.5650716589463437
0.27266387718251317
0.3447046702129753
0.3610788996886412
0.6121638768620449
0.4487221130125175
0.8153960589802925
0.2813088552703245
0.23081684265891317
0.42247769427311416
0.5270063795867551
0.18674584124654567
0.30150996893892046
0.5750166553317501
0.13573977368852236
0.2946319374554008
0.2651591406949901
0.5272250533524279
0.6747031842117589
0.322921855715236
0.34359386122280816
0.8460894823533326
0.47200193300741655
0.5360018404830336
0.32130351330605655
0.49859483276818883
0.3869360842067246
0.7396771391715736
0.21550669144344303
0.16956651113198498
0.45142912589880624
0.5445666462570812
0.5165849817723897
0.46393852072378705
0.7195157567469271
0.24504849862004244
0.5273949154397778
0.7381870229303985
0.3141036787690532
0.19531509424171478
0.3448961524564448
0.2587191890125697
0.6439414529140789
0.4440516551575588
0.5954230651003272
0.3297814783876191
0.5748771306876695
0.6909704051842243
0.23286762068495465
0.4325730984014498
0.6686491346618743
0.28162841706564523
0.1879243154761319
0.2670854165250879
0.2226636937762937
0.3456321622964537
0.35953986572459906
0.6671408416227416
0.4864766220727339
0.7806444273907429
0.4008728651965187
0.14796232407057758
0.3502657391156022
0.6681129931216092
0.3838150946163364
0.5758413382558147
0.5078942443654837
0.40127024569372577
0.559069133620958
0.6228296392262765
0.596039940891929
0.43088801740532146
0.588771733097082
0.41041675206541894
0.623197711113416
0.6127119352241128
0.13770803141585655
0.0808883940663567
0.2399392882736992
0.4258402566732609
0.44978733565410334
0.7489657182666308
0.197703003225776
0.19981406814450686
0.7169201400641295
0.4037986649574505
0.6323380585164406
0.2182669929574843
0.2719331918313137
0.48970008045050084
0.6342191784900336
0.37324272421579335
0.6088074146628758
0.30657486483898383
0.5361023695320668
0.7052712337255364
0.1766464717868428
0.2723239019560791
0.44599519873444937
0.7217045102465539
0.122692576918321
0.07534021430807837
0.32672890845837316
0.37730156346191823
0.2227361853579727
0.2988060037884183
0.4262962399964461
0.539316982573813
0.29133316826709166
0.23819129502426156
0.21542596817402127
0.6686350675830841
0.563922268056558
0.5835150920974195
0.14181325257189178
0.26557666608842834
0.5890090683307749
0.5950833241646464
0.7674164409374882
0.5196694088407905
0.7055599718420894
0.4899285174713743
0.5127688798143636
0.4215341418967272
0.45659722840999695
0.33124096526841545
0.5339871061425652
0.3037262220216013
0.13786953333734284
0.21049969581506123
0.3053144335388751
0.4307642632209818
0.6599909504974502
0.452889833975376
0.6654791516488511
0.5279084230586629
0.7287506588640631
0.16164324722471013
0.29805137184331004
0.24634538985395477
0.35436246716742675
0.1865378068142312
0.21413734362638742
0.4384122069665603
0.3740857529454459
0.6649105091222589
0.2837730627447615
0.5445853825950134
0.3102524461455516
0.11924742710928399
0.3523297186232221
0.511539442228343
0.5764912149158251
0.6282017029628795
0.4593644728000863
0.5895218483102618
0.245060992768725
0.5226099779396142
0.5469059407403083
0.7379506427987029
0.23734887432793797
0.616664292994969
0.39610879166282853
0.5566354584407249
0.3564467399114487
0.31673099038949465
0.2904454497254382
0.6480218531977298
0.3916747891482593
0.6168134212887181
0.3378530753108229
0.6427529487787869
0.5748909130779989
0.7443090265922815
0.2599465965082398
0.3710394545146818
0.4934543570959517
0.514167359104741
0.09966398422596678
0.31397772127942913
0.2664746567923037
0.5242936179152863
0.5948712489938002
0.531365767298688
0.5138877901360458
0.1343676933911951
0.7651918957493548
0.27389178892777083
0.15156135766517212
0.268473495261975
0.3536320299357669
0.39120534075338664
0.32810525099514987
0.2029653049159571
0.31106278645647073
0.6784460750631961
0.13917115603747193
0.1995938874207941
0.19426129764102673
0.24961075637129412
0.3722305223178659
0.5568873121075771
0.6701700234936021
0.5096936708803342
0.5465726443160093
0.7385161236621316
0.21056010175404413
0.29885437289479994
0.27850981123467605
0.1731400413652754
0.1136652791406139
0.18743710526599028
0.5211985298452904
0.7274444074150072
0.23848682435589535
0.2153888916940826
0.27952251442709597
0.34218849241711496
0.2946853068435433
0.5161934249138623
0.5286681145284571
0.3847752884851056
0.6053500399027437
0.4480618066310628
0.4376488108628752
0.5268337131899801
0.5589631587709801
0.4820045927309061
0.7179961636380583
0.15404555907266765
0.2612669220971972
0.33893447171349284
0.4372756352222071
0.48415856868050194
0.15884303878105027
0.24524727705952995
0.2726320609024569
0.29495431984396575
0.2187715016110949
0.5370117030697946
0.2979609464570307
0.6730992350693433
0.27148532575386974
0.37283645504269536
0.45837710897862116
0.5554973206470621
0.5664102319301094
0.6533295721527006
0.15451845748472542
0.22596879400545403
0.4257711397381491
0.6229049399049426
0.3020300046671597
0.5634501707077114
0.6254333865436577
0.4999322936072924
0.6502833007500536
0.339718440081201
0.3859121412561314
0.7840399799710703
0.36242444412095715
0.6388142205660033
0.33631175566637617
0.5568162533592558
0.7984609225723103
0.3400325442101951
0.19333562127874473
0.29621932642445287
0.41956846777607953
0.6666500675229845
0.32291368910300594
0.5533230703698738
0.6863367227557337
0.32179868322053506
0.2756799456100304
0.5598029988453727
0.19092379134787302
0.20863169812149038
0.41503451698357746
0.6129331296140457
0.3057296160453528
0.4400351135754878
0.500585806635226
0.453513268859646
0.6754576894963659
0.1616634523149745
0.1268441729564767
0.3473637829399615
0.29835200382880517
0.14966587630120823
0.15493008484070114
0.27018982936180735
0.49191738833386656
0.6888342857736105
0.478057961462535
0.6191048784338757
0.47538280727065596
0.5184262431642477
0.8256161744831825
0.28260181324999084
0.28403340481219075
0.24384071868349133
0.36811599162884395
0.3787358152494273
0.45319496546948357
0.7285382154496911
0.39479198875720933
0.5680569645649749
0.34837522595910536
0.5316514181635623
0.6428653281184467
0.21001022276118872
0.18293002861088423
0.18617838953630397
0.2091161567751676
0.2307766899087351
0.3784727303655898
0.5999417799695094
0.7257796708706384
0.454296425410709
0.7537287383651523
0.24902303440614404
0.1562731359209709
0.07401173176427074
0.24106339128887144
0.6326551399534959
0.7320190987224523
0.43074766224824873
0.48084458392603724
0.7170455785530976
0.27946931418534016
0.461277010458074
0.4440977333724423
0.7903248772393789
0.3378524599325971
0.36099071350274153
0.3857540996666356
0.46791492729144113
0.26993683181689543
0.28806325620259027
0.6572975333296482
0.8694564152243783
0.3588638873251352
0.6567478546518868
0.4456534925513726
0.5909120622978757
0.15365030161263615
0.14209348875571498
0.18397785562451444
0.09086765456995076
0.3423101750130018
0.5773422683999672
0.26297636405617053
0.23916471919001675
0.6587665463844219
0.43141656565664416
0.31656394407196264
0.517399037952982
0.4541802134094615
0.580594948739744
0.6124119788561061
0.45036767491518376
0.6413105720745701
0.1930318853856352
0.27915094742438384
0.3538196964734055
0.48032114852826774
0.41571953637324405
0.6549829743383765
0.42899869042672123
1.0
0.3825067053759346
0.6755602372886653
0.7497322144890959
0.4596868239449561
0.629253127538073
0.3106451458744141
0.41314899836354874
0.762753187409112
0.21310386509746107
0.4127796306485723
0.4446062195047455
0.447708091150358
0.5723646486473728
0.471773108653317
0.5247360943514195
0.27093431363228754
0.5823824652156167
0.7080147709422497
0.31007631223865434
0.4272674732433745
0.39806645789729556
0.6720280948892267
0.16724907613157955
0.20140522877413614
0.215908386962291
0.2879011885146421
0.6997632896914913
0.2124319679012253
0.5358793046060838
0.6978251758239707
0.20182267760783995
0.27896661589823624
0.3998350140450071
0.6535441337929303
0.2515872251416766
0.36947772192656614
0.3147616219704248
0.5646756743799485
0.558637581715203
0.5768975513089165
0.6128369674831137
0.6848802244997936
0.42806437483305954
0.6469207641225561
0.21934802179019908
0.40534258960257336
0.8418543118758731
0.3388512629191076
0.5192900693743496
0.5837321434969639
0.43118815089341883
0.7532270677009248
0.2702595554873078
0.2486353341625856
0.4436451961144537
0.5524821613942158
0.3721927429553774
0.7714786397853455
0.3132410912185088
0.3702393804369724
0.5649138948310441
0.8070183227275148
0.3080966428891827
0.2718779548808334
0.4213527192009835
0.6754004416412351
0.3540378687309722
0.4792455172565318
0.5781924453077033
0.5783126248516305
0.7057415687141048
0.5973742299191126
0.7375617907359182
0.18563668034655367
0.30780336193981794
0.5699058061989786
0.49275573488750396
0.6661034016152936
0.2122475366389647
0.15799911658608304
0.24755914686015895
0.27626787251806006
0.33561264703895644
0.6281166873248637
0.6054972429517198
0.6249177577150233
0.4879236233544768
0.5683281014353723
0.32649891622642824
0.5940940311230716
0.34500929548435527
0.5543383173484818
0.4638760456451754
0.30461291790941436
0.6738351624762279
0.3608067143971524
0.5764017860922663
0.21291135518677465
0.346661214254284
0.36384072063287354
0.5973824429325453
0.593951098793793
0.6326725306074218
0.17532549920055712
0.3031351354639069
0.4723068563389995
0.5095542768833777
0.6004790559508615
0.5778906843549
0.6436090074240927
0.29856319171548573
0.5965205741149996
0.33943570862361744
0.5556758708472984
0.5527705595817496
0.6291981108788893
0.619709453356234
0.6264257288917375
0.5708361976214245
0.6354012888590821
0.2420721454981644
0.3305366842048934
0.6071260645650443
0.31696702275756006
0.4338334800775087
0.5870840051635293
0.49213393333397765
0.6910655512046691
0.4157348824500472
0.6412481606831869
0.40526937342995273
0.2670516654027715
0.6669283806610481
0.6431289917464037
0.7440483074077789
0.40458295571302433
0.6174726867805767
0.38538402535570465
0.5609171168215263
0.3410095567760159
0.4118028077289154
0.6563173647414269
0.39615389366905834
0.6093502293372245
0.6833794544345254
0.43543605707282373
0.6601176635465886
0.10136830923497529
0.16727149235649516
0.14349647794337167
0.2259355301540913
0.4080710509507861
0.44823839089352263
0.6569383988847002
0.3352446101519029
0.6355800233299167
0.4796688526608132
0.6225136117840997
0.2153047578248839
0.42147685203435925
0.5520236782126343
0.3151746545077236
0.4649269387909905
0.5047723343216932
0.26719837250938605
0.5125039629499778
0.6425953920549854
0.36341992297422837
0.6069578736317514
0.2710915980660365
0.24765141681167294
0.2806562621646738
0.23918156963087597
0.18847404682234234
0.31361354636093186
0.30583245914144447
0.4241184757798281
0.644912447089485
0.3514215157066016
0.6342860326931462
0.7192872074649008
0.25851963483494633
0.5370040719346204
0.37460822760588514
0.5848727652997714
0.5744677885472622
0.3024415807548272
0.3331037251650492
0.5683222718599222
0.4925689461405496
0.5750916415360656
0.19869666781555362
0.28786072237479454
0.5301876170407737
0.4372137599926929
0.7490700876949488
0.43874956713353536
0.47408146055612277
0.5509455083545974
0.4096995458134159
0.4268651227548392
0.4571374613642
0.5344264572739951
0.4663934363971111
0.6924887262241495
0.44313330131680134
0.7215083181515797
0.2488182644544675
0.22891082665496645
0.2151237830777384
0.167016903643059
0.27342827334460673
0.5284677423389679
0.6760966823669775
0.11680253633710169
0.6185242385857032
0.4810631530895743
0.2602759108203542
0.3423303468266625
0.5673297128939871
0.605577866330554
0.23831965882068396
0.4930546771647304
0.6638792522027044
0.3982796703848113
0.42648421202591524
0.47926016155856294
0.6618999876989528
0.33959451720649153
0.6271131148914098
0.28471402142876645
0.5359085183111291
0.6140017673205914
0.19681986718399547
0.2393394138103176
0.3145212779299033
0.514099533759304
0.5460115448273594
0.4269171333024472
0.4604906220219379
0.4124232993368421
0.5983793864096688
0.42326791796115315
0.4649074731316545
0.7140103823370133
0.3353601681896234
0.7531278043111715
0.5290177407484539
0.5937538576660548
0.413331421294465
0.6441851141008821
0.16770154404195795
0.23506741560714
0.2962717186929249
0.21702853736996205
0.41101887300628953
0.6598924173855097
0.28843574413400763
0.20074500228279551
0.32256880020720596
0.4713429449777739
0.7991654639413572
0.3262178003678531
0.30918242529959356
0.38382402693630596
0.7522556024787149
0.6520825924045258
0.6765599265247022
0.20134382420724342
0.2977093198544244
0.5136970401061008
0.6433719569277068
0.34134402708810596
0.400933541574053
0.5905994071071989
0.3644136902777797
0.5980351248562025
0.6922479992484792
0.47564252549393854
0.6531562040277225
0.51323959574654
0.6062241231804305
0.4730069771956881
0.7662192378457933
0.08415725083394372
0.016207987450914806
0.2446746203339133
0.35619932947553207
0.317115545981975
0.3075075388471867
0.1915521572426272
0.20456940310735686
0.35664188891855125
0.5752354304744104
0.6087481933199882
0.49426979311408187
0.6662373465456956
0.5076941020077252
0.752279773675703
0.3260352919232825
0.414321046790728
0.6793256976631609
0.48415626192421635
0.618314866462431
0.28597186015972687
0.5633706211477052
0.25347008761084494
0.5672294101268729
0.6929323588133056
0.3305760345713358
0.6428411901650208
0.7386744801063201
0.055771126173770814
0.15577995571067954
0.2728181567348321
0.27894914119592434
0.47834732263618235
0.6347067504535683
0.713155879116796
0.48539206127957574
0.5711001342684378
0.5935287134188084
0.2581127353886332
0.7215270612334111
0.22553727795260683
0.2643853383682951
0.3284100568312287
0.23269829294247127
0.4632608043418278
0.6507697287935102
0.30330957634748423
0.4825909863877366
0.49586144452436326
0.5375421396259308
0.31180393968891484
0.4168129330166477
0.6734698332562167
0.20058922361493026
0.3109455705289313
0.7834746272714344
0.7783257875177464
0.34705004863338296
0.3866909263180033
0.5324805180798513
0.7197542347434343
0.09027866514853009
0.09548307824738707
0.2102637606648607
0.4126302395421409
0.5513933491400708
0.31576705448758124
0.5674083160793945
0.22426399554761833
0.5410945894689918
0.3023755494245229
0.2858384444735789
0.27892433145579404
0.31972145834993987
0.5515348566046024
0.42155758720586467
0.6079431796732876
0.27468746912510156
0.2737722589724686
0.36689131640169415
0.5354083825323326
0.16311042831317554
0.09828566670758965
0.2786481828154918
0.5200814962341894
0.7053718024732784
0.4579539703273023
0.6593080079908292
0.4652889427455198
0.7092840572089492
0.5031984358662689
0.6363547596549156
0.272150757783867
0.2596189102847888
0.500068893615741
0.4616487958030754
0.18251104438159896
0.3301107104802014
0.29388243420493965
0.4705912249035335
0.43226251358504086
0.5542109273330963
0.4565344986365224
0.5733634549660833
0.20295630973674855
0.43174519244332726
0.7691038911318545
0.312656930942689
0.2804240817149399
0.6077416372078166
0.4532688101395897
0.5764737426984063
0.5843582780086772
0.24939393799743884
0.36069493914353856
0.6152397463225698
0.3057487393272854
0.06442488358945747
0.21938121421835874
0.11807724589900644
0.242223110657934
0.26157194877680606
0.4850016431076733
0.7037512747470744
0.3192296401423353
0.3539998918485319
0.6047783835431669
0.4620042361828959
0.6551838986607621
0.4130514949741099
0.2294629608502714
0.453846290782264
0.8214548677208832
0.46036949455518533
0.6306754265353552
0.16548918899456283
0.34370057128610715
0.3904197910217483
0.49392465394705926
0.6275900927547357
0.4489235651070748
0.6466949850219516
0.6494860871883319
0.377379463835335
0.727918506418264
0.4068476281551205
0.33379623366059596
0.38919613358984445
0.28367865650058555
0.6097441243406677
0.22163125108293305
0.1697990732727807
0.28958170903135166
0.5026293887605487
0.5660391194421515
0.6458981626178797
0.12285169855911363
0.5538170760122748
0.48945061399065387
0.7682451930974485
0.3480252852672511
0.5578435874491593
0.5335441333003116
0.29248063285473985
0.5970115180029192
0.4578894643093995
0.5828693036529229
0.3215083576739988
0.5750378010794156
0.4536135151029379
0.6015120636904971
0.36733665493729584
0.2711509696658527
0.6073075898042599
0.6616615413750528
0.4986563305375451
0.5145533619496825
0.2029618828120562
0.6655604530050111
0.6239987391942186
0.4080254685672434
0.46357194784797323
0.4627672124577966
0.5054150058572063
0.4838035395405979
0.7542654002315161
0.24654385958817784
0.13744906046875968
0.1286242891267195
0.17465999921922917
0.20571512864516528
0.31110311237237676
0.3476376779300244
0.5600064629795257
0.5929015883168
0.6442083702441257
0.6782628455798477
0.1762723110031455
0.22010228262194
0.23278016845926378
0.3852447024567124
0.5008430037758472
0.762258100362781
0.19177056627735192
0.4309870168263352
0.652833854717535
0.26138919490571294
0.15188636859179475
0.49057423757581375
0.5195690355612038
0.32333476388486576
0.5922147253446903
0.38076019345787776
0.7351488662829617
0.48549947880242333
0.6633502084651249
0.42191768335730273
0.49452448196770193
0.6240523859025262
0.23182040130071951
0.32570534770003956
0.2767703336022715
0.48052968417399083
0.6453299958156418
0.48072622627941375
0.34140020598734944
0.6003451783126189
0.34329938969375884
0.6231106813082172
0.22725262471243596
0.2465243264707328
0.2511767468055932
0.45567901026486435
0.6292087973477354
0.25456896904145415
0.3184436457586306
0.5952432463895856
0.5640299783638887
0.3323731798643059
0.6099194197064487
0.2793470768545799
0.4448277518860281
0.6227448840006315
0.217073970140356
0.206167542486652
0.567264065340905
0.5224945659032781
0.6932641514644934
0.08517401915062356
0.10404516764822062
0.4309844303123712
0.5719712995946019
0.4226948773480664
0.5024580013841915
0.6420689701509659
0.34221806796693854
0.4005379635179883
0.18910723049158637
0.3442640499188
0.5539679969735454
0.36857479232277246
0.650205374212936
0.3356869686715125
0.24116323594915579
0.4943888747101885
0.718488791502883
0.3294895447321418
0.13507559597319482
0.09840327978632592
0.24096378635271956
0.2953150136740022
0.503874992460665
0.7189017071979751
0.11811899015008842
0.30935606092108975
0.40227560696203846
0.7469152593170547
0.36098245467348916
0.6945656833269819
0.6245002461476822
0.49413212455817435
0.5332721071014743
0.3300812755272271
0.6982759133866612
0.4189735833671774
0.5238618011402386
0.582633359213013
0.512611867329596
0.5282973300657986
0.5604061848233879
0.7894843156178584
0.3218846842708256
0.1725418307697243
0.32586329106426226
0.17940422740294507
0.4057669978990661
0.34191204709676287
0.37297991098026
0.3989661059622581
0.6085232985921027
0.21109277399711615
0.2765692751863118
0.4918803879809027
0.5467078766018247
0.22824382402138796
0.6489069847598063
0.22350441620431521
0.3796300049517274
0.628906556936514
0.25994847392956405
0.5499527270809578
0.603303657843751
0.3089834322065747
0.38269206116831667
0.5525022285171054
0.21689676234762248
0.5431440864759669
0.5751219177432532
0.4442513368209353
0.6846372049430297
0.5135794786361653
0.6571977887832479
0.7209655985589327
0.664976166200476
0.5179121562422421
0.6073483957618696
0.415232149603082
0.6287765957137006
0.2720725286921516
0.24284337919350474
0.38303767085759943
0.2545478353188993
0.44934751605375056
0.582777995542008
0.260671573338356
0.17975369968845062
0.5023890777828386
0.5550284529817143
0.4005680274226694
0.5406642833712385
0.3877871893267299
0.4637094887777534
0.3345871809945935
0.4983002326230968
0.5107119958620644
0.5312488513230996
0.2053674636919826
0.5295186213191667
0.5079310894185084
0.5073308747130265
0.5599219986001907
0.25721874432090047
0.18978822201259657
0.2511162183718024
0.5775721796718529
0.5684953128569363
0.24674397984473348
0.5966524277215177
0.5484204099346399
0.46558187379048305
0.5255776054414638
0.3027143127917438
0.6465868005836762
0.6905959209684489
0.4743823337437647
0.7774490349786456
0.3845455774047246
0.43338704789443727
0.7281973274453561
0.35281841520462937
0.4987044901756312
0.5155685375768553
0.33387455867179017
0.48297586127424397
0.549621042666921
0.6895747932102309
0.5477437774869748
0.560096331239632
0.6978788334723791
0.3488127703308274
0.6267748514498257
0.4137652938538898
0.4848293276502647
0.23067221909406566
0.4140929945953758
0.6557023446541341
0.3015377482302223
0.42471943179665417
0.5975374366685272
0.28397123468736873
0.561175024167467
0.6170257243389567
0.3000921287692147
0.23271017691127968
0.2631579730147401
0.3159419010773471
0.636567407670104
0.4876274089202435
0.7110154814405873
0.3918758879596096
0.5049093095624103
0.46222896985381867
0.6951843583964369
0.11831098182814634
0.24257774370025229
0.2045990383967286
0.49773155001817665
0.5868582590683875
0.7484147283062674
0.3644054826699361
0.8039781597909506
0.3548494780456029
0.40554945639483264
0.5686449844977973
0.606983859581513
0.5629660936981495
0.5962868889394545
0.3006722577879779
0.6342758100128751
0.7768519259578318
0.2976204029052733
0.40149554967604506
0.36898003967567145
0.46771042523817635
0.2663007545676575
0.506880266860521
0.29831576715963354
0.5922357401458542
0.2684300533468589
0.40570650365975114
0.6623667065322582
0.24517091819716091
0.15968227949913075
0.3056948821041727
0.32110678666045783
0.32981931502578327
0.3607612040107582
0.43666667396480485
0.5070772259426004
0.5646049898529697
0.5001293755364775
0.6168163676583338
0.4463589742526749
0.8799177764411898
0.20839492551538602
0.3712394929178674
0.7627510140493479
0.35777142433785275
0.4902524917123931
0.48408048304103435
0.5723250597972601
0.48054538148600706
0.7333711314184529
0.2850265780787993
0.42636361012495805
0.7454548895523423
0.5415469967422463
0.7979714306048675
0.3186242689044272
0.40901807268946433
0.8039720058204992
0.1941070525562436
0.28119995216411503
0.36781301207764744
0.45954891048782154
0.75302782780312
0.3855065023734267
0.488715142000266
0.45593472335343604
0.6100975974906026
0.5791875789436611
0.5040260367582358
0.27007645456489404
0.6086907178642695
0.32790298016580977
0.6542446371312126
0.5504776785258105
0.6030710464445376
0.40549263459196166
0.6799995381343491
0.2587836795555033
0.24299906695491572
0.5149858364813839
0.5751163177265902
0.6252370430179987
0.5830334210647086
0.6571348881179543
0.6562833065084541
0.5475351794077805
0.6176750955665082
0.3144497191255716
0.9224081632087278
0.22835492903170024
0.44885745104307595
0.3809565165160907
0.5836884663527765
0.541229573968615
0.49886665623449605
0.5121520668953474
0.6263152621572252
0.24324713905563752
0.5701503799620562
0.5277014412882615
0.39988576660683284
0.5774522812880107
0.2907109123995764
0.19643174244874534
0.1343848197838934
0.302911623984865
0.21611680475632392
0.38954240043106014
0.5883278487316261
0.5926514417186304
0.4183843216684998
0.5343800714572694
0.6343537462935848
0.5542469145113046
0.34258324312715716
0.3393771773446666
0.6047711879819581
0.7001240479550888
0.2509578224436625
0.5462256591181935
0.7343125810439315
0.1282969103997881
0.2064935342374235
0.37643886023734335
0.5881021837350885
0.3571578687814468
0.7190722237388233
0.21572915050300048
0.18731740418349277
0.3764881728840229
0.49494140507895795
0.49908883893712663
0.537077185430823
0.64946816883325
0.3692455055781491
0.5413166043046446
0.77585899507957
0.2840818844778666
0.5029866542127517
0.34128403438658833
0.3732424482803527
0.6146613008082209
0.2332959497748739
0.23497137407497315
0.3511656672470979
0.5329534097304406
0.345540976239822
0.5317978013428099
0.3822812198506548
0.6244198083238853
0.09759834358539314
0.33654550390038485
0.6071818785695581
0.7072551440338565
0.5460504872592641
0.658783382452756
0.2011288118125418
0.26071973205130333
0.185446804015848
0.22822823750323185
0.019839190163453372
0.4257681806826213
0.6642864922474183
0.3228042889920085
0.6677455459618727
0.5967514049079785
0.6667083602341757
0.5801194877702587
0.595247899341297
0.3898693172310496
0.6560646136670846
0.33644287656798594
0.5741801064388716
0.45138371834841484
0.6471282016080209
0.4652623561374386
0.5939544014399397
0.45250623072255314
0.6571692226911614
0.2203623647827627
0.27806614616105263
0.5173541110236392
0.40303439239818806
0.5343450889036304
0.5558410274869863
0.41931864670598085
0.6540174652326483
0.2927248915364522
0.4116980002500381
0.7149038545590037
0.32132494008644163
0.28110842468676417
0.3029669008105944
0.45093313604281077
0.32981052724824267
0.5409233443857154
0.4949655080582446
0.3022332198152304
0.6895662681775714
0.30863339404309403
0.31557356805582926
0.3501544360417402
0.5432627529999524
0.2122024214252672
0.4329784996158914
0.520021760204599
0.5010881156716785
0.5199588299369834
0.3859257514637289
0.7065119527296235
0.24482979160229174
0.43612666200427613
0.6962375526370679
0.36282366881517747
0.5395576765555055
0.6756000420646465
0.5497078058178532
0.4657958752873375
0.6752360343769498
0.10404614884339095
0.10899026704112307
0.3608420957531328
0.35556342728200957
0.19322003023568224
0.22208469751793106
0.4509119406847246
0.48944885588629133
0.18627241609967338
0.25746218678804955
0.6511419231000604
0.3578012901209335
0.3256609945091895
0.5242533486392217
0.5620805508058264
0.24970694504862107
0.3906125815667797
0.241391602218249
0.37544851535580936
0.7311843163636335
0.18677052995881246
0.39610659112726504
0.5765731622015046
0.15042850772412203
0.17264683195224542
0.19897131484214006
0.4096529707938756
0.672956511508114
0.31251968276995945
0.5440556602717667
0.5378627049686706
0.7229330842731798
0.21606153756586385
0.32817000637079086
0.25212907139892876
0.4696129780851227
0.7105030540273042
0.26563744481042423
0.6497623877337725
0.5507342623103114
0.41165879434848235
0.5965695585333437
0.4034178008326501
0.6404994576065238
0.23513426607597804
0.15620422721437224
0.2715754653836855
0.515440404677325
0.35568058733965774
0.737088038090242
0.5704501847915887
0.5224848256767661
0.35672017302601866
0.5319065503343631
0.6029138436036624
0.49432191703362754
0.6685779260757019
0.4010874842223547
0.7338333303865049
0.2907769822288468
0.3006469570327439
0.3534525636589721
0.5232996831819177
0.26954274068486506
0.28760731489391006
0.2987550632483874
0.5855705436890697
0.3285804386548617
0.6463045047851558
0.8443149002818533
0.45875343359069304
0.37888020756370766
0.2641118940659407
0.6758814895495076
0.73915407380692
0.5415301380315936
0.7024795585326769
0.3685961699735654
0.47883445007190284
0.5959861878219556
0.40830451212956476
0.7955501880116167
0.28181151074735894
0.2077322330000944
0.173167175369967
0.19213321420456075
0.31355899623572553
0.2576971968143068
0.1852446109883367
0.12144363933288918
0.43404839321198374
0.8111885257441774
0.2492667089517606
0.30088929661764374
0.5277845623456504
0.7592700851331252
0.1817158269478151
0.15365644533882053
0.38913353370948084
0.4904609582926472
0.7321003794246584
0.42401160241325
0.4908169625358024
0.6113299296088085
0.35594969950523836
0.3920368457288439
0.6124565149766815
0.43350105840954756
0.5935943051633717
0.4454692848643015
0.6235660280828506
0.2643030377603115
0.3278383277480264
0.5241076697274586
0.5314354918716715
0.5093769402316098
0.2643075527414265
0.38204513280851154
0.6500002922265711
0.386697604139458
0.6845986577083196
0.4382386566966393
0.6230762832904692
0.4289462685385569
0.5776349727333863
0.6783598959423656
0.43082085094489286
0.6508483054908414
0.3592639186633164
0.6023861796388332
0.5395502887469283
0.5416542409076276
0.7377465918100863
0.22583883116243533
0.48564214191518984
0.7811021877207897
0.22939258043290767
0.33871428788283703
0.5182584630224248
0.418202522711592
0.7822065807065696
0.3806491349436789
0.5557961634915295
0.6878140628990563
0.3604400580967817
0.5657654870917956
0.29532263758622757
0.3215591518701073
0.6205142275440415
0.17513180912457715
0.15312809928827786
0.5072464860854496
0.5399738091581219
0.6491045537338687
0.565839695885158
0.6235134168392031
0.4551420361119448
0.6625118339345151
0.3162280118192342
0.5460438452730065
0.7284112745730036
0.2112903318217543
0.37008483806828185
0.48623454038006547
0.5497844345866705
0.7611649854271133
0.370641450899667
0.22724020623833513
0.33020187407454354
0.7903612103321171
0.3186840460802187
0.4113562957092753
0.5625264959648789
0.5155393795301116
0.5776983134542568
0.4019987052328199
0.4387066594088938
0.6412595060591146
0.3811121939533021
0.6242889565874665
0.6695747012182409
0.5399889479928222
0.5500257846634073
0.2068024911101958
0.11997893851542059
0.10183146040905212
0.22834367646752501
0.4768914862549149
0.5876208237713395
0.3121616241050194
0.6602434856368871
0.4381909762590066
0.6837175721382931
0.13684520705670444
0.15031405987809163
0.30421268108691946
0.3517746046395486
0.3166637965230238
0.3841057278474989
0.44211731366884266
0.6179332556037962
0.33790823608609777
0.46248167898744486
0.49957881991292824
0.5323736228200955
0.6086713513051593
0.2429309128820938
0.5895977958849827
0.25323972973545117
0.19196481746717306
0.6756870927378725
0.36955052602437344
0.33972343661063087
0.40716968724301583
0.5673643420107966
0.22790984422173213
0.3174314710596702
0.5685055622788928
0.3494398907694592
0.42035446021413286
0.5459754714409842
0.5644947442571631
0.4479411260233162
0.5246338515383099
0.3985243959724232
0.5246338556551138
0.7001424567773741
0.21569611108342357
0.21385651649194776
0.206444988122659
0.3152785170686737
0.21587577509568268
0.43276444100956685
0.6039529401253367
0.4152421446355154
0.6192593497075232
0.33725265648101443
0.6186694444896629
0.21713100706810903
0.5393533830764413
0.4049422011799977
0.5553193417626162
0.17561242809551642
0.30659229347082523
0.5879556510359422
0.6570541092010143
0.6334638054315432
0.7242117010454477
0.6013403277360367
0.6776896699303067
0.24896882772144194
0.48297705124006624
0.6211236567295759
0.33260927530362927
0.3700368770666827
0.7007596033590745
0.34380358582074305
0.35961268253303974
0.3550828844338836
0.40238897780531224
0.3586149325180337
0.8133124639761654
0.4602060560982607
0.42389864177770564
0.2360460663700304
0.2496912662678059
0.42084212574032986
0.5734763617819962
0.5031387540779083
0.6605553541918107
0.43416863366286246
0.39852218542874107
0.532973879353252
0.3804540719876677
0.634561324383259
0.23772933082793546
0.39285436957617387
0.6592398476546407
0.5674932099524911
0.7577373384114675
0.3836834994978752
0.5679199952848987
0.5248312935128954
0.714964014564652
0.2897752170012396
0.23836643236987784
0.5695759939186797
0.5561905809241948
0.3227668760071133
0.5288502526911336
0.5058496859170398
0.7025357340987514
0.4150385480751287
0.7500140539497441
0.4758958296951386
0.38185532301647235
0.6710792483931326
0.17484740890424705
0.21063610432577068
0.41852193118142367
0.35555533071930984
0.5292096161712657
0.25610841171221704
0.7260327150083308
0.450373188083962
0.6730316599067787
0.36242752599535005
0.42717112709182214
0.6607460299904058
0.1243240607321725
0.13264275400450395
0.43716042630340146
0.7609392012030857
0.29747338109841664
0.2999814425360074
0.23079921246920285
0.3576922836169965
0.5111383392710729
0.7607564295986999
0.34973124943882616
0.3234783777952913
0.604889178952289
0.5577002571383785
0.8098945154938468
0.3576914966891202
0.26172019435750105
0.21158148489551912
0.3994796532487512
0.5883991282869715
0.8975866346769458
0.3730303767222424
0.25075088733600936
0.24828232742378753
0.22773023080290775
0.2067739828107265
0.376336584377094
0.28630385767131206
0.3053898305446684
0.31720880396323275
0.3515177506093281
0.3317420787341691
0.36224724308743567
0.4464097203223577
0.2630834543525781
0.5621759163587987
0.511745049758164
0.616670456940098
0.30880226421715085
0.4370945378980543
0.517817153464287
0.46891974063564973
0.6571802752227598
0.31510588127845324
0.33147144676637286
0.23390638179853646
0.49599872183360266
0.5387629510230607
0.6543859724512475
0.6791132230258395
0.40502692524862116
0.6262931030333632
0.5545463045454678
0.7183679966890726
0.36128312708010435
0.31185138364335474
0.3196544203441415
0.42083596444685734
0.6283225474307348
0.22885110333649028
0.6647968299986634
0.6590126902954507
0.4137158840194122
0.5852338239307898
0.0
0.1949726463082309
0.33162527803668745
0.5057742327103683
0.2747986201254702
0.6472948723523638
0.5721499762944197
0.797695812873434
0.6045494704716691
0.7132147832574136
0.5504661242221351
0.62515916943009
0.4145905522044358
0.6062440431468034
0.14664957513523819
0.31007333480426236
0.6017718350324299
0.5244910709914336
0.5282566965751473
0.5729662203519256
0.3194388346800723
0.5057218149763844
0.2416933647592247
0.35140248078516145
0.6853907775255872
0.5522099582821297
0.63556528725853
0.34885288477658166
0.3684897310082179
0.41755983871364694
0.43080721606982225
0.685584637728126
0.38332279315772494
0.3673224070309442
0.5141659049914769
0.6378341244033535
0.7938457078738517
0.46693218008111687
0.7201156338145238
0.31707623165647203
0.4107004580676644
0.6429709097221081
0.1634601766461692
0.3352045395579378
0.4929026838601471
0.658347945993352
0.25756436616727535
0.26942571589913056
0.3813249125448407
0.4502959391048794
0.7373138293230301
0.13392449242218307
0.2810366457165389
0.2933488872950356
0.5682184602073038
0.6573776257769468
0.13364797384006977
0.2073057593097949
0.23185863406722582
0.2505270849542874
0.5827187790201918
0.4949332610130741
0.680309342048591
0.40869078362675
0.6296771601461023
0.507566278095958
0.7325605232907507
0.685621031241506
0.5771077976265919
0.4000119784043498
0.5201975363281836
0.5035616630824093
0.5248649497165774
0.6146841371079343
0.6090135916223502
0.5995946830474158
0.5779384253809137
0.513343145668245
0.45985708664743236
0.5761108574536761
0.27236406410596486
0.5611773622248611
0.6736725520669742
0.45986968806697276
0.5318955621032698
0.25973487666200884
0.2218269695047086
0.3546011445351072
0.5412379328482746
0.6867827540731408
0.17717874255498264
0.2515250816000644
0.30573130621422084
0.21395509347717845
0.4389994640304041
0.7090929826316806
0.32660460996929536
0.269515059052139
0.4375390221578781
0.5935955702239355
0.1107811841589913
0.08603926335629325
0.2532779820811426
0.7170409567026765
0.4400184398655453
0.4611670618710474
0.738371362362028
0.24872272688655728
0.19962892908510138
0.3023219615954949
0.35343365182828934
0.5438950815699849
0.2683334807319685
0.5071618982605294
0.7030596447962754
0.14826461039431976
0.23197879103978022
0.4599402852403105
0.4152417822221444
0.3126200647563133
0.735450333282859
0.3485660338136594
0.405090980598515
0.5971145493451634
0.3086235033008246
0.11220241193616799
0.22308639548069634
0.39113068833494663
0.7207493859674369
0.2583408703905549
0.3220302927181461
0.5822470048373395
0.6284923275734678
0.7954445604249487
0.33775931358441497
0.6738654675716991
0.25144338008586953
0.5487706560365868
0.7335396416042629
0.3162717735025429
0.2605519691104404
0.3224743374185547
0.4204977293595942
0.7751035300071559
0.28942217376168455
0.3487416872281519
0.5373638831514558
0.5390011216701425
0.7018339387524516
0.7132762683679652
0.5297435288546882
0.6629256077889425
0.5412608002152676
0.7457259927453014
0.40503151388033254
0.469378026672474
0.5775595925507959
0.3022717873523455
0.5124532753965587
0.4688869720912793
0.677890408798333
0.2553508118035827
0.158490775950402
0.3000971155776541
0.5621677899124199
0.4945014409448502
0.6097436264397951
0.2779712505531031
0.47221081261964426
0.6554339221976844
0.5924235458237654
0.6363323054231557
0.3601766602871803
0.6514158761207237
0.42386243542981505
0.6303711445842746
0.34236052275941614
0.49769146018587607
0.5041410870346871
0.5997134101834732
0.3916453781503176
0.6589327343656833
0.28707000213934164
0.5078345568862425
0.7131749658866915
0.31824028290177464
0.4706637807310401
0.5782018845634485
0.3761966227543613
0.5008566185508897
0.29334209343237927
0.521663168974262
0.29842255039132254
0.32153946079116275
0.7271236092277068
0.4485500479311511
0.6584762868197982
0.25814925015597695
0.32944620520796764
0.6654957472650281
0.2582540725664901
0.27856946161902624
0.26156252824694115
0.5147263598757693
0.44531104474789607
0.6969857467439596
0.3314147099233406
0.5846192929411484
0.5351719571034274
0.41151120507587485
0.4464937767446816
0.49402541492983026
0.6537091143897816
0.26971469906727774
0.36821339311414564
0.6722060312871793
0.3495142288071635
0.601378974721157
0.31518069938173504
0.6106019953005698
0.5475492841970155
0.5124456409832057
0.30418387081888754
0.357378436997753
0.6614566715206897
0.2409032670684243
0.21981124731285823
0.3681135081719519
0.48797033999709954
0.7377485633943281
0.1508197714337705
0.36200289224885573
0.5891821637647638
0.2314327096296349
0.4565636818014784
0.42623011738152006
0.30434411069050893
0.600391368672733
0.5099646074333304
0.8045737376311415
0.24188021515116337
0.2534499082447682
0.4672000218578187
0.4643917963952777
0.26174239614307276
0.4461616758544549
0.669032650371438
0.2805499903180972
0.5388846954253358
0.6468521249731707
0.111294851701336
0.41970051444541184
0.5615615106334415
0.29336441308286065
0.5210906751623781
0.33819149962148803
0.6365248954774808
0.676143428413645
0.3676112368291572
0.689746448477507
0.20290556464569526
0.38935728404481856
0.6452883829325085
0.22552002843960062
0.25783017615678566
0.4632607511203227
0.6108935308796617
0.19575246902931984
0.40028256043315674
0.6562975070137194
0.7978671691728809
0.3084981743162378
0.34568932514402656
0.6207077596093779
0.48564662839202116
0.5018894368675241
0.28212937478035627
0.39994737196137137
0.7298569137775128
0.3004471356480274
0.31669710718222166
0.5908446018100278
0.337528802863989
0.5885249441291174
0.17508109143692152
0.3845133185038311
0.5912141087962466
0.43270810452225117
0.5759958016632789
0.24064244711453905
0.33596819569018443
0.5958882919520786
0.23375135259863966
0.6506811582945782
0.1795458857027511
0.5156553602938578
0.4345165169669037
0.3828837300915574
0.39395350969793985
0.6515932081771073
0.23269506715659252
0.25729676670102464
0.49869246923900923
0.2444575133855646
0.15299087629986977
0.32027674177982757
0.3672247374210438
0.5304983311632835
0.33246276093890936
0.722584192802197
0.6451937073356224
0.6886362260307662
0.4097112846527588
0.6283556608046813
0.45419048103926285
0.664946088918519
0.47364840312759504
0.634244091394358
0.6580830226428754
0.4441416250695293
0.6765270358977137
0.6954746344941868
0.27025528062833754
0.4689210708852671
0.2731782608130953
0.4073438172490539
0.6858884787873728
0.16978403549432
0.20182570477271697
0.3294889055031055
0.6195107352371552
0.12235855305423188
0.22236592246516834
0.3946774007866078
0.47860257067024076
0.6283832002324056
0.2587184999642004
0.36938174368197524
0.32813896477937243
0.6463114687941536
0.5587431493367645
0.6691746359258219
0.47038459896157153
0.5387924401312552
0.3095757782323666
0.2717338269697972
0.26615461093773557
0.4091242063172234
0.7473278663918
0.4364253694604659
0.3367007854861684
0.0891795088340548
0.43467836321139053
0.7170700345619897
0.19537104341960987
0.0818545735299289
0.1928601301299172
0.3163286062318858
0.6642283895553815
0.2404825147808116
0.5176270512695085
0.6106688155276061
0.2751459237268674
0.3456210817734993
0.40553803688906637
0.6134237920582857
0.48620959071982733
0.6063066090868218
0.5518245377470762
0.6862162744376519
0.47747694233405186
0.43722961485849193
0.6535171247339606
0.7239116322701509
0.5221859334618848
0.6581246365962382
0.3129768927159742
0.3252975094129998
0.2524424670511093
0.15518740348266763
0.34942424972522984
0.6282891695770177
0.14876410466201428
0.15870312113936352
0.3106705480929743
0.5555046223279606
0.5605976349401777
0.41020975413521193
0.6963671711447984
0.31587485260691944
0.3983748843438407
0.3684863488783525
0.605935840885469
0.4375716695064968
0.5327028754979952
0.18789515509180213
0.4090135259872987
0.7201746891076651
0.16914075415312665
0.37475011646091533
0.19966298106994565
0.18235240603776337
0.3700694717101584
0.715144967599429
0.278892656359306
0.4070351322578313
0.32770657795602465
0.6533374374333393
0.5459801338960036
0.436398019573786
0.5658807768463819
0.3055483584265962
0.6081331141914182
0.4685956465369021
0.6062020101731925
0.3958756843706091
0.5661202040239075
0.40420705167727483
0.7060672057110101
0.3458798057565091
0.5616297519986735
0.6850238727781556
0.1650030486347136
0.25084696297676723
0.4641790375250568
0.6275114974076546
0.26536739970346424
0.5400839523809621
0.5017623688938497
0.5400211024676809
0.2996777528308641
0.6291876684347685
0.7416393980932416
0.20214593106561904
0.26219026097694426
0.4260651583709397
0.6308743738163328
0.20031142065536295
0.3123393205524464
0.4485640856484489
0.7557833108193239
0.35903174743140936
0.4178319796750475
0.2898651850966121
0.5157383633563023
0.2655052738805536
0.5815962425100076
0.5104493538712861
0.3455586533655853
0.7088360158071965
0.526265761128736
0.5645260279764455
0.17966502173288332
0.3127520516034393
0.46975878771514284
0.6490865461399555
0.44402267709252585
0.5838285619232433
0.455394245375716
0.5068255557362078
0.35939583710977974
0.5282917134421614
0.271756100610544
0.5635454171576528
0.34582655822660613
0.6611426982076399
0.287592883950042
0.3985453937563782
0.6202132572359006
0.2982912998786793
0.27337738720784294
0.7011329398104892
0.41704046937477907
0.7251094094175216
0.29581527065315244
0.49460109165439614
0.4964843194500795
0.3024112023370919
0.5089713270378364
0.20389705477008452
0.302664161587584
0.44316032266117084
0.5246118579960344
0.6772199382204105
0.3317487080905416
0.47311676711994766
0.261177745285752
0.4309454707965701
0.5662697766131257
0.23715747391338038
0.6044328287880186
0.6789500020369346
0.37681598960680096
0.45356426392586613
0.2406328555022186
0.5757967870775569
0.4733253978535453
0.6052143277739981
0.21610225808168235
0.1934426518813265
0.5340824339053396
0.5802135702715799
0.18290547968230128
0.2668962525472975
0.5091298526288367
0.6858932358193561
0.4072018550093791
0.6626599397253443
0.6717356710567657
0.6106229350692174
0.5054330308540921
0.6690511260038198
0.3798140715306805
0.6655402736712362
0.5347929797062576
0.6228745408013419
0.20492060490364974
0.32607140908215604
0.469443381722044
0.5123603439145312
0.5024535339582619
0.6411956652370981
0.6818279821937625
0.4377763412547774
0.4809844598377075
0.6966603210036698
0.3248318993485772
0.6183960175100108
0.5421504991224744
0.6378323595408205
0.4881647925313233
0.6482728044396449
0.3714723374665634
0.615076533312622
0.698264561329136
0.8219184946365158
0.2925439444732386
0.526135526683546
0.3996221386415856
0.6436900047829164
0.18266323768568685
0.32182949371776653
0.3926617329674449
0.5928376341611373
0.3007737240811747
0.40721010859754764
0.379876926163806
0.7222625514270957
0.11219167788569172
0.3247872649936239
0.6378667252517053
0.40924972300465395
0.6915987554055079
0.3213420188888641
0.42048593290412567
0.6858097668926623
0.2599335303299675
0.4025962062262527
0.7254056346360496
0.5148629985308645
0.7826560764815155
0.3065781576224442
0.45037906005070044
0.6793930312118523
0.5129104370477566
0.620424728128287
0.275884397832947
0.2346533147837515
0.34314277649605673
0.33099989623490855
0.6719123393103502
0.7306466681149589
0.4118901947513547
0.5845790077475205
0.5284551764730879
0.746522400130666
0.3176454263402915
0.13027391656269918
0.1786078296028755
0.4508202200558665
0.6059601925218151
0.14445272106408177
0.32440353357383145
0.5075749775330475
0.42770405794358307
0.5990720634619326
0.6908835795829996
0.45102668707978183
0.5933716539914291
0.30609871378527664
0.26782961571086616
0.31012582836454233
0.29770898135102225
0.42576498811504343
0.6691853074543166
0.0789116624329096
0.13544212444978393
0.30627245540686304
0.4242800196429685
0.5247542416526797
0.5116272730575144
0.5998998436923383
0.16895139901892828
0.07845626096106431
0.3071665118462123
0.530484060986464
0.6116837074347666
0.5435779081016088
0.7565292286789228
0.14597190233895965
0.3767616855730027
0.5521274541235963
0.34845571330033037
0.7009234060849225
0.41285989196281525
0.3243954690177932
0.6431474599376105
0.5219018749059333
0.700513018542814
0.2819972762130477
0.575397507967113
0.4601459620998511
0.31879187108182344
0.7355774936449324
0.3552865485350213
0.7028277958488538
0.35833527048076563
0.2988443274222344
0.2632981927391452
0.36782873378478587
0.3504055430088089
0.34731722295390205
0.24995885284250663
0.3289101126928474
0.30752878451583326
0.6599071635331109
0.4590987278258757
0.7362096367072261
0.15898668803226254
0.12283523162018627
0.30656826775114954
0.31226986843483406
0.10181154906951133
0.40967701203273943
0.518815248959957
0.577543644872345
0.6596391434937109
0.6995364307840638
0.26754414142116867
0.2521881243363658
0.5681594672289024
0.48559853409740933
0.6449300455289801
0.20115451910390894
0.19919207727314975
0.3004587215211474
0.6050218254432762
0.6306732460637984
0.5253968129716399
0.442235865522057
0.06031815930715291
0.14068844765171798
0.1320285716696269
0.607895656746218
0.6614572003777642
0.22565604284752092
0.13769425750830955
0.35800203413800963
0.7513832355902448
0.45367810182835483
0.5815589650677397
0.3239591036365801
0.25458289476349355
0.24849797842986293
0.37100481928664847
0.29971102560186486
0.590258729271415
0.4144817031717922
0.39677396700122086
0.7263358862623192
0.39835533008947027
0.401617711632307
0.6479513497876664
0.604908476139895
0.5698737150780138
0.5969370229102701
0.34997927331303874
0.6633979167546514
0.2403318973740967
0.666781722480507
0.32488226996039504
0.43314147486226195
0.5472180670039211
0.21527147148134929
0.519498197074904
0.6128879983401789
0.5324315691998245
0.44624205499632447
0.2755401107361816
0.5872426628076919
0.09822906479188352
0.21409356085116552
0.564393256729998
0.4627153472484477
0.6374638330600373
0.21883231381134224
0.27959706312359595
0.44228622416706354
0.49177902956653236
0.3480092629704833
0.3191581803922892
0.4914307432714741
0.4916076046625188
0.6030980762321615
0.25989075701360276
0.5064188670008879
0.762844375728229
0.3747372630928676
0.47667241927502235
0.6114148053290477
0.35310234883018454
0.5928524851419649
0.3415610654683678
0.5892284671523643
0.33192015827650023
0.5513395445089807
0.533040110578692
0.5365530062296535
0.5664649374619232
0.6846655905724002
0.3678348576704919
0.6820363561470565
0.5667195818450274
0.6477458131406102
0.5715053321369189
0.5397949726769257
0.21502878730503885
0.3336438623108256
0.3133288981763816
0.22629387484998748
0.21970074714731122
0.31501657352409257
0.5814102080276145
0.47445219187049004
0.697806415950544
0.20792919693915352
0.18405010948215136
0.36365107683753556
0.60928277624177
0.5115855788883327
0.5598788404593127
0.4326202874920001
0.7106602225379562
0.48480978155990556
0.37224997866153736
0.644945393654625
0.25507588404661014
0.534822045271302
0.7038954093597076
0.06754207200914782
0.1615111669450715
0.24758425276616958
0.4783583925812455
0.6301677734777744
0.4151319014774709
0.5181021545092386
0.7006329213670857
0.5520543077260411
0.6722455229472432
0.5394966664128656
0.694531746790635
0.07275756236022288
0.29539048235268295
0.45480021243619023
0.6951546634027097
0.2625344097880935
0.18085709359819532
0.16946999566328766
0.2284261542263854
0.4157313491740129
0.6389844895675998
0.5795683736359376
0.5377926600346241
0.8031889550918119
0.3358905498014789
0.5126818351713321
0.7379501844596262
0.5079102366908285
0.6814110546268154
0.28479483190645305
0.25362827614044453
0.6543606341813557
0.7089820865163474
0.29932833240980766
0.16444243971136918
0.5346845362838053
0.2926135065374921
0.2965845329584655
0.38358543918018967
0.7685475614827504
0.20908253186931777
0.18666906072687
0.36983176641433685
0.37203479347142826
0.5998863013847786
0.7046937811082558
0.26464367427027125
0.3089204948651663
0.2745426319003427
0.43332147052259656
0.6150580962539484
0.3478328952706052
0.7240023034953843
0.6535891389771243
0.3993496945210994
0.4537370037759726
0.6538244287890671
0.5624301025419371
0.735333438861388
0.2919468893974804
0.5613403091406032
0.7862448144934242
0.19727305297182857
0.08468865381121661
0.1887898236993748
0.36540248048237534
0.5645248453170726
0.3444353540286541
0.5677455059115826
0.7856617446072865
0.4548373741051077
0.6931586884548995
0.2403582466724446
0.4533270155608
0.5403564754329946
0.5743568987670449
0.44241853410040877
0.6107651684596968
0.34906235974793215
0.20595631261313074
0.22276963636404729
0.24913893493290895
0.5202936229288488
0.3057374551155011
0.6406315539019338
0.47276242354740133
0.40746809372976
0.6755421478713172
0.33556143881194733
0.22455409912511487
0.2897768816461427
0.3299746128946004
0.45444883592590074
0.5566376480134723
0.2638076095827756
0.2809568108047698
0.36969487644880555
0.5744478523208137
0.16864174096513582
0.43135710165285795
0.5700169528144687
0.296178477595262
0.3994388972525604
0.7166564134313453
0.25324509453021393
0.2381792982149006
0.20312595777153897
0.388741935485091
0.43324572319369326
0.5451536179696357
0.2460275509277243
0.35169704212416886
0.46647392045754565
0.702926386054625
0.1818929378444749
0.34093916456415263
0.7318966786421323
0.47304542118849235
0.6771152414792309
0.25479629550628213
0.2586181694441746
0.31379998136769754
0.6040741805297236
0.6751609735406034
0.28523898740697695
