0.2171552377735432
0.3490620831211588
0.699388080555214
0.46626881588851227
0.6628246021712463
0.4571128535326305
0.7113768910514697
0.40986837469467396
0.47095991648084873
0.6087235845587309
0.5269294012833312
0.6382083748186254
0.40664770285872914
0.5851565840857933
0.6114722187509029
0.5797300586403605
0.6220525064335718
0.49549853975151936
0.6712577803717714
0.2009416733550789
0.3782009968492867
0.4847424442286372
0.4272113638391793
0.7536200843836695
0.3775709181174584
0.6293117690285474
0.7420866827646115
0.5111360812127914
0.7020108164193585
0.2405672705406057
0.18984008778827505
0.39931572533203386
0.6010523356628512
0.33583334789969393
0.3463991092965743
0.49055711621995285
0.8134733287463521
0.3392875031656162
0.35889703348875496
0.3853293364165778
0.3352455657942328
0.5199041180659807
0.3703045972098636
0.6915871127997921
0.27754759656197275
0.27208197334361506
0.5431796851201626
0.7346405233424173
0.4254287364480979
0.4522919672638822
0.58508245402987
0.29738116674467824
0.44173867740844786
0.5603122006256963
0.6797277933090373
0.19301705510659403
0.3864644091318378
0.5942449319843206
0.21789528363702312
0.5016761640721914
0.7186379650372002
0.4030853683259373
0.5684192361463587
0.5230600789200502
0.49000288174189977
0.7113165405284864
0.23394450425145757
0.2865688322208763
0.3946069162903685
0.4334055838366144
0.4804885986413339
0.5749099541377654
0.320288749513792
0.3603273536270494
0.5813279677569443
0.549741793026863
0.6925677468521783
0.30531574248246107
0.5761324729248993
0.7583764130933133
0.35021995260420463
0.6463134511163549
0.5230746449549192
0.6596723862106774
0.4718491874990923
0.5850224217506601
0.18184275713894615
0.2761219041761955
0.48981405774883874
0.6665395485594595
0.3165700348409379
0.5918964139460658
0.5460697509643646
0.6006917077531274
0.6448949193237326
0.4387985628449421
0.7171136652276883
0.39226153027941324
0.6216956428193311
0.5256904700900061
0.575704252878834
0.2656536909390314
0.28792813415605345
0.6092421696385489
0.3714029391169324
0.6717973373021727
0.5213717597751363
0.6016447466842098
0.24269655459620632
0.5103082691275992
0.741595696907899
0.24741691801156473
0.3770257985822448
0.3802425013609187
0.6788238651300971
0.3180895727602433
0.5828165099246836
0.527060732306926
0.6123363777642
0.26810990616522223
0.33452526826319395
0.40726991177593685
0.6231352583137283
0.15026711379545948
0.24537075107420647
0.37496896779153066
0.6766075678909346
0.07530607785365237
0.14588012886861224
0.3317238039493219
0.7117894830292385
0.6287894754438869
0.807333504734333
0.4004337626435219
0.4507788896114656
0.6519959401004909
0.46028755420343276
0.5348352436048364
0.3131473360845904
0.5405398280570277
0.5748361084881118
0.6564277337984818
0.3080740296358169
0.5387445688369363
0.24841790447932133
0.6055123342316875
0.5063423120198132
0.7180238655409911
0.10411512937856837
0.19288560285195375
0.3997616787484979
0.47225958261134376
0.8529309231820882
0.6762689613308798
0.735411513047094
0.23005852918683783
0.33462977346748385
0.4519120805848871
0.6772784727976628
0.2739321096065514
0.3695492704810156
0.7847445703954989
0.4430525361220852
0.5919600925035688
0.6447517478182914
0.6325369708000093
0.7376700886385813
0.4712612055936776
0.7589301491240049
0.46744229471169524
0.6856632649023462
0.40057773688705434
0.5275969796681574
0.5671362220808417
0.8061643867480093
0.22368688870556092
0.2861756581180086
0.5046107632357689
0.6058010527644907
0.3222642944898215
0.6304417136582795
0.3670300289419729
0.589214307831617
0.6398971765822193
0.19511508551203374
0.40333402504022275
0.418667014281321
0.4382004166359352
0.4561220720711084
0.6866054842167261
0.6467375422850392
0.8007106796800539
0.3875939427146199
0.41842347430453475
0.3492858915486956
0.46576686780978044
0.7377451925176008
0.3404751429184283
0.6953566080517105
0.32786563640895244
0.5704156175541992
0.6566399350625097
0.4895868528731643
0.7973367721947043
0.39685137040301965
0.6155596103148471
0.7399943381347343
0.4919473736851229
0.6420094303840981
0.40649998835838647
0.7117212959061189
0.37710575792592843
0.5306140470327968
0.8300376141211219
0.36222782190717534
0.4424421928396571
0.4029864328527602
0.488403488124667
0.41015150741166073
0.6089989793729893
0.4872106864273531
0.6766959314081156
0.42590041338632806
0.6167843214485678
0.8054334086169364
0.35335278484960614
0.44809749120699166
0.7254241582699208
0.35036315673440116
0.21626532164613027
0.20960983471071862
0.22798242304373068
0.3116741941413129
0.3389984862623968
0.38097998570090785
0.1823586687026483
0.5073725697448975
0.6781335389381865
0.529614507274919
0.7942190219608742
0.5901616732155075
0.7322582395879476
0.507619317164222
0.6894969999288819
0.34151184738511314
0.4395073444381513
0.5768328902135048
0.15211863151917726
0.2559928563470347
0.42756634029945084
0.6769394602970104
0.3542719663368916
0.6043408621832665
0.8013065217130098
0.28473484553980044
0.380527146821411
0.4899453608350763
0.6534907123379372
0.47356087343105985
0.7854171553115602
0.21542253309750198
0.13267981434884626
0.1686298445843153
0.31529096846620586
0.5943858962948497
0.24967670289805413
0.3520002650559546
0.6774684917740021
0.4521178360156821
0.5446526107961484
0.6642118072037028
0.2903988211178667
0.2567729237079138
0.43759572374155753
0.6995457490186988
0.7293594230095412
0.4595904777440115
0.6353844477435625
0.6993539874966405
0.3995633248234928
0.6415853525062579
0.5846874385842072
0.6190753413835118
0.4685045266452615
0.7193192322824025
0.43154854114235414
0.5042874445252489
0.6096595467396931
0.2401553237365326
0.6146914967667719
0.6714265407583591
0.40693981651217165
0.5744950270440365
0.6313864568115515
0.8569561393818499
0.5592083741876314
0.6212835295408788
0.5010889646872065
0.6342548297539203
0.5950056043418149
0.7804092056488358
0.3182764181451173
0.4531486118542338
0.7148645544871826
0.7395665959621494
0.6692527764885142
0.7816827815830804
0.15832877200981815
0.29100498271359304
0.36777986359224346
0.5638089137164037
0.7029836168815884
0.24794850373880994
0.3872742692039399
0.3064649505161315
0.3556835361220629
0.592993611513087
0.4832136083752306
0.48913701098962886
0.4349977806432109
0.7129683557276487
0.31179055611865486
0.2903693667249175
0.42369222206919355
0.46928037299303493
0.7383017892778723
0.24197422362262913
0.3573808473927735
0.47553069478507853
0.20070291580464644
0.4984606027540738
0.4675719658632139
0.5573421407728204
0.59030728823123
0.5306656882830635
0.7824022432925657
0.3125921908513584
0.24800215347395102
0.5455045853377377
0.2408592143425947
0.5122490632466382
0.32742986348922576
0.6707330357956657
0.3861390696822108
0.5052400500319362
0.6319301891091289
0.1990120584858925
0.4496751233881932
0.7545481769758741
0.6029260959527611
0.7358693911026829
0.4484159831344704
0.556569501553727
0.6895170426505677
0.6740659568189014
0.6268141574430905
0.5753348941337381
0.793700028842598
0.3829110382234531
0.4664006117269365
0.42061741780486145
0.5988309508876657
0.539623361662342
0.6525110567768234
0.5211244484901633
0.6439592936330574
0.26207885289501803
0.22600343553015056
0.46499674525037066
0.6591580962754056
0.2709507369288932
0.5078392448790028
0.6511312678410498
0.35519880826818656
0.4890676684069519
0.6166428705776605
0.3668965062482372
0.3940372007151728
0.48215636993628413
0.7148459989063922
0.5642738787216282
0.7798189222828623
0.3132120750784169
0.42303711446857917
0.6086984936493546
0.31313748451626183
0.5976655501314422
0.39515726662275613
0.656123071363986
0.3712565146589925
0.6417874883218948
0.5879551222572174
0.6742328756668166
0.35176170826560343
0.6342512032365359
0.558950261231835
0.4949626950256137
0.6887061052897123
0.41486759485828945
0.6741297967764424
0.6044667607630575
0.6184264011191323
0.5654950047867957
0.747459459908253
0.3974492494155689
0.5140185281433833
0.7890510643849661
0.29432506248697315
0.5939763876269271
0.673557547425871
0.27800574331682576
0.5377142816949313
0.2364133256502408
0.29774011374694376
0.42550748810488054
0.4604703158658195
0.7320610467810551
0.3225140366128368
0.1907876857751564
0.2503864375581543
0.2592141105018826
0.1808642995798145
0.38163742276352974
0.5773390127149528
0.559336531185381
0.6316341578455877
0.4134903278654
0.5721065144348472
0.6063159124392863
0.37147309702580533
0.7165797126994687
0.3182943875417842
0.28003251811166746
0.5772877556152949
0.6854778630369877
0.2914949151587441
0.3264889819528616
0.3525148693443088
0.5165674843792029
0.781552966061532
0.387696220172402
0.26922215758308965
0.27315010797857736
0.17199271591551168
0.24203916630664254
0.23307673285578534
0.4209252938830621
0.653818589087079
0.3648623959050896
0.3191193668765682
0.49731591174625667
0.6071502336931173
0.2849073982277238
0.4696647030279252
0.6269483546032514
0.41721383878663026
0.5583433189568437
0.16988362866174744
0.29064879606418326
0.5179735044860134
0.6878467609223021
0.6318237324439099
0.5807763169322891
0.3904649505395698
0.6971697691598663
0.29947848335867633
0.42026284243194395
0.4919518917020007
0.6181978085532065
0.2943440790742984
0.35626538678484154
0.6271673154058808
0.6774750493722721
0.4532861294351438
0.4445150204122862
0.5639590930970847
0.6737705205181702
0.28350585319923255
0.326225801836042
0.48460864398943543
0.6117968422504537
0.20339252896010687
0.309612205749653
0.32628905332039926
0.5013751176571638
0.3799292997390734
0.693858115742052
0.3303999261049519
0.2681668707873534
0.3507560117668037
0.7169663836213418
0.320836666944478
0.5986705312040578
0.541998166617012
0.5345183376117675
0.26101799117084834
0.5776261667621859
0.07406055325203853
0.3435120595041049
0.6848221072194391
0.7177924258105408
0.8115216836739554
0.2899493957305894
0.16701245421625877
0.16080921561769101
0.495004410902255
0.7376623375061904
0.44189762574668384
0.7451095510758213
0.5339232393237111
0.732678099331417
0.24136214095401876
0.26319890201165086
0.31812559857059497
0.7005316232266331
0.3880365326713509
0.4685471104780986
0.4612749459182818
0.418351492604785
0.43092661298646323
0.5538355022723618
0.6775019558956578
0.4228891397586613
0.7367290580196205
0.6337837429185211
0.637565499346763
0.5496085235542006
0.5608159469313145
0.3597885115799846
0.6135852282948762
0.41518837259155017
0.6966420161341963
0.5551945844710896
0.6243900050941523
0.3397345257564944
0.46817771356109605
0.6577943263654301
0.47305258601463923
0.7360422856111418
0.26248868192253594
0.3470215914134925
0.3714673182721187
0.4753430010691755
0.7405989261205423
0.5252742803884117
0.7245693900364376
0.5755416637928403
0.5194227314089099
0.7162144138786919
0.5501026305538377
0.6167337376150884
0.31516087137616766
0.42296577829424337
0.6715859623193994
0.3822821492386357
0.49388143036900367
0.7746801459253644
0.2759171789543146
0.5787344116890007
0.6846361294316242
0.5438781195303398
0.5301404811286436
0.3053476939439195
0.5967371596973938
0.4618849490339344
0.574970789562805
0.4350357214644668
0.7065007913289745
0.2636096868036745
0.2530034631454267
0.40955036616678897
0.6314557565931325
0.5885962492530474
0.637938119451731
0.5030192232463846
0.4274998357811637
0.7953126097094328
0.30556244272138017
0.31419591500087735
0.3308849190614896
0.5922795197991944
0.6560345517820618
0.6328989703564957
0.651849663750162
0.7532420175541293
0.4009926695418413
0.5655011697783562
0.7474249676508925
0.5533568631603073
0.8167813304370669
0.46687325666399676
0.46835638463997453
0.46860677726328487
0.30795056656551123
0.39373200036821077
0.436980943234974
0.5629684107045998
0.5688045061316099
0.630532246820137
0.6052810713007396
0.6981697001883485
0.3433824999613457
0.5791271677625518
0.5852279302444617
0.9402349390373171
0.4977804803160283
0.5838026469918802
0.5343987729549323
0.3696373679112091
0.6955651677684264
0.7993847812943518
0.6482639133578533
0.8061666235837991
0.2733456021385135
0.2489976840285245
0.3142937321041724
0.45718239673365535
0.6080308523801943
0.6688976141171004
0.6880156392042392
0.502166035630124
0.6140018858697383
0.2584083993416447
0.2620103630138703
0.4593497797739839
0.7666220909407875
0.42775367448332924
0.555530149872964
0.7332205938586013
0.7205321061597134
0.6451837366486951
0.6132006850938869
0.6377528878311037
0.7102227416474852
0.39784044707432414
0.45117562395345157
0.6517607130005811
0.22444295199919348
0.22759416464961932
0.24672566599654358
0.3458616753014489
0.45693082330487605
0.7176393781513709
0.18391576167400636
0.2538287352460612
0.22934826876214087
0.3752654323408263
0.742854526309936
0.30030277461825744
0.37144600103994824
0.4390300575436092
0.7392668156583926
0.37292572143552066
0.3892565145499141
0.5722343683680581
0.7289648736031141
0.4408905324187948
0.5367639462217877
0.8293461156932733
0.3503968449620117
0.33802763759409926
0.663034335268794
0.6476660700200831
0.7410427443333747
0.533322677630955
0.6092083273247582
0.3192668966752578
0.43212241382410965
0.7108462978309014
0.31734751883687085
0.5492258326196582
0.5618057048460973
0.618397387107664
0.1974595229159338
0.3664791270897754
0.576909866399814
0.2477885246624635
0.33498901548943305
0.5715845468399868
0.7260648214116233
0.5535445300215556
0.8320805123446378
0.46246288416110565
0.47252087300441514
0.637930176619761
0.5618459638041333
0.7098187841131809
0.38636095507881474
0.7381235000083005
0.4684218398575375
0.5740019065046502
0.17566649998351755
0.31364387442307523
0.3900237994042848
0.4578067061640372
0.6525839329438371
0.5708632735478014
0.603418518278304
0.6575454968514312
0.6550693372016689
0.4949007895767728
0.6776681325068367
0.5256143931998373
0.7225148764980035
0.4695474483615597
0.6155413208693998
0.7649005758340648
0.5871699526060193
0.8772711013332307
0.46599387200571035
0.6750603344140177
0.7867386641856383
0.5501917680506684
0.7748550025008075
0.376607194597924
0.4749430756473038
0.6685380267202528
0.777543165336919
0.810949900676625
0.4642873522547328
0.7256511121122021
0.5522413577301176
0.6130920328607394
0.3946273310607314
0.680379656503466
0.5830236976157255
0.4112779530124191
0.737127294460714
0.23351843318214863
0.32658009698937074
0.2470538897129603
0.22476438559737535
0.28640177331100725
0.5044949827823959
0.7078040620775681
0.27387355588528073
0.1534612518270498
0.4693155262719919
0.6197757319611148
0.5551338143966377
0.7518509912422356
0.29438360517172424
0.4834887703660899
0.549068611521234
0.805648954574049
0.4493558237141867
0.36958067593148786
0.3485873375012433
0.44598697049523
0.6715045989752849
0.7955426953762806
0.37853941342972647
0.32272636592114134
0.4015935295781139
0.5288620034912501
0.6577778483846772
0.5550869770218271
0.8318253057687258
0.47622640988230536
0.5856532282253215
0.673793100924663
0.5864156393571269
0.6321623167205023
0.22656117949254165
0.3836265847246692
0.7267010967475093
0.39677083660212487
0.5670057521734713
0.5207572305200246
0.5917878310363143
0.6099404814188307
0.34626296623210806
0.5755932440894715
0.5531156764060229
0.6498019683370269
0.5261076186186351
0.7007891563854566
0.35722798492324687
0.6618956363559176
0.3344672785312472
0.5787825816299653
0.5375992623077277
0.5860050606637884
0.49131385676265776
0.5469685200875206
0.47497850439338807
0.7580476516788227
0.31924356324958436
0.44531525189749144
0.5715169049511177
0.5613193492548381
0.6704896708133112
0.6172076321305873
0.6293760660603784
0.42602506506730464
0.6160230232585363
0.24741914295186554
0.3590040882148027
0.39525409152636215
0.6779916684633346
0.523022451011227
0.7964909408122716
0.3629085125907888
0.3154110380856215
0.3126963969924884
0.3129985998991583
0.25139161285636275
0.32605601715487037
0.3827432776438502
0.3635305290592341
0.36800405047637225
0.6855152609462459
0.6070537433742892
0.6183761444565831
0.8413505162294642
0.46530226430254445
0.7743722461021147
0.33076576640660116
0.3228840964568766
0.30404808681120127
0.3939318052651694
0.5901318817205804
0.6643018205038428
0.34047746126473516
0.592646120802055
0.38317523283120003
0.8164850563800427
0.2980454736556287
0.21319204505631673
0.28908313255564055
0.3182612564329526
0.4047005347564734
0.6802274318626498
0.3186072863142353
0.2436945944523711
0.48123166002161805
0.7711932401255686
0.2814141638684489
0.558747449912267
0.5379077255346203
0.5495093666238492
0.4504267345655263
0.6893521522023253
0.1551575852231051
0.18125726099041
0.32158015285306885
0.5744702884713855
0.6472082884329025
0.31494709297238466
0.4288949345410673
0.7277895489167786
0.3858214288860256
0.29952016878812593
0.4094356787861501
0.38873837675890444
0.7230734183816341
0.3930820690174951
0.44203231260794096
0.650657216995048
0.8163234826154273
0.4184679016459924
0.3915696827968793
0.4557049600940152
0.3667879992359951
0.26057066068201323
0.2470370996106806
0.4327329535542498
0.6903936343358187
0.3989815408936933
0.43667849078441445
0.6189993662833293
0.2789071642835673
0.32136273911717267
0.23748007894357645
0.24984041535442728
0.5184491795531463
0.7860128520641979
0.35058955984505163
0.46000451638822304
0.4408297613685276
0.7969593095230392
0.34048160271445466
0.4677510950116285
0.8078128478515819
0.42649755437643244
0.5270386685783742
0.7790413052836372
0.3662938860886497
0.37096757715041023
0.5167818399536616
0.5364975893070889
0.2520274725495701
0.36332192409080377
0.6084092751483282
0.3706607787073453
0.4348827334410763
0.6395785893282829
0.23395139558416997
0.4172272778205776
0.735278159363852
0.7504144311339656
0.3976689548323926
0.6257929361176424
0.7798676306841151
0.39429093017455846
0.6380201071555358
0.8119747488504939
0.5870283925682328
0.6771166034493157
0.5625098448651419
0.6318505634832287
0.43287573310886374
0.7108457289073385
0.4317447050292044
0.7067522319054748
0.42659220934742553
0.5479607527487618
0.7008458285367282
0.2879144186597296
0.3799140162080961
0.4165325485889263
0.4879402194498904
0.33182288462724197
0.42758485010021413
0.5820882600703587
0.6057149221282208
0.15928327127977143
0.23018339756814749
0.4548412451202078
0.5665365687786241
0.3341774521717477
0.23066507426874597
0.27278124627742945
0.45027424950307704
0.6211485264070766
0.4640490330864672
0.6024984779316658
0.5555970437288099
0.7033026430398291
0.30925797636564406
0.47294366954645745
0.6929190565185018
0.35861845459653136
0.4276434667650563
0.6199437631083297
0.6870028177192639
0.4560150606528145
0.6985878568564531
0.4895809158381274
0.7267284557503608
0.4520810763810649
0.597065699336292
0.7302094612108417
0.5081530573877201
0.7358184446129944
0.46696470136088175
0.7783129894724066
0.7462762148565815
0.5603731074073115
0.7889789237610123
0.483834368060533
0.7326626225749128
0.34684775750787394
0.58335068620023
0.39824865885364463
0.49158011444580224
0.7154564366650125
0.3795397590821574
0.2859390988713906
0.3758458236986081
0.46068454087740474
0.4814658093860779
0.7412712111282252
0.47549407161281276
0.6350443032497987
0.34097541414630994
0.4033921934096251
0.5314755751004823
0.6064299051764632
0.3405228792094698
0.6564971971770768
0.610758649425337
0.6902629905155909
0.32786837355163473
0.1845933457173589
0.5176123662092695
0.5543063177270507
0.6444021465179005
0.7438810859629263
0.40656487174664147
0.611071352977296
0.6762765278665608
0.5962808851865903
0.6304232045307697
0.6160964527590217
0.6273041294362305
0.4215632363829759
0.6472687009785115
0.4734882617183576
0.5809688025965144
0.33589346787843744
0.5417437116000858
0.6747464710695872
0.37338393027116124
0.5187553421964124
0.5587909504028241
0.7795224425973756
0.229489218634577
0.30430693297754385
0.3147374824895074
0.5822788432279168
0.7376965128254724
0.5024478700097843
0.6098870042078206
0.8324370148229935
0.4785486361728414
0.7251670710297186
0.6886461240465871
0.33988037707128094
0.53031342279345
0.5433558398399132
0.7176206692912758
0.6715171256438556
0.7545445290398581
0.300409302966127
0.25047192327419854
0.5080817958699604
0.638318104546197
0.6497728249591564
0.6165584795945179
0.5924467594657673
0.5491107646271345
0.4877971537316134
0.6147651824666573
0.435792246050773
0.6161345043086508
0.306340379409081
0.3411560412360564
0.5406746393642601
0.548869888990328
0.46899413871810686
0.6902875978528431
0.24725300212312445
0.25840567140376275
0.2853954890649268
0.24973103288550375
0.4764960369170029
0.6331816780479503
0.6574173317556105
0.7678875237296183
0.4040071292423767
0.23140574000371802
0.14827651977984202
0.23874854447537594
0.291771466488527
0.30502376329784825
0.22072929488998236
0.254819032181087
0.4906892893212838
0.5369353520093865
0.6363903467066283
0.6307556048703352
0.5503339008835862
0.7716179622810913
0.2669943055979966
0.2848360973489066
0.33051269828073127
0.22981009692994933
0.2123575665578716
0.4311658987855741
0.6913051652498718
0.5094002435949715
0.7146680437188947
0.4036831857180107
0.48498224795294165
0.7128190899114804
0.5145933586930916
0.8038082667766393
0.6490420518491571
0.7204810107776456
0.34603160182025455
0.6064884569874057
0.7785901276979834
0.5374775243948369
0.648013295621997
0.25495452665610135
0.4951510775394194
0.6995752020960535
0.460208560033426
0.7412442221717237
0.4268032514222898
0.3654306234780374
0.29202996916204393
0.5815344504678336
0.7884474104303721
0.5421207099866402
0.8499599391759727
0.5800559250180399
0.6749103672888915
0.6720932936082019
0.7572414726878675
0.43571173698384613
0.5138124335447003
0.6899650681999254
0.13185798336003235
0.37066935400099865
0.2554332529458709
0.28855800124469855
0.48320252925977775
0.7117526448872441
0.30058798258660296
0.5138374963666886
0.6450726305258617
0.2980487860132852
0.3553800945264661
0.3003776081255977
0.3668815620824192
0.359233144464047
0.594578931548039
0.5787376387915196
0.6351862764476796
0.4217381753012451
0.6083729736619035
0.36364762411115853
0.6314467768350305
0.5442946356839595
0.5408015215651987
0.47112192678161
0.674787832156533
0.41143460109793295
0.6673003549748198
0.7840395003442773
0.25632791889657736
0.27779819121299265
0.37927627012291565
0.5848291635651295
0.3424057374382804
0.4733786455087898
0.7616759706460894
0.3604171196370654
0.63290938673492
0.8395700309899781
0.4392668312001816
0.4243124550034815
0.622445710758878
0.5512475899651089
0.8389425907420979
0.5567171598559291
0.7189688798260723
0.46535601915264735
0.7620607306183514
0.576037432347134
0.47373441135874717
0.7394403795940576
0.44216961552556366
0.5834948766444503
0.4277027262643362
0.7372798437038135
0.3053301250822481
0.5510470273720789
0.7954305098253173
0.3405017329388645
0.3627825496232176
0.5164862038661046
0.6720817427672906
0.26608489399630564
0.5047243552233267
0.5223711292607203
0.5843991115145754
0.346559437102534
0.6085406630581791
0.40994425448924426
0.5317163868346085
0.6004911180300718
0.653348393723067
0.4582696968279062
0.571324003299161
0.17850071065806491
0.2793258836702588
0.4884165612134715
0.6304014662223234
0.3198438002335899
0.28706553224684495
0.4916946378368966
0.5937701013189588
0.58533312466528
0.6309682730364398
0.35571523340026895
0.546917659668721
0.5283694818684268
0.7846405951089662
0.24734988344774833
0.3487315651198142
0.4909597744257894
0.7968274192936358
0.3304345668766368
0.40072917235573086
0.3805364958541168
0.6031178210056214
0.6188234816642852
0.6826202567610755
0.7536952748192987
0.4362805205512377
0.7665143839863194
0.29000414608796177
0.5853980312286257
0.6245126678217502
0.4692890120604551
0.7628170341536542
0.3927846853347135
0.33686229980172205
0.26453381266038406
0.25980456357893605
0.5136392822518385
0.46533892792307535
0.6579689765756744
0.5895574711349579
0.6957016857714223
0.20982957241701003
0.3846981162585333
0.48371567114444164
0.5727078111874572
0.2397429536068615
0.5716597122388368
0.7193336979900401
0.24047943028797153
0.2935079571199493
0.43286540297622944
0.524873759742393
0.5089568656254362
0.7250376400077693
0.4517995150107763
0.628791986657108
0.7705733554927511
0.29627824153638255
0.22280805134883555
0.2679460486019682
0.3038820864696027
0.5933174173917518
0.6638607728116731
0.3978451236653399
0.3611632990612788
0.4454214951363731
0.6093171528851126
0.27872170347765307
0.49435931820773865
0.697262424629941
0.45393417031969374
0.46304158187194194
0.5554808894190555
0.7454121931785981
0.43821875983946773
0.7299657717083413
0.3557827190446068
0.6272853058026844
0.6665312500441342
0.5464318742152939
0.6938930933347132
0.3442947493764425
0.39191711912389965
0.39392232019215834
0.3607531558987301
0.27302169620817796
0.3878846553131762
0.5296648479574169
0.7085100290186269
0.4559968278204681
0.6559074155837292
0.5169984675101099
0.804203178593927
0.4381422653674517
0.42724563513889285
0.6220369424547265
0.4662493967316733
0.6598480320103223
0.3684980336120587
0.37365060667296357
0.46864720017343087
0.679322470260768
0.8536903346527405
0.5977926669732063
0.6474530826799577
0.5368047610970323
0.6411413263109741
0.28379318124736796
0.36078198698540054
0.5031458662470155
0.5513564527121535
0.6244600234578598
0.4318077016786945
0.7768372083073876
0.37173981180411564
0.6024395792228139
0.5579140778071655
0.540373519036613
0.7329356028345106
0.3197699015042465
0.649174721148026
0.5089931060405887
0.5579741031218588
0.4912711277536425
0.7035073132362472
0.32777691092300065
0.711635611199775
0.7151083448672647
0.607674495643312
0.5451942412154537
0.6808792505384438
0.44138826112792695
0.5634933904378101
0.3687116640241256
0.6517824029324878
0.24863151203598133
0.3912718655936254
0.5594273142621792
0.6716532997512742
0.581263499314884
0.6727864296263009
0.37723502372258333
0.4707794122105915
0.6168088007372554
0.7680512695437761
0.34386043016494994
0.514288955733293
0.7788870254754137
0.27818660045881943
0.395688401938553
0.5551420045621289
0.671591343298077
0.3335772729164046
0.4810502594012773
0.8359292109881354
0.40863763040992296
0.6394075680800969
0.4871757638092864
0.6437392095950112
0.21879237217010122
0.3376655858812543
0.573567683593347
0.435871585685032
0.673320803091824
0.7749775725429159
0.3171957650052835
0.3293915657324441
0.33497538662165127
0.30447481001013704
0.42248871295559015
0.4559318058219671
0.6744328486864922
0.7721786279451817
0.7373420898241789
0.7163956908635973
0.5610477001082954
0.7269660254385183
0.37123358882097246
0.3144182336869023
0.3759931474828905
0.5141629457559765
0.7612280960855888
0.4946348653212018
0.7034413376868489
0.4351883819343265
0.6481875723566469
0.39010464569580827
0.6594355008955698
0.26593109758372896
0.3018552881160833
0.47472821593568726
0.7369665874385921
0.42152412597099254
0.32852320336251006
0.3278125878704807
0.18765759890391454
0.239589418134425
0.3002603993920481
0.39581235247253793
0.5713853309864206
0.46652884550303725
0.778222399887801
0.37797318306308647
0.38899820260902984
0.5106222291124501
0.6772301962890214
0.5582591726835716
0.7432127973689795
0.36807709145152406
0.5007054371180433
0.6894730357030915
0.8427077065179852
0.4096768715782698
0.5905625437082902
0.481741739011453
0.840062157050267
0.3676590618117819
0.41072630561170964
0.7034091696738767
0.6932332984356786
0.7134437444235519
0.7767869796734257
0.35962520210117166
0.3704741880286019
0.385443799383748
0.6935421399842584
0.3368367463873449
0.22909610271401587
0.2818052348117422
0.3817384094418202
0.621115626645091
0.4946617946450684
0.7034466875923656
0.389241551564358
0.5794799467330118
0.8094307084827844
0.3857930334978666
0.3309601005077909
0.5057993656642797
0.6248109118892242
0.2565494295134503
0.5951278326678291
0.5072084701521078
0.7624466501963711
0.29198878992801824
0.3388309063011057
0.38881427723867107
0.6329719250885169
0.6720926118111512
0.4232311791184508
0.6639477877096416
0.331892876532821
0.5568590702391485
0.6471922637821722
0.41913963553018335
0.5249583765428896
0.6447368244743948
0.233362620190106
0.23849103231811497
0.20371433785578916
0.38114871548094087
0.430384898336778
0.5968671880703275
0.5569247235556702
0.45816902931452347
0.5559018488415123
0.2315319098593093
0.38754487610755156
0.5333153896493805
0.7613160532347616
0.4171585494069762
0.3768607633630861
0.5050615551629877
0.6813285024811414
0.28656977207854706
0.44125254515406076
0.6917112567091401
0.36265027487593937
0.5110922984984231
0.7964522861483396
0.2410092135501234
0.34048235860989495
0.3344663575468885
0.5358797322426754
0.3297339523019045
0.4951371782980704
0.8614973133498434
0.4180495583926209
0.4414438715612484
0.5869920407196532
0.4633085192662738
0.7526388617784232
0.40202519135113207
0.24226962891726297
0.30147442354192827
0.21938904017628974
0.36422196036011134
0.6555898378247013
0.24979286531866912
0.4313780402393939
0.6698517640371751
0.6079252106935158
0.8049327035893441
0.44445947310399436
0.5078671387393113
0.7666707628329572
0.40732140034387754
0.5545194980540977
0.6721873435071108
0.2975121534463557
0.4760504718853262
0.7080084743282122
0.48338326734446546
0.7600207659019153
0.257600466629518
0.25438016324798357
0.5865017852973886
0.5005424298019218
0.36106708899485007
0.6173391884326588
0.40229762951171927
0.5442173687007225
0.602112831362746
0.37471506865321963
0.4615783143559411
0.24272688814803636
0.6230232552382223
0.5862490021871778
0.6690297295107345
0.3005218380998323
0.35133061609012184
0.6213467038310949
0.6451002195607743
0.39859545208089076
0.7082760763139179
0.4657774538599432
0.6721772834728478
0.7668930711046822
0.3465585698359146
0.4915715414956049
0.5484539033302875
0.4690772386445404
0.5737923497462486
0.8686750133016083
0.5497455717130134
0.7233185526955317
0.206226377873507
0.3074460076398173
0.3355377853270107
0.24153157284611518
0.38352814277057073
0.5421426559768152
0.7718022567230587
0.6139086106614088
0.4376774764121687
0.6852789876766925
0.3389487237888553
0.3773153622895846
0.6556198942346413
0.28542593581592124
0.2927174053070023
0.6496686375679479
0.5948651968437149
0.7476854339856595
0.46835440823054564
0.47310410230695316
0.4376497322919552
0.6192736173894683
0.5203994574116246
0.6148901682755019
0.7256763470587954
0.5336695805092895
0.81530550807944
0.5044071778329454
0.5896017521073743
0.46165704667138824
0.6354688420879503
0.273312234894077
0.37852134207912136
0.5600367411266798
0.5088087886952477
0.47017717692935035
0.5172887486613861
0.6643758182345916
0.6978142756215011
0.730197311046502
0.38833148007306567
0.4864445080095124
0.6529150025301703
0.5371736756977107
0.5733670123576184
0.43808685787405754
0.6901187104691854
0.3894705779871504
0.6287127819778047
0.7311932901619796
0.3644511693608722
0.5978254171742716
0.699966787171668
0.406254344146802
0.6271109546339637
0.2829307471501764
0.5272114351925907
0.8644398445859499
0.3566863438756637
0.3551152564666569
0.4507635606884429
0.7370745579522917
0.5952253500643458
0.7291232526495606
0.25620350471488235
0.29268675573445946
0.606641885009119
0.659476517562861
0.304550696101421
0.47607591548607675
0.5626785502358618
0.6961148646500998
0.5881831688517088
0.7090196040692003
0.3229769777586661
0.2837491415323121
0.5845276821457063
0.7838857653330862
0.43235193106123365
0.5396791484838064
0.774638214263614
0.38458581584717705
0.3453757522143162
0.36801473470915935
0.6304756098886156
0.3560984754047954
0.4956290485632584
0.4380351906657454
0.7610197717862518
0.2834945105427531
0.2930164463498433
0.48876682619922135
0.720289908608722
0.600188461980269
0.7036244672349079
0.29024165014698156
0.3080908298808765
0.25794739540270184
0.3419117868520763
0.6176165461634194
0.8293594777649775
0.2363240353360663
0.23718173532175937
0.17993895475006785
0.2252510849679394
0.24941265693047923
0.24311361268593268
0.5770097952767841
0.6151505859257251
0.3880907498752452
0.7246682352186979
0.5121288854475562
0.7461038919194888
0.5147321450549158
0.8237295071271902
0.3321731602925991
0.38030493562513035
0.5621095499314859
0.6088443348487351
0.47053297473713585
0.6648092185234163
0.37131949335096726
0.3686476179741226
0.30823457710923924
0.5541179109098763
0.6765894119398579
0.6604011269752718
0.5347772965252818
0.6477364862228073
0.4907888997250846
0.7621167184170455
0.42509130719034033
0.5307102494906574
0.6515264959492306
0.48521534590251414
0.7633586669319384
0.24044332059004742
0.3298506490383039
0.538160053106644
0.5298579351624471
0.7456462171243239
0.4619173286429317
0.5859630682229742
0.7662841301867048
0.4772502802617094
0.6826824620162717
0.17882122414006624
0.2999665905194393
0.3673565596346921
0.4941502743481043
0.6932579606949272
0.251029736575489
0.33829668807368557
0.505718469352812
0.6401305294875369
0.5188767239758575
0.8647219375845117
0.4673707640526825
0.358049050295774
0.4563479624140279
0.7830303261089208
0.5463693714390404
0.8337534910153732
0.3952706058432731
0.4507908306510357
0.6842118968393149
0.40106490203956685
0.761484925008925
0.3254880309659364
0.32183073758496605
0.7560851287892763
0.8085580141217275
0.5443190790991519
0.6583893764493239
0.17773595901971304
0.3385192487839647
0.5122915881945279
0.6571460091574458
0.5737454176863764
0.7769007793031828
0.3962202504484072
0.6121550110786145
0.6590907197622342
0.4347370034822489
0.7451884197590667
0.4856821036332437
0.375993160944794
0.4340386571989502
0.5793835603349333
0.7136389308828162
0.39453043853983405
0.23453559788791245
0.5144100056798102
0.6413571978701236
0.23871719538287223
0.21490727718891126
0.524900263968975
0.4797132588053632
0.36665442832531464
0.728359275022248
0.3528900284848306
0.5733741408126234
0.7168548738981051
0.33609183957181626
0.5222629215962122
0.806461775298747
0.4045676414867074
0.3922895168717958
0.38305259942765807
0.30637198398768745
0.4351034702375776
0.6364348617149562
0.2762153486195644
0.24221614469227026
0.3448003878993365
0.557199962206568
0.4491557610993343
0.5581777586823141
0.6459154498886392
0.576023191557483
0.7903665722559822
0.14832045555045492
0.3131470398981514
0.5794566162453744
0.881856277830131
0.49626142556722924
0.6713556117452285
0.5628556139048642
0.6306077466870572
0.627065620591897
0.6812038995875168
0.3275811934022995
0.5981788872244282
0.7422446467155752
0.31601758330132634
0.2920069474623506
0.5553910367893393
0.6118495716965936
0.17423010515499532
0.3333957121364466
0.6334792954720534
0.4437806723542213
0.6739119940094953
0.4606701326799022
0.6533869538945325
0.8364334995344674
0.2128537568407952
0.3362448548062442
0.4758288798863761
0.8066620251775468
0.3657526833916415
0.3567187544086997
0.49722832695615293
0.7045908746034862
0.3419423555617511
0.5277023215363091
0.7149957581195098
0.3450002393851123
0.411987451662688
0.5563197478765496
0.6680377662005548
0.22787566673026718
0.39861357975078415
0.4932331777147731
0.6507424208565488
0.33616568500389554
0.44479723537576626
0.6339450995374546
0.47423147619054773
0.6662589963972567
0.23717252803547237
0.43352029535021747
0.6412458485763605
0.370573535643004
0.6376489767363246
0.39110657193093307
0.7097296925049261
0.6186388711014887
0.8397739284445045
0.29438263536836634
0.34900533186190213
0.3594505648880076
0.42538750731073166
0.6080850276786894
0.7043276733697335
0.24624216712245914
0.25634682699598765
0.2664114798136085
0.35596848799714986
0.49093901548507324
0.5594403694402245
0.6525739795672143
0.8262544350472535
0.36962151067126925
0.5575553798706465
0.6489149857386692
0.17304720813224506
0.3647869780882806
0.6367195820060919
0.41576701943993155
0.6518678398038098
0.3486818088426025
0.6061777559582548
0.34732076836511144
0.5584934498236918
0.531124025425068
0.6600661011959128
0.5343831073751216
0.7293584279318838
0.20655670567218148
0.44451127731028633
0.633097485790921
0.6798136592736317
0.21780518579097893
0.44131271152290663
0.5604984764037451
0.2687754304226211
0.48071823469880093
0.643599254182864
0.3561806391451781
0.42922756286953445
0.5789709506584595
0.7223751873870055
0.42611537486226997
0.773944490309532
0.4052491818789173
0.6482864259959894
0.4069782464068477
0.5894559616913924
0.31626872713910914
0.5264098647021154
0.7290289761109522
0.6798013327101622
0.8636368057281757
0.36577479048675904
0.46943305366942506
0.7200049154494653
0.4236736560155146
0.5235125790926312
0.6924221618052981
0.5577246890323616
0.7425640161109623
0.3410248661849582
0.1942570235125598
0.133303145781823
0.18552998677820343
0.3026703016530873
0.3111250611159346
0.3451582216304613
0.36889742863538316
0.40479639673775597
0.5112930451473968
0.6615771319238248
0.5577571331071318
0.6034232935142181
0.20732859836093437
0.2840335976636072
0.5550773042055818
0.3490404852618679
0.6325424999281591
0.39547359573211216
0.619563220193814
0.4920427607677092
0.6818691056975386
0.40383012204820995
0.6034086382688766
0.4657220448151218
0.6132840123757196
0.319310734013788
0.494637405229146
0.6727554375281439
0.2311962057023991
0.4204744688757138
0.7252566265535565
0.3462519219357464
0.45397446709967876
0.4592108672943264
0.6364774811733338
0.3454789981007747
0.41970974136065087
0.8203694150631157
0.4157512223258642
0.6434712876686569
0.5984076597367487
0.6937226500869923
0.21925411543328208
0.39843576554538157
0.6800420780706465
0.6774464167447021
0.8319406290636786
0.37409106166393913
0.5802523943138362
0.725817167396556
0.41239439557304003
0.6146033514395566
0.7413109667948543
0.3183448896598085
0.4802591595704404
0.6399895895913545
0.2790331196188202
0.5372873638109606
0.702295922567884
0.4533730984584973
0.5501017937470221
0.6656493548417216
0.5084465720318752
0.6170972163553665
0.6292120184231035
0.0936002712484815
0.1846123825203219
0.19758142433115866
0.22781650818093133
0.3882755074834942
0.6733948002104729
0.3657973187725777
0.48594837401542046
0.7078906103684981
1.0
0.7003306844144628
0.779507858871982
0.4017430444390161
0.3974656118256531
0.5725294445225143
0.8011029114917284
0.4677121159337624
0.4946819159017839
0.645825516276004
0.2999856789586878
0.3381280756581045
0.48623958607193046
0.6142987601285022
0.6524614148542197
0.7070672518526362
0.5882710041469703
0.6135425394000161
0.45545785270367717
0.6960261177405138
0.2684829295010533
0.2726479651251567
0.7228624277770871
0.48294876191924063
0.7611174509385983
0.45509106143116257
0.6560562908097672
0.33715237043813684
0.24370435842276003
0.3384561403251759
0.6234733386005292
0.4101995898285101
0.539792088578438
0.2418246136420153
0.442892091622475
0.677265388233536
0.4066049316800883
0.5740223916280117
0.6197162119139517
0.41976210166195865
0.6291577232737993
0.20363316890002758
0.5060556911711418
0.540223484076676
0.4627965743776399
0.6519819881983333
0.31134480346583604
0.3516347848946823
0.4819542404167181
0.5484490387630729
0.1825789317125529
0.2788405684680371
0.4624239912420118
0.6540423113159062
0.48787167159204275
0.701048965942194
0.4551837382951991
0.6277422234780603
0.40742683223020015
0.5283598866822146
0.8144377617432007
0.22972877822017487
0.3767169997199648
0.2941400770861703
0.3955978317446804
0.723386412737984
0.43487099633533977
0.464150893710703
0.653899696537858
0.3122311362181961
0.5047339312921122
0.8557831070941128
0.41903762492587054
0.38576559283463957
0.4698581173925387
0.34831569127210255
0.414073784792477
0.3722391830637255
0.3324828065327568
0.42567699559204075
0.38152732886662816
0.33309895699631104
0.40874610542314394
0.6305097442271707
0.7980837680754346
0.37858456274888286
0.6315716203524493
0.895965736896181
0.3066425267587728
0.3380197883400907
0.46021956152961224
0.6614154458112438
0.609938720463916
0.8543398460886569
0.3705680674594821
0.5576557606568431
0.7312316645153143
0.38493368154752156
0.5366193102963823
0.7685948192592142
0.41327826378265364
0.5526316488896246
0.7761186616848192
0.3757211506167987
0.4374885556599317
0.5891214791521736
0.6059505307012972
0.553432740240409
0.7984548695347549
0.41910559731330854
0.5518820689874244
0.7344150862387311
0.43893842290401425
0.25800623024694425
0.465482161868136
0.708157115754908
0.3320666197643718
0.407722948727929
0.6184113367331664
0.7495918654645124
0.5870508530471681
0.49778779460878264
0.27403667641578466
0.4392540945830935
0.7906420820958281
0.5199842866813847
0.4597642985694693
0.776603242564337
0.2595560960935128
0.3546441799602559
0.4595518467845863
0.3121535602048547
0.4319674743095849
0.6746117082512486
0.3065075569704125
0.46729663479154304
0.43282868514119355
0.4641047454770877
0.5958848875986745
0.7282392095462711
0.3696332089914546
0.4297638101469478
0.44924692873029765
0.7297615425007604
0.5407536526172382
0.6746195084268283
0.31361484289639086
0.5212748368855814
0.7038321281452432
0.40945835521526797
0.6234862765557279
0.7339756792419283
0.39845485009057585
0.5627740935836786
0.7509980187927828
0.28227221087374743
0.36109277968016973
0.38854016390273327
0.7501568372781605
0.3893384206631682
0.3912211329155692
0.6410088219152131
0.6173839634455667
0.5761300433227048
0.47252712024944277
0.512416504894534
0.6071184908559035
0.5426067239343283
0.5544917411227086
0.5108591251765537
0.7160540597498922
0.5049053731768581
0.6876427727872834
0.315772060175985
0.145103170572949
0.24915535327636362
0.4117324237944109
0.4342172046683313
0.6143711487072614
0.36888111570323845
0.6683298301309744
0.20691947744194272
0.2737980677795437
0.47758876321538296
0.36589491593737106
0.455041577822406
0.5934215361531785
0.21939298482547395
0.22367882332633582
0.41152986228692373
0.5686120222733665
0.6611531304761996
0.4741877727291831
0.5128028981639492
0.4767868716982718
0.8128544908289511
0.3160549755616741
0.34208274118944165
0.4073275287180302
0.5985324385287828
0.7791218882471247
0.306616377482025
0.334506813992571
0.5765240581010644
0.7762344667067445
0.4497765571604767
0.6804126435500334
0.2386590848835311
0.3073606235535437
0.2271147754587451
0.3055062812130494
0.6210043745994789
0.6832271988743188
0.6311748856046094
0.5265451714794257
0.5440490838269824
0.19416644441779474
0.3857077232934679
0.7172063372313691
0.2061369811940594
0.20627005290370465
0.4778746530111874
0.5965106446609816
0.40365443411750257
0.6196165330650593
0.6913274870738476
0.5624347630154417
0.8213435642895155
0.2802509321367893
0.2660560964939048
0.36700939295208684
0.736277632906711
0.37788110183062407
0.4514220045208888
0.7880159424891241
0.3635432229798317
0.3001205915522951
0.36211619215364843
0.6159797564690668
0.9134220492670488
0.36280238652497726
0.37949574477579034
0.4916599376123298
0.546258761092155
0.6690232789989657
0.2003497322687714
0.5135056117246193
0.671454999019168
0.3610485144711918
0.28121739098952236
0.6424895521936619
0.7060200153433907
0.4716531435491546
0.7246158572102812
0.2498764984025643
0.4798631379031489
0.7594589636033936
0.3638229470513456
0.3023759181681662
0.20944190492359752
0.538789325569153
0.5351250469395156
0.6764214042242088
0.36711353892192083
0.5666367625566802
0.09857098958578853
0.310188550154774
0.6035759354260986
0.2219426588469696
0.5236884576551293
0.6061258547637746
0.33267345564377404
0.48832669908973325
0.11513352052433704
0.23642978534165554
0.3950962117244838
0.6499402294628521
0.45290650156021856
0.6321024427526077
0.5424242128132494
0.7957720655134675
0.48928734427613346
0.6018455724092987
0.7689753615836591
0.3362418291946602
0.4191443985521169
0.6102724755230954
0.21635020462125204
0.285379575312439
0.5281085768268353
0.613054801791516
0.7776884885428176
0.30759524191594945
0.3875621434297169
0.46112590300281553
0.8273233791167098
0.5766125145939274
0.4586361396209248
0.7326664895932865
0.29367536616534756
0.413823022984627
0.6378718908953618
0.3147932779073093
0.4407429465364774
0.6390767315195807
0.2244823895671423
0.2571117775591556
0.3930602846259346
0.6251669047899212
0.5960651639128759
0.5350923263124859
0.5697776732897667
0.494536939535288
0.57603769574161
0.3464628113326505
0.28218689901232535
0.5761146249606036
0.5761697658272911
0.5289603869360668
0.6520625698616491
0.4593032669719797
0.7489117752752537
0.6206211279599847
0.6855428529317782
0.4689434655399725
0.7142060616653579
0.2792709421553634
0.28093148961219255
0.38051336611594
0.6528197766206565
0.8087245233173346
0.8242470799644295
0.34910745528837955
0.5466860380447686
0.576039011645826
0.5568989324458977
0.4413641353857559
0.6707682937665334
0.2290252001177955
0.39245352429601343
0.5289190354819124
0.3128378127664293
0.6245566825391281
0.6690940597545205
0.6053033333016602
0.6778827059713787
0.25914485097532747
0.42562364843420486
0.7023598654800004
0.8178855694014374
0.5268872288212357
0.6129683578979763
0.5386979388644262
0.5056150583725396
0.3530934988851647
0.6753496232330807
0.2634094861389172
0.2950861834628037
0.39130099552687947
0.498760309316438
0.6697669241407043
0.2819160396097125
0.33034411357027954
0.4075133478180399
0.5882741957696681
0.5250512694849062
0.7040047891913542
0.41775819240433143
0.4879913529273819
0.6863991548631468
0.65480522832996
0.5577355161635827
0.7452756523978638
0.4648728135734912
0.6668637965370364
0.6137014644638915
0.4159701103052259
0.5763927311459015
0.35452580039266596
0.7334136123381525
0.5407024769979455
0.7069964249311904
0.23391814381860146
0.25582416977572225
0.5075732005508542
0.7177385307614027
0.5990141659851249
0.8259632969822888
0.44584240050363183
0.5824712322271439
0.67951777430543
0.4104861003026225
0.5629074731562084
0.6814726482993503
0.36527438243164995
0.7070228554557887
0.3567858546400051
0.5116580453725685
0.7399586686503393
0.5132848134694902
0.5461275607306353
0.6446840346458511
0.302275536185773
0.6257995947956795
0.6651134116306219
0.6114020280217202
0.675900438971294
0.4751899640219787
0.9095729069672925
0.49594210327290467
0.6475372049391765
0.45659109532446773
0.6204653022504532
0.5948382205401377
0.791951635077683
0.5882866623334683
0.7885133781338928
0.20663567435749208
0.32989949520771705
0.4261379286803845
0.605610569426204
0.42598756069798327
0.8108963882398204
0.6832780625277265
0.8927754316155957
0.40470201413345447
0.36065566221077117
0.4618088503005015
0.5119961997033854
0.3503170739413704
0.6156212586977986
0.5322902335682346
0.573644262251553
0.7317164359324172
0.4050838915683444
0.4790466997446169
0.4068581815698014
0.4969549694239885
0.38579000809807645
0.5659012851406412
0.5272448143246715
0.7838182861395039
0.3794481893694642
0.47165249131504355
0.8011644977546813
0.4450014837282749
0.6554063572740654
0.8108561214649577
0.3165351498516249
0.3258087884012815
0.30243912834272946
0.397440896361695
0.6175459997795981
0.6994012862523774
0.3412562756180315
0.4702584941875775
0.7240102627600418
0.26358604005336655
0.32271887173502234
0.35923509288081257
0.6828359652333976
0.3834613941480069
0.45492902817297015
0.651814104717455
0.15710767276352247
0.29851980001687234
0.30201286286349155
0.44224498107786664
0.7612373006021138
0.3155161722933463
0.29532879788537425
0.651416664224822
0.31747967737103616
0.2770737814057982
0.45877637236121255
0.8049595716796362
0.18997555780845052
0.2176398408100054
0.34394224644149046
0.3685407625267084
0.3880658221824417
0.29832514742664606
0.4269206043798449
0.32567492105676943
0.6363960064649475
0.42995814986944547
0.7061836719671732
0.3256399994062451
0.3667289340587908
0.5735661548247311
0.5352008687245956
0.6415364523601468
0.3623785857553327
0.4612703019602532
0.6342098507945672
0.40216811627146626
0.38803558827678086
0.2785776997696234
0.35736986093341605
0.38486202051442614
0.5482931077694074
0.8235989833795945
0.4271733451535051
0.4992761472214864
0.8139862161043917
0.2709647817445345
0.20181506366900162
0.4830954901991158
0.671593480124894
0.4703744800087625
0.6443423004913719
0.6508533230332827
0.3912059992149727
0.5413654850060186
0.29617880193561824
0.42098486517986866
0.7698889755209208
0.18720571414295017
0.19904146061143863
0.26291309179445194
0.27761674657508656
0.2309769374719243
0.26419113458706717
0.5047133723492786
0.6947456693928359
0.6328481239126144
0.8248261857190068
0.1963953194013147
0.40173550044161466
0.7572292720753724
0.2522836692526485
0.31825078016224495
0.619695477117882
0.1869640090826503
0.4302337096329186
0.6203202368035992
0.458459419170152
0.5020975139446151
0.538605591862757
0.6393284163093989
0.35198007895474825
0.6383824936453275
0.5923852276713303
0.6777838441813436
0.36189157275286354
0.6077758062465087
0.5795939463225147
0.5350433570796816
0.4535764464308353
0.7148502362275334
0.4822941244821928
0.6500739004701224
0.800961804154139
0.3097928252098397
0.4919506280419337
0.6733843654700513
0.2656242678540349
0.39459700133354647
0.33383262072157455
0.45954882430738103
0.3432947471416987
0.49933245855750436
0.6450361358501955
0.6918479271021225
0.46907316728235693
0.6038218706864185
0.7909862230814778
0.38431712950802427
0.5207715734702778
0.5632976167880094
0.6882255368662442
0.3253028144583417
0.5600446008661218
0.7021935926486662
0.5745026518843862
0.8708565771524729
0.42139720894420224
0.35307070090178605
0.47809918357057357
0.4960380687577144
0.47957766096129506
0.36477474205839966
0.6342073117095002
0.38558250460611915
0.486848907472171
0.3491465042639801
0.6118044050976212
0.4874353177164027
0.7906024479291877
0.5340723847967558
0.5968500752338384
0.7243987652023521
0.3752864832415551
0.7012861294114439
0.5295307361415872
0.8181694686783089
0.44428416243593544
0.44484947798682584
0.6516669156578009
0.3808793702981356
0.5991587107325493
0.7057237438604449
0.28118582989649693
0.4088415835950459
0.6091616679503107
0.674165982558267
0.8069296759125408
0.47798234478826696
0.7416198780981778
0.4336664870460394
0.6633054454775732
0.5539027683544949
0.39114149314464336
0.5489790897575092
0.11730749738691777
0.3132652311599997
0.5109641768979164
0.10732730016596752
0.17543688685348205
0.3862146477176796
0.7153251133148268
0.29729491563769267
0.47532480387303844
0.8402496477177057
0.3711820482195841
0.4149645548675153
0.4698019966702458
0.6112193458368207
0.28994369144773685
0.2287541917128375
0.5617283644440114
0.6689995978778427
0.6456473162167895
0.8116639486713934
0.41770320432735925
0.41633906510941737
0.6135079077783407
0.5337446435724983
0.6392763890190549
0.40400880612237944
0.656720428755993
0.6734140349010576
0.5684294759746472
0.7678111980029008
0.522022711454646
0.6819178219254467
0.6637623519006326
0.6343108607276872
0.7093446527034521
0.4396805649445587
0.7375264896888941
0.2920065829038498
0.3537530272514741
0.5628208144113415
0.6080364613023914
0.325100911877398
0.71204605120475
0.5103312515055709
0.6412140362943973
0.2648359492046301
0.36328018802722245
0.7757001209118859
0.38126492405707413
0.3775466707694075
0.4077639535033937
0.3247863646650759
0.5509555082716956
0.6947891111648727
0.36794344799977685
0.34047290002118413
0.5498367892648713
0.7308516425377702
0.42777042492861617
0.4553129881539697
0.6240979817022727
0.7754875381687614
0.3728515677400048
0.7107757286198704
0.789513772402098
0.5820295314196375
0.807087486725638
0.3172174002262675
0.3880721679121698
0.5634656738995628
0.3697396621603503
0.794185264554827
0.2594810810442684
0.24659572074861194
0.21266772601711312
0.38827000010694257
0.44651567236367945
0.776987800986767
0.4164152098435957
0.43189427148994974
0.5942916391758377
0.771613724936456
0.5162668902141397
0.6863050175051897
0.24968890204161096
0.3867724988945418
0.6717541488926246
0.6582033560332522
0.6501261792268566
0.6132464087803213
0.5713013263220619
0.5367928749343605
0.5208616795220863
0.3149112058952167
0.6427649969238203
0.5296222479292683
0.7238583447848237
0.35796454940912525
0.32350546873776376
0.44071876055789433
0.7099813923551186
0.6154798632027214
0.5266527983537601
0.6894137871236973
0.35916961173542983
0.33985318054929237
0.5276423080980899
0.1285728780438279
0.11087501011872478
0.3027020148517281
0.3218082097719168
0.39465408824547843
0.4407675834253052
0.6370435102750004
0.6200876252744545
0.2871165605064796
0.25000153600790664
0.5133041895886045
0.620383445709506
0.31496177068659276
0.5625131523672384
0.22669396581713022
0.40487576784823526
0.45856821832689487
0.654272147657708
0.457450809478063
0.5677147855558519
0.5404644874421266
0.67832423137186
0.39520474193846333
0.6324566108711616
0.7348252416151645
0.44181005900146214
0.6409045389871528
0.2926114171981688
0.4096867968593198
0.6282744514813684
0.5479979551610772
0.5986209802580487
0.6584242185346839
0.337333186108534
0.5977475736518073
0.2518923791450886
0.5497663544051398
0.6591117421664539
0.6466803147533269
0.41406731351644405
0.6598078214902992
0.579873049617308
0.30676536914671726
0.6572572491396265
0.3771910693206759
0.4924722206928382
0.6592030798360331
0.3476774878566057
0.48441960825441427
0.8018252003258803
0.3158864293009235
0.38067919416074913
0.4828363679996203
0.7223494819075614
0.48097825571925285
0.737773671957724
0.4868494204769531
0.5356248744502626
0.2208445469661186
0.36373299058390773
0.2703949857544978
0.42533861589661287
0.581736269755786
0.6382927978398466
0.49105618959202146
0.6766048853128351
0.40466597006976274
0.7450438351863379
0.5962711643846283
0.6222656507695199
0.631046855637242
0.4362165194505824
0.8159406885117286
0.3169476198006117
0.37313728538696805
0.6064484343031274
0.6235560892348598
0.4757606862932661
0.48898974497387215
0.5087271310523123
0.6255273208514472
0.4976494822824259
0.7028334236945701
0.16722268837278506
0.12089985742676741
0.13744025854397807
0.0
0.2041996028260133
0.4054699397530828
0.6559775773122418
0.21708951823306374
0.2897165282339858
0.3167271949324872
0.47108402098405305
0.7093067354783672
0.45887338127858346
0.5329840939169868
0.5870565379428337
0.6406199760859516
0.6036024104787359
0.5102386236752968
0.716538977685881
0.20383729674478912
0.24280118671221507
0.38388301582351836
0.6106257792414352
0.3735892602250577
0.6608896872462562
0.27490431907616925
0.3964921971425707
0.6423832893997868
0.1991917172920122
0.49173939465776684
0.4780502618570501
0.39611618297841844
0.5521194414677186
0.28396153276500896
0.32141483814181787
0.47237572984402965
0.7398072062902807
0.4547020891241378
0.5296502189087184
0.09718766921700492
0.22709801541874408
0.32698994850429025
0.3563085152029433
0.4580222911255847
0.3855285343714805
0.7360753652072604
0.5379761611616004
0.5853480647797583
0.7539164534492
0.5180659335159297
0.5931155959105106
0.7428056747252371
0.36659117157566234
0.5645083788676043
0.7802257840928974
0.4027282733524914
0.43382964678238345
0.5677841691018647
0.45904184774266055
0.6358530468017496
0.11455264276610971
0.21705328220402145
0.19077528631341822
0.3269544975689684
0.5375449779319483
0.7884267872742967
0.16268886386070824
0.28697820636417537
0.4747511159850475
0.6963609911295269
0.3495946919038949
0.368602774368435
0.5126947368652228
0.4525281832058476
0.6407676244074718
0.7534368411487758
0.37100953979519274
0.6069626138167408
0.7606994263642385
0.41557228671312985
0.502178778879122
0.8553514227764532
0.36220778967452144
0.5082668203039551
0.6380365103863282
0.37798395471243995
0.5775109427344807
0.6646443802575415
0.5480634443814955
0.4405384057973787
0.7758997313211408
0.31745836273807987
0.4056190622391788
0.3637293694275472
0.2728865879905758
0.48797494656093326
0.8464979898193015
0.5031669667158888
0.5493434080133991
0.6366210445516232
0.5196525372795567
0.679623948448253
0.2699335651373955
0.39569441125589244
0.6668329365759037
0.27340604321044965
0.4053842798017634
0.6396617440713394
0.32810789887395064
0.6520060862725642
0.7114345118954853
0.4400152052116076
0.5849706107641346
0.4297252079163306
0.6415471851149672
0.3934713428118401
0.43159756007178723
0.5815886290472577
0.5553217806432065
0.8274577031892465
0.29854089987235927
0.40605284448891055
0.5726255559889888
0.644535629787743
0.31532768113404586
0.41950493212169326
0.7221391991123495
0.37746548794295826
0.24966887120850279
0.15231713368889147
0.17354925777288271
0.4633791135109669
0.7006075111189775
0.22202508530443688
0.3592002058164257
0.5846846195810893
0.4716185828149813
0.6027301247298247
0.43966987462686824
0.7084339332421126
0.5313668915130783
0.7247948154445646
0.24253438435460825
0.25328433539294787
0.5622705288575498
0.15431498629681942
0.4155194056192159
0.6139892664909528
0.6940614064224515
0.7091946028570042
0.5692508844547145
0.7450575950246833
0.49378896896990243
0.7441087666502977
0.62275281805101
0.6561943188896696
0.48671059025651914
0.8104394668533105
0.38029677363335107
0.41515448347724343
0.5356942663559146
0.6919408620774954
0.3738353178664014
0.5540423520581501
0.58924962172928
0.636331340894444
0.45550148383418987
0.6404650394665211
0.3946258628951234
0.6008804119372873
0.6566914819797006
0.5807802877787159
0.6426638307411427
0.5247842654196296
0.6550146423899968
0.20690590429432093
0.40154811998827544
0.7991641633612108
0.47621656512388616
0.6492392291309335
0.4399977830120214
0.7877580072210639
0.3615022300020627
0.4068713761520763
0.5315745905821564
0.7057067466419926
0.36106613288710965
0.2897823932161126
0.32962037172320396
0.4955412134618922
0.7010223230671588
0.155644902211923
0.25093528003177723
0.3803156660580329
0.27629997847895615
0.3084822133790574
0.31194892116374834
0.17881412401928556
0.23683094147671724
0.36099455666030256
0.43555121005457703
0.5223424423132265
0.5421394948790197
0.5731904378097108
0.5803613808938856
0.5527350620520894
0.7310774980788003
0.3529993820714386
0.5891874144105829
0.8214904680379707
0.3651922956987531
0.4127994284429188
0.5824304011899342
0.6453994609766598
0.1606861513227295
0.2169059046612803
0.3274854467589944
0.30218963499062124
0.3970528180788686
0.4131103315989302
0.6581536586734938
0.2538143441123519
0.4770233534721794
0.7798728587650858
0.5300246716000041
0.7094180452295578
0.5370373818616531
0.7511602957998036
0.53292583524175
0.6949936355804264
0.5054854917674604
0.7962100132017721
0.4117866246630222
0.3334873953092467
0.5419012613667598
0.5787375591735191
0.4738528960254145
0.6598840491211071
0.5428581389836301
0.6216716062891895
0.23544525593981788
0.09074102455552195
0.4021919946522592
0.7484854249798844
0.22706953757147036
0.30454521080712593
0.35553038738059256
0.47547109161596707
0.658514010394924
0.6602105145479824
0.6064767926444916
0.5216336093058302
0.571415289720899
0.3067536576012051
0.5981127350240609
0.7500207983607572
