0.5329500101962947
0.9185743187723636
0.345439223478493
0.42145395477464587
0.5580488021483733
0.7120655277001535
0.38096705178436924
0.5177241141317788
0.6633121274932099
0.25464207140813705
0.3477309701896589
0.5594494696015099
0.607415881972643
0.9094707750610062
0.26440095183114537
0.2680626895072259
0.4922240187757259
0.5724201621777922
0.17074308614742784
0.23261993092315011
0.39918919220260446
0.6512671121930724
0.6957904202010664
0.5432287955091918
0.5439793744260967
0.04732761811350299
0.0948319961509941
0.40088645068691264
0.7035009648266465
0.2654922173516647
0.6290375504201123
0.3153162994538644
0.559560830941314
0.32485005906657477
0.5655527517834767
0.3486677169646774
0.6220622118452319
0.21438081631772268
0.08598952584241966
0.23690708580715622
0.35642960505212157
0.30815017720314414
0.27511010417257314
0.29786034303918896
0.41846849991478685
0.5467600203910958
0.3775349256086739
0.5589364842803883
0.6482378294233316
0.2038928021732617
0.39025166879377343
0.6716764477326922
0.294242856819281
0.5500801154909558
0.6329583646886618
0.5427715639191293
0.5234669983117544
0.05959139856796105
0.26557809120052744
0.6848358455698745
0.3487834870565272
0.6044713187208978
0.6435469863057484
0.5441029428878448
0.7006261949521403
0.30046554673634673
0.3551288262743609
0.21897886890022467
0.183030451718422
0.08949061622244463
0.12443142828119776
0.25645023410976064
0.5132201871137448
0.6382979833566366
0.3591160117682372
0.6469566492101957
0.3742485112253115
0.4490898791203598
0.5388950482249549
0.40170401301054903
0.6469482251676145
0.26872422384939887
0.3097788202532849
0.5345058857219299
0.4010509351595587
0.5582165732771219
0.29164912805242954
0.6324000268100798
0.6334148688127693
0.6372105806378714
0.5522940738178121
0.7140078246978915
0.40240723733514433
0.5968447280512145
0.6857092440182292
0.19062716317726724
0.41492522799375153
0.6019032520201172
0.14997241351201623
0.29935850634061617
0.4332898248543266
0.6248231242579354
0.299419919118603
0.26847811706635427
0.31589877612425366
0.4380462970428633
0.8109347848836673
0.30952251889633453
0.5256268159090831
0.5540905793081468
0.41383707497651173
0.7448029463712544
0.28246131945415165
0.32459077809274717
0.35966904140680184
0.6544497941916364
0.5772075453108338
0.7022901081546249
0.4672485764547332
0.7666248121593021
0.5416659922787488
0.658322223507267
0.4026007940335805
0.6573219793705443
0.247912708663761
0.4553235020144119
0.6124051509180629
0.2373308456121983
0.7212521804718135
0.49151028445422923
0.6821276285553827
0.14596215711320823
0.2719475354795679
0.3577654279726189
0.5380591460025009
0.7765085261524746
0.3747027052175898
0.46600386625627765
0.7897194016316246
0.39645451105652557
0.5059900774693723
0.6176854810770619
0.02639661269785399
0.19467641398871594
0.06367244636847676
0.17246006237092634
0.31945617931495623
0.40371919379344207
0.7614470356257604
0.39044789348335407
0.38732449258708096
0.6197115214528741
0.27866902475612665
0.2640948775555695
0.3563229565328383
0.296301457244061
0.40572547261387176
0.4444356284794243
0.5052296891984487
0.6728186885440329
0.19334728611886048
0.23142926915420445
0.5722947379690678
0.6713282690955843
0.543778516344845
0.5579586032113831
0.12854278133547353
0.31539969398645984
0.617006802548348
0.8398310529488314
0.4669905632629482
0.7536592408634046
0.2953220231645825
0.499693581648972
0.5287324819695591
0.6922770560150016
0.3894705277019948
0.6382636551147048
0.30142528210000297
0.28304304662039914
0.524359963881247
0.46695905043674923
0.3935075119366684
0.577150055113534
0.7468797323593439
0.3260269137255334
0.11092106988759372
0.15478320049371147
0.28577607672547667
0.2751679270162207
0.5041942022809818
0.3670079023177065
0.6345559879734869
0.18704070455810498
0.43057439373291867
0.5538362092586905
0.4724348646605015
0.687322012691859
0.3500604273392466
0.3754065952830555
0.6354183057449663
0.22284529390837596
0.4070393376007405
0.5683334278287002
0.21611307543620173
0.058019103777620956
0.17650326051154638
0.20128425957387047
0.2927217757885839
0.32213443220785176
0.607595621443925
0.6143852561541703
0.6489163442170476
0.20854299041064045
0.3452972740616024
0.3042474762729278
0.23791910437379768
0.24318979141831054
0.26716262897515475
0.2242529325992021
0.21247417323609014
0.3037810287079806
0.5868343721321894
0.5661302749746321
0.7070208341696357
0.2587963028455783
0.24058365212205118
0.38837126477512235
0.3991345862394791
0.6478070136760367
0.307689009371701
0.7712300875416161
0.6208876746540424
0.6693537524563211
0.41753884369467964
0.6993029521374421
0.33074096191338914
0.47840750887312566
0.6856157152057443
0.22057666231861248
0.18396888231714803
0.3277406856248215
0.46007489541174457
0.5987157693200179
0.39280714934355815
0.5236651105479069
0.2725465451800439
0.46465897156231534
0.4943098931263043
0.389897375310868
0.7647516473204682
0.3417284696965581
0.3140465291509683
0.30417813242681435
0.38592252640043123
0.4994190410187921
0.34164350631445933
0.5522518323404536
0.5054075406580563
0.7323831132069104
0.2787580139922566
0.3765964589933002
0.5975664383241797
0.5926995246741769
0.4243036911789694
0.483890927062897
0.1686723017928594
0.4062493289342971
0.5897531724589294
0.03364046065027023
0.2608590910646863
0.5372273431959447
0.2668866001884889
0.5144167245604003
0.5276953213950929
0.6958207974712968
0.5785621127934301
0.7022757962953882
0.2794564447131092
0.39637583434134915
0.7404459073436789
0.2915718689069139
0.3236804936618116
0.35715855057561535
0.5349796099906148
0.7698385764940496
0.9239707744556549
0.4549560633218328
0.5937884753665329
0.7006024645829706
0.3423345969081557
0.6287839713906688
0.756085108188363
0.2613066285883912
0.3614368135359081
0.7412650874192778
0.29518954003631326
0.619844680137527
0.6121753290478251
0.5584289523531445
0.7800717308020472
0.406523308347149
0.6714174069700325
0.7316113154056335
0.3570153947409095
0.6417601149265039
0.4169840524179851
0.6941007902983571
0.12894107288785034
0.16374175113433512
0.10179086379579116
0.13512537921985426
0.29476239455680603
0.5273272844992577
0.19583785432127526
0.42838111659415995
0.6499913376087864
0.4851303526954324
0.7292717498970531
0.5343438276133434
0.7044108846556493
0.386813246665036
0.281457818890718
0.22416374608538453
0.2838193403333942
0.37832955852308287
0.6002664652884875
0.6918606731522073
0.6042401553841475
0.7310435399936533
0.5010431853022449
0.5482038840643559
0.23686997824910214
0.39399643727163197
0.5240911626086864
0.49158140988712085
0.5960269415153318
0.6482245403285618
0.47449017815374894
0.6592943025736702
0.555497584628483
0.6978895720235064
0.390778419703194
0.5307279154798511
0.7166734755697999
0.451777786510617
0.6067564574593393
0.31132173279288683
0.6535559768566328
0.311848269102942
0.324664481207246
0.6418725418513969
0.683393265210135
0.7182411153630275
0.40984402688068594
0.5463673920979211
0.3233503919971001
0.3066905386539313
0.5774371072309574
0.6281620793189212
0.3009884039396052
0.5254724567678959
0.8145811284039656
0.21484916429444384
0.22740966575084604
0.17054377229356768
0.2811708663557596
0.3205202927569263
0.42746410442381594
0.8182622320231719
0.548753848263226
0.712084224879977
0.3222850217686367
0.5252249711994905
0.6368500245053563
0.31591779337143966
0.4278805204238239
0.647940320748965
0.789248753493748
0.5833064228382637
0.6493772024680263
0.2476711457668618
0.5983421494142566
0.6362142642912464
0.5224176608009925
0.7193234987243751
0.41939415350362563
0.2970206500989391
0.29730545235129574
0.5849065287186435
0.7975197483980128
0.24871068505533186
0.35416168003298604
0.5109981893153515
0.7311309930952166
0.2368569238087114
0.13658397016950488
0.12088775295682731
0.28288373273616785
0.6338305488623538
0.15496872616718393
0.36285937518497186
0.3985241550775133
0.9237830006659342
0.3178251342699523
0.36308313545747145
0.27340095145979587
0.4702211784436426
0.7036003847713969
0.2531537738450732
0.34057329555044
0.28348954246848923
0.5430792764099343
0.6263006098667058
0.3976606359274723
0.5588062021180576
0.7075596361328245
0.3999796680330643
0.708505725037155
0.6750872315153245
0.29319036822907374
0.32560332802662534
0.6652672355985717
0.5458169533148052
0.5842970510043102
0.413738222175121
0.5654904746272763
0.29826839387703324
0.3880128322767411
0.3476156340748077
0.5924834544865322
0.23590559375450698
0.42590480996184454
0.436220442686686
0.6840361275509717
0.340339980547448
0.667171210313562
0.8025935101122479
0.4986587139187998
0.5966459144963413
0.5341328275252398
0.6567271018498023
0.18987967104105585
0.27581246920906255
0.5050681375749317
0.6988333926497841
0.4713978487875401
0.6275059657518129
0.4682567261986986
0.7180173505783404
0.3658209498386333
0.29730287152084556
0.43641066643095316
0.45408852832296104
0.0
0.1094653890769399
0.27354981500309455
0.2555819845342751
0.5421922670295412
0.764585184644339
0.6530609760047814
0.8027774656120241
0.4096860046160185
0.2623462650332174
0.2716100711618557
0.31196547047908857
0.5706737536730776
0.21133932754337512
0.6034256178868433
0.7304330196135238
0.29043545380138164
0.2763406023699865
0.21072241033844386
0.27532172967593044
0.24645791573675196
0.2891902544829624
0.4315632542858343
0.6434875003430853
0.24746420515318762
0.5351029426737989
0.6448486715353381
0.6958137046775027
0.297139876904145
0.35783376743727174
0.6087849774113648
0.3897347163600199
0.5600935614468546
0.17433193186354215
0.504627360986608
0.6883286060626509
0.1952197509659484
0.3497714784130429
0.47541821312312343
0.7453164966457193
0.3606822685031319
0.5677616096950947
0.760403730486513
0.2779073374113964
0.47072833349151344
0.7201635700103717
0.37923676498101205
0.6054343153370462
0.8083029858792887
0.45154902032711336
0.6480115442306735
0.778794648907982
0.2896120137017764
0.2740775983155203
0.491869345428399
0.5951341833625031
0.5495990794319009
0.7718821687752795
0.3342518379007224
0.4048624950138567
0.8541456926745462
0.41605073224033756
0.5849008250232896
0.7972575455425424
0.8169741033956466
0.339400038106032
0.5477153996513442
0.6948507887460186
0.06458118294239688
0.1748489297905
0.1755194899487486
0.4251253575221529
0.6548607129978886
0.4524351960976263
0.6943808314233663
0.26873695562986205
0.5864843599337668
0.7796245012464309
0.25651624152653024
0.32499508960417983
0.5487727997338425
0.7242389555680491
0.17888990836453886
0.3921167198367428
0.6908950902781205
0.21310677550558738
0.27932064358793074
0.24781913043376474
0.20687665422826365
0.3159930553869458
0.40943170750754104
0.2634859729454087
0.4887232043071598
0.6837528898034878
0.4537230771921642
0.60943024122162
0.6901497470616526
0.6276558698778711
0.7530400807534314
0.3478953331785459
0.42634960717272324
0.6505238228032479
0.8596499310567399
0.48625805673393885
0.6392270883102045
0.6172093350971524
0.4204500357477499
0.6717574802472293
0.23687800576420928
0.4633258396431753
0.5687671398574153
0.35748630433563183
0.7886114284047901
0.33955920822284497
0.38194673564442005
0.4574194964668659
0.5813279576524715
0.4001218073760294
0.5144844985314464
0.8282218912754191
0.3404661784013256
0.23998109213954402
0.3858857733551595
0.5632401629162997
0.6934179102890263
0.3524912097187521
0.49256170460698684
0.5111657427101203
0.6247596926954597
0.40070325509983196
0.6773603415439974
0.2087810824096887
0.17778769169406047
0.24575133924815631
0.49617287788897585
0.6132444190717644
0.21529996226200276
0.2561533594878696
0.3865711449352268
0.5544313430444604
0.3844314995789033
0.6998126972465797
0.26840820808426735
0.47346750908080243
0.5939399514016405
0.2881073347724032
0.4280971256733509
0.6983787238424476
0.18284578079280187
0.3718590590528281
0.5890326797613364
0.2587642759821466
0.5946912326984846
0.3373142955027459
0.6297240022783728
0.2492953942254565
0.5449107389089043
0.3509438953659316
0.5720469173250375
0.41752777878321234
0.6574606494006215
0.18006598297002044
0.042957814170968917
0.12889605542814417
0.22764323120530058
0.16800097029613845
0.38421145271589585
0.5519079478557805
0.44084097016677
0.5864909470614477
0.2249996596539146
0.4931808111350994
0.7987207219515019
0.3065294512516634
0.3822098651948887
0.34112836759394066
0.31363185372143354
0.26567891520046055
0.34945858551194453
0.6434282876513775
0.23603290661328238
0.3464048985520883
0.6178092200975792
0.3963147347812084
0.6042821432568415
0.3629994570538436
0.5653045642712646
0.29659026784746434
0.5930762481496824
0.31611513075134107
0.6510667735313178
0.6514527779109346
0.6131540741413429
0.4734113306465037
0.6957556647114275
0.14561565113312047
0.10186991590819823
0.1390041835244552
0.20854926779517993
0.41004953065256533
0.6422909930705626
0.21184837923380984
0.270019048869186
0.43800478623116934
0.4871982741839172
0.6014780240131504
0.3126942491034572
0.5607265857101018
0.43276201494424965
0.6156736966526312
0.3663713006300666
0.4989704639094285
0.33465286335620287
0.6245902433850775
0.3487438041028421
0.6704115783568075
0.6547880408945642
0.6079331523999102
0.7253403432132375
0.3591632979339747
0.8182074476157827
0.43476808800694505
0.7296517832548114
0.7906944390465618
0.6495068758950646
0.5637990690029357
0.5368044638844943
0.7449360363734067
0.26414382345811166
0.22013382956019298
0.25223442211566494
0.35162964228184473
0.30695009876418183
0.6547327536524244
0.3252602830261622
0.15497732210270668
0.19553231774113833
0.2657319708808025
0.43307056103365743
0.7339462404151624
0.43725310057788397
0.4928765005782752
0.5733794472972685
0.7437236379014229
0.37661412825589335
0.7362185253536525
0.5100188419529799
0.7726183747546536
0.19706138564065884
0.08980644962758721
0.24019222602102505
0.6393374264800562
0.1852640610331354
0.20576064666808827
0.27185641890521395
0.6214816578195823
0.799629967009556
0.2502414364187738
0.47326712618790706
0.730601053008785
0.3468492935242163
0.5689950893736873
0.5721067795275101
0.69456392338516
0.41525857295714313
0.4464167432684965
0.5895964209560912
0.23833598118220817
0.4523000855594525
0.3343417350634755
0.6518724079982895
0.23523234806234544
0.2679504601538298
0.2320289654572976
0.09717697454388091
0.10139420388568698
0.45032513164342025
0.7688006858886915
0.23179145392480194
0.2895197640068516
0.6137210472354456
0.8439957430702006
0.27645029964377316
0.22910880756687654
0.34602276051408754
0.6189592502578917
0.7643188973723097
0.2443702500747384
0.3747036710358237
0.3665706874707515
0.39245052298012284
0.594529484368866
0.35125355957664467
0.6427590713296774
0.6260568846456656
0.7126726700033799
0.5777576391245317
0.6482955170742805
0.29920152700006386
0.5868648441666915
0.510481604655433
0.7208425099276004
0.23046922397105782
0.3388607655233011
0.5679745610311758
0.5361385910560874
0.5910777924377971
0.34476924580656754
0.5846629206366419
0.12050963737114491
0.2247880541599891
0.6852934159708526
0.5361333484572885
0.7283494285762885
0.274306258671921
0.17088064065294484
0.51794216860207
0.5500252530683979
0.5686527183958505
0.684639954801459
0.44780306155322086
0.7115289491338662
0.26351814262959794
0.3402517149006724
0.3394859254738219
0.460680779973224
0.5133104627480084
0.7292555224341352
0.3702103284777456
0.4251359753802053
0.6990259007553117
0.3608012101631794
0.4723651699285066
0.6679143995592722
0.18350382709425847
0.3101787731900752
0.6176983767618408
0.20589159371758856
0.321432951518686
0.6356101671866313
0.648405716465714
0.6583431078536873
0.4779149628420606
0.6334799069010375
0.16170344386707428
0.23911594403566616
0.14271375795301297
0.28081303210232755
0.29221113222825734
0.47677968829496054
0.6406296611755161
0.17446158120082092
0.31269735283061584
0.603831778384901
0.5388627669080953
0.7279111321371204
0.3430318426479549
0.27775837280584686
0.27925437469231784
0.4875008310481564
0.7984395940643261
0.17505554855337122
0.28934649736455914
0.47884588549638146
0.4349606288585545
0.6516108300539196
0.23365257320761015
0.24702592445475036
0.25361445428703516
0.30359995129530865
0.25143382918851365
0.6462934650268305
0.6194160541958773
0.2346352255643239
0.5325321209147571
0.1817094966825253
0.4929759255194884
0.7624132872507192
0.5984181641261779
0.9362788979394813
0.3362668383739732
0.3812998157516986
0.3554625097933732
0.22431228355887003
0.14501160276949854
0.23688483119812376
0.3070438430367636
0.6270635691005925
0.6262858942104128
0.4121317555794378
0.6179720709971397
0.3610682318524106
0.33703723175673594
0.5431704724360356
0.6748012350770884
0.19185583146946472
0.19468358418986362
0.20213147310614432
0.22397729782835227
0.14249070367991493
0.17950246447864227
0.23343022229303897
0.19803796123191736
0.3962994849993954
0.6646596475131088
0.24810438097284288
0.37053715143897525
0.5920011367304612
0.631581016578192
0.33315872997043816
0.5732892822279142
0.47849726013115135
0.5655469680324514
0.3239373536217861
0.5372168194052273
0.27970480477412324
0.5216275233120837
0.2956417463083095
0.5620500523972454
0.4238171299405426
0.7700036705104052
0.4492137756440624
0.6096599514360456
0.6576754149123794
0.3861066592866612
0.4727051844314734
0.7160321793221688
0.39546708538177777
0.5998955629279669
0.6850505282046994
0.37271505701264956
0.571641124239713
0.6802967347131332
0.6819640877609602
0.8432974160522158
0.31353794614321145
0.2774777638759927
0.5069297119772502
0.7500390604305274
0.19355290068990896
0.18104138449202137
0.3193005208355111
0.41013799758156066
0.63634877681188
0.29494449125057637
0.5073740594322314
0.8071485505528023
0.3687732182790788
0.26981820880598184
0.34013287494091793
0.5046792558130405
0.6418991867858141
0.25537887124334274
0.4170803780571065
0.4646914918580224
0.27991041627872837
0.6366533306575853
0.5863349340240966
0.6392624764330044
0.6291004863328575
0.608767175935005
0.5159597192422519
0.5959918752694813
0.3292433735863827
0.48954501629991437
0.667698093155404
0.17352805063266466
0.237878543489487
0.7193793398939632
0.25821969803152195
0.5699742609118681
0.36373298738341947
0.7002447513422742
0.24244913091299733
0.3557914772434836
0.3314400749816493
0.5322520628191257
0.6962329591014677
0.25906868864151095
0.29111333495224706
0.20107478741613857
0.2714103086259189
0.19155827026607178
0.26505872369992367
0.41064663908491095
0.7883902301315374
0.3068837843691489
0.2985961831017535
0.31014280213440004
0.5428975500372397
0.7805414454424051
0.25128528782796644
0.4287195949326379
0.7499307296764197
0.8674162166542408
0.32132347648404563
0.39812742649020083
0.5013755079904478
0.8080432469028479
0.26162872974643403
0.39845841580834324
0.5046175097373664
0.3617778042255569
0.688042656761224
0.4010044857888808
0.6093309974300415
0.615125390436841
0.5378275874768285
0.7601039848433647
0.4427493669445629
0.19768741154876024
0.5440287182893218
0.5159980393060631
0.6383221629244554
0.2983625906027289
0.6047858979534592
0.5268614019351364
0.7497544140656224
0.5687019973144302
0.6689741592714084
0.25212611001346835
0.43319460867758325
0.6074252049604151
0.24142686729586432
0.3908460575718892
0.6378316317299925
0.1368117647091134
0.12827033313197142
0.26937499873353665
0.4767544119988913
0.6602408768109059
0.08522417883176599
0.13000909883959103
0.3303246074888751
0.6314443889530016
0.19225353200842915
0.5168132826618318
0.8801554244065452
0.4611352066061503
0.3029341535482895
0.08847708717198563
0.23665371621677633
0.2201301007808424
0.31840825507524034
0.45999520727731275
0.6199942421751826
0.7229014324583171
0.47912884608666567
0.3434505587942206
0.5559727133490363
0.09970404490449042
0.28746811781527093
0.4876077357573137
0.34840662806569356
0.6972236439645153
0.2180850563649412
0.26349491027129057
0.40669322786881384
0.9003288368145878
0.356319231556164
0.20376336702167672
0.5285440212295174
0.5536759034530473
0.422394671252656
0.6748873109994167
0.4346798487603451
0.4071189836375486
0.6289721059662118
0.4902995732524612
0.49934118991090165
0.37663331789962057
0.675959524107907
0.3689827174165301
0.8236297741260279
0.3810693190955836
0.4388152555657882
0.5187459039851497
0.6403733260894151
0.7320508301691498
0.5352857089172941
0.6967494420422901
0.48551967358823733
0.7376885309243174
0.34929563150579174
0.574815834368829
0.4256666734737417
0.6258198447867522
0.8794106663848571
0.6785434075556765
0.8042889564800633
0.33185819266858885
0.3433457312227523
0.569066681439023
0.8105729052890928
0.3591489815569986
0.19102312440622177
0.11667628449253559
0.2751329440290306
0.1825273598767692
0.2904394208476486
0.38512668927083304
0.5839030109914585
0.9723798348978583
0.4112460379290455
0.3601292429242198
0.40008422477545036
0.5190560794370028
0.7023126053089486
0.12266042658052206
0.1772197345851741
0.3727693052449678
0.6775944301998525
0.29852121499709694
0.6439003037011795
0.8662243128679626
0.6145776802747979
0.7673811507286827
0.2495070675285215
0.4197845586861859
0.6285251957285231
0.48302690749233473
0.6099755801493634
0.3009266828713873
0.33727917608428604
0.6970937824225978
0.17321612569108352
0.46465752627908213
0.5935383871093991
0.6077010970001161
0.45944243378032007
0.6922670300571825
0.3738391183281088
0.6383143606393537
0.2335321399540422
0.5290802213078614
0.14832860624393182
0.19140109662107072
0.4987098440487219
0.6527839694700801
0.6082059003520601
0.7912752486838833
0.2867924667651357
0.24515966512192622
0.2347060093669716
0.09482997710869825
0.30079117467203803
0.42000775223175024
0.5516681370557552
0.0980954297179108
0.20891982686010777
0.2731502770395179
0.3350586214923194
0.49205943069108904
0.7365869874586953
0.4647375834480842
0.7575487166761801
0.2390214763323511
0.4302582080046229
0.7737351128291542
0.3229681758668136
0.5959972434888045
0.6626687587044484
0.2742424227196991
0.5573240862419063
0.4713786452582299
0.6445358051168226
0.3147818868186465
0.2639945304248656
0.6254076070462412
0.5215025597490127
0.6956562380507464
0.5781777278021556
0.7258702815321043
0.5006431566123628
0.7752931211954527
0.4395328472978259
0.7377417811720465
0.5795900724282634
0.7604674258124664
0.23705503882659248
0.21485700410029995
0.22886641845572564
0.4257106425157611
0.7447593362876613
0.19280333466047705
0.2672946151465695
0.38822694962848736
0.7113065652633763
0.3534090500801036
0.6972724106060916
0.3687872788813172
0.4996131500275472
0.5762257348831169
0.5275259545286036
0.7177025995730488
0.791269027371202
0.6199483213710263
0.7937837926139607
0.31556028742879505
0.302408369236371
0.2730414743190492
0.24173095161580838
0.2374278261651611
0.22802936381292938
0.13673469482403028
0.22046983323183916
0.4489304408285379
0.5189293769446268
0.42556817792770324
0.4484081549661151
0.55209533281589
0.11615801982492155
0.21102942059458007
0.35455955953916074
0.6500925960930553
0.5081248754781211
0.8105191959240339
0.4962596964442795
0.6413424522098702
0.5807418466953757
0.6558564377926854
0.4951047658523674
0.7215839251763501
0.401558647386532
0.6437452482823202
0.48484505587315624
0.4494771221522926
0.7265799837828045
0.5065011857595096
0.5801169717235022
0.4075294128410344
0.6361107184926735
0.21668428616360136
0.06292333469042798
0.18475625500457007
0.26532668809122084
0.6522686047649829
0.3813727211884125
0.5791996866311144
0.728182392423668
0.5488343783259436
0.5776387777526101
0.41388159628960963
0.729095611867086
0.3152192499990546
0.219843423840737
0.42486267767190383
0.7509770095699181
0.3355137750756356
0.26441057016675934
0.42666110710154914
0.5838405293148796
0.3372925062842203
0.6275208817403793
0.31518731394846594
0.5334160787472823
0.7968987002236796
0.5421046222826814
0.539183875373665
0.8029339011138278
0.44305352434262235
0.48883661511592175
0.8208358795160109
0.2910626702959486
0.4222525586826444
0.6032730914888006
0.2653323618855103
0.3776576629209896
0.6801912346801668
0.23812790842701523
0.34799811918563817
0.6055011668136605
0.6084596538402227
0.7977789177766289
0.29198613391569594
0.36252718815562174
0.4311939602344289
0.569719355062305
0.4002756283959317
0.7701799647435633
0.2610312727958746
0.2765774782136123
0.5449697781380148
0.7263905259816651
0.5438293156365123
0.6811283647971956
0.15442445856319761
0.1662247146982062
0.2677782203841399
0.6508314220943217
0.6122923579725321
0.33156561168147336
0.562815199754023
0.32160536307503684
0.4918718479221697
0.8601493597942982
0.44580175600801536
0.5703663431449691
0.4618192847024653
0.6557640265077426
0.5249693694228944
0.6368822635474163
0.2859866866602919
0.5258296791197966
0.48887448391186294
0.4938914824016691
0.5183098189873646
0.7273958158257177
0.3298207458747404
0.5974970829832341
0.6383286296202089
0.8105916192128303
0.3128136817563981
0.25947901832796433
0.18545835668864302
0.2991139556452596
0.3139712802994119
0.6391078034421842
0.3320219462806193
0.5713023397052484
0.23970086682392397
0.4467033699868303
0.6162063045933323
0.41105632397339653
0.7033075556235169
0.25443324513138055
0.26035095962969185
0.1555061055359153
0.3468803515652986
0.4665309025516165
0.633143432149695
0.4082099553143093
0.6506685454451016
0.20390048052558618
0.3459197256054528
0.5173966035677581
0.7918077669916646
0.3137411888183397
0.4118863894276802
0.6757739313298462
0.3466501767227535
0.6057618974440409
0.48888881947885193
0.5158650690682499
0.6075843917240799
0.6294097074067945
0.4673962826381208
0.656906188475827
0.39850370253695566
0.6634356130936634
0.4648001041450646
0.7073851036220559
0.33510006619108623
0.39047932931121676
0.4370483734469182
0.8180271315588574
0.2956041832335218
0.299131771565095
0.4181463032146581
0.6872471769497281
0.4335871411974127
0.597089519097384
0.5228140900831664
0.794371847787993
0.6328856431427726
0.8141000151411669
0.31112301835354633
0.30021259437811065
0.48981919328982493
0.7251977093170584
0.20905274858318382
0.30748378242299407
0.28387279524164377
0.20319970422242398
0.10487178736931585
0.23429510980072557
0.2812147638113823
0.6111953001232348
0.6590827397514026
0.5365245781323297
0.7274061237858997
0.5683011201835224
0.7456423257985847
0.6953178102617017
0.6961752380388084
0.3491121556046412
0.5199427229751734
0.6595173066242209
0.3437932247167282
0.4786565484326909
0.7534318264779616
0.3343749226442076
0.18530490309592842
0.3322464350955816
0.6084458105565618
0.16605133470685343
0.4571369160559339
0.5344006047930384
0.44729763175415005
0.45834461777386526
0.32630248734972517
0.6285061533263013
0.21165444480242668
0.36323093364208686
0.8922579120116172
0.2911575183826905
0.3508253060257317
0.596628418986545
0.4096589868738855
0.6944706576469093
0.21003890561286923
0.49890144091408717
0.45744413387249816
0.5949059654872217
0.43905703106032207
0.7062867841834644
0.3832606060971542
0.47490152177194206
0.7304440951583012
0.41712134274265134
0.7866787825766297
0.33474143838985065
0.5665149667395648
0.6582455762357873
0.5047459856201676
0.8292661967799679
0.39395939557994847
0.49335488696595237
0.6534345535807159
0.17085258973243203
0.25061659028376276
0.5284105261399994
0.699249427482222
0.34998769098843274
0.7302437017851261
0.7351616572211358
0.45621721455076
0.5717510570402262
0.2953005320601401
0.5184294584707667
0.6444076068099056
0.44365283511260706
0.5514888159092808
0.2294536302989398
0.3940326163091284
0.6891431261497648
0.20998411353465837
0.278860379246712
0.5082140546870091
0.6718469080892842
0.21952868911904927
0.3157315077789242
0.5032185091664291
0.6552165895421715
0.32217606046643116
0.6262535516837082
0.404295305136923
0.6540069900173434
0.22229744399774873
0.468799992103292
0.7069523847997282
0.5126831338938191
0.8284306389420778
0.12254544674998225
0.10924559245324755
0.3548414926807923
0.4418732974986181
0.5933929085181533
0.2097759335558303
0.30209724293995743
0.6501645806711054
0.5095634490366138
0.5142404390105537
0.3394215894368343
0.7150580644647815
0.5522945638541978
0.6723578755963602
0.3515069320352506
0.6810116952308035
0.9226470050334705
0.6349620923683011
0.6937017807668173
0.7096798900651307
0.5916561512979178
0.689885810185729
0.3849214167894732
0.6766632248403976
0.42366963679942193
0.6738376883837125
0.45835311059055767
0.619999131932719
0.5691798589310576
0.5943975202970364
0.6086493663205328
0.6749695573467919
0.4943339809337906
0.7093825401108602
0.4448639438951903
0.6970432531325478
0.6825727941575815
0.6088285635498145
0.5337868588212927
0.651907435981544
0.4908605073451645
0.7187650577874425
0.21700454242826844
0.24305154082065789
0.40137564184898716
0.42618027834852135
0.39956900683886415
0.48313298553516
0.7952420680070145
0.3803335626081843
0.5702049844695734
0.6753058121286651
0.4477672125288312
0.7188397068862066
0.2892572974213629
0.49534509331947635
0.6768055489884913
0.1759406950847955
0.2756475560512829
0.39543045791156944
0.7060301212238502
0.45551697577607897
0.6311996265664821
0.44223195248717395
0.664463302435712
0.6225317375929867
0.7022811763030722
0.3495599343033811
0.7449266821031831
0.2613235432798664
0.4692482738479222
0.676826089251592
0.21904404130878924
0.1773494076657291
0.20611100929158116
0.4005711685958607
0.6507468070066915
0.3594439141129559
0.5553855371950817
0.6805446663206572
0.453978314279781
0.6250275470460502
0.0991990184123003
0.30179749160970626
0.44783543705581913
0.573638844648364
0.5174165185882414
0.7203457528513344
0.40509202054168103
0.3609437342578212
0.2596546714747524
0.5684787245899087
0.7603912885175864
0.32418738408764963
0.2131904198062976
0.27487928925353805
0.5917182865983768
0.4247959793944537
0.5575777438142234
0.10356255172384723
0.334471112486249
0.47068072916457193
0.7511860068791938
0.17933045345631302
0.2856106385233483
0.3228296753934745
0.387073968311637
0.24596877738384793
0.5966549066809474
0.7552139759737292
0.28115353058215803
0.3532548657281959
0.6537303469918597
0.5107276887765166
0.6883137324038842
0.5452331185483943
0.6167799696503261
0.45848684601777145
0.5103431267923269
0.47891355044123474
0.3740080323439384
0.6362039990353731
0.3344260639080791
0.5261407949160062
0.6941363061405528
0.2678582761385145
0.3218256333598531
0.19740023901020076
0.2151755551626501
0.32887939096253843
0.6057230654581459
0.27728648203456185
0.36914159816284575
0.5169993011509857
0.024376062058961374
0.21736242912155224
0.3165255336521825
0.5350271878273473
0.45392164329336143
0.6094806662964734
0.37757156787725027
0.664326277292433
0.23193407004104238
0.44860881802274705
0.3970686788832127
0.536798820944589
0.3458435545455913
0.6108425341728294
0.10541482412973736
0.3492058901752003
0.6360648895163047
0.5213647009984794
0.8099743437516578
0.2941699371625425
0.2855993212406129
0.44094943805786857
0.46028708901915244
0.6033320593672143
0.22427251562924921
0.3996165425621605
0.5185894834945369
0.7909628362705007
0.3533927875864956
0.42788756000014916
0.646852017538215
0.15567982782566786
0.17347524926625504
0.186122809241555
0.17240501066422853
0.33223666859911016
0.40162905580918945
0.6468121078939136
0.18060924610523252
0.2843311329325103
0.2010453047325035
0.18447087214642582
0.4457996857947875
0.5922487667111611
0.13652686820484078
0.24051916946062316
0.411912598539925
0.5866567648163081
0.5931609955376645
0.9268996916495199
0.347452105001851
0.36175634829627884
0.3855262309939106
0.7261706123358282
0.8093738568338709
0.7416509929207233
0.381084316682103
0.6857741876571548
0.30619484084665216
0.2348647245643935
0.3635362804525629
0.6472777735110977
0.45950828471610344
0.6716723198988515
0.08615628904805325
0.07946611708707738
0.37068068368135376
0.42228644560659995
0.5963711693655677
0.24939337170386247
0.2444492576220428
0.5247356874111188
0.7077573492755325
0.47643544056094683
0.5897809739312316
0.49452062997122226
0.7817559320558384
0.3893661296803323
0.27817862458853465
0.38376068636075794
0.5377580753017338
0.21552114468547198
0.5193123413036473
0.22740314072217707
0.3738876783317126
0.5519765439737634
0.5458588207718535
0.7529004897414248
0.31181324946322164
0.4167792001568668
0.8061517945210758
0.42299374869028833
0.5008071401257729
0.46574184841983657
0.600656043458135
0.46988344583347624
0.7430500987880857
0.3133859267166064
0.5269069872057698
0.7690103261605817
0.2810365734642294
0.3551347940396251
0.5374450571156305
0.8554437011962749
0.5119805657236447
0.7065220675464544
0.46774486502692003
0.6386632803061818
0.16179306732355278
0.3199559469633844
0.3224438815200395
0.3015892854482015
0.6341005776950469
0.7119629675851984
0.6637082075872544
0.5375823705357139
0.7603872366853758
0.3890067898480228
0.7203190141740519
0.5587516048878295
0.5936429732374732
0.4938368771917527
0.40197541612912696
0.5372624635445291
0.3065982905544826
0.6703145037083431
0.5650176622766772
0.8025242177850477
0.23279248881230524
0.3995307023568828
0.3955270767185703
0.5714601837181014
0.6806516907880932
0.33631461831636783
0.4747758999298325
0.5158034811523092
0.40318768696002155
0.6815451173417676
0.1820359418736575
0.37314678881325214
0.5939934067183403
0.2983449717953793
0.4208059200075362
0.01568752153781141
0.11286029833524677
0.1940381128592943
0.09394485592587017
0.1274330559894794
0.329074310746518
0.6476210180924998
0.44120193322694706
0.7135846726614326
0.23239713372306034
0.43743368044989384
0.6437583947971913
0.27006529457471745
0.31418735223178423
0.3102034229401064
0.2638051548190772
0.44321839890434117
0.5505394867148216
0.6295403959671468
0.4636538920112227
0.6482161142364615
0.26060123398316865
0.23440547373167095
0.2961395491485692
0.5256511179235566
0.3519033085031013
0.591603088676482
0.5723572923526689
0.637743846573656
0.5471995247228741
0.8043820245431471
0.2413214251531008
0.2868426479468917
0.2595063771166459
0.43915900881036163
0.64566626355452
0.5386465611097118
0.7755116407665795
0.3872364508517592
0.3868762306214782
0.48134580689547163
0.3604505995972919
0.507043941984105
0.6063480111748711
0.37379180149983243
0.5835590419596912
0.3658465580707072
0.5809089899844303
0.2214424037861545
0.12819838059269695
0.13722606646653518
0.24029794348756928
0.2645855048603688
0.6382923068148799
0.6592070865536397
0.6237990297859078
0.5981401591405177
0.695807519146521
0.44990702637244956
0.645668301928747
0.42859607918505915
0.8017839417759453
0.6506639650669555
0.8580165194166468
0.3464869230586928
0.6802794794611626
0.6397229309464942
0.6452758522269502
0.5467041199248602
0.35410655633578914
0.8234305053060506
0.4592999166391168
0.6301925829236028
0.5502287777615529
0.24154584096149478
0.5048296776729303
0.4945667152304141
0.5654941256493765
0.5139961091609814
0.5783539266382348
0.5757037495301917
0.6555687473126343
0.3867158635465237
0.7810425915970391
0.47652663798628053
0.7525476804894613
0.4503883284763563
0.6184586093228077
0.5813546092929607
0.7167519462831455
0.3157845629533325
0.47783906901712947
0.7195691859238328
0.40340889850312817
0.40212611944560367
0.48687437743004547
0.7331998965497581
0.46465166778215017
0.7482152568614028
0.722545850327334
0.7329662554636079
0.4041004727915807
0.8305514072685064
0.35454827630885816
0.5586489959686324
0.5923985296092888
0.4082180835069323
0.7686176318327501
0.37213344031181234
0.426107027830447
0.6659796765701971
0.3252493027180834
0.6853263198388283
0.46599254716057764
0.6919980384260237
0.43725338743532954
0.719171094676862
0.5135431355710811
0.7663331160242866
0.2686908158735398
0.34450676037747885
0.4634517500421326
0.6370000917586452
0.3947972073166367
0.6603869756450167
0.455474443933982
0.5985744493878987
0.3073897631352283
0.5789752934037553
0.5004362323081563
0.660137291055418
0.32366788017326864
0.33336486031048834
0.30932242226945916
0.6288126034398108
0.06355595135905488
0.3039973165260209
0.3427578879820786
0.6328438493399933
0.1008601667184642
0.2896925057639368
0.17745116858313595
0.45204954858311064
0.6144893882503669
0.38942993703119755
0.6568977003293988
0.43110409813851963
0.7476705543608329
0.31533650322697404
0.5557291008930578
0.6732486271618952
0.3291684320114304
0.70335025897096
0.43934418851856455
0.5461705581141948
0.5659142052954831
0.6712831663936082
0.3679111673481791
0.3641976894381506
0.47295677344268217
0.5310618735900388
0.4943306498531241
0.6503701139871528
0.38575688420545745
0.5174545193711957
0.467050857335786
0.461564993825592
0.3443281147921154
0.7192387507282745
0.28520022566627434
0.2903943286149052
0.5635336142516867
0.4007940378606054
0.5620891521513722
0.10599266809132107
0.24715951406145348
0.4825503749209365
0.5687166049937801
0.7200469578547789
0.3241524402057291
0.324467127766373
0.5959520595008939
0.3023180021601427
0.609185823659609
0.37299673861855437
0.5933671336572486
0.8722055156456605
0.32837395472078146
0.30914356311523555
0.399937756167115
0.6011925066656909
0.6378496464030624
0.5489149443407764
0.542948712520249
0.4690551819439894
0.5276317322658198
0.2539212030681568
0.5483546286275737
0.5857732525016314
0.6030201761612829
0.7293093120530995
0.22881626814763995
0.43411914119444917
0.5659472415275
0.2515368317978211
0.2724706608352534
0.6442720937992503
0.39255395658311704
0.6717401467227418
0.38223499724017873
0.6125055683412212
0.42861075102490004
0.7852059099448245
0.29308996875352744
0.32077083298545994
0.4097015606009161
0.5156797745491724
0.5271584005365486
0.4786169521993923
0.6512954160432328
0.26696225816866165
0.49515373675822616
0.6919732038748905
0.18856740747953551
0.3115233744995547
0.5392193448694843
0.17158780698295475
0.32652156338254035
0.48867501123791646
0.7234012777215867
0.6680010715291687
0.5486992729622181
0.7170433154307393
0.31584614846333253
0.6153772552733452
0.35239040088772894
0.5132772572925289
0.6062588590335566
0.27990769535064725
0.5964642728078277
0.753137490396478
0.5461129244728915
0.6962969296402616
0.2283326441899419
0.30384069596813634
0.24879228397867964
0.4579394921856736
0.13365825165470072
0.1871609768810724
0.26696856722576495
0.4142604202541844
0.6490602934333864
0.1909919417812141
0.3544027056286958
0.6748751855770476
0.6990161472284662
0.2964565071050464
0.30264965058456994
0.5689591816731839
0.7704283074185926
0.3052873888389138
0.18220440080804706
0.3321574281201077
0.5817136958632244
0.3179135731485483
0.18763611694409899
0.040700291962389896
0.1635683784537334
0.4765629058600006
0.5307713420680739
0.773540835578399
0.6330840087772147
0.7399445694164127
0.01861547426063955
0.1542156241573598
0.10686505406636604
0.2020945536068412
0.36723104984652954
0.5598096785448117
0.6940422134108398
0.3357013099989468
0.3729757481276955
0.6640430527607695
0.3338748803016671
0.6994711087886525
0.2965945817551597
0.4042389408810785
0.5399126448775751
0.6359746072143997
0.26762537087928145
0.6043477970527306
0.505125117968255
0.5923697031177168
0.4289453308401114
0.6334515298920186
0.10967057841046234
0.3529080893313017
0.6723898120527928
0.5573123513338225
0.7303755988295334
0.30276602102772965
0.34462352273876906
0.2546414238754577
0.24881782790388987
0.4342125922425104
0.5942450303613279
0.2487765903407007
0.32714996381216543
0.5036264446919233
0.675714129532446
0.25895906692201875
0.16475079964355396
0.23716903998181404
0.2605273664792947
0.23825092300628126
0.352967204549661
0.2693161136604544
0.6092169735359084
0.577652528835176
0.5710248484222277
0.26703404534357456
0.5850160364006544
0.18814237053433824
0.43484358651043264
0.5355553233957907
0.3590259263395033
0.7472118391805098
0.29582039495518847
0.5371185283752444
0.6366283904738028
0.1535615081586722
0.23138996340784587
0.44388600164477543
0.7027982501062787
0.16654273981577614
0.11886193077851591
0.21579408445157283
0.18000763883260282
0.33463361475161785
0.5715935281874612
0.3970703780024653
0.6609959994254617
0.24714904262920445
0.3188282301617499
0.20999240014557413
0.5785493491725018
0.5652516172780162
0.748707845428628
0.437997799775462
0.6667010005049325
0.21914747580151397
0.15561562585231734
0.317921984585918
0.5681096925727229
0.697078686407894
0.43582824588193797
0.7226121767894169
0.3906184325338893
0.3595194223240533
0.18569019138679788
0.247229543864651
0.38189479421958494
0.4583598529236993
0.5392387612572905
0.22087292296304722
0.3088103032416164
0.6061901179327642
0.024608987946339086
0.22723704073340922
0.34283716806661413
0.5676541161239754
0.5300437883718231
0.6097594793198887
0.6922087909782755
0.2851409479211573
0.3756643382994858
0.6919998490143551
0.20074829361762098
0.41197762246721564
0.6544002871935001
0.34862004201013386
0.5938286856925773
0.859615222217563
0.2833232741830026
0.3014110627319756
0.2737259226333611
0.24371811239335997
0.23473206688701487
0.1969473480840346
0.212218524187989
0.3057094808502652
0.6041647879057102
0.4679840861298555
0.47623378678620687
0.5095589006777245
0.3662108804966113
0.42760141026540843
0.10672678271414908
0.3992096289597217
0.5778050923144888
0.1391638903670417
0.4417728329786666
0.7038698507737873
0.19864487100610045
0.32265357638199105
0.6714480369788197
0.5959735561405284
0.7051065426643781
0.38505341750064204
0.6274235032183372
0.23982595546606597
0.18314640841269766
0.4782365925523014
0.42888540235236944
0.5854584336795973
0.24398117067756098
0.2543617147935984
0.33977997735612675
0.4719345627865809
0.6355196625162691
0.522218060245115
0.5524733407086612
0.3406285269002785
0.6064863795303219
0.5627306161003298
0.5877164396485524
0.5173481118545623
0.7354545851309691
0.3431745839103676
0.4207631188896498
0.589209507655628
0.18953201619319499
0.30731206717003
0.46621748933096707
0.6349162770000706
0.21479898144073414
0.386184211595025
0.690758150005198
0.8035927951839943
0.614783017095433
0.5451049622880539
0.17153917054546075
0.38032204164366984
0.7442890733465753
0.48085477399391535
0.47145044304905626
0.8577971750804694
0.39323999779196966
0.3741808825601644
0.6027610338655505
0.20479321885560714
0.2771690201546057
0.39878162589744015
0.6530918418227923
0.26903226068260727
0.1910642796757877
0.27218353128321016
0.24226771001195116
0.2832778906958583
0.15884596007741625
0.27205485503597693
0.5181672605774814
0.846389063822544
0.3718951662410505
0.4890921751250818
0.5477462069081379
0.7094602623392965
0.28587476657684074
0.4082087782898522
0.5691356528904051
0.4498029221864657
0.6174124105054322
0.3076143796828882
0.5019319282872683
0.522551819886424
0.297397208455112
0.5095035456596728
0.45674456596786434
0.14722561242461651
0.43113138796164463
0.6844751142662557
0.2708627926204082
0.2768428675299273
0.4171357418063792
0.5749937485163783
0.4452783658668103
0.6342543550352545
0.3085183067388054
0.43045825855651126
0.676065087468961
0.2580980585376844
0.30808100192515925
0.6387235909724727
0.5735903561376651
0.29295335929363286
0.5016198789182247
0.4576726414685952
0.7580469685633543
0.5087774661182098
0.6646297634243123
0.11809259337267988
0.24625175972747063
0.2983529373192801
0.24620063301620598
0.4217390377079242
0.7543940368492348
0.3418095414495819
0.5520638173913381
0.7461523579529009
0.21719226776378167
0.43137771379707934
0.7626126517011942
0.2592958030709579
0.4817710106314651
0.7013838714130592
0.33333792165036685
0.4688978945397258
0.6082690619171947
0.20483804455663718
0.4428172415792282
0.7375924920780936
0.39725905500933634
0.5275641662864595
0.669098510039311
0.6432621471632664
1.0
0.39809146452210264
0.34708291289998355
0.36512951899023016
0.6806787272439732
0.27153110333727765
0.6232523710842343
0.4846713724515157
0.6829307775698736
0.2521400785000979
0.23729184620428942
0.5064748011168622
0.6438604549286525
0.5508989296082816
0.5898709444071645
0.41250900197308626
0.5016037268897939
0.7022440537162755
0.18784016284561328
0.23000019491234902
0.2860147245793405
0.5723759717552575
0.6699919821420895
0.19110334877377094
0.1560790136491641
0.22417584608747684
0.3198374928525454
0.5687174814668297
0.21380046292825705
0.509941705615049
0.5925646591075909
0.41978188927409676
0.7744481006390064
0.38205728151430646
0.4129794749636333
0.6126357400586739
0.38706337048977535
0.6202668816183573
0.28321433684058683
0.6065007267120551
0.7055118501278822
0.19245804189260068
0.3170581731958551
0.4765778346693681
0.6676633266458268
0.23349571114850493
0.34894583534355184
0.6217615566548541
0.22707149177429567
0.5469640759714962
0.23644031205901342
0.555529961381938
0.7664166869208427
0.32439859578782887
0.55051181334188
0.7827266451485323
0.3986641699692596
0.5605118892535328
0.8122975733000812
0.41820310561594515
0.679981714415132
0.6883841083870725
0.25559165480713875
0.4034766761103498
0.5368677526357543
0.22477166052536074
0.28180954645988515
0.505429464379941
0.694422940382273
0.4590679198115112
0.7830479298840113
0.4852992400911908
0.7525273702620215
0.4611181570720191
0.8287436728606314
0.38765944550561926
0.41305718100160177
0.7166128993718572
0.497130707232676
0.7059937763692523
0.25754209837331166
0.4399284191262516
0.38578253787563294
0.4825135190698329
0.6749155086481969
0.32512828285868106
0.29336943370218393
0.4901861124455812
0.8111568596886803
0.40798914309705714
0.4001320807662903
0.6003912397696033
0.7398632329141398
0.24467088209514165
0.4233242046537428
0.536956679564898
0.4224909957673103
0.34408125871598694
0.5470374634679394
0.3232635907671992
0.5674053259494641
0.36181764058783306
0.5572982783026201
0.08419683182456507
0.24278737728833008
0.2959782412952722
0.4318551147558171
0.5446794774852353
0.638852742759775
0.08394208977846543
0.18577759960685183
0.2408913806387998
0.18520853810631757
0.16919721252718112
0.2475544947015404
0.2902757850472656
0.27577013825725105
0.30878869755470706
0.22186296063607863
0.19339735508240852
0.25807219440092655
0.27433266292991915
0.4707267689695646
0.7564986426589193
0.46096165692818647
0.6796783356006758
0.7841241335990149
0.6710501270404545
0.7307120072641756
0.3187530438178612
0.4059487250141563
0.8192342938393884
0.7044079676295646
0.660604434320793
0.5054667644287715
0.5751166063075874
0.652058037887069
0.577607682669375
0.6025704273904444
0.39981860565170135
0.5953249805803043
0.4296681642976585
0.6107921572841499
0.20451066186163133
0.6122165734590557
0.639435969916933
0.40478855056600094
0.8222454035903346
0.7999212984991839
0.7924668915777277
0.8563331975357845
0.7053892790447626
0.8003224361508969
0.5894374547458651
0.5396229093767191
0.3255661764261877
0.5181312102464407
0.3213410154480282
0.5129080969474717
0.4559765814595986
0.5838596503240041
0.3448736363822239
0.631477932166412
0.6389950254518464
0.5696953243161573
0.5042729321540896
0.8568396166683572
0.2966200981500468
0.526136109186275
0.5116570716244274
0.28773041997821963
0.676915875433305
0.18606282513993275
0.1594686914311296
0.42919991607172603
0.7888353025052739
0.3651272311865373
0.4532210774692653
0.6346053278156756
0.18632470257788045
0.5520018281916528
0.6912300058505968
0.15371890941201902
0.22239452357674486
0.7383055460963633
0.32240533701231294
0.46600811675035175
0.8218920159122283
0.3288730883540774
0.3478909961742361
0.4551019154733893
0.6818735199369502
0.24505257437517822
0.35221119810572465
0.36289807481643166
0.6697391721161509
0.19029828792629777
0.285641532386676
0.34836539316535103
0.4013373783385593
0.5605789016939313
0.6201440153766695
0.3941462816163151
0.4950332069103054
0.2708281124657192
0.3398303453633416
0.6886194288540867
0.2762521005235749
0.4923331769936541
0.6888113523317149
0.23178120261029028
0.32914199905136204
0.5521715991876917
0.256579342080523
0.2410908995304811
0.30293740106884426
0.5396857599675522
0.6970888443469035
0.3624808141864311
0.5984134004171239
0.3789453696806312
0.5541565318154188
0.36354069600857747
0.515297531028976
0.23161613405319204
0.4634092897843264
0.5933161382984518
0.2533740032521868
0.5739467111916281
0.7040442910655688
0.6322109118923991
0.4754332975133975
0.7204915028084445
0.4169816770844289
0.5383957359944358
0.5994701436005406
0.39906772271837015
0.6842566991490878
0.4071249455838522
0.4294087802309935
0.40833595521649674
0.5445224645585063
0.7511114703627989
0.330948776621645
0.40033669796230065
0.6889923941847031
0.3745099042721204
0.7603568196335214
0.15061565672328292
0.38373188812220804
0.5918323272569587
0.8496827365623241
0.34196261199403394
0.31599983365602835
0.25073904203375025
0.37870123217214785
0.540508826689588
0.26638423097796127
0.2895054587018996
0.6144466295096621
0.24486202067934354
0.2368575754924271
0.3890705527861441
0.6833876887343008
0.30462037017078575
0.3925834545493457
0.7235542033146838
0.5157769664289329
0.6819771082002881
0.298060044449744
0.5051790651471812
0.6474894264295881
0.1897419300596459
0.38692937328873533
0.7150375761153629
0.6688881845908429
0.7577033831002863
0.3898164470649908
0.7146899276635079
0.3117318551284029
0.578757783945995
0.7417418406266181
0.3220012755496223
0.3273098153098004
0.3696443451859064
0.20406357663070743
0.21608697980081348
0.36128751941195963
0.5584416216857714
0.777779297677047
0.4025881876271576
0.5577021452172632
0.6527933757748824
0.2195624478991695
0.3058289900666854
0.6796080710284852
0.41533003238252236
0.6000196489309275
0.6853125857084488
0.4630863148112271
0.7988889970907295
0.38569600983175184
0.516623662234649
0.7260174128508671
0.3696141311635035
0.5233255985509663
0.6526843374424338
0.8073616087294905
0.5519136393408194
0.7381142115744538
0.05021931185995408
0.04440064710918529
0.05100276093868524
0.08842724347141474
0.3839798513001473
0.7744474662732619
0.23199540829739615
0.414753267167903
0.4237126505248011
0.7785743372818753
0.5426797673623707
0.666818492874069
0.6638574479388478
0.7862075874930585
0.6096702637909196
0.7849310440058993
0.24562979477490587
0.3265136574839716
0.40248446686119665
0.6338927245998309
0.6119646835878002
0.709830818476769
0.4848539370730884
0.5592775597988459
0.5753976271935672
0.4348169267649909
0.636186730827145
0.095948093571893
0.30926885143585975
0.41498600450580475
0.4524495411381958
0.5585358893467479
0.6555945237623956
0.5129475429432622
0.6241129484200135
0.5203637074601977
0.7873263554374456
0.19424647706733142
0.25268552998825705
0.4979616164778814
0.7630468416124894
0.37037581444282075
0.3096588405067688
0.35188415550871655
0.42247466125916283
0.5077508695299754
0.7841266747341804
0.31520820137609534
0.4218119750760564
0.6162420584937359
0.569577123340872
0.8379038160684928
0.45921547362272574
0.7477221121950228
0.5351036537978774
0.8080027177095572
0.23743678109465768
0.4016974029598636
0.600944338281707
0.6923742041861054
0.23076624114831729
0.2532833668107386
0.38876770634143115
0.5551283989146606
0.3799407652156638
0.6602727488344057
0.7664302047133171
0.4589524260310044
0.586503651323329
0.6092566708681572
0.34188216958709244
0.6762491840074355
0.5178192801301843
0.7767079045231149
0.46387203086471523
0.6003451879310848
0.5979200390747826
0.766897056846278
0.3442493685731526
0.45395692905016966
0.641357327628638
0.3518289809029036
0.4838886237649193
0.5325178099430107
0.8468398513791756
0.2931371917401978
0.28996768430198544
0.32657507708948774
0.4320575392117721
0.335818507387071
0.3279315566946853
0.2916339988962441
0.09049128703936805
0.3019398323275287
0.29530143678775395
0.4831910983005736
0.32766128524837124
0.4701730845236048
0.6253543497180385
0.6174555223154509
0.1334436219099303
0.2179137044689799
0.3005185696782794
0.450804175615684
0.07383873351586824
0.259959845571358
0.5984502923056659
0.35382981164172234
0.5462533217194707
0.4889854965261447
0.6898131656331379
0.30378319872045706
0.36113399599851986
0.32281698015631227
0.5383074695163904
0.5539080033158267
0.5439725407686788
0.5717852971225205
0.32446750667622154
0.6562228718487464
0.27610266840254677
0.44535280766406543
0.7074474004715123
0.3284809726863698
0.6240441954086021
0.455591310354026
0.7701302923339767
0.3881932515373141
0.3153377759694048
0.35613052515083354
0.4323103806564688
0.5422716187491252
0.7387025057907276
0.18552038409619856
0.4470810758100296
0.49999608376607624
0.2994666971025929
0.5718733237715838
0.7939078469625301
0.44562155963984557
0.6687921447866605
0.4488966271223165
0.5817985193431007
0.2465313395609582
0.12739189383823699
0.31999662226702646
0.39134103592591163
0.550962928112709
0.44185133755546874
0.579067032955079
0.37436333253643206
0.5456948132870433
0.3060906997139342
0.7048227916207849
0.13864576671698803
0.3655490644587538
0.40196523120655697
0.716680686109206
0.26832130934053827
0.28480202507100566
0.4759556761317568
0.6624908613395232
0.38190334577375384
0.612879475078813
0.6464826003237141
0.39521254922969334
0.6740782539971523
0.4921475799252019
0.8531911943898693
0.3101124701391678
0.35232022324437806
0.6930534246658999
0.4668728529065915
0.6826955281525066
0.3050163775713818
0.5101781786708326
0.5559006373555262
0.5952371466432625
0.6267254784932044
0.6508948980399428
0.5444604523965882
0.5973553733304693
0.22943440310278088
0.14225629111227867
0.3477653890390043
0.6394934471220926
0.3235409524243006
0.6140014328384237
0.5593771951894995
0.5852041761571423
0.7058205586000013
0.5816020977166544
0.3920588735321987
0.7887002261887558
0.24994172927665595
0.26276153723749707
0.2357538503579186
0.31716556410185526
0.8139900715373352
0.47034439707962755
0.5764724219215998
0.45114890708906813
0.7789898831595712
0.1976771663155201
0.29221614699702786
0.44649620544266133
0.7346803069999812
0.21874332698653115
0.3182523510677909
0.558967704413583
0.7328126497027372
0.3888528043355753
0.41441445755437967
0.7452630564595994
0.44718147087664617
0.5164746925074376
0.862650459108323
0.36527813951243854
0.3008237459879155
0.7562043484365001
0.28209447968097895
0.3864863512911664
0.5510768623326163
0.8186470285558116
0.4065682481844757
0.7377911665336973
0.3789342886464874
0.379526415776117
0.5491654376088445
0.7583991780156547
0.4213554313335496
0.4440041039968589
0.7017580873294991
0.17181019977396816
0.22062828435017673
0.22418884376375767
0.6510319223279611
0.5385346855065549
0.45058772595427304
0.2764370755178617
0.5776789751821605
0.12092215744730007
0.1878324658713299
0.47610352610739254
0.8424951482777273
0.649463272853741
0.6116944411320002
0.656259877122334
0.5619352499242619
0.3648867949061794
0.6246299828184734
0.23071264140229275
0.46002770872519894
0.5316208199189826
0.6761001277592557
0.4984349434214037
0.7164584101066074
0.15009951134557326
0.3211413438831527
0.44570138139797416
0.5244252276520347
0.6314529073973884
0.22801027981245614
0.3421992795060824
0.6236933170805289
0.47517202477325754
0.6384036691441562
0.07484158703663767
0.17347412326569983
0.19219454662705251
0.3555431588585131
0.5293353083664604
0.7491794738853716
0.3620170919076251
0.3824598151072772
0.6455394289656221
0.4832817441754726
0.735260217429839
0.22455324234607799
0.4191345181653443
0.6545550101875345
0.624667340583043
0.6250395127409156
0.4798517063861029
0.64702980536161
0.42590188030426934
0.816503235709736
0.2015826616201364
0.14152146748309544
0.15852830883973584
0.5702459530013597
0.18027926362185148
0.2721523567696939
0.6042631478275257
0.6936512145155742
0.6880126513191477
0.6674707579381508
0.7251692083579526
0.5550803569100394
0.670930043428987
0.24036705280333923
0.2880489238839566
0.5004674513991051
0.6793570866878428
0.3218461017118233
0.7322998288941109
0.6723721236020969
0.5859671567523952
0.6331627114163612
0.7189248910361138
0.611091393042466
0.8100502388816696
0.3885066574662978
0.33728687940511387
0.6135659584260532
0.11442433260607392
0.39868338478667315
0.7139593939795839
0.36822956321199746
0.28215331196984905
0.6968557732342728
0.3066914208907145
0.35503281288981675
0.40252566147707325
0.16369176982966763
0.3923071626509147
0.34808001772427216
0.6254706440061147
0.1374555714991215
0.2095279247883639
0.30873187724770207
0.2862129504514289
0.2967622739311427
0.5758065605040559
0.6258251621994441
0.16142781021739344
0.14959062548872604
0.1568747859118102
0.3785780574284869
0.47553027375139784
0.4442839647191114
0.6819361017047656
0.3788050732196252
0.46564143917127643
0.6629497296447275
0.3303249823405503
0.5761483209748229
0.6306090977201003
0.7795361204179005
0.5656158688943759
0.658867688001652
0.7594222440654289
0.6226466973308056
0.6927853460793344
0.616705362032526
0.7034941762657151
0.36846305111688804
0.4753510045042152
0.6626074584582122
0.3660420081365863
0.6670274055056086
0.7614480868909387
0.7046047613355639
0.5662545216979289
0.6514405662004498
0.3902723410030535
0.565670805253304
0.6046373332133802
0.6439571003609492
0.45157685542468134
0.736479939257794
0.30069688228253044
0.33862764386585364
0.3740192989304506
0.49909516069962145
0.23217500180972456
0.39977484890682613
0.7305442213995339
0.4039050775925734
0.6308220739277325
0.5204715533506004
0.6764408777906434
0.25557279615776207
0.3554329291174574
0.5287000719235134
0.49143586833724034
0.6041514319892369
0.4035167618771796
0.7686309672685628
0.2812734028667842
0.524518717741528
0.6196310976587859
0.37763434103207233
0.6875179421621777
0.4010603057901956
0.6516247508864355
0.36604615124485984
0.48701995469175996
0.28109026217568234
0.31693273613263656
0.5678635749391211
0.44965858728937863
0.5746734842886917
0.47271405896890345
0.4534417889527175
0.2999017163077704
0.6707183892784452
0.3438668724481771
0.728498505512446
0.743171179867434
0.3932705355318788
0.5770375950358315
0.5766765192805114
0.6442715102382424
0.404879398393183
0.6768405435420918
0.44010867028807127
0.4345044460419643
0.6588269949764964
0.2997971890595079
0.39197801383270414
0.5188599119648689
0.2658924344476165
0.5700346615725649
0.42400749981596186
0.7650815340778506
0.2074563276839345
0.14177528234307885
0.21954855997673048
0.36928213300090657
0.2842304384921726
0.3054049428832334
0.3894396144024061
0.39022031678781843
0.5076081588056609
0.7453843618832313
0.3756072203829102
0.4666559579835541
0.6406869651489198
0.7004161589091612
0.5131208096196619
0.7404867162967429
0.3436878079900307
0.46001045799550905
0.5134581236548302
0.29765304768913403
0.6830532619112524
0.30952935259607967
0.173072324445615
0.10280433797460799
0.30143895273254667
0.6247163325931533
0.5496372946956557
0.634398606410567
0.27977816327633875
0.6145954800023993
0.48531023485381003
0.6699789901237881
0.37952552966299813
0.42124839833249855
0.5781278059506435
0.46864858672329707
0.7970886248639816
0.19755318619298756
0.21902604104679207
0.3905427012798456
0.43525882525237825
0.1803150101467705
0.5798803749980608
0.26779821416613747
0.5037506600289925
