0.31211615912493124
0.3008867484611584
0.47080698978109403
0.3488004674794994
0.6444701328975347
0.18821960187322664
0.2964404598285707
0.19157478052813764
0.08181049444809901
0.1815406222229066
0.5389536720653023
0.5231522107113351
0.5593426352141867
0.4589497887571026
0.3697115213212425
0.6054967982311823
0.21007434285964421
0.5972609946937926
0.28974909207886046
0.5555739781424069
0.7335850287106596
0.26121527222609325
0.2692692007943285
0.3681117097981038
0.5843820721891885
0.6997042935280968
0.28925753846442775
0.49379711947223776
0.7253476034150437
0.2636015495283446
0.4075865663702365
0.5931195643852754
0.7041589055381685
0.40253752720690306
0.693537513019742
0.24862702521139995
0.2619752441631342
0.21064506025087676
0.45563763970146265
0.5954137404081925
0.5566456036273965
0.5194100601579723
0.6041000829100117
0.7507140402223065
0.6182185125959979
0.43892564334073747
0.8195298517788172
0.48333994637154437
0.32167136730741286
0.5840165560050755
0.7580713553116704
0.30463853498195687
0.3038763448057914
0.6278588091580457
0.21378229199843024
0.5350252977613627
0.5116288105135806
0.5589307852881082
0.4865454973062402
0.8415001366211118
0.3890683641703776
0.384865506106722
0.31442031561126194
0.4206416048073824
0.5731768117800249
0.4134220526072376
0.37995593387198084
0.660416090193172
0.08808472537591228
0.23073217357946557
0.3641544172731106
0.2909890260892629
0.6136243518636769
0.7195129820451976
0.45966998517033814
0.6869934798911206
0.45510199025867504
0.6469386871293684
0.6788022490416206
0.4620932730488876
0.6659324041519656
0.48013630921689976
0.6699861005999327
0.39020339997262804
0.7121979117520295
0.3258168622793438
0.4206320372608134
0.612309506461011
0.6887106274039062
0.4827733480198684
0.6420021294503219
0.29859284533835667
0.37628358945236967
0.6682019159097207
0.33339155462338943
0.5170523945624753
0.5488240104686812
0.5701122465568115
0.33891407233852683
0.6110784753929679
0.2644574627177814
0.33809954356877975
0.5204831470091554
0.6616119152155582
0.5975417529557976
0.7738715548813433
0.4967232461782158
0.6952071553597915
0.38504176007993807
0.6390306455543758
0.3972942134187831
0.3975362178461265
0.6873515583361146
0.3668344289715677
0.5470823064087359
0.4521136644648618
0.5576203604572305
0.14952582440878281
0.32357066819223335
0.30099128418372
0.2695994980669458
0.5334756584523345
0.6781498408030268
0.260153823715477
0.14542689034008577
0.12300546267559011
0.22962491669272306
0.26939678850124965
0.5712408425393827
0.6148116969360007
0.5874407801953342
0.5914157348674519
0.39591224987200807
0.49387527337752823
0.28765161385201166
0.412510231468836
0.7535440697352532
0.4757440646467682
0.6560813585390726
0.3897169389728313
0.6186480120280828
0.3309992261081421
0.26452877194407964
0.3148263630627751
0.655901007298417
0.37266649079476055
0.6007785568280207
0.25864210619847705
0.2883316972153201
0.38528587087673194
0.5716850599838982
0.47741132992991187
0.7968993570985597
0.23931423275259187
0.5229755601924525
0.8234775397038965
0.39793120506691787
0.3555865523478166
0.522561339853732
0.727380216559142
0.29540095849207587
0.5134180870728068
0.6507872256791976
0.4442018263058209
0.7463508409894148
0.32734345347218163
0.44822724427417493
0.6745358208158113
0.4526371080814963
0.6901240617993155
0.6789922005210842
0.6523870563859148
0.5738927896198124
0.4146903028377884
0.5826015180680548
0.31502216377420017
0.6220813649900188
0.6201836187208972
0.5771363246981692
0.46631591289130864
0.5671745126497009
0.4248501714810451
0.5560719549613959
0.670658598792421
0.26888153596650505
0.22010875618714143
0.3543052445638377
0.6256417291393757
0.4834461531484758
0.6315217952684151
0.3434768643342163
0.46027345991513485
0.8068127566770246
0.41815935222551237
0.25949097023779805
0.31020412766195515
0.5662685040861386
0.485687887070597
0.6532801810242773
0.3057897697748835
0.5471193906996777
0.6256156739455618
0.5123505230481681
0.6560538987818317
0.13175915489346307
0.4020254916564997
0.4843352508167663
0.7088002461305175
0.33974543660827433
0.4432204640373684
0.6338096973871931
0.18391607794592496
0.5211040829037452
0.8258002276963857
0.2713066580861413
0.3314786629768321
0.5188208175118576
0.5696202319535809
0.311947580261536
0.47965439962434075
0.6452849113693523
0.4161971805109592
0.6949585307348238
0.4249277053698586
0.3477641582809464
0.5884105740350829
0.6008743722190268
0.4726891329840008
0.7260986319637053
0.24371854683458627
0.5801978319308326
0.8365016135786449
0.474280608898585
0.5751369824210072
0.6389410534414032
0.5217987138168809
0.7094798567248388
0.5694452266588125
0.7800031466408786
0.6462734632824798
0.6018270329372604
0.6952071942685843
0.5515695483308097
0.655401295648067
0.27211584131262584
0.2866902507805945
0.5414467184234096
0.6552196826902266
0.4030510449370823
0.6365557468431795
0.7092714629610237
0.5630125968228884
0.6799829516436134
0.269293143097633
0.45169815360517745
0.6344084636887821
0.4831027478852166
0.6969355772649432
0.33186502336411217
0.49079970534767037
0.649870978786801
0.7117358759608297
0.6274829228284873
0.8285806711396353
0.4330161521125188
0.7173580149543243
0.7511153179810982
0.6226106326739679
0.7087429990317675
0.3054081771058486
0.41580594200396626
0.7582702951168717
0.246710421731377
0.4719518990795439
0.7411282377075361
0.5349957270796655
0.7254688439714142
0.30475943695643937
0.3797697534377278
0.41192872889377485
0.5428504347947793
0.22055377909164167
0.40529337693372514
0.6586863104933054
0.15282690966808954
0.5488032604430299
0.7128153024224414
0.8205095262863589
0.6318511976783904
0.682715898462743
0.2865643395055035
0.43316276753273614
0.5597129694545612
0.5106577139638725
0.5633644513173606
0.48070978121554614
0.8664724451788128
0.2903198832522933
0.4580199060504337
0.4851705350028927
0.5816357425554888
0.6214491100098338
0.31682810813509144
0.6040286759442265
0.5692060221821712
0.43423135585783745
0.5433203643942714
0.2827725459910264
0.44982986848902096
0.5887940067765401
0.5731109904783972
0.6490192954879306
0.12161660738606953
0.25833151519562175
0.5762309517480706
0.1756093033855766
0.5287420376750216
0.2346876080226243
0.5728233139793693
0.46486470095785026
0.5538328166909535
0.5506518336854418
0.5175153963249443
0.5988311164372796
0.6612556583451271
0.8911127496724695
0.3781990379380084
0.3531123049081953
0.5084868081202867
0.6160389912365838
0.3233221135487515
0.48088481828192375
0.681679539319177
0.378791261172076
0.5516691383358232
0.8149665047402557
0.3350151741188879
0.3028593970254054
0.39067112767980483
0.5046588729004567
0.41735585079329357
0.4048982045849893
0.617812893310658
0.8322494150623225
0.38386251983598196
0.606751372011715
0.34254336594627566
0.48365665188888324
0.7472591933562949
0.3763641657569284
0.5858274010152513
0.2698314967748398
0.48696723103405304
0.7064943019837436
0.21123919371677669
0.1168944195126689
0.22169888884861402
0.3266642451160193
0.6379225036415771
0.21972160202146987
0.37872925833145954
0.635157687110034
0.22003104048639185
0.4480456092169866
0.6523842511268231
0.31109112599473543
0.4596441931786851
0.5818039524806882
0.43152347729361373
0.6278422815544844
0.031101967433411943
0.15981957789691442
0.33450133091926687
0.5242298171868774
0.4433931211515949
0.31050770753701384
0.5201118902317685
0.1634456309947599
0.5691623884688706
0.5401187638206146
0.5638739697158337
0.38192099956785713
0.5678102079975521
0.5273181820906032
0.8344432875847617
0.36809269932549765
0.319757253060968
0.27343035247643205
0.5185985082800477
0.6313944544814215
0.48370657569104103
0.5907392987711244
0.06542505979339297
0.3124786851990673
0.4904657820588791
0.690392371220172
0.1991021821126693
0.20027454583027218
0.318443251362084
0.2414895885124128
0.3945127280305278
0.7053115735057746
0.4519611455675326
0.6651055230020414
0.737885929320758
0.44891553676449714
0.6645693695441282
0.4465880612173209
0.4032391788009831
0.6942435143880447
0.20986847768362973
0.4160693722790657
0.6974389839990692
0.5776673849573488
0.8427585261420931
0.2094274316022481
0.2851486851160294
0.39165604135029647
0.4294560021412346
0.7169768557017827
0.5965918957556939
0.5744647975755196
0.798017899156767
0.43213199955161435
0.6384504342066979
0.766737930355151
0.27220972077934824
0.5470511658041785
0.785025861046424
0.5749232982157891
0.7212657055334974
0.4258445273857019
0.7445001821759824
0.2992524144517682
0.3190615195781784
0.5370999322515847
0.7198631179100421
0.20495188536343256
0.2694248809788909
0.3731091216247352
0.3070421353593357
0.38196628224589535
0.5293451154180905
0.7286253181317516
0.24192351315178534
0.27423325654998576
0.6011048037179447
0.802566311207376
0.35328866021581723
0.27738659931157134
0.4003607253342243
0.47500967343102457
0.5952681230595185
0.814454733287565
0.510953150533362
0.7201795060845243
0.36884820249920525
0.3902339448774215
0.6935639780478929
0.2144756637961037
0.26078829095591344
0.22252949295888674
0.10869738279253138
0.35162541067223696
0.4997494962123264
0.3776828253673741
0.5632296710135377
0.40659356836789323
0.7256480291906564
0.3917957453943328
0.30883476634956814
0.4088122211593075
0.684362410827292
0.7309866623754293
0.5599458079366392
0.6254953226067369
0.7783975294525625
0.7506423407767776
0.6857512946703329
0.6496774023409829
0.6084776427747262
0.6672636951946985
0.6042168857906354
0.7770044163715459
0.42792628969162805
0.6337539645301523
0.73608320089063
0.3295773093114867
0.5515648928490539
0.7147788542045037
0.4960606422313918
0.7641273076992783
0.2674323623793353
0.42456378087014485
0.6081482269356997
0.2792225771920844
0.2916121779000691
0.24722351185081473
0.2558206152592882
0.3390263585998237
0.4127302640552915
0.5919921312475681
0.3230918977897128
0.665403255140312
0.6813242181581506
0.6397107422282383
0.6808864092179014
0.37576963846045347
0.3561549509944087
0.5434483049716408
0.5636619526032532
0.48917995016491705
0.6018248740654188
0.38872038503051204
0.2994675617955486
0.4323889382241843
0.6318154310631374
0.30427089443873967
0.5738841178696285
0.7287750666762399
0.3287334434284879
0.7182009084389981
0.6942643025611189
0.6120766840330624
0.36814878241340354
0.6186932188519523
0.23347582806080358
0.4992355217024043
0.6153521663187561
0.26268586634705177
0.37097667116635535
0.3682384084436401
0.6639888423018235
0.4530789074966004
0.7718965216138485
0.3175345886634413
0.5140406431513365
0.7020260236719663
0.3874299529579612
0.6996986773310078
0.5960869543503665
0.7176934681232191
0.3758641434299973
0.590671981151115
0.6797703403729897
0.44843467825806915
0.7415910498157295
0.26099810318805133
0.26165337458875493
0.7071486566686669
0.5313740439953876
0.8233353926857091
0.38197031942994975
0.44206285029393927
0.682560634045636
0.3054494613274177
0.3146412193929258
0.28621192565610015
0.29989243897026047
0.4139243933109865
0.5396578817929142
0.3970652549421643
0.7146567886485905
0.2675587291878543
0.3199221003881607
0.46158986322719175
0.6747528934561108
0.2598958714702824
0.45811466259588307
0.6372346772193139
0.3134370376509144
0.6352162498882439
0.4113755277563549
0.8340204551758433
0.31380361197291995
0.26673762197117956
0.4805770595338973
0.5241917198726541
0.5114058196888384
0.5519146863859393
0.5371536115008354
0.6900481137142997
0.12321060146882969
0.282506364400648
0.22211972429752844
0.5712255395540516
0.7107171140112213
0.39361911675167355
0.48611798699961245
0.7672351743198624
0.3916750202557015
0.4458677499804658
0.6545718734968453
0.561052258354619
0.724187911911115
0.3866858746753603
0.14160734246883794
0.1651604253075185
0.4044009904981293
0.4367436890833859
0.7632226716451003
0.4466035646768078
0.8286298879116449
0.49695520190826115
0.7802236284206282
0.33402989348550594
0.5238353289564482
0.7813113500669147
0.4576616017598765
0.3790312389888801
0.1057884081616041
0.3713149777109929
0.3216588559188962
0.5410609775811617
0.6721650063299949
0.5564837720178376
0.5682692958445401
0.5490985693354415
0.5121626811076213
0.6887622221770511
0.4765145281598816
0.5651196378774863
0.6136843085851659
0.2072774599248058
0.35273945697970294
0.6822244481082644
0.6099348797184467
0.7009253685788707
0.1865318565658677
0.2338647827501462
0.4160653934062477
0.6574690606689952
0.6891848663239933
0.6480774930891318
0.40079833063868253
0.7081358000701389
0.29932579341025395
0.5156740796720437
0.6679355209621877
0.4044352290537914
0.7143594350524639
0.6211364622991676
0.6932073313841249
0.41473293748643303
0.42833154869972223
0.6939492119447931
0.38607970234429156
0.6706329780592658
0.29229753520679547
0.43944240030951337
0.6474391853085696
0.38889336624537496
0.6469735176497531
0.6463347015101488
0.8479290797249698
0.34762380669913534
0.5401294261584838
0.7357174336678636
0.3477082137912424
0.4335160793114744
0.7018784311052276
0.3694300333322807
0.30199255726445534
0.5578437772940388
0.786862523363586
0.32720387337733103
0.303190257483731
0.6578042303028889
0.27060884719009315
0.5146159283412243
0.5026487930540434
0.6470118139256105
0.47405563122227257
0.7676891543626477
0.30747011543058056
0.460530287119786
0.6663875237175947
0.1924845451172615
0.4123247257811982
0.7043418365971065
0.22429702694231268
0.3429857109377915
0.6298571847719714
0.3815223525343591
0.5374648742173369
0.6755646633999925
0.35747538626760084
0.651255247627864
0.38374994869620327
0.524754258126184
0.3808144533514834
0.7196771240271321
0.20859127036167127
0.2978732491117206
0.4767685320977696
0.7127477835306817
0.2673539458331638
0.3119481340242892
0.5272428555774179
0.6820421363646665
0.5543515670993445
0.7048451176765146
0.40521263441779615
0.7997813976425536
0.3086308373418719
0.5368309332574581
0.5548886022554371
0.12791672037328874
0.3529826740929437
0.5194179410865164
0.6745450117539831
0.219791784628542
0.2567945000902395
0.48657273027940134
0.6441168478242396
0.29685000125120153
0.4359155130165495
0.6589951413528496
0.38445334621807137
0.6037067448698086
0.2570444827106148
0.13025970115868615
0.2102358371716844
0.249023839132411
0.4236965622985437
0.5776451248133162
0.22281883999372376
0.45276626818686655
0.8160328289874414
0.4593280826495397
0.5885538304474787
0.8288563873926345
0.6408698006903293
0.778754861796576
0.6486577014796505
0.5752634448450381
0.5163151889914056
0.7622890488061055
0.26775973869261077
0.3044110158245952
0.3162291967145001
0.6071779317385606
0.7774775824851313
0.30065772140074865
0.44019227831890356
0.655965413915858
0.38657882574097385
0.42770015212422186
0.5891553867526277
0.8759513331429577
0.4809599762901508
0.6722774213567525
0.6084550983340298
0.6038108944857795
0.7264425182462994
0.3234932025368652
0.3357949061873622
0.5943247495168434
0.4170590013697754
0.6172514800713944
0.2198932824867235
0.320806275761301
0.38987276987130226
0.4675402135602981
0.6921406144211222
0.8218139664953472
0.5426967737786099
0.8135003720581554
0.7205328803000012
0.6999294313985276
0.6418284598706651
0.7986376966141417
0.29391103924172224
0.46796861380263644
0.8326506766534455
0.6248504853427705
0.7186680467104838
0.352025094638463
0.32056146233316557
0.2697368029276284
0.45885663581038677
0.7563795996346048
0.6106035767508626
0.7939217492464046
0.30354199152879646
0.5265233013939398
0.7849777835789717
0.393390192486776
0.2380805966374446
0.2942211116327471
0.3326509073178871
0.5702785242338425
0.6006117313993986
0.7536496227861182
0.3135110569815005
0.26852947818918377
0.4063842298634598
0.6194540425098969
0.583087879239851
0.5234723255261974
0.7171586833851363
0.7230494876535026
0.512135098985933
0.6548136380178411
0.29453206294617895
0.37228732183358554
0.502703118678298
0.6543663381770917
0.6965408409003138
0.5561989767411217
0.5811265044856118
0.5279234883827515
0.7782687223474046
0.2937884752601866
0.23328915582103893
0.3915938513833974
0.501964741722117
0.3849905067763816
0.49189829994967704
0.5056047210661955
0.758447204797381
0.731274849272895
0.6013094074719539
0.6893104910894555
0.8598570123739336
0.5506927425355871
0.7085386680554911
0.280787596906518
0.5438025689889548
0.7096166823171971
0.24323885160023723
0.3534203793748809
0.6649264282205991
0.27488898264186723
0.4255924969892573
0.49230254676051755
0.18243914435599345
0.45055703763505695
0.7388194184012331
0.351350990325954
0.4730468931126004
0.6706748544079926
0.6109871864416573
0.7673452196250339
0.6316938786362682
0.7537295805861965
0.7381810727612446
0.520867264757941
0.7037514877361325
0.385552395934998
0.37714833139777704
0.5188581243331679
0.5008395254018719
0.7071293220030751
0.2025467316810878
0.233658147985697
0.5421157860334802
0.9716199630204201
0.4256421439985896
0.45683506472706825
0.711278761125435
0.4955252571172522
0.6163876357669769
0.4122804569153476
0.5584532559118787
0.44655155080174763
0.5962016429336601
0.4422588156520808
0.6528065189220474
0.47700350814732667
0.6830695292157988
0.27035102641739694
0.34108592210592786
0.3887245542217281
0.44038121551134574
0.0
0.2836429156206503
0.4992030935075392
0.7358076566220804
0.4221252102307379
0.7010990874603305
0.25474377372158336
0.23297837795736887
0.24376081553386816
0.7831555421296089
0.27134331411468665
0.35837748277213305
0.5758583825337492
0.631172599551445
0.618216566929361
0.6432288788777766
0.6498387904213065
0.6767640864968941
0.6189149884003217
0.6454709378066795
0.5053858256869795
0.8150057125958178
0.3458000756891744
0.44133283354877456
0.7021047509974209
0.8287830478101882
0.21840600924158518
0.24312343730717603
0.2604560969924754
0.3583831665618877
0.5933621026447319
0.44432836622165667
0.6614428798856586
0.2538886879136385
0.45121154222637305
0.6381480379717068
0.33767251005603327
0.6360560080301932
0.2892608934441016
0.701666108505065
0.5144975005987114
0.661752157369468
0.26376173976351414
0.2955707254873791
0.684623289016488
0.6603965012988057
0.7773593061200625
0.43243383363310156
0.8230169868452376
0.4569156877609059
0.5938181068280762
0.4168619720617083
0.721745722406279
0.5378757918591908
0.7617789849629782
0.4033802209424072
0.6538065840953278
0.10447517714158899
0.19408122224440172
0.3859749811414795
0.6225370947717075
0.3282284086287358
0.6539906445223334
0.20587956401823992
0.25950568161959175
0.49907258530294135
0.7659321584714088
0.15562752169936775
0.41110917945112735
0.5746746738090044
0.25583406381385454
0.4379227337540038
0.6603481690349856
1.0
0.4412911439440042
0.5651918827730478
0.6991532655890739
0.711737869641958
0.3957093196548109
0.6333773766388751
0.3673396114893708
0.5763587035862539
0.27232607799458125
0.5128764681289399
0.6395565599311386
0.5486405959861808
0.665084647771102
0.45609181608296606
0.6787738437428219
0.7932816595941266
0.45443307788421605
0.6779139798120192
0.44851669577374836
0.6644956907047079
0.6224924531708957
0.7648360254099568
0.3273200900422791
0.4117139870586113
0.713279886647435
0.30103304140025045
0.3144399324805926
0.5386834090530167
0.7041987155021846
0.689644267950612
0.7997308522939833
0.2347014721139782
0.2383636792479098
0.15178844470300468
0.2086772243918223
0.24512790392314093
0.2564953394277189
0.13119077053267922
0.43996301171903723
0.45682763516610886
0.6764830397745699
0.7085080999610767
0.5295159816356019
0.5298845329111846
0.31855685040586046
0.597645824699995
0.329379583105458
0.5384279370642653
0.7966051879862207
0.5640389428787314
0.6127810495263379
0.7453581694745448
0.30665849941599843
0.43331225213244434
0.7090620554226853
0.17661261105211262
0.40855422177286604
0.49380208730227954
0.7035889330641591
0.2917597245671117
0.3313388400558509
0.5072621584320899
0.7325143479524423
0.34839135834701096
0.25295533688592536
0.18746843315139786
0.45315445746191413
0.6024911837129073
0.42810983936339814
0.7807260247313003
0.35996407279940507
0.35645337781704434
0.26221806102055656
0.35755397690466795
0.47763303964915077
0.7222442721318387
0.30060905033386154
0.3087993706478986
0.38643215756014593
0.5770665246134379
0.3361363749645399
0.5141956923761823
0.6571667278181124
0.6255507018766483
0.6611904405879586
0.8112606465213433
0.6928533418318609
0.7714531688178103
0.49833223270946897
0.6714570906714753
0.5756949845632157
0.899959567905825
0.3909041182157719
0.49132249679327306
0.7181444543050134
0.7187835882818838
0.4270522588315888
0.5056097042600557
0.5077289655396935
0.5901286433339785
0.7300263429053712
0.5054811812668647
0.6134661572219068
0.6255669212233368
0.46790959707652324
0.5313997367700222
0.6319067894203382
0.65957143875933
0.45589224128946526
0.7161008000515248
0.22782966423604115
0.2659610918540632
0.5086327633729864
0.6253840866829949
0.7690771970281324
0.7680283212922866
0.6641295467643681
0.46838713518931535
0.8470317097537174
0.33109029824621156
0.16622770658839714
0.3375584904680555
0.19207956978754384
0.5119465020255224
0.34860933690600665
0.6688130858261355
0.3489182458927827
0.5864436457944892
0.7272505466823597
0.5167159449049938
0.7307168851981717
0.1870403234301807
0.10522345218371874
0.25409078640729044
0.33685894338775135
0.34389518359368715
0.6863444699978342
0.8078619478147991
0.46922680585733983
0.6551607346720161
0.28701608348756785
0.29756460740750523
0.5829034297266723
0.8435374990314563
0.45996732617885333
0.7244815888372825
0.4150357515950057
0.6154714666486307
0.5138904064934811
0.4540673372062269
0.4985173754459103
0.486208610937348
0.3331561477726667
0.6684949706903605
0.32959174041852723
0.5190521803411947
0.6822738250411295
0.614337322381145
0.7596533034908851
0.6523588268405267
0.6670852298439817
0.7452464779960029
0.6869125173880166
0.6543407598743042
0.5384527668170902
0.42759248097134245
0.6448662868271369
0.41833729594368774
0.2745682079434651
0.16168843383202738
0.32195320101471975
0.45820623223855944
0.6993232131776658
0.33230396005900015
0.3393885960850629
0.7654376741513691
0.41331241216726516
0.7107919451950421
0.607257599815905
0.7610042247225122
0.20913835404855682
0.32934911641516357
0.390556926290674
0.6461567359528526
0.48968795885374244
0.6966786603026093
0.3430156600085741
0.3948022500095953
0.36092393944202633
0.6212122783092245
0.6394491811763177
0.5836081706675335
0.6609862550356479
0.5955218002402897
0.900935238858701
0.47147295282598484
0.3731443699746273
0.47928037068539586
0.6156129882925538
0.8107342988665424
0.449133370338441
0.8526680173597472
0.4436722687430692
0.5484020389113297
0.6133152776724392
0.5000913108719781
0.6352334469816955
0.2870607539838005
0.3250321528371681
0.5674522591311313
0.49910021259482334
0.7041756276339117
0.5335661706006041
0.7387667474774066
0.3687405014093098
0.4936865641120901
0.6633075609143901
0.6700335171449987
0.7346234272461806
0.48759918197534796
0.6897118028031627
0.25290217950678395
0.2845895422262395
0.41841378543839375
0.6541816439717862
0.3869588878605794
0.5923135226718163
0.5702790130924457
0.47731230440281336
0.6676431302012198
0.45174027695033864
0.7357044591523225
0.46857992275293153
0.5943784917636249
0.57367243274101
0.34084548079235544
0.6195514573468252
0.4408847319476043
0.5511557644213226
0.3092460326167184
0.48811457995317925
0.29205006992959726
0.5612779610184567
0.27135475207099546
0.27605952918334065
0.29023728753597866
0.2893384879605178
0.5503715324164223
0.6170253099639672
0.7590698574864116
0.6559782599026037
0.6386176786978619
0.2655470761795274
0.46974320491973537
0.6933327961200118
0.5841432021204503
0.7978043988925008
0.33089685894887316
0.4554915065065432
0.757955511598764
0.5237512226040771
0.6329315452287171
0.42820761232120974
0.7152715418738118
0.3197458818481265
0.35851852952418345
0.5231166592589932
0.59378090558052
0.48977058610553803
0.7001117706959795
0.16060762152005803
0.31242873062849136
0.6874510751149399
0.5763763731858506
0.7561289833502645
0.25525374830089476
0.4597832485097954
0.3671207061020504
0.47679488442640827
0.7832459253898273
0.3302229171366189
0.44975530705385336
0.35402753456437563
0.34413950046526365
0.2985303976432603
0.2968019314222567
0.24210849197935944
0.18255528250552353
0.275278248907526
0.5044569298286556
0.7134903361821746
0.31467099904503915
0.30971011967635526
0.5581468954247673
0.6241961707736671
0.6306161741418972
0.6438683484017597
0.565546416228841
0.7179895693287253
0.4256002741186324
0.814243073794913
0.5355835326255103
0.5906086673014042
0.7875761669072783
0.21598535686213782
0.17603520364197364
0.516979450349984
0.6606928586544115
0.39079569822846316
0.45168771522136425
0.8528105989750102
0.48409411450565715
0.3794853374389189
0.27433225386156096
0.29571456600004004
0.33113067713772826
0.42833837948005526
0.5391136847086787
0.15894306210729212
0.15778948241488283
0.3672157942010491
0.4882989028487132
0.617736588292449
0.41275275259086863
0.6414809859281154
0.23495136494975843
0.2410297241110228
0.23468562721337163
0.2848145737626116
0.3137142061245771
0.4107883529946201
0.7177684799379591
0.22961794831608554
0.161287193103621
0.151889820942479
0.11526960353760367
0.2440963557697323
0.3262576804295383
0.5664424184485614
0.5831101416686388
0.7268897660575915
0.4575428345899447
0.5807736579339441
0.26186428593491334
0.637652012635015
0.2137119555635137
0.3866827363654603
0.6652162432090583
0.3722043190699329
0.5246665621213268
0.8496320852298749
0.4434310079393274
0.3331013409806441
0.5357627279723224
0.8531571047161403
0.3073194450573599
0.31953149359596
0.412417024429637
0.7208012571466778
0.7112041152142388
0.7990613764605052
0.6067022948420927
0.8307635166141197
0.3303510757558971
0.3654028631317532
0.47906388842955805
0.80958115171722
0.31999471926119544
0.4887910231594376
0.7539028369546378
0.523686860282694
0.8199030508507676
0.2804437068777357
0.3514139757015937
0.5094944717902651
0.7136369579670461
0.5846036456540116
0.7349527348544865
0.35783786865122835
0.3062729598692537
0.4424266414942933
0.7167914393202455
0.1907419462653052
0.2818759487733144
0.4092456405373818
0.6793191650028434
0.7137606756947932
0.40956371176838563
0.6678149313508865
0.4341890321385022
0.7859653432474039
0.3769487660745155
0.2620825394459904
0.29995412079190237
0.22705295048518798
0.378148277132521
0.8592655115773703
0.43531208974694635
0.6660181212077013
0.42825241533869046
0.6367441739499656
0.3096366242223183
0.6481544434053463
0.3423865676587624
0.4968289076474213
0.4103321018460909
0.6067896679263888
0.28927619845892644
0.5886069843555803
0.3762637005392412
0.7029736895650572
0.2404521113980358
0.4194440196585343
0.6503059381642551
0.27852119608864434
0.4289140965876205
0.7083535492293974
0.19330334456284304
0.3501592632224436
0.6637893104248676
0.34604930604323747
0.3782171967220851
0.3194128282065515
0.32921653412913965
0.382857748027969
0.47136977085817927
0.6840168704985924
0.6120612870526949
0.8033930711610692
0.2934087812425117
0.4375224391838965
0.42723374674236847
0.41653395595690873
0.6007081167262013
0.39995416973919923
0.7087434558578464
0.2515601604790659
0.42574019716851513
0.5784679595646208
0.21637964261736184
0.5510254289195642
0.6774043933243604
0.609885246347287
0.7495991013147618
0.43907229246634877
0.38743846538075927
0.5917312112677368
0.62265031618841
0.5926078935917024
0.5132186638778345
0.4186951556008057
0.6624051264377264
0.37679965562033757
0.40781553633179735
0.5583522622927488
0.6014081908358074
0.650491313590639
0.749933595526569
0.48052917227717995
0.7396635129741475
0.49309395227543906
0.7397682445465036
0.370125217542999
0.2326615459519033
0.6289029426954401
0.7632573357575706
0.3717242646258527
0.27428825140317364
0.17580688791195112
0.276458158043743
0.40976936473971703
0.6282182333668551
0.735536710551726
0.3969700185215992
0.6502281881393213
0.4215348242809747
0.6938635528586575
0.33066620792017715
0.25143134055718513
0.43514241078797244
0.5038961615845162
0.5469058684151323
0.5212719568468819
0.8312096755708349
0.2903588114660854
0.34735574100701605
0.36361189927323984
0.5475839669606503
0.5939694925903107
0.25113487190332195
0.25957893974356855
0.32335428289872903
0.3123006056524893
0.5246106445878091
0.6028245656334229
0.3620554292159576
0.503084410849131
0.4794026644803075
0.7399766565263646
0.2444123966925237
0.1134339861978626
0.26288151181680575
0.4346157092946274
0.5729005743427652
0.7564091388346951
0.2934284423828272
0.25490782018630037
0.48561924753117836
0.6606856222428502
0.5790319355870233
0.6542129294770352
0.4759320904787684
0.808380279360693
0.2481973380277279
0.14280941318503151
0.20777989530929583
0.48487536129309566
0.5781925661212306
0.30070431201393977
0.6401610893666374
0.5401716686949438
0.787227763119096
0.2082062655795824
0.48786538633105125
0.6559341308163043
0.3311792131088767
0.5397480247786696
0.15845134256271093
0.4073314903503524
0.4833309428075362
0.5861387857922173
0.5227483244314093
0.7208183738068383
0.3246028527882706
0.3892688632971515
0.48971310164382953
0.6508421387979207
0.42007572429962026
0.6930074225246728
0.28695742149593395
0.44672439751159165
0.6770916574189392
0.24218944334266818
0.32264853430106405
0.32224981464617936
0.5438470025548844
0.9099101821452046
0.43948230968400254
0.38604116744395234
0.27671239150914556
0.3442644967830486
0.41426682298148354
0.594530091841704
0.42903672460105663
0.7194652622811015
0.5573790476616931
0.8049721506483878
0.4185601428074228
0.37598741564227495
0.68956886990034
0.6978379478954947
0.6143143397020394
0.7503402705052553
0.21913718297404627
0.3176027760953047
0.33503855842202074
0.42769059012681704
0.6032716660269828
0.31397849158709656
0.5490088241262022
0.6527833362319058
0.6130204083800823
0.45435765473318934
0.6668049088575175
0.36057961650607556
0.2554903032675972
0.29909886242800354
0.35767328886497524
0.4602970789387414
0.7547712372049874
0.3377519371019607
0.45813062008673416
0.5011791207529128
0.6736995138859808
0.45209520476675324
0.7243674965047083
0.22744556282485381
0.2879263230036744
0.4503420015291002
0.7395497551110033
0.43081799285744043
0.6834733665642754
0.882968619203845
0.4558607019076838
0.5452506726959556
0.5749562084530001
0.4816094747403831
0.7644287159714606
0.17491430110048306
0.3264715404212646
0.31256474694369435
0.3651146843709896
0.5326438509533096
0.23811009121805735
0.5676502111232239
0.39778948194498215
0.5819261546634515
0.5723070020685295
0.6361444648185703
0.47432139809251206
0.7044917481154429
0.5955593428880045
0.7100815301238116
0.26740871255706516
0.42894567250064247
0.4986372845435813
0.6111077955869288
0.3890706346576393
0.3328349576243962
0.40152103864216543
0.7216650245615431
0.6559075015850502
0.8644022098124967
0.3117187923594047
0.3831938399242114
0.7599932722986692
0.44889175436449874
0.521180476528099
0.46431483382397715
0.6036336283230187
0.16799085156242247
0.5554793037663099
0.522841743027058
0.6836629535632683
0.5268647839797718
0.8008058374127313
0.4217378136114973
0.5835431730403277
0.43613063516777134
0.6460824476589125
0.3612907842876768
0.8161983436970468
0.35608818442223544
0.44949213675425004
0.7262920018675697
0.7178999900079316
0.8810371759631295
0.47748072184826107
0.40180396758811376
0.5913810705182503
0.6443924417618195
0.5698914238473077
0.6703980717678386
0.3336971759837389
0.5755679913549896
0.34795136023875806
0.5584444287527884
0.7177422881806603
0.6454216286041834
0.6670070017927013
0.6279276276015637
0.7740981340811721
0.5353943423179801
0.7701284124435885
0.5697725602222513
0.7133724446222217
0.30506707482722306
0.4052516010381493
0.36077826890400366
0.49717159470268957
0.6140777915452781
0.2537026757986265
0.27708089959999666
0.2753444668598281
0.24444132889281409
0.19373950520228156
0.22256926029951146
0.367132252543985
0.7101647875399714
0.4633546763112073
0.7415081627511696
0.28706431449965464
0.35561666586662544
0.43683257763655525
0.4708673929624359
0.28902759231122616
0.5389756279412529
0.6403769570933784
0.2033607834841097
0.2683422050973879
0.5763078698069122
0.32987649572671446
0.35004826565132613
0.44352007989854175
0.5299742327654144
0.5532017587285124
0.6739026205670167
0.7246506326683204
0.6170832913692423
0.7249814695773819
0.24985525917276682
0.4346526232662675
0.765953831927438
0.38456833576147353
0.5675288273084331
0.5967226111338162
0.7231812775026365
0.44252792098893984
0.7403580378237267
0.6932467192258706
0.14244147388037245
0.1475314947038352
0.5232386044463662
0.3542326561941199
0.6943509325502645
0.43521639643890603
0.5100817226041717
0.6077704001337761
0.5703802559026095
0.7325727789433848
0.3128402719982827
0.4338325911426719
0.5791390960243663
0.7051473172985173
0.47107148320673337
0.7145136036138917
0.26361986398051057
0.5084381916923757
0.7617961801950199
0.27824759757577094
0.5111190452646417
0.5602625107810795
0.8040824489502153
0.3075599926279423
0.5912393705164629
0.7934389074413432
0.327193504618448
0.24037345887100892
0.3024410751457739
0.4025933457734537
0.32846534940817884
0.4540157257351515
0.7131594164969123
0.3702991700637444
0.31787526972008684
0.3016506070066941
0.369036468748315
0.6300540073585618
0.5987759518743373
0.35774503843208727
0.6490729409130939
0.4403503898197245
0.6119632180762474
0.18647979857913602
0.1160766475659449
0.06683325315300956
0.4867651253104838
0.5741047695345703
0.5990327149397093
0.5422624929685691
0.6247579568899643
0.15693951969448144
0.20846172212178052
0.25165572071094444
0.1956078815587165
0.25301730518142096
0.5754063147286999
0.9543861933234421
0.28548808250503016
0.47239718081785054
0.5922054272859467
0.783683655106286
0.49604010498733
0.69411867946126
0.3128980521180862
0.5542738441251611
0.7391689901162648
0.28546939275732025
0.1955648945959194
0.5588258853629939
0.7222877307105843
0.342391933319235
0.6168130568714871
0.7166763028769525
0.34702799547649277
0.5203235384206278
0.8263655899695284
0.3053868788217575
0.4630591614321401
0.659862452604106
0.49659496274982334
0.7392557850112363
0.26352111449753546
0.44216358909213294
0.4995368454956923
0.761866459553544
0.20851440886910658
0.21631125566357012
0.1565975132650686
0.3089166399724478
0.5230515711120369
0.6445589226063796
0.2835530843476094
0.33742917631747626
0.62392782195714
0.2847207441601737
0.44785224946526364
0.6965631042011162
0.268065747851297
0.3501203460359769
0.3766858586653943
0.6177610143873669
0.45924749965817935
0.639224717647226
0.3136950363672757
0.624998764564732
0.6523506892136267
0.6829676905810905
0.6500570630122203
0.5512598437048891
0.7937251787088283
0.5570797626060027
0.6681264292206514
0.6889029912404583
0.3559551679382291
0.5416636013712924
0.2621178442754781
0.6690560227093943
0.6213390799146017
0.836624256940801
0.3586217668968926
0.2668631313605135
0.5393485092912038
0.8243795256950063
0.3991145303151952
0.25466466907255797
0.2514197093989694
0.2754469750109187
0.37071035225622495
0.4115445418108573
0.6717362982111982
0.5930533275346719
0.6333925110777053
0.6541024940210858
0.515872415253566
0.5135435193445032
0.48292764127138776
0.3394960922731788
0.6934269195606799
0.3670793776536182
0.4811911867263232
0.5121930588513847
0.47794144248707976
0.6588718813444642
0.23930389176217073
0.2826926187854934
0.2655403245639303
0.32774683028724105
0.40090896745938437
0.8046607888991774
0.4553468203866992
0.6667706699562597
0.7658016335198441
0.3007030343508018
0.14641962591608063
0.26637141975882483
0.4556976449576061
0.24468920609974407
0.2607941983293655
0.28394636128973755
0.6410340549351987
0.6824745097265099
0.8106519720694983
0.3166274237906385
0.1596484329294272
0.2023073927461413
0.35108134789578876
0.6427503005101642
0.3692242762320369
0.4007520320068153
0.4223327657666271
0.6532440049567458
0.39539560266029816
0.5263349773216691
0.5591272838088228
0.46973121988855987
0.7419920055885807
0.3093426076621267
0.3723288603857791
0.17417456794228092
0.10902910740743577
0.1319229393530726
0.3315183577369157
0.49678229743220226
0.489727724438459
0.3723539335311507
0.8120033499860784
0.38658336167994084
0.43426787261574074
0.6068473849628928
0.7015876473262307
0.6544065465318292
0.7042248622527697
0.5051764036226081
0.7326002533814734
0.25284541852086523
0.2723530938521563
0.5448012954190894
0.266270550458739
0.43428874136148965
0.6754448491758018
0.31614670463182754
0.3204650124117077
0.6599443261959373
0.5735263235501737
0.6867421731518819
0.6229382215039493
0.6750606523057746
0.3678892265790021
0.4790912723267012
0.7706201841085433
0.2663211899957262
0.35600261442053227
0.32746322004288825
0.675726464993016
0.25341113792475367
0.3801860069450963
0.7113539722577196
0.4676034514200352
0.7293231605140619
0.40301383522360934
0.4030089861278433
0.4786434929126669
0.743423584123656
0.5974399633745187
0.7248665928731955
0.2683491441392503
0.39824109591833406
0.5967371289730933
0.16925996351361453
0.2594584677338391
0.6342280280251014
0.7512938555750882
0.3174059009419076
0.7320445383931361
0.6784411061011131
0.698620115369249
0.605396188257393
0.7650082096524459
0.6817216626226649
0.7148335184301381
0.2777035056920509
0.4091861645562733
0.751533486151504
0.5392865988450934
0.7055877585490599
0.7347470991494681
0.6931578679794954
0.3418904312177066
0.6246039517445207
0.33844584132667727
0.5335887349336482
0.35333542455905875
0.47042746560257587
0.49035587348920145
0.614177293312707
0.7952337288501369
0.5867452306155877
0.7389902053075923
0.37414003081396513
0.5012475742039877
0.10688115466279302
0.5148928178358552
0.6342704142081871
0.46796643854946895
0.7190180503783392
0.33499306247725313
0.774399036031789
0.75041028730198
0.34312180778558166
0.47314406174171164
0.8557659105501892
0.4151743965147515
0.5502612861999512
0.7011864316043719
0.3001995905048879
0.37732669369311256
0.7398484232604512
0.5302412410899363
0.7178113557465843
0.4702328795366465
0.6196275084691187
0.18856961302125322
0.07868108062407443
0.296462142701085
0.6372198495272818
0.5844339516815098
0.5485062480365684
0.7437741741401219
0.43661283229854975
0.5766107817020243
0.7605956494481133
0.3921672219851635
0.6016187365574436
0.6825786945665442
0.6294761099283376
0.646655139760273
0.48788951946664416
0.6689090733688366
0.3073974301822483
0.4888508195600675
0.6550920862758506
0.26086517790331565
0.1934122987138149
0.4716104016717685
0.6945469903078477
0.31986732138853063
0.4077358941934092
0.4365523021873517
0.4770964811690989
0.6346166221236165
0.8016103766745648
0.36033327859087105
0.43643513446411986
0.6309673000246275
0.6421640075186841
0.1741552444277782
0.41769417907699435
0.5756210750155805
0.6944645227985778
0.7265986933286445
0.7268762981795914
0.6206648437672493
0.604336622090709
0.7552853294782902
0.20756296132559596
0.27084156754347816
0.36455593281847126
0.7807253735519707
0.17965700701009477
0.21625820735992776
0.26817267135078465
0.27384367330322235
0.2363240555835353
0.4965622069738014
0.7234307331829628
0.5222446371911407
0.571981404061035
0.5409131125101683
0.6951913194091812
0.32501713327615833
0.31415958993652937
0.4286267071633583
0.8272378144519317
0.3886498124483415
0.770280912619334
0.7352464199894857
0.5157441231994441
0.8446580090190658
0.47572770377958207
0.46406000270384623
0.6987048799154576
0.7805201230748926
0.3736730352280669
0.46065993848757664
0.7551546358720466
0.5919838316028235
0.7162476169006283
0.5385263962830248
0.5795594977442382
0.4616023760914561
0.7701316130101937
0.41261579750172417
0.5233175823421167
0.636040529504358
0.6121452207256257
0.49357947038757516
0.5955400948100351
0.32705937611315783
0.2882224339655401
0.5204913611372618
0.5980835870518437
0.0900049874963245
0.40095745302956326
0.6471936668683956
0.15441188264332015
0.3084417029852999
0.5061399615931943
0.8301352484591241
0.33438124551788495
0.3989773826687984
0.5794230419362951
0.49877796124997936
0.7707894329425732
0.3961002282928941
0.5834969525433479
0.6581761986573872
0.257251426059076
0.2530441568433888
0.34438848119571647
0.8065831583431309
0.2917860387833126
0.5164642567503815
0.7512059471382424
0.4937485989668033
0.6050120656222361
0.47591560469063016
0.5115826375628201
0.4253666684371478
0.4519276745189185
0.749290307479541
0.6348766173393725
0.7034288625708152
0.2850044282243183
0.38575399973902996
0.5135244825624068
0.5394928519911699
0.6198200006558235
0.5520024061972852
0.6084791956441447
0.30646561809619305
0.3362545413183281
0.6333407711432418
0.6098171132447672
0.539878793397803
0.7000485587043083
0.33496868200464486
0.3992675833381785
0.7202547626532104
0.6320542299304736
0.6762367820278796
0.5314296139290086
0.7054279823137148
0.35193746642647905
0.44103582420992876
0.6655260653687278
0.2728624545120536
0.44569622265187914
0.6750330287637378
0.274890779878127
0.13657396388238313
0.341628007937248
0.3442785564044023
0.6103109996370661
0.7176024569658456
0.6395496113202247
0.8393057894027807
0.45155830583061435
0.5684804222679106
0.7515402909728451
0.35893932582938476
0.39529221289292504
0.5770651476645108
0.6311259894715696
0.3552423364515284
0.5352951267742164
0.6786347135420785
0.6863162685202895
0.6230560539145182
0.7033148385242122
0.6121231935498046
0.7834079550162325
0.4055530598131527
0.5863619351823963
0.7921177554997246
0.269791900639008
0.3170720694431996
0.4672710397137404
0.6599765665925682
0.6034005717800892
0.7189693961440403
0.3023523866872569
0.48250085859675107
0.23012443392076468
0.3037087019239964
0.6811203107499978
0.382666690599004
0.45593414507040836
0.7952999115065218
0.6506130959470322
0.9280823102848652
0.2636928416982011
0.25429455742851936
0.16787894558336525
0.2683624981349516
0.4051558665210544
0.43261566870065693
0.5493743972489479
0.7465067503644318
0.6483461864418055
0.6671840341791829
0.6852611795205045
0.28853581886553714
0.5593198498041037
0.47468664116105325
0.5898898570899792
0.2325227124790202
0.33321744510580137
0.373046315582191
0.3150867350393522
0.4261186825918689
0.7411063747991858
0.21034139640211655
0.1948795749819154
0.23986533917726593
0.2730134104456299
0.3804958206144364
0.6267907797070368
0.6457396490228123
0.566798061544786
0.7598862009518417
0.47533449823999385
0.7260429671263249
0.22146706521739523
0.33336559269231053
0.5386760510100004
0.6421509818770834
0.4500620432209035
0.5816613900223755
0.7173519151619598
0.5463882890255912
0.6158035238578273
0.3381451619897388
0.41503914266185
0.6529628430394796
0.7842743162968276
0.711055426368712
0.8605670098132567
0.36871410924572146
0.3139749983151276
0.3603809750503995
0.388331845756487
0.6684169292200154
0.2685828186062021
0.3686454686795245
0.7565259161029116
0.4522890323310109
0.6660463373121099
0.651248178902061
0.6274645961998652
0.6154497761710522
0.2859328996572145
0.5339986553467297
0.674580068267824
0.3826043129778547
0.5705941459045242
0.06638963940182548
0.1380037269848234
0.370071798193646
0.7074595762765896
0.4481839527720809
0.5945406544683625
0.20853996356684718
0.15992269351790023
0.2779919411631245
0.1385241048398302
0.34770480307642054
0.648190353682222
0.7589651651597795
0.3131196695292052
0.17508967121141117
0.32283983673882577
0.5442504170008939
0.6199999216472797
0.6730885357166605
0.34770680170777346
0.704680425201697
0.7228803224787309
0.6377430608575476
0.5109028771608607
0.660180505678483
0.2384915272174411
0.24643570259744996
0.41536236419647066
0.6378054100162063
0.24704389114804842
0.2714459494311072
0.5860879937300084
0.23011883147072507
0.5579922117439952
0.468134477577299
0.6445913100914769
0.6587369581286783
0.7292422851418973
0.43756611422366287
0.39455712976570373
0.41566945218705814
0.6680375501956795
0.4176650113762433
0.5195513447741542
0.6775888085709275
0.1638214773416091
0.38964869400978414
0.6962303881663006
0.7570250627113102
0.513756623484879
0.7948238222468403
0.21539176723727038
0.19551092566835032
0.33094824002660317
0.5512561398946503
0.8107898273144076
0.4458876382779694
0.7791138948927011
0.2903084554989847
0.21996179731127102
0.30832001083510074
0.6702248397915269
0.31596715956723165
0.4741885543996437
0.7752142438245185
0.425989035264999
0.6183753804539249
0.5057064373323451
0.7313569464892895
0.4166541651338691
0.5768831656383699
0.7589117346707697
0.44470642329787735
0.5447473071863271
0.5614668306322397
0.4480090224856716
0.6740964870094053
0.14272120017390283
0.21560684241992284
0.30557700036613006
0.4540400564345873
0.6692842780919017
0.3575558110942088
0.6331963235380691
0.7474925635827914
0.6403962962790919
0.6545952880008644
0.32945028284356115
0.35277281739884647
0.4688849341977978
0.7864120416278392
0.23763728603553194
0.3159648124501603
0.5848748905025806
0.6981459146538216
0.32575910295744115
0.6703391568356708
0.6855181522803353
0.2481391661781328
0.3449113930216492
0.79366624136806
0.3468887515681138
0.4088059905499822
0.7580036724791325
0.3683521125936267
0.6263782881598137
0.6125298796962151
0.4066294724073643
0.6197066641459963
0.8049177246986774
0.4146417464873687
0.5182890035208159
0.729999670206177
0.19735428851685172
0.2865865733440983
0.602949672850125
0.33094003254604665
0.43198983355152765
0.6228378320271702
0.31497486568958866
0.42567558247510023
0.595593379863156
0.4273758090794473
0.6271274256816383
0.1811510323493375
0.3170983944171625
0.42189808312963445
0.7607798791205578
0.3595121059940466
0.3538463570235933
0.38084741006917017
0.27314950059551807
0.5812736671827562
0.8575165646999049
0.36731161530171236
0.3477240788122284
0.557595081309275
0.545125965530085
0.6669016659414809
0.27880350825170747
0.34561187866030046
0.36969943524632504
0.5650768793465325
0.7189388420052213
0.3784450742150111
0.36317986342263225
0.3383238087718413
0.3995013764199461
0.348767147271483
0.6616621405181822
0.7048968512302202
0.30295388895167563
0.5830818868243195
0.624354715794307
0.5240854010815558
0.6421742707876824
0.09598578189879473
0.18265210086055844
0.38150040070987873
0.7107642216665327
0.6890784041208627
0.6363222464974715
0.45886707802899124
0.620542863972725
0.37659273333444343
0.33666515465216296
0.5732726110345888
0.7772144000533748
0.40603575148165433
0.2725492627549544
0.44708899391455004
0.48665429146585293
0.6421838572605246
0.4671724454847758
0.6130753290142918
0.14312931238350562
0.30241891990071024
0.3434451448623845
0.5539989195686814
0.7490170060569964
0.5035823126651597
0.7015253275679235
0.6151551829536128
0.7937678712949364
0.3385770195207804
0.605076638087634
0.6750557653534802
0.2437087716430497
0.5321049101687582
0.6751109011770068
0.20107673511000476
0.4399098179093101
0.7592787546070459
0.5189308650034471
0.5413331960744402
0.16918070233483185
0.08144981216172768
0.18907491408136856
0.6007809003236425
0.7640863730557214
0.6192883941434285
0.796944428382368
0.5219295066574743
0.7006856316587402
0.42016185373945264
0.4602211681760837
0.7675494766076714
0.35263013068367294
0.5432105458492361
0.7015840336165828
0.7195260863570764
0.42020144391482817
0.7622566422478873
0.2572179015106198
0.3420429879113054
0.2777402798577464
0.5600021970154051
0.6469806606721268
0.32955533525465014
0.4162516605591317
0.8103525531080381
0.6811856706193304
0.5914818865347371
0.13318520531391312
0.21536236057850713
0.3952107462951197
0.7019285950762822
0.26746883432039265
0.3566303105168126
0.2987463113193318
0.2874342130500107
0.2637833441619909
0.5681399927671634
0.6543878418553798
0.34817349396285097
0.5377208786172353
0.8190118132645972
0.5668204254614394
0.6807012445326677
0.4186188220604308
0.7383685449438994
0.25669408718792414
0.3466136286354865
0.6105487264434901
0.5520529096094934
0.5788761952504216
0.1926988086829757
0.3286419616837427
0.30389776068324786
0.4276887702997712
0.718264274367433
0.2516944477800495
0.41591059467052105
0.5445149678397238
0.607777997178378
0.6602499029927533
0.5349710832067417
0.6484605571340665
0.2360267739906135
0.42904397865363475
0.6857478597556352
0.2085059837002361
0.33756609318317127
0.24461849904319363
0.4489859711951091
0.6538511972634165
0.5089263058492304
0.7823562859379529
0.41103378877203556
0.6952606390522076
0.6145167761801252
0.4944535246295114
0.7053639676700086
0.38887125939262057
0.6401778735421654
0.9901361946716792
0.39764098185108987
0.4962107892848916
0.7899149130948776
0.3412436391097232
0.6872926435686044
0.7119346030252349
0.3614616531882825
0.5987257982564161
0.6505587932493659
0.5592411358478833
0.6142929194113002
0.5224073351958666
0.7064596050297204
0.2454058109489032
0.243797431198137
0.2650924244110234
0.4154609591640765
0.2510860869752295
0.3347422208444501
0.20633788839165915
0.42255245866932484
0.317484808596577
0.5939793135876394
0.4573225169969881
0.8263151323028212
0.2480047748566835
0.39947585662851876
0.6310864001225263
0.4704543348741161
0.6171925978753693
0.50433882154538
0.7073200400293213
0.2843764312204879
0.33090894556437156
0.47864700748250233
0.6588804717564047
0.5798739447807647
0.6739575870054274
0.826935594323842
0.8747876782639777
0.5483077349283569
0.6893748512494708
0.34423282929340676
0.25829693805403603
0.3808669532612106
0.4281822012204717
0.4335640358282828
0.7727538643712479
0.22530050507555438
0.29553263761093007
0.22050757344016358
0.2610384949378912
0.550875932344162
0.5662926432026315
0.8296681700435231
0.26889635311713816
0.2698824603995553
0.5024545890128749
0.7560978070898223
0.3149797833384276
0.39136938290495216
0.7778889788603093
0.2630297358542745
0.3836929986801714
0.5118664010575625
0.6057639802258623
0.1612617824139764
0.39654269909720885
0.5920237323931982
0.6985930749372049
0.18859668007303645
0.1474081901675556
0.21472403013275773
0.28122513081360484
0.41731565629143547
0.48244901531647644
0.6835951811161264
0.35533793246582873
0.6070737459811391
0.8118256748697079
0.4160640826728097
0.3421055100138725
0.531215706668726
0.7181161707078925
0.3369766713573284
0.43196203477733475
0.610744698674716
0.6751194864961798
0.5391972281574893
0.8337598598662417
0.47735820209120083
0.3948574860440173
0.6981438113844044
0.3772914575082721
0.387022286273559
0.7785259294484566
0.5232259240783471
0.7625880613489815
0.7849318537743879
0.6229601250145649
0.7105473003516158
0.33960751288601687
0.3835797636392492
0.4712397073873666
0.721851662738711
0.33555592567452486
0.6754245888375868
0.8642760114656562
0.4389714200446174
0.36017981642745117
0.47197297374333935
0.6816681579949819
0.21133067828801938
0.4814378470296881
0.5490904614403603
0.7255679449749943
0.7866912187096942
0.5402136383286581
0.7368804168556092
0.4859599125705251
0.6904334407636677
0.3229745307638077
0.5779770112094531
0.6365307640378155
0.43671548957319967
0.7760941381501064
0.4818290399335092
0.7394961133877189
0.44644511317307717
0.6012796570061713
0.6233959756479978
0.6129709113176327
0.5873941122759724
0.33591566314103344
0.5620304143902396
0.39384586783640657
0.6612583786989178
0.3487153490307996
0.5208795018462562
0.31169482968925927
0.6728598117216266
0.21410824088189548
0.4721427752388679
0.648134382472764
0.011396456920723962
0.07944123419954786
0.38850176823898885
0.7636304225716782
0.3382087147282976
0.30184549441986247
0.31545867975113734
0.35727133745598294
0.32461778361226007
0.5591894479567272
0.5002320363848796
0.573574628004882
0.5486096384017008
0.6696191992548295
0.14689559635453556
0.3505152937730894
0.4936573986263684
0.21995734177026102
0.4010376084427796
0.5471445290285034
0.7257090462683509
0.4178495531365718
0.6078521502804551
0.7587157094009596
0.29515753974830455
0.29621577100568486
0.5217185248347609
0.5047833753615998
0.702898620887644
0.5870235727304722
0.43680199902718
0.6794585045120477
0.23503640068452464
0.4195409600840294
0.6307568495422418
0.2978924690507442
0.5220677972288383
0.5449788756405665
0.45397680966407494
0.717584360860025
0.3296168882525697
0.22270640906997075
0.4958202092111852
0.6901000382148034
0.35618051008954504
0.42462296072577765
0.5829756977895161
0.17437953422287822
0.32500414502042485
0.6977647689253985
0.47573360202626486
0.6548204116381793
0.37987985794569534
0.37811249872600305
0.4682129432732942
0.6360192768642228
0.8625719132592976
0.4682386685807578
0.6569462413105364
0.425664425394641
0.7231623926046896
0.26275373406491126
0.3634426912695572
0.3429380917134621
0.37436263508327555
0.6913335099588809
0.4092306445633041
0.7093226639758865
0.4183281220092292
0.68051896692017
0.6679678474049265
0.7646214562582531
0.35831978662868585
0.5002802965479345
0.7717195943226878
0.35328512074377366
0.4158254594208999
0.4864454928052826
0.7567975138151278
0.2886644665502641
0.39125917172404
0.5676383516379053
0.7253956862477198
0.24736669758563123
0.6146629567274274
0.3572345850517795
0.665219723313338
0.2370348341059206
0.3286077044152638
0.4010755812405727
0.4758516881662575
0.594398368025207
0.3832004567625501
0.6216994760568704
0.30693699595277685
0.23432507260012506
0.24421486109447613
0.303911500153405
0.23593324352305525
0.4144515104609008
0.5456336314680496
0.5932004864524301
0.6590017686753099
0.39458179713460784
0.6000734977053769
0.6687291233515019
0.5209976621929888
0.6653955553214919
0.3309745501391527
0.5252604972252718
0.7081309072649709
0.3353332518015691
0.48575433361785647
0.5670782840313022
0.4340305102614329
0.6487219258027962
0.7874505898300256
0.5514124350091651
0.6280787565053239
0.7431828724285928
0.23325391833293596
0.19642156747788508
0.3865203579315395
0.5646469901544303
0.2741871964478009
0.6130340553214095
0.6771370668646017
0.2890127400329824
0.7561522175461731
0.3008976122352645
0.5536481024485079
0.6735308629458038
0.4679144635720093
0.4776990862337615
0.22010279263630705
0.3685363346774197
0.7925376174362364
0.6287469697576946
0.817649770733532
0.11035622654237448
0.03889237837814118
0.19598782525791492
0.18112201715418516
0.4365013957534319
0.7779321080660132
0.40816733220210927
0.44431941785341883
0.5204904384481789
0.6060545624590113
0.4942716862022652
0.7003290581483782
0.2192761510784272
0.20513420676069752
0.28222903906006597
0.43208865683417996
0.7403210358528788
0.3508856427709133
0.4810704806845643
0.3103010149261802
0.5846687102445924
0.15304353155655684
0.26616518576186327
0.4280711625953277
0.3902062395036632
0.5392481736656999
0.2176331058144444
0.2451523345511984
0.24236144546560495
0.5544603004548725
0.706136797414902
0.28884487569217154
0.29497253952406244
0.5426844599010305
0.5194736568841667
0.5507054175499608
0.7236554309651588
0.44981804406541365
0.5718990097718321
0.6530561315873338
0.5946857777074834
0.8873660076154088
0.2809309469048879
0.32849932381174124
0.3735718848651152
0.6552027499573604
0.5044781182258339
0.6117293028588878
0.5573976023433898
0.6287998589022528
0.23862024490250114
0.5982354668584625
0.3761456934825022
0.5868504883424127
0.5461656996436454
0.7414335114506001
0.2682771697157851
0.39866966984251406
0.5182395254174907
0.37348683236656166
0.7296566684704109
0.38023437228576357
0.296841195201486
0.624272500080912
0.4480193579035947
0.610076198906835
0.2538975500595358
0.2720142870014
0.16712359986382236
0.16129499379356793
0.19389309122905785
0.3028146308281183
0.3520426192677049
0.5197336403304001
0.7795564813813961
0.3606172504620135
0.5850174864442585
0.802331572600557
0.4998148299136996
0.6811996192260942
0.6007224950586924
0.7753978626207588
0.42770713421586515
0.45698250265257595
0.5461482002760127
0.6779225914090556
0.4090012576803733
0.5874120928116672
0.3871556697929074
0.6225679551606593
0.4822232285116127
0.7555439518620211
0.4733063625162696
0.6090853395340631
0.7699960825174467
0.274523068124739
0.3303566333867231
0.15877987742256497
0.24897368225865185
0.3273284634307963
0.5045004277298413
0.7260309198982182
0.37505178705660114
0.3923016671345318
0.5937921914013929
0.7134387750312808
0.4590918419044853
0.6049254917257465
0.1603985528123613
0.1685451487498526
0.3134084831873655
0.2066544493431233
0.1946126390321069
0.28572933332648354
0.36154468608189944
0.18338297580832083
0.36989395360476013
0.6677182758887823
0.26359231650056286
0.37711335120502554
0.3642077450316461
0.2592526475590779
0.25485146480270027
0.3200206091761133
0.3435043994454619
0.5898343679336506
0.7027675376012391
0.5367636838627042
0.6819600178774018
0.29971404517931716
0.32335024069113155
0.2786903515541694
0.3394354463481835
0.7025928245580599
0.7076689758947617
0.4431997560521018
0.7140503226202289
0.6988323442264598
0.7050155163316665
0.44174945683062355
0.7792669064509071
0.40607986368991594
0.7349575086378929
0.23051095582954956
0.34885498020844535
0.6128510614062258
0.5622131553419127
0.6626429186856598
0.35009298939123723
0.6105312628128317
0.39006323540949084
0.7125952324340143
0.5883408249483681
0.6561799064727072
0.2379257569756679
0.35770769819371645
0.4179383327652257
0.5859988571759834
0.2202234696013745
0.36535521743691785
0.5459770495727777
0.26806732310911247
0.5641964045119443
0.7887718267907456
0.5608292005842667
0.6832339421936522
0.17858796930386855
0.3562560309122171
0.5936957039955861
0.6098906505294948
0.4293928688942678
0.5853896740499931
0.2357812591612318
0.2475853181201487
0.4057848730551959
0.6334660077387206
0.28004075240830795
0.2840491284041884
0.4266162500330542
0.5843032756931605
0.29935309753260214
0.4832425576436792
0.36973487792636006
0.6063166703085823
0.33586270000597385
0.6372857749470988
0.8316207881976203
0.38088947314715554
0.4320685041156441
0.4630793462297362
0.35753973111836634
0.27697360782760067
0.43931824088730453
0.6886089755009481
0.5323888630792936
0.7501358298606311
0.6198206579668567
0.7767658225104805
0.4045085455053378
0.5906484355043767
0.714901738268
0.5985050183049659
0.6016880523045983
0.5717934254221408
0.6942167311313032
0.1824355456617733
0.3098170801649656
0.3464583411239339
0.5997981223688088
0.48396840763907323
0.7561445435297032
0.296402740789405
0.2989850852486132
0.5806631046278653
0.3425470697583485
0.6043585988052076
0.268869932449645
0.21597152749867327
0.36124712780347584
0.6572506960011104
0.10248951686569109
0.3952201071162996
0.44495325609880215
0.33559063677223155
0.5454445430466357
0.41738191404715436
0.7185184678869392
0.30242305743537484
0.3538298022676001
0.57901304053122
0.26746547620275196
0.510643549181008
0.6392386046262921
0.7053726456290104
0.6284381189331116
0.5920615413188517
0.6536656640060917
0.4977029835047706
0.6877432504375968
0.26978156411895915
0.3004602622500446
0.3070789663353047
0.47868658705602735
0.6729642853517553
0.5281915857470223
0.551340645403108
