0.0
-0.1601979245774681
-0.3029164565381235
-0.5634421724796387
-0.4768689578855271
0.41219219469884977
-0.2848404097474477
0.17535384137667842
1.184998818516558
0.5108919110746427
1.1949006397702813
1.583171081181723
1.8064189137464501
0.10562054893328976
-0.1586475520511254
-0.7325798962136623
-1.1256862027361338
-0.05044114814373291
1.7099929978705706
2.197757060159226
1.838220747379167
2.3726328226301154
1.616763162010715
-0.020113796878136428
0.23749456871866595
0.6019474184115874
0.8717794073198047
2.2565766143728925
-0.04227617805954814
0.7657040221650351
-0.7337705521435625
0.0201971385482706
0.6231120046825015
0.567935439381474
0.7489222537864985
-0.4205561346750532
-0.23562278209440224
-0.2896025416062183
0.0030048275930228407
0.9812984629568079
1.6329580669798374
0.43593628465402684
0.05023638113048552
0.9152968065199296
1.7593355478945678
0.4211132127327605
-1.474200555858017
-1.3678072080386157
-0.11385139620720891
0.1835277465344012
0.760645519565302
0.5570659228528898
0.7051928114703022
1.1810187308833875
2.371270497857569
1.1671132604287744
0.7908077883601342
1.5200836325573288
1.831323283609406
0.3805533265704097
-0.23090332764922944
0.8820118348058006
1.1116081166541425
1.4321951054503235
3.030407920249249
3.4522481329685215
1.3230160065569727
0.698196476232234
0.4023778042739875
0.15096166629734115
0.1880520625487769
1.004101587606592
1.439300302798777
1.4642789674230143
0.911459474311767
0.6340187053806035
0.9565679053541637
1.1149249113828323
0.8787137382323763
2.1373453929483324
2.234574553313321
1.9868038304826747
2.1635881815781146
1.7668483119437899
1.2211089762718015
0.6734637150339072
0.3023662080299079
-0.9135116109075211
0.5272801390587837
1.500995945312336
1.3351067778637298
1.6909682012495044
-0.4780944422905918
-1.0656615642711862
-0.7591868883896666
-0.7924285686225767
-1.7651125539263077
-2.193768059074872
-2.1373807588519576
-0.8919262761100393
1.246313865471888
1.7240726775165434
2.2581820741496497
0.4987615153833086
0.22164826158376133
-1.6681962206212615
-0.4743293784106628
0.763483754598432
-0.17879172303485016
-0.6005989481068633
-1.2873295856940796
-1.9630190619294605
-1.4035479923920504
-1.8620640185781856
0.015666143808219485
0.04743218242191957
2.214607452521924
0.7406665343867893
-1.32879067386464
-0.5079632552764723
-0.08756980198949682
1.3394260115910632
2.092423086267328
1.6426770595268365
1.8065522991434966
0.48723822663376
0.08648696861039554
0.6229870271400477
0.6927163219166349
-0.608367445805602
-0.5363849685376938
-0.15374839542763244
0.5497965014890344
-0.16359102163833483
0.41994997421014124
1.4315625534924727
2.0918406678501884
0.8657497146271933
0.5486314421600199
-1.08317349094673
-2.380533881579428
-1.8073113789634268
-1.266894645764157
-0.8652167317400414
-0.5365930351955357
-1.9698532189951947
-1.6585707702320747
-1.550821757897478
-0.7127883234946111
0.996612638719945
1.9582095681004368
0.8002967397328705
-0.5446928782972513
-0.5100222975628875
0.564894909529703
1.2511632393357215
1.43560430355502
0.5745692773832077
-0.3114327143398019
0.03517595297353291
0.9587342655540602
1.394749952025149
0.31173515105746685
0.8042950930644011
-0.11771534863384782
-0.08471248037671943
-0.21754697855162977
-0.7509610596774308
-0.7725568447876325
-0.5069452845130742
-0.1819581114306156
0.07759374456662466
0.09327753836453728
-0.8361702041204461
-1.154246809816209
-0.7257261226736531
-1.5424934038054177
0.2810962775420346
-0.6159249742660299
0.6455006507948191
1.497933509993226
0.1188807102849363
-0.10520420823609788
0.7020786044657152
-0.08965396504228881
-1.052440917144187
-1.2994720551393109
-1.3727766052255146
-0.2560424941293859
-0.49192592429233106
0.18812202073046577
-0.695987470820886
-0.14999533901675277
0.6419903414033881
0.49622676126278237
0.40656514218394424
1.4144521535617258
0.45019167222151535
1.060179644409862
0.2880311954882729
-0.28652528009949596
-0.7217321118467083
-0.4069412232910111
-0.4686940728779911
-0.30387579592450287
0.33963076520339525
-0.8171205216463275
-1.6785403590295802
-0.14663196945260215
0.33896254334443837
-0.41791420060904444
-0.27082963365736057
-0.5611738900685852
0.4543696595177077
1.1820646864593745
0.9947387319127149
1.0188405228818846
0.7607178708926848
0.6883818983334123
0.1201545124740694
0.006607050752249308
-1.4049729911223492
-0.9268065374887041
1.5165235531388053
0.34371475623632536
-0.5035754357412072
0.7618875113156093
-0.0796774934127949
0.988160184406108
1.6506809766775923
0.5803913822139484
0.7803485069145116
0.19997883914985704
-0.20626603589328496
-1.0763413129165045
0.7584064718325411
-0.8023381712851322
1.2826000529522616
-0.1470569442881744
-0.13892013023750657
0.09360935010520387
0.7368394843571717
0.6886182983246016
1.4159118681787448
0.19820687464785497
-0.18439187363311715
0.005852118243546672
-0.13474097535009746
0.24403072873403844
0.25010022634989537
-1.3593762921660892
1.4072485128053123
0.9835613364700869
1.0929768045998658
-0.4199192597167129
-1.1714143543959588
-1.2521453555619249
0.16907403201140356
-0.11160443158302481
-1.1137667331758263
0.6198516276759418
0.5397234059576258
-0.4515861774417857
0.25316411515781145
0.17303246915959433
1.2188096573419092
1.2761918096784435
-0.1830843246098997
-0.5480382125727989
-0.5051450789893746
-1.485267673930578
-0.4038237553573891
-0.7274714436576986
-1.6339706866355033
-0.938951267673714
-1.1330049349337536
-0.7420109965113076
-0.1949071161546786
1.0987461833066978
-0.15399546867358474
0.22768859306068256
-0.8090017289268321
0.0670831304022679
0.2261055242677238
0.5803312086506209
-1.127377933509371
-1.8227398864615232
-0.5749702976592345
0.46507769304020125
0.07154474137340726
-0.2125326304437835
0.3650017898287025
0.1719175623494983
0.08807727281392948
-0.022494333677250206
0.491889553681246
0.44152177919696667
0.5837196790648793
1.4067016838571644
-0.560740935246539
-0.14437633226076368
-0.23165543931136745
0.29445509931064534
-0.2930647929618341
0.14142722023138804
0.8235631866354338
0.12281526195592923
-0.29595413731374404
-0.5438228354340504
-0.17939579564979632
-0.039195863204018244
-0.25352670259649546
0.45237144411621477
0.9097475587004595
-0.07006497025993864
-0.925433734390934
-0.11986885773922748
-0.46285904948010537
0.023808720127929832
0.11214281574248008
-0.287195165024001
-0.7791589161261322
-0.803881111153123
0.260373449560249
0.6134530973872317
-1.5426393819113917
0.17564917444552114
0.5424830732739415
-0.17713273243427471
0.3954267296939036
-0.6359037868292117
0.3312673521898035
-1.1075230487156724
0.790808069580897
0.261072803705001
1.4099716774127184
1.937858152256329
1.3340765264775187
0.10452537697107125
1.059930813498222
2.541598813075406
1.8297216567785848
1.0420479832782565
1.0974642053660522
2.4114498668863327
1.6690163692310545
1.6330507316135567
0.9774487821322311
0.8746757729345682
0.2792396906678403
0.6407596398793031
1.4608470127188902
0.673836925015909
0.5382056928090819
-0.3048871308598865
-1.3444593820662205
0.06569688116605922
1.0779620753213972
0.2064627616975493
-0.46676840645037426
0.5173883483351048
-0.04323989020007524
0.23924709441808772
0.045019109956402126
0.333518238221032
0.5936563684758205
-0.49260407163930436
-1.1770662859343268
-1.3165084814728112
-0.617340048174583
-0.6527211816081349
1.155319661266993
-0.7454692155025364
0.834385999825678
0.9670087489531808
-0.5881160826495545
0.9082801543737977
1.564024766485853
0.743145848272792
0.8299231108800604
-0.1811600041640425
0.3800284368028828
0.8407523431684701
1.556808869665966
2.357828586826692
1.1245772473652584
-0.8026101110858932
-0.18182372848624145
-1.7472204023774023
-1.2300438186308167
0.695131440096773
0.6433704387129744
1.4896481070569887
-0.10375615553400727
0.23535641065531024
0.6906216051758908
0.7357976039429042
0.19879177215998975
-0.22452389324438132
0.00036113382912705827
-0.20633744200772208
0.29559283762064464
0.34111933542251316
0.47732035822194485
0.6255190320846165
0.5986260320373853
1.1527042009515467
0.32764530466697267
1.8691583320992873
1.8151077097051973
2.1706776223290434
0.7959981338924074
1.6408444602505223
1.920983274368309
1.020097763451784
1.1204254693746591
0.9330830048304152
1.1026476594245578
-0.28566750956561837
-0.19435588971409054
-0.6817323895904416
-1.95758901230723
-0.6612894146865014
-0.5873406492443425
-1.0606980419041776
-0.802123010324588
-1.4464712365295813
-0.8921475506877242
-0.25894458271022003
-0.17114414587402116
0.9955334584821373
-0.5939237076032435
-0.30157364953126314
0.5604014860933239
1.621926183487047
3.2442403630804626
2.027667114444391
0.6739046754644225
0.9049477844055315
0.8696346876850458
0.5181938683091281
1.7824083176556778
0.34108687131423354
2.0732638331926183
2.6848493670869593
1.464621277920409
2.482765796138067
1.9220960274240082
1.4093661517589868
1.2610084677991378
0.7641748874093256
0.2659521278120192
0.8478768175892808
0.8271136462653285
0.6165228395952568
1.34613799418578
0.2979003449177625
0.516613899936481
2.0067046731445286
-0.25951950496315707
0.20154645631634194
1.120606864391641
1.6756986695261475
1.6186796624891973
0.12473393788807735
-0.8003805763988125
-0.6576157517387179
0.7487743329799091
-1.0441665858423164
-0.17237463400090983
0.8629372232860628
-0.2396703686668788
0.789496363382847
2.204424617676807
2.451505373431629
1.3349598575727712
0.36341937521468376
1.260267701510327
0.19556692536497416
-0.10637440018694033
0.5115041368820179
1.5300649854732409
0.5866872658196173
0.3275932877527374
0.9077584625714901
-0.1315689560319919
0.5583643843556141
1.4221130176215775
0.47714551822651197
0.8698732577645352
0.48735371930627547
-0.46145662697944123
-1.4131982333297437
-0.9704060576369613
-0.6009287586044763
0.021424588735893466
-0.8001945892294656
-1.8161944437653836
-1.1528198775232583
0.7453384304299943
0.7744007123127509
0.3551149944031278
-0.03737814201936684
0.4421030342077968
-0.22199720844375645
-1.1660806434248472
-1.5126616054335624
-1.483025110158588
-0.8314417376411118
-0.27610160924756066
0.2982453056250357
0.9982305828414022
0.5312204433605567
1.35729660852376
-0.4632177307078207
-0.7617818232966994
-1.7308147249697132
-1.0882637808070537
-1.6492060078221815
-0.7890853474347818
0.31765457466538966
0.46093539795285793
0.21437785463255887
-0.8563134957357459
-0.029176483678694354
1.5631598096193209
0.2513506416062055
-0.34750513303557684
-0.23163728051995283
0.28999999048350167
-0.5132617713080626
-1.0722123610668215
-0.5575600954020842
-1.227091512670499
-1.2062539441319762
-0.4379596406758772
-0.475248998044561
-0.47612896616815065
-0.8821122610090781
-0.139220884197723
-0.006776989961480892
-0.4480445987963123
0.14936009033429073
0.30953307783594053
-0.0727559725253529
-0.5793562238786539
0.5143106065650085
0.2741404477506703
0.487618745599862
0.7807064783281186
0.3911678760194526
0.5521896867521701
0.2685139222632086
-1.0602775689792752
0.9671793393162682
-0.14074781893570396
-0.9615331306140597
-0.9662961716736785
0.5227660556713635
-0.8607697242089744
0.46030570352444566
1.3563179229343936
-0.6762472699719992
-1.1160697791569156
-1.7996055993846334
0.3576140220649402
0.2654116567258615
0.9380991130507779
-0.6964778888473083
-0.6577145562609695
-0.47746563533422887
0.18899188237314707
1.4074793703314794
0.39561811590440754
0.8275147805995741
-0.7677175964565777
-0.032576303960206304
-0.17748760017854293
-1.631536639729064
-1.7980041595286667
-1.2816403675054622
-0.22280811167613074
-0.29737449974823976
-1.253892977056586
-0.9901614687600776
-0.08291045098318944
-0.5020400085230171
-0.10565665744740466
0.39857042172439366
0.2620228003347429
-0.9719677137199723
-0.8238209354974348
-0.17106403803667714
-0.2671907787135517
-0.21858112808493774
-0.5870312237048816
-0.09966044217849704
-0.5761319446649454
-0.32207669623434576
-1.2206055831591303
-1.5633062893112224
-3.4070938308594485
-1.7336386145385332
-2.0841896057047586
0.24204800914346564
-0.37007172405227134
0.04628616417446971
0.4859392252685535
0.5332501774064393
-1.5222507972439856
-1.6755650718228212
0.5890965895860155
0.7481531249010638
1.52919068818177
1.5014116534871698
0.4221273505888187
-0.7757423080825099
0.064902353816078
-0.32192135388864074
-0.4478360989927334
-1.0809902088336645
-0.2150697761220014
-0.5724209788622633
-0.1194070301091199
-1.2897420094457148
-0.2246185229091891
-0.550499652898616
-0.6282493257178543
-2.105118231167569
-0.8052465508605948
-1.2878148344512657
-1.9758306713837415
-1.0267535473007756
-0.3818963235217552
0.12191475854233354
0.5498760818138018
0.011418491287384397
-0.983451411020718
0.3843012160457483
2.1044758891709168
2.10872210740489
0.9358348060732532
1.1371274910109577
1.593639039163069
2.2519444509624624
1.8048822853178195
1.3235985527867957
0.33135316887353244
0.04449680880700733
1.099294531697462
0.2311199417309704
-0.0927078913167589
-0.48509941781488464
-1.3496079302473996
-1.1673683059823392
-1.226344751201503
0.675388857662642
-0.3436316267035326
0.4726187414007646
0.0760607117112444
-0.6173014819406364
-0.026046875191856923
-0.9450278160330399
-1.4300156478043284
-0.5613382095139422
-0.4890696708900219
0.7122171718264969
1.0121260406349537
-0.681518982695497
-1.6959196592467394
-1.1536504927380156
-0.10477085465124826
-0.8546420631419587
-1.614425742928689
-0.8196755125578645
-0.7330314353300014
-0.7165267229220362
-1.0590254006957833
0.7357112741462263
1.4966120621332308
0.29502992611269424
1.7973891540838212
1.9077530527752087
1.049873449383041
0.7738250031483869
1.491221772143143
0.21741946077836594
-0.5537401573173754
-1.0298182528653717
-0.9040281629471828
0.007311887495798586
1.1039509324631267
0.8963264552497052
1.3211225769689754
0.5429723953983557
-0.006782989908665025
0.6462270498833238
1.9286724571243465
1.5711502347734803
0.34394854039861067
0.842969347040632
1.0134562868598227
1.0537720953199656
1.5775113551302116
0.9903088680037115
0.3805696181592064
-2.5914058240039797
-0.9011770939446199
-1.031643141160834
0.11532450778451421
-0.16102894555165528
-0.6344785742133392
0.39131544822849407
0.9405188979164621
0.524955704800273
-0.3665719026573544
-0.5831985286012092
0.30058299645077213
-0.43129110823514727
-0.02119781085739897
0.8489499978639349
1.5240337547086806
1.56365327667238
0.2462637596922706
-0.20760704095960775
-0.04163855646171299
1.1184018852832611
-0.43653615399145873
0.6153393798882758
-0.7415342769276334
-1.4897046352818566
-0.7779095413524995
-0.4154780593368877
-0.4372123589288767
-0.38937435500325573
0.16426617933269655
-0.09783967138129067
0.34412010392307746
1.1828337362495305
0.1708988141902108
0.19277564359104132
1.106584088974342
1.6612872044574067
1.5307585834707205
0.2987910345958939
-0.5952476169461581
-0.12777399826844205
0.4687477985313483
-0.32807901399103967
-0.8227733938172712
-0.5538423700634424
0.1528114697250968
-2.055815429828665
-1.244186931742234
-1.561602291526262
-1.2790408394367083
-0.98221053303196
-1.5207825269557684
-2.063450161467473
-0.9048197921982324
-1.0709045440414564
-0.47096658958165044
-0.060126475585103464
-1.4298316438413377
0.18499873238449177
1.1516026258373793
1.0677776112337225
0.5165379553991889
-0.956259237967009
-2.3824028274514584
-0.5705822996082661
-0.49653452253712405
-0.15648696718334676
-0.9938115242868091
-1.2175868961912553
-1.3403588423347637
-1.7875416858043194
-1.8897246316396383
-0.6039322106941202
-0.3519137216711218
-0.11079602958074872
0.17230345581175244
-0.3188492601163412
0.6622378128495422
1.9032165941669437
0.9999963137036147
0.18603736025439382
0.767164976219395
0.9934537797117177
-0.9382363698862031
-1.6361211625668468
-2.270178116606311
-2.065545374841222
-0.950392043142813
-1.1919957627427697
-0.1468730942813345
0.6756623791620989
0.9430415766078472
-0.5049845146506718
0.4731204107080779
1.014075831038693
-0.32643188075415963
0.04813713121831912
-0.7782492992123496
-0.5893399880281565
-0.8512303745664423
-0.1868481775625397
-0.2529924913570132
-2.00041823287658
-1.4193455140837041
0.3094627474202728
0.3942009785336255
1.634690459462487
0.8765483644743053
0.07009374472021984
0.22932172360829284
-0.3254558922543979
-0.34714670863218033
-0.09612457395255264
-1.3340684016677398
-1.3256994330004577
-1.5944883835115857
-0.5935428942085507
0.7013908339969297
-0.5605961152407108
0.15284417874729167
0.24416498714047224
1.282158613214355
-0.17971240725032583
-1.0915528279331275
-0.04356596474845688
1.0268897800523002
-0.37506028710334444
0.5908100706753961
0.8786889877443331
1.6762028100833217
-0.4874131794600184
0.21394937120083743
0.43649564978188593
0.8053768988567883
0.44792855235859536
1.6503858899912447
0.03530417611993447
0.5677178570696685
-0.4432445589685746
0.44503905691956874
0.8275735591591203
1.27909427307486
0.7714731427574931
0.6038669130608412
-0.18696751472328427
-0.6583680061231904
0.3140079447826033
0.18921874334215183
-0.5978183970898308
-0.10416119076453748
-0.13504747367266026
-0.35610163143912166
-1.2605074204218698
-0.936905248503718
-0.10956318458824069
-0.4741215805871029
-0.3029612725289639
0.9470751887128975
0.5468241336951483
-0.03778420241269469
-0.6653742777927271
-0.056641437119851284
-0.32325636734070573
-0.8733571972763493
0.3517858408530078
-0.3550523873232996
-1.1719687037946094
-0.7200916123620932
-2.1596994279968595
-1.1267758982759057
-2.7650853440074252
-1.5755625882298385
0.09772404070118365
-1.6096206701131563
-2.163019499509485
-0.6664808179623426
-0.1753692391960246
0.9727006189324263
0.417837943724121
-1.2408076440205889
0.39101351817045904
0.9227870394392546
-0.38929017284909095
-0.20854027762455413
0.1057937720292335
0.06495899865385957
0.23339324827550678
0.5047426883943028
1.20057251454925
-0.6688775826045117
-1.4279429873002754
-1.521012999508613
-1.4303256604535723
-1.5017411625404324
0.06381007186280767
-0.7029433235508383
-1.4912505202530864
-0.4189823599302256
0.7842409711624981
0.0025429932580316728
-0.02181092976613372
-0.2701948708413878
0.08843642499862951
0.6968228443259171
0.2619860489368869
-0.9391658305461439
-0.5736497847755893
-1.114831548613795
-1.1487471321656262
-1.821353822025599
-1.6052354882751507
-1.4457480985392566
0.4022739385357452
-0.10366780012585441
-0.4269314714632051
-1.2203610490141314
-1.1712101675672162
0.23198272897777716
-0.5940320324361366
0.20465467458706477
0.7739875693258789
0.7557272668390057
0.10114271864029539
-0.6831508936459237
-0.5925806662519887
-1.4700037897187819
-1.522673122337805
-0.08205752277395945
0.24006118833738715
-0.21478986431744704
-0.713845002501955
0.5484450599864257
0.02165124434309009
0.41354392446496685
0.5770257640400349
0.9044714065376235
1.9071897194374818
1.1532791359015393
0.4374892755067557
-0.6043468858181384
-0.9345354195946729
-1.0039374131056304
0.6724158336627422
0.4156032928748229
-0.3342277545225427
0.10122199586139674
0.17330193630084556
0.4280083254043985
-1.450592910487358
-1.0034163611919487
0.13043550137348148
-0.607982559943023
0.17828747248201643
1.496034052477304
-0.20780409649769724
-0.4535392972602961
-0.831754909984926
0.325701230154107
0.003191914000790247
0.5461395864543962
1.1002351067860388
0.026099361013076153
-0.872099403105965
-0.1552858846886529
0.8521885257882038
0.21972696834264038
0.7422474966393446
-0.4538080294317274
-0.39529175667804345
-0.2155177319122008
0.11325904329923936
0.6809551046704483
-0.195525434687599
-0.4397294702715915
-1.0113976623582626
-0.31273326970003323
-1.2918957720504616
0.6489881593198231
-0.20272093514487008
1.4993370834558406
0.07792022021794498
-0.3057737386740468
-0.5459068584089929
-2.217025005264237
-2.341120750905408
0.7423866377309176
-0.6377305628075084
0.042728259533376195
-0.6966016785176606
-0.9349951557494808
0.6481035515849102
0.4757366421443573
1.3074906107160607
1.1858859592877222
0.3093927395486814
1.0537072474402158
1.3529545757136217
1.5982366564061588
1.7869211637743527
0.5765625659571099
0.2904284871082268
-0.17749524077486287
-0.37828334141292536
-0.38067412999425143
-1.4529598731643858
-0.08326418872528021
-0.4018345910416124
-1.0262591824626088
0.5678996276848972
0.1305362229544986
-0.5180610335099474
-0.8061528614471822
-0.4109631415485473
-1.1106031294074876
-1.058985411812623
-0.6133063802837544
-1.2027586092754292
0.32218396758831286
0.7383617149250247
0.43878189523251193
1.1483167323634922
1.5769212479218877
2.0585170504118033
1.088513741293046
0.37278900055408454
-1.253646462998514
-1.6741666327348688
-1.1539309352049443
-1.2940157255201736
-0.6485960167636554
0.006621026019696372
-0.40677385551509426
-0.3436770178445386
-0.7467230170907913
0.10233291937871342
0.015302736716929409
0.028009807233295356
1.4397678328800045
0.33308935474374657
-0.19032807337542595
0.0353895317352466
-0.4429294429866226
-1.3115787760527633
-0.9154647411668344
-1.114927839754472
-0.34778245968732996
-0.60239597942856
-1.0427100468893573
-0.1825010738293966
-1.2868925609294293
-1.9739784844210304
-0.12568031500984658
0.03952004221453265
-1.0544484363179163
-0.6713111845162417
-0.3039612234979501
-0.8899426387274144
-0.980070638687191
0.7162425015588956
0.8181006544639156
-0.622563731713741
0.2649352351193314
1.110531745581224
0.39080437551791825
1.7115995494499343
0.7344010853668362
2.245439249842967
3.3004450918805595
2.2424025199778157
1.5874726044498815
-1.0744231797652262
-0.7899624507283656
-2.255975385028018
-1.4804357404056014
-0.063289867589608
0.6122370028926306
-0.9946595307156264
-1.269412887195907
-1.3757441629112686
-0.6936355645176281
0.04383890079410301
1.7730627118945856
1.1122506534728573
0.5817277222560603
0.35724802159880065
-0.06765507410769711
-1.131239179042582
-0.6434892692399538
-1.2338532835569895
-0.6796339309005738
1.177263549878652
1.5260537059853594
-0.01945703119181033
0.2941663360382665
-0.9119762286833679
-0.718346249313207
-1.4468552131102317
-0.46023830293265655
0.07808788740402597
0.011202117265887546
-0.13011611778440219
-0.29807514253719464
-0.676982245916503
-1.548892849373845
-1.5633317965732763
-0.08440217737245513
0.8170483237621088
0.34106837206123014
0.500033314218269
0.7886481861538771
0.6563552825275629
1.0188064208727579
0.029331464311655495
-0.027040651824528042
-0.10567029312403312
0.8466181609764294
0.9538622422083918
0.8816806023609496
0.6537564905752941
1.244207590927532
1.3016979938716984
0.40243645683380425
0.03028829560276286
0.26684121217174955
1.0099433529818926
0.7058120923922482
0.6794135527530597
-0.4334894572761837
0.15384778873107377
0.33296993767584476
-1.1675563510114872
-0.2362352011920542
0.851747121839941
0.05727055842510115
0.41593774021720953
0.2824921623717046
-0.07603022202434298
-0.2245851160404849
0.18140413259318583
0.4345032826295152
-0.47351222211316113
-0.9820717184092043
-1.7251355041718308
-1.5185660518889734
-0.4898492127493633
-1.11899999988723
-0.22017931133050728
-0.9621775700835827
-1.6766064406092274
-1.1742060166162593
-0.6599179391596313
0.21808795053726499
-0.8786782890421154
-0.9321455084129698
-0.6208893367101295
-0.7221104050531665
-0.738312331085444
-0.08515931704460866
0.8213760898087626
0.9668433102243018
1.1893038037875616
-0.285295113959992
-0.3570808055410627
0.32517892263627246
-0.4782627708404346
-0.7494707935261341
0.6682861697583586
0.638201796953352
-0.06815100856815623
-0.2729704112808221
1.427067546864494
-0.07907159835422221
-0.13397332547651594
-1.778792512037933
-0.35292659744910737
0.005995177955860225
0.33476055965927126
0.9481170169551069
-0.27968913661387157
-0.2472643353272366
-0.4841531216881551
0.016777487944720393
-0.8090208752684328
-0.5546003858102851
-1.0321320126643059
-0.0028760229683129634
-0.41361127128993436
-1.3110223232386826
-2.5583948509096737
-1.7479767564061122
-2.1052451609517924
-0.577440540761543
1.2050706889711218
0.5788029108817112
0.8576126534798024
-0.32106709320030674
0.6459630140470691
1.665553584723613
0.8897088262510315
1.1936066419565945
1.9265014848873827
0.3782178524795775
0.08051979952918192
0.046357384787391306
0.5505279807418686
1.1506828572451344
0.6315166669723178
-0.5271746066601716
-1.586643614258466
-1.3671823470805096
-0.3488436241752616
-2.836802638649447
-1.0985498861447844
-1.8473406499355616
0.19441320065632675
0.8612563700205559
1.2400526900380282
-0.1894577066167982
-0.6651995170875651
0.5900988768940751
-0.44688064902723185
-0.6323765611297064
-1.545945760546328
-1.882195566590699
-1.3932575767511675
0.34280720352988703
0.12421891951184487
0.0038312719417522983
-0.3081664855281764
0.22148504345879452
0.4855969689553541
1.8886846329291134
1.8980044274819625
2.097163096266085
1.4788299606986262
1.6209240950766644
2.6968163369861813
0.9549589701381083
0.2733059672509811
0.5869846728371251
1.448172261260418
0.035336849731369885
0.5821673802923238
0.7584910176020903
0.8629469849761313
0.11400824723666
-0.607757763886977
-0.9272638956213108
0.3412284577714445
-0.8130674531277862
0.5034095073385181
-0.23793220538787258
-0.02958922018469734
0.28033305252510243
0.519404484991316
0.5350960699737298
-0.11420760315264297
-0.023602283040927846
-0.743356780835515
-0.44341327654275203
-0.3504548454647625
0.31351214112738446
-0.7132443887419908
-0.10649109071041124
-1.2983995058199498
-0.6298491784365172
0.11668093735653562
0.319674683666372
-1.3920203730302405
-1.1641320502092802
-1.1584862000930403
-0.710413025351748
-0.8225630044685681
-0.45522084754014935
1.2905185937588528
0.414125340858838
-0.4814003912271529
1.0802164258171099
0.1716254020348767
0.03859606581982
-0.6764379778638746
0.38902908692404076
0.4704997796968148
-0.11415680474812767
0.12436109979570265
0.815201332461772
-0.008797921619072474
0.3842892628810912
0.5224917107673226
-0.6879965422526315
0.015570059770820294
0.9205389434960602
2.047849019589758
0.13371186931681817
-0.310254088399884
-0.6922905026903846
0.15999724642867702
-1.2396347440653388
-0.7723864160056625
-1.2734607040362467
-0.850523611896916
-0.5111958909371787
-0.5507248616919194
1.3602203430597344
0.6234225223009644
1.560045604254534
0.31939474392959555
-0.35145442502597546
-0.8356948483001919
-1.0353189699844874
0.1856620863028193
-0.5203488212789211
-1.4788267633489327
-0.7421987753396873
0.6667807409872196
0.771760327578083
-0.356569897232225
1.3798122582663213
0.8960284511574664
0.9135689545280489
1.3547768174095145
1.1728676610226636
0.17089036222521692
0.26572775572573165
-0.17250114068989336
0.0007235747057214581
1.7526004834285824
0.15325894230569997
0.3543148568773974
0.5267769379191465
0.26177424904367463
0.42954922790051386
0.2598603235191394
-0.054932887169796676
0.41770910146733276
0.3029340070339458
-0.1344462274154652
-0.11825943665542756
-1.2235122378068826
-1.158846393159827
-1.0548483259971881
-0.9398408275713904
0.21816481310473296
1.8889074733413316
1.1064259598856316
2.1203731098626655
-0.4393479903380505
-0.25449514147509117
-0.18356901456066946
0.12047651039861229
0.08778339780960352
0.7676348271061244
0.37163195600432625
0.641215991547172
0.6184716217843433
0.7134384338939469
-0.752195822380535
-0.7193302199256344
0.9893139073187718
0.667442964435487
0.6759669408081969
-0.45086401390287784
-0.33242847604914344
-1.7428585552555442
-1.0176807461266302
-0.03490476697679862
0.25585287339073515
1.0208538135120864
-1.6493211209326033
-2.375821282866307
0.09034518007729941
-0.039860084389081785
1.2019292365209564
0.5554004498065417
1.0897192873281485
1.3473773555408208
0.9805507414309859
1.4722377809988916
1.2544110764414722
1.6153517391568006
-0.7309902498898533
-0.918500443454025
-2.0009353105897443
-0.5834213083505213
-0.07159460843027254
-0.5184898792361575
-0.8217577696095997
-0.0364991409847933
-1.1005092454282055
-0.8344047795923837
-0.581142587466912
-2.0135640818117873
-0.8318800414110044
-0.8411186618101174
-1.1597585453000452
0.048882846659635396
-0.5577855687614084
-1.696042508678634
-2.9244486773890372
-0.8388495975415536
0.4633223351311567
0.30473008559743026
-0.10911483101170004
0.872977486451179
0.05366036972439385
-0.47499576258862497
-1.528861222834369
0.935084168402744
1.3566342765092783
1.3928513687658362
1.7838289479573346
-0.13646210009304782
0.581016550377732
-0.29520725942552595
-0.9280692708735458
-2.254015424775486
-2.272629609241559
-1.2797694519066447
-1.4799763475961738
-1.5174427026833879
-0.8724398726268999
-1.7348342172548445
-1.0729847640935364
-0.911638888558795
-0.442081586668632
0.4813289769465562
0.005681374711140608
-0.393995450093094
-0.24141828817992553
0.31918788104225354
0.5137146856488488
0.7478092902209289
1.198345848582468
1.331012659903748
-0.339613707677203
0.2733115438723056
-0.11578210509979786
-0.9476922427265834
-0.6071822299198135
-1.1655217840343268
0.05109228593360665
-1.956180967315314
-1.305547137955084
-0.9835349484625151
-1.5746621195809567
-2.044709374856365
-1.866806195790883
0.2610397452605012
-0.26936053404471366
-0.16955875337499227
-0.1371088446438088
1.197912406114778
1.3517019793097347
1.4722318720368064
1.3591439255175128
0.8648703988916819
0.01993759460469699
-0.5525169871025135
-1.3147217450014645
-1.9710233279119336
-1.3360823148486993
-1.0182482425203618
0.08502743520352277
-0.5877380828878735
0.8430207234393091
-1.0392437949399107
-0.012866785554434351
-0.834536397817689
0.3094844567090246
-1.2528722338698803
-0.8494806929580593
1.2363252293600855
-0.3219758974096879
-0.48706049706673415
-1.0296358961884502
0.006076004894357133
-1.0853639062254206
-0.06420296349168912
0.36987365178961595
1.1619079350515467
-0.02653596287766624
0.6263109455404807
-0.31955274581155024
-1.0684863522496741
-0.09890454337842788
0.504106853369725
0.7525001192128002
0.9171005395578862
0.9435437229108873
0.42898836755267356
0.266457590801426
-1.323034515550838
-0.6011500206524433
-2.080315271849136
-0.19210653373563613
-1.1122321167060045
-0.0032378119945152273
0.8806378849506452
0.6684644759179457
0.06432328064749263
0.30109364130271854
0.7260552914895928
-0.2826171259647315
0.7807357941087119
1.695242365538775
-0.5860061657981872
0.4519075621012886
0.009540005807442313
-1.132773894685105
-2.6005204330114644
-1.8913612809542295
-1.8923939813441273
-1.2482581796292382
0.1617688323036733
0.14451869029463463
0.8922104604583536
0.9035357607525134
1.5055303777737017
0.8963736143350777
0.22428755854600146
-0.8101182994606251
-0.8832559508114775
-0.14286456949270057
0.33012935927945136
-1.0587574074679902
-0.41902682990820805
1.2257245636591632
1.804077133086272
1.5652686586415918
1.2104730597398898
1.4307302764104346
1.5023624628101662
1.7338821299445155
0.7812284310063317
0.16566331785303717
1.2372329718944406
0.7535226496845735
-0.24953504308958524
-0.9799599425842275
0.4954450130472722
0.39598736996108685
-0.08641629071427769
-0.25981148726545145
-0.21907874158211615
-0.14797216591787965
1.1383373216713282
0.18163895525851376
-0.013528101996021696
-0.3793682717829017
-1.2860834276861803
0.5187542281160602
1.7089846530147166
1.517127324403325
1.1300115415080807
0.92683444040068
0.9995196817428433
-0.11492827563191593
-0.37488248150584275
0.40900278928377043
-1.3213654075968542
-0.43425264576263567
1.29513138188423
1.9710555223067958
2.5012513840266353
0.38713371634055793
0.904151038499156
0.800931588912234
0.9683761086705367
-0.3304317758396755
-0.0717510595151919
-0.04160402032349669
1.4513336037248694
0.6937186810598355
0.4537888281507325
-0.029152791758423474
-0.20965087374571806
0.6160335498265758
0.5055569042697977
-0.6047242536112689
-1.259739512539157
-0.9837416687249797
0.279701017504818
0.9812882106779085
1.2831277841026163
0.4248453986358126
-0.6184688795191874
0.1941029817626125
-0.4277644738896333
0.8504930985849882
1.0412045713208986
1.4553596136482223
1.6550801436751086
0.241505876732984
-0.020757661373453803
-1.0656980249373098
-0.500848437375356
-0.5665561784452727
0.002111565063355708
1.2386875908123816
1.0111270834756305
-0.5855887563763422
-1.5203888770865182
-0.8583565404446535
0.09555967369404883
-0.22283136948556234
-0.7047360730030374
-0.2697230005046585
-0.463436589941979
-1.2200472661027044
-0.9260714338604435
-0.20485779624000855
0.47765031035866456
0.4664657723809734
1.3169193471380891
1.431691134820539
0.714437309434594
1.8051030005771946
1.2787326265036651
0.08055226392832834
-0.3396121198436237
-0.23303543111580227
-0.7741275189490137
-2.0549993221587486
-0.21894149557728138
-0.8225746976107212
0.12385991957589454
0.6480182005638644
-0.5523944483923887
1.3185042906416808
1.1819327416774819
0.019498650841287157
-0.16186764989542926
-0.4822381529194978
-0.4109363012402307
-0.2322248660415335
-0.8502963275370686
-0.6871032617559332
0.30099838348298197
2.4208967620625015
2.567099766538455
1.480376052688483
1.2579411061131298
0.16267143915802162
-0.6686089715132352
0.732753195488538
-0.35418940397007576
0.33686926331251416
0.8111522314495843
-1.3955400783414122
-2.041795661567779
-1.4194061097145052
-1.8633184349056997
-1.3006136051586892
-1.2058550193801585
-0.6246968663944276
-0.9180556608410384
-1.6017692416781941
-0.5106159875580133
-0.43801194788309755
-1.2621771477103298
1.0870288214560437
1.5619603043104175
0.34225312192303636
-1.1815026735855894
-1.0547841023138584
0.9874469416306214
1.9782564261505484
1.4200793997751813
1.3500552247374904
0.9971541599676537
1.9785947879784702
-0.6047149629372257
0.29016004712652554
-0.121868347403005
-0.1377776687967826
0.3389951959147586
0.8371187724008707
0.8167765478416373
-1.075948419627689
0.003383442225684836
0.47285646970057815
-0.548447515893332
-0.842766919979082
0.08134272121243856
1.0196445595282198
0.4424068334484319
0.6078971730856157
0.8287364560816235
2.0272412110460234
2.89370334308442
3.0280480895135944
0.9455310883913997
0.880301395081399
-1.7389339390348562
-1.5926241210789307
-0.07366795948266754
0.154810471839058
-0.14805528152590475
0.7634705135886892
0.4673732590846521
-0.6254430755895287
-1.4403875135139614
-1.0650597194855211
0.8496665381927085
2.1527197290817828
2.1057721707826422
1.3986736758268137
0.9984644774041855
0.8989530523816358
0.1376518822218395
0.22296348968156815
1.4752495362267122
1.30493628399659
1.2822956204952982
0.678635031338397
1.604405197824701
0.5116863741743167
0.6516338131887776
-0.27612342827630815
-0.37073556667701735
0.685838512303236
0.614124950598294
-0.4799460681190537
0.9912659730537727
1.2778559940006629
0.5721074685624766
-0.037116626234437816
0.308291819425012
-0.7541682595862346
0.3832449368809696
0.742630561050342
1.3963004655273445
-0.5202984600963733
0.7888120693899734
0.5041470200280895
0.014593687856476065
-0.794413610701656
-2.2002376726412423
-0.0443403278448184
-0.0019475777703713212
0.4469754479295768
0.9140352804653098
0.3348145396840878
0.28748619418079296
2.2087682790191634
0.9372782925046023
1.341682993235601
0.29589474108824376
-0.21953175992847032
0.32327143221341853
0.14441733109099075
-0.21882064538114143
0.14428743323567705
0.6679986109620868
0.8229097539483745
1.3546667327360344
1.6647879799298375
0.7773140154475982
1.2910626379502848
0.16929971607202052
0.6096371335857143
0.47827910122945677
1.1656737436644597
1.1435136255977874
1.7990411987473156
1.3886146319291697
1.662205724459466
1.3822759807940206
0.6977529796392565
0.8454437381910527
1.458307399950375
2.012313891288799
1.161039363138572
0.19973487767138096
0.36195490613182807
0.2620996813880439
0.1395591973123203
0.48975053384884754
0.7616778729056495
-0.49767602964581886
1.762563324721853
0.6086691602998662
0.3637814374362181
1.6007013768186709
-0.7109204716234895
0.48671088208581925
-0.19005696693965196
-0.5397052037628947
-0.8930890874447492
0.7994468916823794
1.1962702631784312
-0.8189716882080823
-0.2719350941613442
-0.40005538685128
0.036526347370605665
0.2592623030526258
-0.36623179626942853
0.8065606837036016
0.3559497169582626
0.13675597204066836
0.8240023046946977
0.46464586908334693
-0.9938724504978488
0.25450504179358996
0.3855277089777203
0.8081389142558826
0.21728022032922872
0.4454133463058939
0.8630696455887705
2.039339676750354
1.5619927342393174
1.4721055493460908
1.1040983055896862
-0.1411213527906133
-0.40676903177340573
-0.36097652070995095
-0.1319002436960967
-0.6206329961880681
-0.8496846703629697
-0.7782281075270354
0.8385588101565854
0.10993896461255144
-0.5573968883956542
-1.2700100839092836
-1.3398225730426645
-1.3375841762477219
-0.2857552260260141
-0.7256647144441669
-0.930949744783435
-0.5120645362118681
-0.10964497735523626
-0.39362472578994323
0.32081513499743863
-1.3796229829804434
-0.6447379391358022
0.22300650592787574
0.44824516979791335
0.486704357537406
-0.3339321426453591
-0.5001734105514464
0.3759669777629341
-1.373034216624412
-0.8798102112209025
-0.7959220111434173
-0.08978806030725027
0.10963980040431409
0.26912641029320494
-0.3630846910322865
-0.3580840848637843
-1.3763526199766054
-1.0549579258268487
-0.005034264471580785
0.16924586984672324
0.478912134877011
0.372335636690395
0.6423135484628579
1.1978954047767036
1.164200189988489
-0.2948326399766874
0.4762859140452535
1.3986644876062715
0.9980085256263533
1.4311363478674994
0.7018373731189549
0.29416270327146954
-0.5713166352385074
0.40900477489861153
-0.24077926395562968
-1.1077646612253187
-1.4319563960305397
-0.6546866935302725
0.17423044904160617
1.3859281780576016
1.6677974310068793
1.1865869694941285
0.7676006120037637
0.9912095897872202
1.2968405257569058
0.7049203158818719
-0.42173658316835405
-0.3433006108284025
-2.5125731266923985
-2.043051257008221
-0.7988084705285067
0.5748671234158178
-0.6637462299597773
-0.7086174207603917
-1.3489847665305843
-1.0224992887985445
-0.5212697766478906
-0.6202724721406472
0.37606242249605354
0.1316928992237432
0.15077360367805975
-0.31517446354385864
0.014492052238972708
-0.19175797141945558
0.050381100805535026
0.2830908735700587
0.6498830654373456
0.22583499585943984
0.8515833184396557
0.5375233555545468
0.17007125188493777
-1.185152504769941
0.6223590596691303
0.8359297199060755
0.36106145819457786
-0.6770106044397948
-0.6234557218560992
1.1105290854606162
-0.26708904945506673
0.06102413872217885
-0.4131839621689258
-0.5535167403549903
-0.3991306518213319
-0.5978156320067689
1.3538933900684005
1.2330435420831456
0.9879698651143076
0.7397535030064812
1.785292836498861
2.0209607431701415
1.615990758650906
0.0902177602947179
-0.1161624192180407
0.9726289614371973
0.7439773062018414
0.18041942810356287
0.5415481132453641
-0.8350301979557444
0.3850913626822733
-1.9028441230630866
-0.8086480031010532
-1.6135920452004302
-1.3025330919653233
-0.152032851604949
-0.3763151467168402
-1.3623654721942273
-1.4094045570003995
-0.13238861334303692
-0.5545930951182734
1.4563464768648502
1.206762268828465
0.10824692735584768
-0.5036472356546532
-0.1873321861419186
-1.3183542913655384
-0.636504590544558
-1.5679103502682248
-1.0883284632349555
-0.08754466418819865
-0.016973678870095044
-0.32370933202640184
-0.1946733102112807
-1.051186461195064
-0.4467128763485178
-0.1032682552289714
0.4705419793399118
0.784964413141283
1.0459578394828735
1.2861749073361421
1.3222092788750142
0.962955442389799
0.3271199495305276
-0.4566921057883434
-0.5753480928245703
-0.3743983991955664
-0.32975307146343347
-0.08598562170034924
-0.6651683184297846
-1.074056009846921
-0.5653933686711241
-0.3513471549439159
-1.0475627846592845
-0.9509852750639884
-0.3678475092384965
0.19038434933913867
0.06281835605617174
-1.7141196313569191
-2.0624256119739615
-1.8741606480368609
-1.1905330599439468
-0.33690913867513295
-0.3800273771937008
-0.8644016927659259
1.0389065095899783
1.491508405115437
0.6070412355268322
-0.10577988285701481
0.8672163250979196
0.34527371933131473
-0.40902995574550566
0.1963450077963721
0.27874742354793086
-0.6381108816666422
-0.9010310376451559
-0.9232633980292281
0.3346254306450793
-1.2699464564889347
-0.6762869799401969
-0.1952130577580285
0.026382606951912135
0.4379474176088957
0.45320183730242103
0.22283945121709023
0.19790527673447483
-0.03599617183102674
-0.05178686710350153
-0.11248930275913872
-2.099045394400183
-1.9551309134291484
-1.330944919653741
-1.4969523474658668
0.36925492927797854
0.10311224242708264
-0.9932056797227509
0.8699977552477804
1.4926301139810334
0.26958528119256203
0.33364748546113626
1.0249006172526516
1.1152422533319333
0.10675684747266515
0.9066857163303668
1.2899760813105887
0.7642611192096347
0.5622097434704793
-0.5448495263831807
-0.9901741089091209
-1.8013276459937062
-1.2647583770020603
-1.0359468263810252
-0.6312102345960903
-0.7531254814203862
-0.5691462719752228
-0.2889988500331981
-0.024772980970445876
0.04224704320562969
0.6574733858415222
0.3517044744498824
-0.2488124770301745
0.25191504996326275
-0.7893749653452877
-1.3746165094207081
-0.40115499390861575
-0.5276539225294629
0.23466446504048738
0.8623002155104882
2.8347947130809086
2.0154273060211776
0.8319834870056054
1.5828832982855507
0.380076473970533
-1.3218736133978397
-0.432141163289358
0.3459847818034144
-0.07720152706345015
1.5845675338917746
2.3994619584854364
1.21014728307356
1.559447580967979
1.6822212110742134
0.13085160528429596
-0.08137674898640626
-0.627159178208222
0.6172260281117163
-0.19964916963451396
0.7728608920313373
0.36827774425946075
-0.20092215923017404
0.4248932343080186
1.632069122160023
0.40202325289589885
-0.41491472993691264
0.5777395462046083
0.018020068931892827
-0.22280705629383218
-0.04831812245036633
0.5279815430206134
0.622820409588752
0.9341817785298602
-0.0953377060112688
-1.7095391039865
-1.8786328015558094
-1.3682753198692155
-1.4669331854417413
-0.2681024398866835
-0.813732041490012
-0.4367331752858211
-0.5285711029564726
-0.13201062597299096
-0.278056588418379
-0.46428335113748415
1.8114079833450822
0.3726472608797596
0.3832525772344245
0.6157766164474094
-0.4282371008539505
-0.4112733449003487
0.48481933363814256
0.06626445265461114
0.2694468362890476
0.6553886107825906
-0.006669524298909169
0.3506640929805762
0.7131325833821236
-0.027406655756839593
0.4364923851229171
-1.939842859771416
-1.7673980103489546
-1.5984812906685124
0.32405980877226986
-0.16754585438269975
-0.10008820561920224
1.486442717560998
-0.009293772162189764
-1.0233894402549797
-0.9432381052110141
-1.7049119542724407
-1.40702136609769
-1.2063003807843637
-0.09644612491358487
0.6341163266209189
-0.6380531064956887
0.5014465106674972
-0.4255768391008859
0.7575728371236212
-0.4769984129533175
-0.30460265366186423
-0.4155709043267662
0.40313763469496683
-0.3738145223876598
-0.014498374067327957
-1.6622268261758528
-0.6475404694617978
-0.6153713076247285
-0.27232145417286235
-0.02776493718666475
0.11359144292229727
-0.18355034216303853
0.18983634161856433
-0.19898477126653658
1.067848984194175
-1.1667076833395391
-0.11665653320436226
-0.5220306130755256
-0.13351741597095654
1.229890995656285
1.9470763328196798
0.6340352852338063
0.8597551943781699
-0.685356296893118
-0.6266807018760442
-0.10444750436822318
-1.2844148571834604
-0.6837569254211915
0.4845532376849699
-1.4223753262593541
-1.350277091741606
-0.9913255627583019
-0.6414884553413313
0.31559842464255916
-0.08082339087874535
0.7054875047292198
0.894676840101431
-0.8359293194555513
-0.26289491107795915
-0.3245679729515673
-1.160815347868025
0.08629724934014549
-0.03483026077376875
-0.09334533787310889
0.1347471086465388
1.3536529700492808
-0.18316872360006908
-1.4937983797773613
0.011045917470151434
0.8425096126671299
1.6926379800371936
1.68273328811064
0.4325644068075923
1.0593646276793582
1.0848797341417467
-0.44146422582073885
-0.2939260288948916
-0.5555267144246048
-0.44347636052637684
-0.6984079058013704
-0.8917505662920414
-0.30468580846102544
0.016093377419822752
0.6534053298402871
-0.0036890676776985265
0.012775707589942842
-0.12951190984578903
2.0549340825728866
1.3101267628993434
1.1762438081389581
0.7852473012427962
0.6149924784014255
2.315416123617385
1.932786270731041
1.2906584003462844
0.1803366590681523
-0.5763924366687181
0.12358745023177281
-0.4478331945811468
0.5895470151925725
0.4423153380621263
1.3799938425761653
1.1420142911170488
0.5195574834099879
1.598807385149843
0.3993327730242914
0.7583843579550715
0.31661004903413476
0.4046000727393744
0.4940469567994284
1.919086950459584
2.63097711611725
0.47578467257439705
0.09278553006401055
-0.327627185952539
-0.015887353055543924
0.18728743174909784
0.5549292425687093
0.10403379758438475
-0.6768027801165342
-0.5492987062301535
0.5777991055147215
1.0628206585743099
1.6564667995123288
-1.063655894159175
-0.407301190220224
-0.19994887658538882
-0.8199206071923071
-1.1949423604504932
-1.9170057304264543
-0.7319651403825758
-1.2352950925487662
-1.7160256933152456
-0.9856442482829153
0.6270850596420345
0.13637449613379105
-0.7395840907554473
0.5796649469743874
-0.504869221866737
0.5087629637088354
-0.4928215727060465
0.14911111633395854
-0.26981427760842225
0.06993553936193408
0.5634719557180642
1.5041252981147941
2.3669879690665128
2.836521522769452
2.2936278200478926
-0.1377908328196148
-0.35761947012745793
-0.33343292615404413
-0.7108474676671337
-2.893303918457782
-1.989302104420143
-1.0616250448491764
-0.33473454486113147
0.37374419091321487
-0.0256145236610201
0.24253555236423496
1.097451701314924
0.009687119322882368
0.7294760380164539
0.43936967789030296
0.7017243310421897
1.0717699091817319
0.6434178045045029
0.5029235963750734
0.9301665882937965
-0.9737592248170757
-1.0404675500593485
-0.9917005004946619
0.2122812642741362
0.43440756535196257
1.6375568536603338
0.5578788161431535
2.028952539468563
1.2453507840367501
0.7191739007780298
-0.7665217643113236
-0.29476628810729394
0.7199061310194333
0.9594257370059532
1.7197757875182589
1.3052711629259355
1.6662868445698307
0.3466567422191879
1.3001066660811271
1.0992959961706714
-0.5376298121172851
-1.1694492461639863
-0.43322482771927906
-0.12200369552908949
-0.8905990901775113
-1.0790896939076824
-1.366992679889169
0.12449335680191741
0.9274070965487352
1.0227634753974866
1.7641953989777208
1.300411345903691
1.3427992366001904
0.31515124890710056
-0.9423062644612327
-0.5235135889205748
-0.5779538483342972
0.5901736489818641
1.1890159437240406
1.9615221213722656
1.0225989207238564
-0.9295469730038962
0.8048987938177455
1.1922364548624838
0.363914350831728
0.16715197274144059
0.8581875627499799
0.613042918564258
0.5501629834321143
0.4105319150623751
0.7454066806762899
-0.41381375476536914
-0.31327353612210496
0.8840285733001573
0.40611596952545354
-0.4119633787949649
-1.2350814494645006
-1.2166570599910083
-0.264575406665588
-1.7287279973772454
-3.209751221867354
-2.3815014448220366
-0.9202276651571248
0.48337549791546197
-0.8064301412621429
0.49852474019967424
0.17861593382781668
0.2599316158619159
-1.204967631783785
-0.07294108876023742
0.08035235255613021
0.035286250351619974
-0.4484360251000002
0.1419036652634345
0.8728784386269841
-0.32579249953517864
-0.0014217013282985802
0.44613852950378974
-0.905134938642859
-1.1505517601405746
-0.7213142019376014
-0.8548000073453177
-1.0036108764476233
0.6156280961534051
-0.42119621036884786
0.6920214490868182
-0.06312952832121999
-0.4699553910206935
0.2586608531558139
0.6344351650525865
-0.9191833754738553
-0.508094742342962
0.026630564707050067
0.15438773796583077
-0.1638705793806034
0.9792970554661684
1.811928273359812
0.8209145784900385
-0.03471546163069683
0.5808549583134013
1.1998189881753119
0.9013268056695914
1.3809878282146657
0.6049759607266899
1.3676362566314884
3.045797805991655
2.633852276710688
0.4146951257235001
0.5569689274841889
0.44955846830448276
0.8834352823903352
0.5107653645415108
-0.4701337191925181
0.8262135580286424
0.27745171305882893
-0.8067407979192965
-0.1275775672235665
-0.17749777277909676
-1.9562750707782839
-1.2964026824192136
-0.6012173662631366
0.1828801745538925
-0.08114053647253484
0.33943744355924566
2.0863969050410667
2.1969961412773644
2.195021039042156
3.204749848773228
0.7662816986156336
0.45546184914854604
1.4602821100799834
0.003582281354801653
0.777087160120958
-0.1122074096994514
-0.7816297536079388
0.3979330113632764
0.23035258274819165
1.363549294540663
1.1060879265581336
0.15557249364256154
-0.9063294558183695
-1.13969031062334
-0.8953218760499367
-0.7241563137884423
-0.03427272782976945
0.32408498919454604
-0.14260066340476782
-0.1866139461991836
0.08764054089258402
0.986769340629841
2.342550113275206
1.2093554535838131
2.1085763297076165
-0.18041663694911747
-1.2587113433780202
-0.1034432530444224
1.168926133254291
3.1683904132004916
1.668859740072227
1.6086769314503813
0.5293421508090749
-0.16126010494451537
-0.021142869505056006
-1.562009660495141
-1.6438568344454076
-2.0366731901069364
-0.6400790694694196
-1.9114308882990265
0.018522655059501555
0.5377478607851872
0.998901362970737
-1.4603285082430477
-0.46480225288639965
0.7894099897528806
0.49112152455929353
0.36636051528960345
1.4092472541197778
0.633066981096385
-0.4036141040718613
0.5635801519898915
0.8658712234621888
0.12855987256701004
0.7325388942978309
-0.47825470336823983
-1.4398053444908758
-0.20113073937929016
-0.8593740973325024
-0.9245608809139019
-0.02075617012799584
0.8092436995464571
1.1748642059940366
0.9155721058966757
-0.3783743227354026
-0.05723424431154689
0.7069269969293627
1.3829932257528152
-0.5027022734467456
0.6383480492871223
-0.48978480976402855
0.661814626382504
0.34241816209304937
-0.06130852096065221
-0.4705359433097689
-0.43562158857124766
-0.48244972303597405
0.5601344838367572
0.8961364647637553
1.4185621048633208
-0.8144565420882051
0.5510308101100875
0.8245907344159791
1.0846349594739007
1.3908400225873994
0.563504593407673
-0.7577680216359577
-0.6832666470375043
-1.760612526929543
-0.11174490600223214
-0.9365532724351155
1.0042321579046032
0.9719902909449968
0.24655630130587355
-0.1826919649731886
-0.32320184771442895
-0.7152283578116948
-2.0484178924065595
-1.2067431268901962
-0.8624988553440123
-2.6288762899594222
-2.2801200877290606
-0.10160019976495077
-0.8960811100677538
-0.4632176464357107
-0.055041544752623295
-0.9659400648014211
0.1459358060411944
0.8153429156186107
1.212866732322377
1.678761561263618
-0.8079202951522871
-0.8482817895630267
-0.646708309884905
0.18787899682266704
0.8789298032996873
-0.6563517676225884
-0.00014617609229147788
0.5977916422173432
1.182464603463318
0.33903532291314953
-0.8042662474928519
-0.8805281030128256
-1.7457696673202616
1.4154651640496783
0.5563315431293844
-0.06085319230811496
0.6753999570536481
1.1908005649639126
1.0202936400699678
0.13303450521060042
0.41926592800719137
0.7431542170815023
0.5427919460261001
-2.337480990140678
-0.5614139632418561
-0.8125907444161633
-0.31150478070231463
-0.05677625003167589
1.1023680323448681
-0.0002453657456550351
-0.44869047594687395
-0.3977055241806058
-0.4891456745665413
0.6100137014886033
1.2892036251185044
1.617883532806719
1.5052962319461067
1.8514713140573664
1.3282919973995213
-0.09211308230446688
0.7697265510464479
-0.21477189781965225
0.9754495148926559
1.0136928077392298
1.1651397628544453
0.7451952289659629
-0.054912874832789726
0.6307157599074947
0.10694450263021901
-0.25077292972340887
-0.64074223073565
-0.8227305273650756
0.19448713534175982
0.6578318753301593
0.8198549656862943
0.4846661176158986
0.24659594518632055
-0.9860508159808299
-0.7621879043969133
1.1228617377578067
1.3673667527157984
0.0033616015317048005
-0.4983498179139679
-2.0171192156954154
-1.658223697644404
-1.783000843664345
-1.656701678336769
-0.5340653362447847
-0.055698173014018956
-0.4056688109808998
0.5860777728016572
-0.5829137359571903
0.73997303876571
-0.07691225501452642
1.8711300077836046
0.5729110674103006
-0.033874903571492775
-0.8124243876225945
-0.5533575757595066
-0.4392937411410191
0.21072014341209092
1.393715113459058
1.0619280787007286
0.5788535987106818
0.9189936244612661
0.5124604273803565
0.5266842841528016
-0.13082340430719375
0.0016770246045648071
0.0695149821746975
-0.48685077663900556
0.10944783102912249
1.4192230973597086
1.3338114772188179
1.093943178577805
1.0253145171438216
0.7105559353060998
-0.6375949503402507
-0.966804997154442
0.7336907415554402
-0.7801863312350411
-0.2827657504599914
0.02751910655142776
-0.32473445315232036
0.11987169109594573
0.5681640782259285
0.6005055575113744
0.24278954155008742
1.4910278410695619
0.23264483100012118
-0.3194408583055126
0.14960214867562624
-1.8032848533826578
-1.1761195264007511
1.1007406361046206
0.19157177860539112
-0.12157583485779141
-0.4433828025327041
-0.7171991515245636
-0.8939164586796886
-1.214801709213988
-1.1630430911276073
-0.9765965766813641
-0.8376831780634822
0.012936425180392425
-0.5845654279819185
-0.8796956048140816
-0.6998444064923846
0.5754386046002493
1.024891414792894
0.41318047832764815
2.2242750187185223
1.086774476703707
1.4493925303383262
-0.2835850231898983
0.5701683759215512
-0.7892234083430297
-2.9771877010124608
-2.148137671922478
-1.9919331822729938
-1.2834969015636741
-0.5159971239560287
-2.203554599644075
-2.4780599381395896
-0.6926100463615521
-0.6492976888504773
-0.9475634899666744
-1.8110311960663341
-0.11831077448847832
0.013672199950692812
-0.15697500757784705
-1.3010047515642937
0.6906108217099446
0.1935435789283702
1.133333030656167
0.686018845335951
0.6697025935796099
0.8110831349892613
1.228565466980925
0.7489791296117867
1.2501418355535487
1.917458664257171
0.2674100281091852
0.2924445637996792
-0.3794055007108824
1.3090484061427952
0.7334074196505125
0.642599587973311
-1.937388499400086
-0.3308701646490951
-0.008932301366440408
-1.3285616625391286
-1.7383954160595838
-2.5983811071526346
-2.5478951304046693
-1.2094867380717764
-0.2440828029793943
1.514335849826587
0.8173586376107665
2.314859439811831
1.890970407285362
0.225597677928863
-0.334292342365048
-0.1630598522211093
-1.0040666300318164
-1.169004398878857
-1.3321385427214998
-0.1347106529157343
-0.5640704698635214
-0.5658872247973878
-0.22837935866191583
-0.825720899543104
0.44303110388974426
1.5228645705174146
1.8368009504961273
0.5133837718050218
0.611163810648623
0.36907301043997315
0.0639818592365347
1.813181422050011
0.6726364678926902
-0.6476949345261782
-1.1870967027749972
-2.53882073201967
-1.3780595891500809
-0.8753640755981026
-1.177910512193054
-0.7775544498048318
-0.13922013155043514
-0.516722665246509
0.24696695908341898
1.52504612449109
0.5473282678890724
-0.4084912619072122
0.47573899672733005
1.0867545522608426
0.3040739536471667
0.3916698450008523
-0.4574661507234263
-0.45613988716559256
-0.879243594269252
0.23432285788858703
-0.5164901899498451
-1.2805709761626365
-1.7926434964043165
-1.66046086215598
-0.7182900022545524
-0.5972502160089135
-0.47785778266392326
-0.2904330333549333
-0.45748423905811175
0.06930131751645148
-0.22503310019036035
0.3013920631146796
1.222035636336949
1.5425710244977753
0.960271758638533
0.16177895848772722
-0.7169790666785966
-1.2756405522088405
-1.7270926893995902
0.5335267448790979
-1.141902337588343
-0.719502302203961
-0.6533356671479006
1.1131581776774826
0.12013588747326859
0.6961428078050227
0.6936079950315712
-0.7783835100598709
-0.22837969092583132
-0.22130205795031258
-0.2826031181109052
-0.5567885090265184
-1.8394605541470286
-1.7923531236214265
-2.8924696843084585
-0.844100619857515
-0.697111450407958
-0.051000576393416236
-1.3204967673637296
-1.5442904252499234
-0.5543225206663152
0.3216273337830806
-1.1690461293134562
-1.0213138520050364
-3.2262496949529638
-1.658574502017074
-0.9089809324779864
-0.7216566430340384
-0.3786104963565678
-0.5762038789171394
-1.7302087624309865
-1.9118738872474412
-1.967940992497976
-0.2613572264827067
-0.8350966626102728
-0.4642853098831193
-0.654702151718211
0.15170279282662286
1.0790434448805095
0.9158750759938122
0.47837046187743854
0.5776227906575493
0.2929954422699215
0.6648101316957377
-0.04318966627574908
1.0794837206570735
0.7635479788112233
0.13540991468253458
-0.12749335127091915
0.8401786692206817
0.9812224079083467
0.36647041962093463
-0.39067944970710866
0.17103162481956058
-0.09152230650459416
1.3093449685618337
1.4071418147935633
1.2647977481471488
0.5308692748141348
0.9271202355109955
1.4264161558026376
1.4033107550926154
1.0109480743101977
0.9289495714565699
1.2981772233938684
1.402514644764071
1.5690347498361332
-0.34347590709999193
-0.30022170188623043
0.5623108885673724
0.8004905721285195
1.4750413396567366
1.491945641032359
1.0787946831004764
0.02962010467599782
-0.06604314108682231
-0.15694835092759307
0.91481003343214
0.9474562703216126
0.8083791043189948
1.075855772085175
0.4786608931844577
0.7708810583009412
0.6637157781237185
0.09857275512824523
0.1890806221490079
0.47079616469826835
0.3533312614752494
0.2265343611834369
-0.10135132785570172
0.40591092269608625
1.6142078460914613
1.9088086140594542
2.1843879138486852
2.0980037711378996
0.08051850443118347
-0.013067361738443306
0.44729535959451083
-0.3260501101427853
-0.13519800043288224
0.2924507117058628
-0.4735042797731231
-0.8868187109857573
-0.7595408546073911
1.3435481184535427
0.39506268097793773
1.0678961871136385
-0.5396777352528039
-0.46880027041264005
-0.26902685881771293
-0.420825042003047
-0.33411217581321223
0.10096012196001841
0.9658314704067901
-0.36375599838243056
0.2363098935357147
0.5319510288956212
0.27437185559701743
1.775450223043026
0.9041734472603424
0.03305722304991697
0.30504318132352953
-0.9345108595681797
-0.7612832182643019
-1.5714592477070808
-0.6448214043210421
-0.7193925619965238
1.09593366753647
0.5335954862655342
-1.3792090896283036
-1.2884780844106394
-0.3613493144251465
-0.46066691484167177
-0.013091582997476398
-1.221264406697861
-1.355013703592658
-1.7438018594170712
-0.5043474991788429
0.052512656042982636
-0.37260127485365435
0.19079668170481845
1.1504553687786112
1.4655887724875807
0.5858610919842834
0.36903210187265856
-0.14595746691925537
-0.2253634660114465
-0.4402954385925407
0.5134217573184072
0.8530579420995266
0.014344121252793357
-0.33880184345388425
2.158949605315682
1.6744956832988849
1.0674854613962483
1.3768433570879073
0.703820312612939
0.7558613445417813
0.5970612400903755
0.3538471149175493
0.445691299285631
0.5868475151026016
-0.39801896678030235
-0.5176743452133253
0.008261987932185383
-1.6335422140636031
-1.8196914089577554
-1.4618652188710233
0.17129331301714695
0.36229251695233317
-0.9509073256431556
-0.8387795768567035
-0.7940472310230943
-0.4351155391367017
0.8193316347365489
-0.6247655992026386
-0.02406162084585859
-0.3247675369288018
-0.5171191464036379
-0.12759156099327873
-0.7242955284731805
-0.1317659223219005
-0.25719763190618805
0.8318912155624958
0.43760558054830156
0.12156171156200166
1.2511172165028253
1.4586822402162698
0.5336429701794141
-0.2584658674392091
1.6152978974505263
1.240569059522664
0.38835002311872846
0.8206976032714115
0.5304727802943715
1.1804571196217855
1.4928749883488215
0.9417203088258732
-0.2544298459176638
0.09969599118072014
-0.6611965758838295
0.2292741497277147
0.2247150606071075
-0.15219141061318872
-0.49215707250324126
0.7892523673139497
1.0144407773214739
0.18598769075428054
0.03497532958549707
-0.7803219942000048
0.9451760196956844
1.4992463838605499
-0.13365388212591636
-1.0515307904423523
0.9801648847148197
-0.5225067451663901
0.3969835340794622
0.39940077186037815
-0.34375523488671594
0.5433269647841886
-0.30680718586278477
-0.9985767668847984
-0.9432832366281487
-0.25064974375714894
-0.32760923809049197
0.7077603802474045
0.6549003408932352
0.19955892712726772
1.6542957312873465
1.1811358723527468
0.34555095058944885
-1.187160473819613
-1.8477480023672348
-0.045099619794747164
-0.43301083935670104
