0.0
-0.9569474411638029
-0.8995611022761315
-0.8163677048968471
-0.38539969369828386
-0.723324439924306
-0.007297936854119863
1.5953192679296588
1.4282244687425203
0.7293923229398409
-0.1793503060222595
0.4429612623431022
0.42491738818994623
0.9291238111084712
0.4070044517318471
-0.494979501361412
-0.7918268607862115
-1.3334704856112318
-2.089946515618268
-1.1838198263214075
-0.6117753872737052
1.4836777832766728
0.30243616911498505
1.077855234834611
0.42548781980032707
-0.43265523605080747
0.7193238474562247
-0.830460506731364
-0.8168184877127092
-1.207838123881561
-1.0507561787842044
-0.40910029464200903
-0.0933029330422901
-0.5772954081997598
0.37427347450724474
0.6337833471182125
0.003526952435068849
1.0865557548809404
0.7917845884340103
-0.03840454938139326
-0.6039884202766987
-1.7361210113919991
-0.3649633610028674
0.8061855548790368
1.0121744186124815
1.087609639754881
-0.0027081122308126662
1.7926867933339885
1.9911022385499146
2.597491767382654
1.8840501703960686
-0.0330930257262379
0.3935308905324471
0.813613708554566
0.08599282173070312
-1.4418561520118842
-2.2142854888054964
-0.54939420257281
-1.253914772305016
-0.8108693175049053
-1.2037564570709085
-2.3834756770157908
-2.6145038504192457
-2.052124624758846
-1.593735563733393
-0.022360121366449243
1.0791076329383524
0.6053401455380264
0.4335486464033403
-1.275143595558244
-1.4771284232655706
-1.6904233743346737
-1.0363643922779435
-2.3326850539773063
-1.4319109985126504
-2.353231300318848
-2.381416630948219
-2.288587362305711
-2.963887684125439
-0.9297110295323094
-0.7570727915756073
-0.5380333766784374
0.09129184614014031
-1.178450667488825
-1.4507071120563209
-1.5288715507996902
-0.6362385202801774
1.2071332581568863
-0.7482494619203484
-0.8074852945534345
-0.8893528511591948
-1.2307194201471954
0.33712149577883144
1.8725772470030402
0.17857908517012608
0.7623441754135253
0.0582479200234261
-0.7020413609676822
-0.03462939215609545
-0.03360017990875602
-2.373201009646114
-0.8860835444586924
-1.5399214536746708
-0.5906172184029418
-0.6447351749827248
-0.33866725719680446
-0.931218662111118
-0.4610856173964705
1.0539805791757515
0.5573939023621546
-0.29615962381452937
0.5520843179179921
1.476618570371227
2.032911783038969
1.6638806973088396
0.8312115617423678
1.3275552375211301
0.7931756568599214
1.5361301419939162
-0.71608077703939
-0.35386284122629014
-0.7878269853948395
-0.7449514614641812
0.06313718424275061
-0.4586208530082917
0.23252032746873463
0.22685130603829567
0.7373041693907278
0.9002929243041439
1.0748524211017287
0.1421694628710664
0.6375947608310075
0.8717358137124804
1.746425007634772
-0.10578317357287015
-2.221056937589454
-2.3502317624273372
-2.3140022405429206
-2.2194354370137126
-1.6682952708339034
-0.9178205021855663
-0.14211562464592328
-0.4390444014934538
0.23695229574686086
-0.08694860110800315
1.108498853448622
1.023928680655395
1.1108774453174886
-0.10712575071854463
0.10524204723257863
-0.3833707183835923
-0.6179241869195305
-0.8806797550534569
-2.028350412676123
-0.3684163721210359
-0.8284922424988441
-1.0001696517710985
0.527359859689841
-1.0311424837210812
-1.8335201406800072
-0.6734242172929737
-0.7026115035933446
-1.2544860158227225
-1.38131730955614
-1.6595926611960274
-1.5253048974758556
-1.9240424632703004
-0.7587556315777753
-0.44683465044568027
-0.3642342993026228
0.760700684961298
0.4186927384987728
-0.5931191234757311
-0.9030134039549015
0.20391601595144376
0.8534584777590444
1.534975897913246
1.3830230311370642
0.7008202374947745
0.8526397352665818
1.402356160658339
1.207079418336015
-0.2613564051658983
-0.8112377129053236
-1.240249341721603
-1.8044530520874198
-2.3140965512719185
-1.6477726904340555
-0.41145015866762
-0.3311105030789985
0.6033782740748195
1.465434892043152
1.6618594522152716
-0.2507923480657752
0.4874023573155517
-0.3839327265408217
-0.31893050981643917
-0.14644247364538288
0.29797926340360525
1.0958791638160403
-0.5740926996359113
-0.20073796377892145
1.1622160063197702
0.9058622253347735
0.5639342048002226
0.45583329657899313
1.6535795876085557
0.8463344788756404
0.09875449132863373
0.1280305711564616
-1.3237781617825222
-0.8877358269720191
-0.7341813429427134
-1.1181911686965644
-1.0688388033575231
-1.2902237150831355
0.16806590251239342
0.20914695739909153
-0.2515469573292839
0.17636798804693754
1.3156829713056664
0.8813554607962557
1.7194635730058596
0.8299043722023844
0.896612739669173
0.05496686829756736
0.4050600389514384
-0.5762717530394977
-1.0724170831948547
0.03494913231574074
1.6851738630647157
1.247091676957006
-0.13230627853258803
1.3136506129415073
0.6051895409404523
0.6010896814540789
-0.6787933033188628
-0.05910335191539731
1.7117736806015738
0.08522842981192247
0.19689750146365328
0.07016759369122855
0.7207181054308145
1.1168337117005875
1.0286014059080177
0.5683987428156376
0.597381121525176
-0.3064228132756983
0.4119225332435436
-0.9191921223059847
1.5421353073458484
0.7400255143380144
1.0080387611374144
0.9522841184573935
-0.014583054797508682
-1.0980608591574128
0.0834946343245204
-1.0043275448465083
0.5284197088046598
-0.27530156390420857
1.1445929431792838
-0.609229157492554
-0.267544914127106
-0.26705068025856465
-0.2821766584325032
0.04487040081185087
-0.8724160665807505
-1.110397061786187
-0.3676035750611472
-0.09568961016906219
0.4215722032501648
-1.1438505615220518
-1.8993655809082182
0.3143432355483266
-0.8543227845688165
-1.2522691236912717
0.30233675239390984
-2.1370656863678676
-0.8751665172219605
-0.9921866429258266
-1.0997913557501657
0.029251380014328726
0.6339076396867146
0.4406192566575915
0.5531108684088304
0.9919113177327687
-0.4516276199635141
0.8960162762969343
0.5923590556747649
-0.3311923544459746
-0.8330214796576371
-0.6693697402477867
-0.8160421197156031
0.5078522091334945
0.18045073627036123
-0.04382029877095581
-0.17101506522218463
0.05853457524973758
-0.5045504388910689
0.5573132151886319
0.4219316255774247
1.0124426248256126
0.447534995025317
1.1296645502076172
1.5695480562405744
2.1935350551335873
2.1429429338734
1.104592260826709
1.8620863833646057
0.38714287089544025
0.38220291388141525
-0.7415120992839668
0.5990218657717785
0.2415411739849586
0.8702256769494466
0.41963105193334493
1.136782905533694
0.7085602303414311
0.8330277755484199
0.1100482646781758
-1.0722247909917817
-0.3564272648964866
-1.5567287439990267
-1.5142039297752143
-0.5833144540393371
-1.66622218972187
-2.041581111530993
-0.7883286794324456
-0.5823251053544386
-0.33241828289461495
-1.4731650311684072
-0.9606855784079247
0.13735535780969332
-0.0913438162845111
0.02105461201823594
-0.26933648172167257
-0.9112976888632096
0.010505279716848823
-0.683086178256755
-0.03865638721636361
-0.2189541338738955
-0.6446495584798246
-0.2989613706395728
-0.6859071171830244
0.2500565033131857
1.3150804138368575
0.6471798010844971
0.5634104620103368
-0.0612097919177238
0.19170542301866336
0.12262100660768038
-0.05191856445252076
0.041153477171583866
-0.6064971874096649
-0.5297045038571295
-0.5289484783138491
-0.32447515745727584
0.37213086668339534
0.005559469065951228
0.17264920154192961
-0.7778009878829812
2.1186168316633944
1.3257889014380035
1.5755855395907337
2.1238233965908533
0.20974751180758408
1.5271041406395902
0.7295506068899529
0.8621070215658226
-1.1365004882177265
-0.57554503366876
-1.6609829493598331
0.0684064178419396
-0.11229949896664329
-0.0640694395885924
-0.7963634482284414
0.909595172604568
0.01765421622222449
1.099853587596117
0.4234250882740048
0.5633714232089975
0.919243733520799
0.8647809239728864
0.15839390865405611
-1.4143941483675275
0.5492902666965078
0.5010784550920341
0.07988093398829169
-0.6559851050109288
-0.3713793476319386
-0.506055412848681
-0.6655692263238451
0.6336469931278526
0.7988650394922523
-0.17321806004950324
-0.8323361965246384
-0.5342851017608484
-0.19177969767675468
-1.7240423158210423
-0.7470778310801779
-0.2531804830146761
0.2718535229068534
0.2113281239388846
0.013001481017913138
0.7188286273373662
0.6737645002579205
-0.004933793253090554
-0.37666720350615474
0.6880916244916689
-0.39156585732951693
-0.30149603134082603
-1.1487010489091858
-1.6978407146361179
-1.7650457738585232
-2.2732972911828724
-1.0796073784575606
-2.126896755863822
-3.031706316858105
-2.1929121484665908
-2.1026746036047257
-2.0989958435390257
-0.9107525591296884
0.4121287860989026
-1.2254946658806087
0.1315075571353631
0.03505323981521816
-0.6779441389790423
-1.0344689097304685
0.08486996635376837
-0.06337482188623858
0.9829666033476389
-1.2885325195295059
-0.9964876357548033
-1.2089959000050452
0.363810549630802
0.8274784515988863
0.26693234848951014
-0.5981458705140346
-0.9896420601203493
-0.35644669836221815
0.156717356668012
0.1339372995200682
-1.854713923716888
-0.7552567750471544
-0.7200284734888504
-0.7342789500820022
-0.6436327984101116
0.9955892242979242
1.4826933754520621
0.31584637605176713
-0.4779788803469883
-0.26311564167328083
-0.7934574294315475
0.3381463719520841
0.2911788289582712
0.6843274855571727
1.0453046960009447
0.8701159535058263
-0.2698778161394554
-0.5372137687107076
0.637587030029849
1.3024769360614459
1.0343263674519547
0.7404206609029733
1.039236799537215
1.2273137178242557
1.0391423413552277
0.7908101697679037
-0.21186445981642552
-0.6561621282790397
-1.0153407144296895
-0.1381145800836964
0.2864967489010064
1.2169741535674468
1.1794384307567907
0.14026013179103383
0.31333147107542103
0.010542810366013955
1.2057269153737702
-0.42053861982907337
-0.7738173830331013
-1.314906243627464
-1.9333993565741583
-1.2611715690809664
-0.9643026888121929
-1.4712692506648084
-1.3639971016230816
-1.2395605757116184
-1.5363761210204272
-0.00577855830548242
-0.8786382467989743
-0.2711152066806298
0.06775017327727392
-0.6779075807829346
-1.7150543529212794
-0.7430531459141483
0.3943788749500456
1.0464351371700111
0.44187040368718733
1.0208535328628419
-0.06785026230331197
-0.8784841546694325
0.5035151464225701
0.5322966864786519
1.2529660423752955
0.36144152653499473
0.7761906939578065
1.3564775762375572
0.5937328396033487
-0.2639429722844942
-1.4737494519110108
1.0260830226929554
0.3304775331439115
-0.3003980792637578
-0.6348650811684298
0.42309866935630186
1.2925515519966009
0.9415727269240921
1.3454071900948978
2.1549928877119062
1.4184847334800488
0.65032073855092
2.3327997705796664
0.6682636831883342
1.2821895945292145
0.6041333892422966
0.5806204061246157
-0.24091831270352257
-0.28578671239237496
-0.13695814685329216
-1.1004966903658244
-0.9411928669163222
-1.4268619115206054
-0.034247709491353986
-0.539799416030216
-0.6511950479725716
0.6516313327756205
0.5617502235152838
0.38684952818966634
2.1720997914780162
1.4794587316384773
1.9458004841217642
1.4900078588420111
0.23626341587232408
-0.24636264864878105
0.3169104910447343
-1.1721555779059671
-1.2721614605174099
0.5581687515441577
-0.5069935074060277
-0.530934850059976
-0.28409362850024544
-0.8298411655704203
0.2753222651205456
-2.0647622152590577
-1.9358505075261192
-1.7862101802737942
-1.1573440156187487
-2.1490181767844208
-0.4151620845403781
0.660107497618157
0.30185409704962884
-0.4843840187707424
0.290735414603375
0.597528564055178
-0.6036916343769277
-1.3173570928290963
-2.782420574165917
-1.1362810312363805
-2.320959361299713
-0.1687282328565128
-0.539654631220611
-0.04432293387277855
-0.47503648217867095
-1.1005537383237634
-0.2831574544459138
-0.23188251033055834
2.1004354242805423
0.8542438932676384
-1.7090539927170068
-0.07803426761146741
-0.857722591342416
-0.012181377166487987
0.13315449484193081
0.1008961896333795
-1.2513895864601996
-1.6793969982751635
-2.050839590164994
-0.8818510436865856
-0.7994345972951994
-0.37892886065486997
-0.2626835216185054
0.7108210532218869
-0.9203424334290414
-0.19358287002962177
-0.6896794003657045
-0.1322119973586173
0.8208464658986688
0.8247449883736155
1.293823425655727
0.3425874813480584
0.9341249331225618
-1.2278666614125076
-0.2689195659956026
1.2138416130587173
1.6206691174322112
1.9890421277315133
0.691404893384558
1.0299637170611464
-0.25262135529192525
-0.5008963089700974
0.8836941791412999
1.3189850744555502
0.35970486258067624
0.8536896643316112
0.15896965834540913
-0.8052874887278866
-0.7482645683318707
-0.34597005755000354
-0.01534913562114916
-1.1642608872348796
-0.3370149044279389
-0.2923252765526457
-1.2908865325497838
-1.0064060330743927
0.28333484628967587
-0.8493052975575509
-0.2200135686656434
1.4964909106546689
0.04289275928378182
-0.31246746568209127
1.380376787254983
-0.0879393775886356
-0.3508114492795569
-1.3295271932191441
-1.0891564694063505
-0.754583992783592
0.4775753848677302
-0.48576819406846233
-0.17847068512010367
-0.5364778598658332
-0.7384711544589528
-0.519299435995111
0.03234477620441975
-0.25021017668900236
0.1556771048154471
-0.9000297609409491
-0.4590307399024133
-1.5716662773372239
-1.1963783445013032
0.3121802265672464
0.036968284782207664
0.8029923971874325
-0.013482811377825903
-0.3398352333765863
0.8384878223760449
1.764470248111759
1.263672926452546
-0.17089512620110492
0.09436700574242317
-0.19075707797801678
-0.11776527476767798
0.054621775382862114
-0.7017389260819885
-0.17649585315955715
1.1970476104959993
1.8995116911356331
1.122040413362234
2.779787097208229
1.5747965815538623
-0.043205413453722266
0.6397009938947034
-0.07218622629285242
-0.18332152168189372
-1.4602433454049235
-1.8506794750508193
-0.676641228566331
-0.40490038996012734
-0.34653025078402205
-0.4719925299234211
0.851630867204054
-0.5020482848037013
-0.33415389862482847
-0.2885255401665683
-0.040540323745295204
-1.200334788977711
-1.9630922970951523
-0.8000410891202979
-1.042315452513783
-0.10295755560773445
-0.9049543922418211
0.6230846555207672
-0.09993055183925739
-0.9995318370423354
-0.16336759690472782
-0.01993606443474625
-0.026366504677726693
-0.3310617675864425
0.37958862490510215
0.825993830973785
0.7975673089198133
0.25354233063755727
0.9563623201647052
1.603539542241102
0.3683219669258557
-1.5348699209841186
-1.7581012405711003
-1.4758783368550983
-1.745999023831204
-1.2243355338417956
-0.7556601093702022
-0.49413249762586164
-0.5580070208501051
0.6435043388548188
0.29197813781984866
1.3714525824699957
0.26413347450776253
0.08407253599160697
-2.00739119153808
-1.7418898554589992
-2.30170643685105
-1.6705087299943888
-2.271797188498891
-1.3672488575325337
-0.9833112896794599
-0.8680920402700629
-1.0463764769198525
-0.5133943104566485
-1.4690417310701371
-0.1568257927057688
-0.13295891333024487
-0.5655653879819256
-0.790547552834165
-0.7846963058216272
0.19200150850678702
1.161838711240001
0.27790589234289187
1.3638208444604756
1.3154809937065317
0.45399028833419214
-0.18844444775042743
-0.10581060702742238
0.6747039828848813
-0.030728532954188037
-1.1323971805461777
-0.9477157690601536
-0.2412145350788172
1.648093238447846
2.5743438441416946
2.3764064774875866
0.5698952519380632
0.3775848661913481
1.9552332170913802
1.6336845651764613
1.1639902755284688
0.3015679072444563
0.4023488069334511
0.001480115814116223
-0.3423156700609284
-0.3793215327136792
0.2577907341586485
2.2671079732216355
1.1089468677483225
-0.01810494180260208
0.2550677953121202
0.8500213295876627
1.613361906842129
1.0419410579554471
0.837849316575075
-0.4690696707848736
-0.24184402209126493
-1.072737225523562
-1.3776574447052345
0.022302815716134655
-0.1708552865052882
-0.48960890011210345
-1.50814951836375
-0.033715908266841454
0.35416989354034656
0.933071293423266
-0.11083695535429335
-0.27905617205469624
0.6780305847014333
0.5167353324738976
-0.44829663068543707
0.2153475356675919
-0.5189579081349843
-0.18985118061136042
-0.26489845121258443
-0.03133717850218612
-0.30749271108848697
-0.6021009627243901
-2.5505587167006327
-1.3546869180651218
-1.4709886313857639
-1.9922144352613091
-2.815424458766773
-1.7344215239295462
-1.665206725301931
-1.2427354951035032
-0.161713482484631
1.5482247342829036
0.9638654562375585
0.6372491522384173
0.5683415794694814
0.5569127664250809
-0.07590924562085491
-0.6746914786842371
1.0956469597803153
0.49285143988976854
0.5789100569009746
1.340381254185789
1.4610972722790423
1.7664101079336112
1.8995407949203167
3.005155555695728
1.6027756245294973
0.44005326375947845
0.36403359843540795
-0.056802209942033895
0.4360381482212388
1.0628949496326725
-0.018068673470555005
-0.8696064866919742
-1.121784243184342
-0.700579146702426
-0.19350324518727877
-0.037057300843478094
1.4285752917871246
0.4723552563364084
-0.13837233911410943
0.7074579024811187
1.5351677635905612
-0.5266037233421266
-0.20293651077080532
0.8091121907023616
1.1649524481077025
1.3560669419556175
1.3336315701995642
1.5521483226321617
1.0364899684884517
0.5569728792612482
1.520998487453126
1.0804372986840158
0.4879966719073487
0.16496103089913983
0.9418458253595142
1.3487741020393589
0.9504411355166595
0.13017093710202432
-0.759062011484232
-2.222347916858426
-0.8434676122189282
-0.7509452897680371
0.6659687552378968
0.590096511828255
0.25719049125211896
0.6654635570728646
-0.12372815532522655
-2.0809177771048892
-2.1174978276162606
-1.3519726415991724
-1.2381044969461872
0.020933859520602893
-0.39652103131446714
-1.158812417504082
-0.37836773082713737
-0.1773977534197926
0.4636547510279258
0.881225760362409
-0.3500942236092323
-1.3162288168623646
-1.2315527704647053
0.41656272421653834
-0.5731603116928314
-0.4850125121561657
0.2675251831790852
0.5399404342866427
0.3395692540221362
0.7116268272185167
-0.4039733938033906
-0.8220315146819164
-0.27757143733991535
-0.9920024799122755
-2.344810139142106
-0.8941022192182504
-0.7698370759036907
-1.0992120093775444
-0.6786596882836438
-1.0806177891223885
-0.033092149946653104
-0.26720963913974755
-1.665668089886479
-1.145398697737234
-0.8940005268868355
1.2930900937768874
-1.0504047116488655
-1.5825732455202803
0.5076948137568913
-0.4569366408584406
-1.0919809246029308
-1.882720053165443
-1.7248810665152021
-0.7698807850323419
0.19967922129151688
-0.7238399912176547
0.6358812188444997
0.3627152714671568
1.015392628609757
0.08703490259471869
0.12299416819780797
1.0153227797355802
0.7217777216992101
-0.2750919612536665
-0.24122165493060588
8.153338706057278e-5
-0.017299299798664625
-0.31900770208873963
-0.6977683798530783
-0.782742085581492
0.48388041686028277
0.794790759844362
0.8006712024790046
1.2797077621335826
0.7222296706350496
1.3238579907334758
0.6440409285394672
0.2331865832666642
0.053336331355203326
-0.6814716428347071
0.05460765066367351
-0.16474305197627528
-0.288006305392272
-0.5769230499679598
-0.33677564756379036
1.4442139252140038
0.14932788805434485
-1.3075318457853882
-1.7621853367749578
-1.3550317823210642
-1.2896566845518496
0.07095649704020521
0.3776644026090921
0.6935214224144447
0.41788356579563823
-0.5114195366123608
-1.088564889109044
-0.6857400248649315
-0.43972756996516815
-0.8885170450661813
-0.40069785768253074
-1.1040812805848268
-0.5403657579170152
-0.6672417249529826
-1.4493577033514822
-0.8931896980258778
-1.4466136434255807
-1.0527699734400797
-1.6302333866391272
-1.261983690579564
-1.7093660098411103
-0.1942560322577926
-1.062541305870952
-0.6613142204051397
0.4355366884545553
-0.9131022299189585
-0.6153097688132504
0.14414875093918816
-0.4786391271785934
-0.4481184463668963
-1.6245580435853513
0.6258388597023786
0.47005079501629166
-0.9813863262252456
0.6451953136062311
1.1680982230044452
1.729102666498895
1.432490101642233
0.7089677613030927
-0.11550495467897315
-1.5374745707046817
-1.2970867974599316
-1.2379920759110388
0.7980483001875647
1.3034350014208353
0.8344392023265599
0.14200403340457404
0.0226716862662289
0.8827905014172193
-0.1238876029128698
-1.0051413671177047
-0.25000529363861085
-0.4039248392498108
0.6678765513634065
0.8141284947114705
1.1043684920376073
-0.09361164412724379
-0.3218111243749893
-0.46449263382612127
-0.22604210271343142
1.1283544328014075
1.0006146944140693
-0.7161126466398247
0.11192813826027737
0.10808670586287929
-0.3072180024003046
0.2866424512727067
-0.07904346650082215
0.33829371839338823
0.11247837155141968
0.18136719196776377
-0.39533971617806557
1.5462165902670295
2.5355125733092727
2.1817195396060827
1.031457078774035
0.2354867958417456
0.6461489384796644
-0.42195735870326034
-0.07712138812996477
1.1537478201015101
0.30862065181620435
-0.19578193122358759
-0.247541299141536
0.24449569040410435
1.328144006336785
0.9129934485137096
0.12670992198340997
-0.4475775495734474
0.1818655525081502
-1.078791780741938
0.20229917063982544
-0.8577605790890497
-0.39638784157216234
0.4431712538082776
0.16546343937768185
1.7343581320336048
0.9860668663769981
0.08118758775559566
-0.46966577122259334
-1.0104607825414371
0.14576828704226613
0.5936061557704635
2.249800763238804
0.9430675741590417
0.5158694670974654
1.341148141405528
0.871745291434357
-0.034876176775388026
-1.2011812045003591
-2.21624422217859
-3.1334916937401465
-1.9619609103869955
-1.4717482272315638
-2.6592907262669097
-1.5810411373659738
-1.5301677714749922
-0.7985325397122012
0.15652815627713582
0.9847467596804839
0.5548106350545545
1.7217574824515274
1.1131240141412002
0.08549470764759594
-0.23944168134686375
-0.26176084328059207
0.6203250274366098
0.8934236888770671
1.651642531980467
-0.46868042079115496
0.6564486610289914
0.09932755770989068
0.3633128083224379
0.22786510192992473
0.3704604607238026
2.214767800215708
0.7843798263890668
0.2700141734826187
-0.4462182533849424
-0.34528358405931775
0.9466713686793902
1.0081115120304514
-0.22038746069903548
0.0832107307082563
1.0673041697081636
1.5691450123333133
0.47605707266194797
0.21242882453197873
-0.6065500518087508
-0.5262155945848332
-0.11768328702876035
0.6142863398051666
0.5461645487723051
1.5671991245536119
1.0258913178257103
0.11585413053989163
-0.3547607106904458
-0.8688020262022512
-1.310203498456086
-0.8140050354359282
-1.2771194780277262
-1.090988718089307
0.216145570158006
1.325796963618823
0.3271556389357201
-0.6335596348201786
-0.3954195296694609
0.6195248174156625
0.5616609385883858
-0.5325134161772229
-0.0832731269649363
-0.38100179711179005
-0.1294589045650124
1.106005752313299
1.2784492006987704
0.960945682319022
-0.3321108369562192
-0.804033028974344
0.02281370628318513
-0.9014506120335858
-0.2988953378416703
-1.317842393135581
-0.9874988289789999
-1.98480693167785
-1.1044667935159744
-0.18436054283557818
0.25531093013904704
0.04056069940835544
0.8644377727794379
0.5335691961400797
-1.122659772713511
0.7740488514225857
-0.041217016910488166
0.3031340543775548
1.2586941485909895
0.5084212770483632
0.9224535251891786
-0.511586328412891
0.2859396917006624
0.8076049173001998
1.1946460683964706
0.641184969699428
2.0379092518960653
2.0246715906351884
1.2947574952143333
-0.007296131729531152
-0.10160859244720122
-0.39460345377461153
-0.8203256272028701
-0.6113966619219733
-1.128721232186801
-0.5756396667293391
-1.075601943768344
-0.8893534814546737
-0.5057223995983177
-1.596179199727347
-0.08629626936264347
-0.6587839308332325
-0.2602629767560076
-0.6681856045701877
0.4538270918837397
-0.12675578735009507
0.13810617524578234
0.07666712168058501
-0.25056223658308296
0.2404713741267484
0.00808743015201029
-0.20949468788853035
-0.37183915994209255
-1.2516381751442274
-1.5355339881573398
-0.9410235591063593
-0.8086319261542121
-0.9371665436061195
-1.256631074405728
-0.007521464795900075
0.30977692449660393
0.006131428106992701
1.3073594557081816
1.8620393241810063
2.3738521376256005
3.066929059654848
3.486621851455365
2.2781285684112444
0.15588958844021183
2.039055438802846
1.9754844799327729
-0.30948311753164154
0.3022240896544927
-0.10270403879196688
0.03832906772883435
-0.23289476948523535
-0.1852151583633779
1.1216010200097353
1.0215292912989173
0.523057968033327
-0.13062392581468335
0.2431489022163852
-0.6528082505059585
-1.668437047002655
-1.122200576555012
-0.3072111641263495
-0.08233903515734614
0.27924792892547357
-0.30446781737101564
1.2528685677900675
0.19164364618506768
0.028774280709002897
0.13985937316565433
-0.9735584485101343
-1.619414259986081
-1.0266356212641226
-0.030756000266824485
0.627573899992906
0.3334720535873241
-0.04077946839330694
-0.5390876591262077
-1.328387995566131
-1.9315027043754154
-1.9707964737030774
-0.7685576731661581
-1.9981379828308483
-3.0429296693092818
-2.122846575171788
-2.3797689633806876
-0.7170621363332708
0.16638208836250173
1.439027549971967
1.0567668868715174
0.9368797208020616
2.017449085546412
1.1390502016565913
1.0316137317117986
-0.13538850548125728
0.8147628678238437
0.5019421877890236
1.922628746585595
0.9342799652142064
1.7853000438494684
0.865090765235115
-1.192715075003166
-0.674484136236956
-0.18064077242585413
-1.8768838467650637
-0.77780738350169
0.46096934576563214
0.35415447644850084
0.8390824218719696
-0.5070103645685893
0.4345830599648728
-0.011229319703948193
-1.242402317580669
-1.0538950536293994
-0.15505425466178396
-0.4039554733529409
-0.5717434104306115
-0.07015966036592969
-0.007460422693364323
-0.10989028747438562
0.5333477914557053
0.9162753219630493
2.814756745634683
1.4266101476616042
1.7826593189838968
2.050230890066848
0.931205926415241
0.9711571502736716
-0.6260147307760734
-0.4147723078026415
-1.5731572940521055
-0.7978144709774071
-0.45028818072170373
-0.6674786032056131
-0.9797312815106767
0.41341942533975845
-0.7092566859008562
0.7398138886944062
-0.15912011289573644
-0.08949813617383148
0.7634909970265996
0.545610236076986
0.16323303711324016
0.6515220819985628
0.020739721919890677
0.2284993282917071
-0.08865173904168215
1.412975637023623
0.15025862453333494
1.3208193013007943
-1.3797937664371762
-0.7462505268575411
-0.916103611189639
0.46033722858906556
0.4662417070448073
0.12616079770780614
1.1756095117615186
1.153378109357242
1.546416715455596
1.024958265084403
1.9152012459876973
0.4111115724972159
0.4388995402187384
-0.8065505181741689
-2.0501578012130204
-2.1649052119134122
-1.6152869302377455
-0.3597657660552802
-0.27132178140481555
0.10900873278628823
-0.9711165905919528
0.7133778046999111
0.7103092264502965
1.229079776955318
0.7303615490166301
-0.09698480044157355
0.25117358667237843
1.465501809512425
1.3238619503926385
0.11483621824183063
-0.7499827858305337
0.5258779763277787
-0.15567194614291707
-0.9061813510180201
0.9671241206126941
-0.05129865593099525
-0.21984673707652977
0.6351947654888097
1.2688569152426652
0.011660193580429995
-0.9827084018719071
-0.7373714407181596
-0.2031043518189064
-0.27592677016067796
0.048334308865521675
-1.4768123644954199
-1.8376584535281715
-0.0999188584185421
-0.29121947031934586
0.44630372152598125
1.135927570703777
0.027810018502367362
-1.0612437069721492
-1.365284630955135
-1.5795361074138308
-1.6550974357654828
-0.5705189995614524
-1.3353691421104965
0.02805202951881791
0.17615548021546767
0.08186055563288183
-1.1382508957480795
0.37066644930601617
1.6767026384222454
0.9443219756071621
0.14723829131998478
0.13824008982488536
0.34486655664803817
-0.8513424204829576
-0.6595066830755525
-0.988313524166053
-0.6068763728799139
-0.6038323094432252
-0.1347399535800669
0.2670172189620982
-0.03653057391467346
-0.548674087675471
-0.36301847673313375
-0.25673219325209523
0.3100323231655484
0.9449952259443142
0.6779983677574389
0.9514233135953977
0.8570448065614538
-0.11602886026836023
-0.7923842813749602
-0.1662843951239641
0.6374097116594671
0.2362359536759252
-0.09686723815046691
0.7687167487404568
1.328483789979511
-0.1451497612039755
0.7449679585008404
2.2455911297071074
0.40133447798498373
0.38325187405887134
-0.32905500920731895
-0.9845671140763514
0.21366403859730226
0.02780492678018604
0.11776809167727714
1.4490492532281802
0.16908742465664883
0.05234756053107065
-1.8068347949443682
0.00962959439162122
0.7016023219330634
0.7410135320786129
-0.06564227546862564
0.062314870970947386
-2.1312094761463136
-1.5558712654974964
-0.7526842285200014
-2.142474291663025
-2.014154729754196
-1.3832563605992374
-1.4331147687313965
-0.39813048100923765
-0.883903334196158
0.753485014966578
1.874111279538122
1.3314141697012252
-0.053455009502057504
0.4194711126352261
-0.5867787144396694
-0.27058659395839446
0.5782111889794299
-0.3717782929109267
-1.1099269553741116
-1.1042590546746935
-0.44773635767152914
-1.1032901496011098
-1.1147335035977526
-0.8300903891723357
-1.5778757866647444
-3.8087150629877446
-0.7382198108829809
-0.5093660783879395
-0.057933610445497385
1.6500861215975304
1.6503388224410147
0.8586225632610254
0.7025161965047014
-1.046542352997956
0.5733636888066561
-1.4497315712161276
-1.3613509949027098
-0.40741959967385666
0.7946265851808478
-1.3937221934260515
-1.4389179688538343
-0.5727485375027683
-1.220902470575318
-0.6337504887594045
-0.765163933400355
-2.5231275227480445
-0.9315101236109861
-0.6705048066812467
0.8828371559940933
1.1412070719762357
2.1162487269761523
0.23131382034082135
0.20802543507086618
-0.34826619524533403
-1.0981075567871044
0.5394628073844897
0.9316504298488019
0.9959357905227983
-0.6123687306087249
-0.3074467632857222
-0.5838948299939307
0.33354493441547967
-0.17623294062202421
-0.8444397875204268
0.6165991490825662
-0.9484386864670419
-0.247642831847152
-0.3047171421493322
-0.9374732896913013
-1.2722648919261832
-0.44536014650501443
0.27125937378148124
-0.5508793995049139
-1.285449145853264
-0.33519514926933786
-1.0412831258613362
0.1821988009507411
-1.292894691039666
-1.0860301045975005
-1.0264669917089821
-0.24075090793996795
-0.6264326703441179
0.02067657119718827
-0.20860596784665061
-0.0994069181665479
-0.4431621635268201
0.4098168359353973
0.05893832911031893
-0.6792715032778049
-1.191967955716627
-0.4147840953894307
-0.08257315880779295
-1.6050069092623827
-0.3720095496450219
-0.2752018206021265
-0.0075368526032289496
0.07549663494908515
0.3834873718502321
-0.47287128629731273
-0.48477959098419576
0.1724355528159176
0.43544824634698887
-0.4896626088342005
-0.40324231795115545
-0.38118219025203715
-0.5897559200330159
0.00878221469001185
0.2622235086694952
-0.5834476812805871
-0.5852600668668256
0.7923707002377143
1.095939911461659
2.313462181856838
0.5245484629287962
-0.04324965296358593
0.586961966750374
-0.4955839240491225
1.3488096809580368
1.8827942951000722
2.8428657554694223
1.637569937187537
-0.4702572587906572
1.1872310328219635
-0.2663305825067134
-0.3187065575121574
1.1996397659502023
1.211065620788214
0.9770609457237492
1.2780639012434192
1.0670057881167214
0.9943167030660163
-0.42070174703920177
0.5778527206521035
-0.11236430017360821
-0.7952292736689179
0.2979709689821353
0.4039120231751956
-0.2190521647944489
0.03340512928803886
-0.8550974230695517
-1.0289878003606125
0.4033909412847846
-0.1255370372618031
0.48215016737984406
0.22479505007124576
-0.6139862250973673
-1.8252189785037407
-1.9196725840329039
-0.9865659007270318
-0.2544011755682054
-1.0701417848165018
0.7298830766649533
0.9582358761311064
1.3698456055408539
0.8959329466978225
2.1467093421056997
2.3214246430713272
0.6257492767110829
0.17320280702786303
0.10937194542932477
1.2288257902381161
-0.5460473455755214
-0.012618396034024315
0.9121946526675131
0.7279096475543732
0.31531921678264596
0.3129446401379711
-0.47243193223307756
0.013948705774126713
0.3800263602804591
-1.9073885281495009
-0.5448897391308865
-1.4140397809963885
-1.7260035597428676
-1.4553011870801633
-1.128489718298708
-1.158150730813414
-1.264712397151355
-0.63972745598761
-1.1646450912297917
0.4381310467497152
-0.7311610018255112
-0.18566651058663217
0.06563614624034744
-0.6817132898469606
-0.4531991640779286
0.638285823650492
-0.10359675938771763
-1.0566083145368326
-0.7819124066044936
0.7436372511438316
1.5042357701669389
1.097557035064301
0.3686866339445849
1.2915743787190284
0.602612353800775
0.30725623845934474
1.2451000844642213
-0.12093773919270034
-0.6905994527675237
-1.5805401297656396
-0.2599634234063035
-0.2132417896921524
0.06365387794979138
0.2632928368875773
0.09572295616065535
-1.754189530375921
-1.873976041207605
-0.9438121000980186
-0.17167320076199521
-0.10373678572464698
0.7930707457501919
0.688933017872779
-0.5807201552524256
-0.12618091333244266
0.8086818283847281
0.3587465971532836
1.9487335729806357
0.8360935583476697
0.12735029139896512
0.31043237196266804
0.33713916936810967
0.3446302793790546
0.834574172035944
-0.5659707468539152
-1.4365045476591825
-1.9030425063060448
-1.2704793216058956
-0.8238376111674343
-1.0725521740644304
-0.9784089937635803
-0.1148475490191122
1.0794554457715597
0.1964588467057919
0.06432783510648435
-0.6530676275173974
-0.43286346050984303
1.9009064281300982
0.9142721767750439
1.9332642751986635
1.231749873691545
-1.4450531541468865
0.1646692746603996
0.13097024925852968
0.11167762196948568
-0.38855310012641364
0.7526502871802518
0.9285380830891183
-0.851602997847013
-1.3979055667556841
-0.5676297178331701
-1.4417225472080464
-0.1850643178958842
-0.02920564929211432
1.1434027294358302
0.6963519390826411
2.0969557100847207
-0.6122844023168549
-1.4989216957445877
0.0058473723194734616
-0.1871270063981642
-0.4852862551445367
1.117060176749121
0.47122563910417203
1.1121422468477218
2.0369074049670735
-0.2803584641559862
-1.0253454785427099
0.028360394558350766
-0.10035068848341183
-0.16906634490130026
-0.21494283369620018
0.18760863051953158
1.3804669930239577
1.9766666924630834
2.0215813045009776
0.44113803251381456
0.7433534646455796
0.24440328736510225
-0.5373165879531647
-0.23131217587573316
-0.4492175147335184
-0.062218376159058286
-0.35430388716935945
-0.13015614130823097
-1.1224147439415102
-0.8601809099483374
0.3940765233661946
1.6589947001569154
1.609956111585523
1.110858649994952
0.4629561943043237
-0.6211633869200615
-0.434769699754588
0.018632685891497844
-0.3566757480810905
0.0711066741809882
-0.3306592820744913
0.055855119727507764
0.6473893014825869
2.0131897816718607
0.8469137446253554
-0.3292358817682972
-0.55330010164395
-0.7221389591379619
-1.7461157809094061
-0.657064452087601
-1.7389600506805925
0.15535069264254445
-1.09427992478815
-0.4206002465602847
0.13861285142981425
1.0311904671912655
-0.33891887884777283
0.13016407805914443
1.0265138516457248
1.6358176098157
2.4352160839668286
1.2723918799504634
-0.4567694096610745
-0.5234030318746075
1.1891177520922975
0.31363945842434515
-0.3970438139024775
-0.3765933115016614
0.05583434800147291
-1.716108223451999
-0.6823414053406617
-1.4945060639484213
-0.9646093422862051
-0.5150705952754969
0.6622204686224038
-0.48335916514416827
-0.40340569478155336
-0.05584085585909985
0.8261724466182536
1.24915420794094
-0.08566362436289608
-0.7854828549669098
-0.8711916660545419
-0.7382347585890227
-0.28753914368817135
1.4680084789288141
1.126398417394244
1.8251456957709193
0.5833660747699971
-1.187766403029094
-1.064382548344737
-0.46578249882739997
1.7592078834857672
1.1957155921870746
-0.49805598772531956
-0.8991838124783829
-1.7505903222479824
-0.7763534295412995
-0.4431182776309807
-1.9390414775296079
-0.7437829227338092
0.4648501498975613
0.8819556555093837
0.35243175248887737
-0.33259555117590667
-0.7926561423719892
0.3227185390183177
2.162786148012824
0.6633379524710254
0.05749915523458177
1.0512054235844945
0.3012951192141236
-0.1138494363903885
-1.346114568961664
-0.7712135990225141
0.05907371757364088
0.40601849512128735
0.11166711211530253
0.8472889360488929
1.3067289975523149
0.1707621305757507
1.1400722021783618
1.2918673563913086
-0.22981670924629144
-1.4384085919792655
-0.42732241439455204
-0.42783308435524464
-0.4454018601406518
1.8475792940725735
1.2434987269489404
1.4605475026104997
0.21186058426563126
-0.9205395283617931
-0.7432490469552784
-0.37052889994991706
-1.3880227214256675
-0.9653272465201651
-0.011907980204712398
0.27782320765163604
0.6346204252450083
1.2947287602947748
0.7365240640925749
0.03512138646286158
0.5472141785815372
-1.0444402695995962
-0.9496985127121487
1.1240655190207904
0.2845051126765265
0.7861755421918939
1.178074873689766
0.2426507275427912
-1.1483405042829056
-1.952125001351438
-1.360484462134804
-0.48383801773638135
-0.8592679826837575
-0.29102201109747383
0.05239645352966231
-0.8004310500190033
-0.32123035606720846
-0.9157196025524215
-0.023240576234527438
-0.37504434049724317
-1.2983658089715926
0.6794389253170445
0.06751989764447916
0.43692650563435803
2.7254191753604076
-0.6446681558606762
-0.7855996454912011
-0.54608775630735
0.3568309553453288
-0.6461702977581008
-0.5128078418741733
-0.2167858944187277
0.422322954071557
0.00539626384820413
1.755289005694154
1.484525761642989
1.792429058273123
1.195014091165667
1.494233916674514
1.0191336622393807
0.16002934253586892
-0.5906625247308066
-0.07518349952075207
-0.021802113733924607
0.08236959140185793
1.1694766265775605
-0.3177957258510579
0.2712355636597174
-1.350619839825718
-0.9134406020768991
-1.151725611799337
-0.9834369712825524
0.20782510268564994
0.05437327102955633
-0.7128585992872769
-0.6931573768936641
-0.5030894947227625
0.0841640743884914
1.1180549180559414
0.6265167504334344
0.13723307659004985
-0.4678344223676206
-0.6670365875268827
-0.4099185157121566
-0.7999040278505027
-0.22365878877270695
-0.3631832861697959
-0.28234813454114016
-0.19892291638376228
0.35939324884161405
-0.10720706947361731
0.2614101589587489
0.4465561965134215
0.030404476184570768
0.11433276534882544
0.6860816662757314
1.1009599356990838
0.9604117495235535
1.4850987770190758
2.6154047927348767
0.10138843222088487
-0.8312439999243686
-0.004758358328982691
-1.0932000680481042
-0.21977367028400913
-0.22123319246803147
-0.6403948917829625
0.999184933730131
0.606311137033773
-0.3432982929898901
-1.1145424707291962
-0.6520429114506259
-1.8520165952593741
-1.660835837529992
-1.4610801862345462
-0.9270138909889115
-0.6241909711982451
-1.0786395042105277
-1.3791615753297544
-0.03181369549344884
0.34598049247066764
1.413346910462492
2.309404310585193
1.9011803427537552
0.47504062362688687
0.12909713189826227
-0.35318453603739053
-0.22986152476129218
0.23501502638377483
-0.8050183950129243
-0.8307537173300084
-1.1791074530575059
-0.5916415051484438
0.6492254100293151
0.24167404053779465
0.015924491370852056
0.7630616657413882
0.2842925718378766
-0.18075067171277323
0.6568948799052305
0.5776904626099061
-0.2051931850295557
-1.3569941073445464
-1.1674312720908522
-0.41165168950072917
-0.9800762064239289
-1.395753778133704
-0.15811995177268806
-0.8617199902531673
-0.6917745682931122
-0.41702130486227784
-1.471475143025749
-0.8468014769557595
-0.9434264152262333
0.7554627506064996
1.9190646507768836
0.5453102125310139
1.204938795758275
1.2318269691864814
0.7110527112131302
-0.3296752236929786
-0.6599159091756276
-1.7640176089710262
-0.9120933344998674
-0.5196418722033029
-0.5015202819513122
-0.09107885672004021
0.13580579334168758
0.7534745460613075
-0.5744726867256118
-0.13156083873410981
0.5280558431903832
0.7634045333524433
-0.07995746960915832
-0.4965254512137446
-0.9314258569129863
0.22188298894792793
-0.5086288463305139
-0.5722174209102426
0.00502238726798275
0.5853496794879378
0.6225737066353895
1.3178065159660308
2.2128846788547594
-0.01810343058430952
-1.3823193784712653
-1.1227708228945743
-2.1893513178044284
-1.9463863724018857
-2.271497447615015
-2.7233084061657262
-2.5451738385420803
-1.7352877085063951
-0.3973474669188743
-0.02517062087061589
0.06123493463324384
0.07198520480081358
0.656341981128684
0.027652598763374656
0.45289390579222066
1.2130036202346584
-0.45357929742602193
-1.0389844524013299
-0.8472361039438011
0.002805350255364568
-0.5081429727281309
0.3413185858198714
0.39374222650555113
0.14399629299690814
-1.481871520490785
-0.5087492080948716
0.19582365285229114
-0.5013938390630789
-0.1736969423589323
-0.19342567614553896
0.8060694209722239
1.1944113683736757
1.4896920962838505
0.5197609111631328
0.6420757221806248
-0.01032144680004771
-0.5235388684420617
0.6060938787865331
1.130364467020728
0.5239497162940546
-0.06318203835741643
0.2689874387784667
0.6682790358994106
0.2517119813752598
-1.4412306026191513
-1.1732968415246605
0.43451238554302934
0.45466814933958116
0.056571207662732825
-1.2411506025466195
0.9119414609475318
0.5925267022178085
0.2546357660635076
-0.6379423385231457
0.6171105018271658
1.63362518243223
-0.15344855604091084
1.9197603411738915
2.3386882359386467
1.8170662537965723
0.48523086587756836
0.35111489920297734
-1.0144941251346444
-0.26383308883885115
-0.06383492725380441
-1.2793507054641475
-1.9686950319773513
-1.2963499898214208
-1.0432454992220406
-0.740536685165972
-1.3515657849106428
-1.3725584242355
-0.6017357781870469
-1.1841822183211763
-0.15547689420476035
0.46146489430920085
0.5638727304536195
-0.6992627804212586
-0.880129526600674
-1.624951261662057
-1.1599176676345648
-0.394440416576361
0.2544687439934693
-0.48961427290298887
-0.5874220720188837
-0.5023107350543521
-1.0197990786865712
-0.04365424854646588
1.347757403532177
0.12378559143013311
0.13195175125963554
0.33585993929657854
1.2698719377599013
-0.2875001315509125
-0.5082829230142463
0.24802985012605605
0.3445286593247102
0.3548966534031899
0.7004435161134169
0.40883594912167376
0.019079328177478774
-0.6709117354190166
0.417632552431155
-0.6845920392936106
-0.25452372457051886
-0.24147518148402006
0.5583670673839062
0.5077945786286363
1.3184335314448514
1.1196577929794196
0.12624239376649243
0.721409546839496
0.9582769656520951
1.1127075796782344
-0.6976033811232599
-0.9911615606093911
-0.49730650151742534
-0.8058229583377874
-0.6889131629446025
0.608761161913727
-0.1435295058824218
-0.36686882527233494
-0.22367875892078015
-0.010606557169003647
-0.751956067346121
-1.0694088424172852
-0.5499631629318193
0.6791452871636097
0.22590699483116936
1.3101208259201664
0.26763451976101404
-0.6818095763840748
0.06721924826161747
-0.6088371052423087
-0.6506065381478182
-1.6864446978734406
-1.2112900929480819
-0.6398071341171941
-1.1316897292241035
0.34500788259164394
0.7457232796469693
1.4416832155713637
1.0209600887684867
0.15975424118409753
0.2658175875710087
-0.8636046136987955
0.2743111058073752
1.320224156104025
0.6331275475745175
1.4833573652072358
2.3190912830655135
1.2698527005613682
0.42022766971702347
-0.9759282064052974
-0.5286290768013303
-0.31727970700387426
-0.613498780600198
-0.45032527771422837
-1.6416628720562108
-0.20537849701850103
-0.36357481814600023
0.01760257119895528
-1.582650539024821
0.19893432703222166
-0.32291583812826885
-0.7064535769859643
-0.4835087987422846
-0.018889185596241316
0.5593989127675534
1.0676341683449568
0.029180892969598526
-0.32668687763369286
-1.6162020422959977
-0.8060535562043617
0.7737148520763066
-0.3414116422176566
0.12682391007951693
0.14482399995374412
0.9832243036224569
-0.1825973213291819
-0.856041834020224
0.6252326760356811
0.38034500029060553
0.6226432261504276
0.884423143935614
1.720679481038165
-0.5230057042915166
-0.4959474424422338
-0.9768841879564787
-1.0611760599163722
0.23883519308084572
0.3146482220900195
-1.1136788769466637
-1.2029943949329622
0.6492827560058825
1.2273600585230426
-0.13419036240023474
0.6537752785602879
-0.6193979658170873
-0.3276721418611548
-0.5485314624533115
1.8877826112922735
1.8738078524699924
0.30718647584100806
0.18998169213240826
0.7375266804288287
0.7531914615571128
0.718399581928843
-0.10552669261943048
0.00214725090954368
-0.24784799093922838
0.3118970772649797
0.8266487361365121
1.7526700640060753
1.4307151243013314
0.8715530376104312
1.4147006396057487
-0.7669237378870436
-1.1538394106816716
-0.8960688066918845
-1.6512651386555262
0.2859741480587163
-0.3013005762305183
-0.7535426195566128
0.36913961223668285
-0.3127563342961816
-0.22505460746307665
0.5210187172018528
0.02680708842683882
1.5287221752676798
0.5030756300885154
2.805573200705693
1.7023662187830015
0.08785570462311257
1.2678032300236737
-0.21788051383974483
0.06715407976114476
0.6085994458527041
0.7719639348638071
0.6130998545162993
1.8801076332844855
0.8007572404304665
0.6900369428519975
0.6202979753881598
0.1854945191932328
0.13999534617807652
0.8653127789452738
0.9641707634415391
-1.275034100070156
0.3255216526449865
0.9310855537201024
1.7075839249190545
2.3434866932999214
1.5456023385851354
0.9928270811024007
-0.9967399147801596
-1.0623789338611247
-0.8001441983728392
0.08900340512796137
0.03492486002829526
0.026249792971862154
1.4690826249705382
1.7760273430837934
1.1716049021943211
0.4817402190943545
1.0296516498614219
0.9257122835206383
0.6465827040678818
0.331081048023559
0.20172214338011024
0.886572541506042
0.1478512568150794
0.29044305086328975
1.7763384255848926
0.07444887643349439
-0.10929094542612888
1.8820842619643705
1.4466093875618664
1.7768568520160015
0.4356329016319078
0.854511269681104
1.1743810684957132
-0.10457750700543084
-0.736150844717929
-0.5325075985172103
-0.21065879464132256
-0.8454722577650273
-0.5277163896511867
-1.7646884763938322
-1.4709951122348044
0.15188202806877366
-0.291281067067872
-0.9989223533618745
-0.7930251915259591
-0.5755625251920913
0.7631139821819264
0.48550279200854346
0.45413103947519545
1.075767078904044
-0.7481471497711933
-1.2532249448745283
-0.5346224063052362
1.0288114187997577
-0.3386980040206139
-0.7467746010852958
-0.671296333103486
-0.45237871453973266
-1.8734440035838067
-3.2882090988874406
-1.2113846339780419
-0.41102546796240713
-0.8945456224217705
-0.47755136194138675
0.1017153969993322
-0.9887668688977209
1.7285683536397887
0.22198002372837722
0.7048486105537568
0.39106346254847835
-0.15785988510289556
0.4852768360858937
0.19381041328924098
-0.019742095600883025
-0.6926700215424281
-1.9205485288077973
0.4543369364588356
-0.33793472618031256
-1.978043382958936
-1.4323626167148389
-1.126607098961583
-0.5241639829145157
-1.142754439565217
-1.151375850658526
-0.9456721025373814
-0.6096965607917548
0.10670593453299299
-0.21483713526137121
0.2951523980402237
0.6221280232270496
0.8405624653179778
0.7764268271240609
1.0412647732741949
-0.02261197499242995
-0.4936341676271753
1.1078996195928998
1.2945194873196446
-0.28599303572661866
-1.5596343038412441
0.08133106823704955
0.5607674263942344
0.7101066154432404
0.16917777112237575
-0.342483796687537
-1.1687657298885323
-0.6821959025183391
0.14878694901654793
-0.8136803183876867
-0.45104534170976274
-0.3623311614167815
-0.6937478716007364
-0.8221661398895768
-1.529354790293983
0.3529679341175917
-1.3666355388921614
-1.2051379471292194
0.6826583940403792
1.4237912375322395
1.8598049395193488
2.2274385705732316
2.4442561515302024
1.903399954277996
1.0435680057528685
1.1666539572096633
0.5809169799498424
-0.4054845077838123
0.9054116905138858
-0.1845771974200779
-0.40151711953408165
-0.7529585278492519
0.4599227759563779
-0.5711398947190722
0.985959815919385
0.8479990504747421
0.5565093878940882
0.42425501682750844
1.0930513767198107
-1.5639017958746126
-0.09299453201614757
-0.5305031413888744
-0.5595778584996868
-0.7243937119965703
-1.4455653108885693
-0.4291068414136164
0.7434985591572931
0.5043898915151914
-1.7897683195086607
-1.7634969952121176
-1.6246879264508587
-1.0773585048401437
-0.29788772053060236
0.17282162651625566
0.21849881771885796
-0.18260487914699033
0.26084639836715556
0.4268089650502337
-0.6276882066937246
-1.49173234281021
-0.23275831617786158
-0.8706820636648311
-0.3983884269415081
0.6113952563062162
0.13415640091689823
0.9797541677264296
-0.6377223067311804
1.2985663925584134
-0.5969670132495755
-1.3422481832479154
-1.132821756894817
0.031133124609988017
-0.057393499889395086
0.22364584426829945
1.188810456464044
0.09927919703990745
1.7333504299959275
2.6055197556114176
1.0738345255922086
1.114127680988434
0.6126474741402023
-0.3587466199221023
-0.10044596077425302
-1.3262517952725175
-2.0928998236094225
-0.5973579175594141
0.5435875204189617
-0.6831886835254801
-1.0207621607313904
-0.6740178404379458
0.8556883228286134
0.700700310104487
-0.7579735314914066
0.7974520377849638
1.8748419583270186
0.6369441777168838
0.08882076143474071
0.058252509116947376
0.9391950384852307
-0.2463063581242227
-0.42959005889887636
-1.1005535502231043
-0.7247115280601671
-0.0072964466678922535
0.6062464746996262
0.34317275527038893
-0.3939433480259998
-0.477634805925434
-1.301255129839481
1.0965820210310495
-0.5286475597707139
-0.5544632665197308
-2.0416950243550644
-0.5718564833860911
0.6504636311675833
0.594793832921876
0.14790261667570156
-0.39209352536169423
-0.8087556035294562
0.7657210298326976
-0.7245135098992003
0.043012946491998695
0.6986012016977494
0.12165399691663167
-1.008773054098279
1.3427612970926863
1.4908695644776833
1.4239065143575789
0.4773778383131839
-0.24865294011347927
0.9256496131740238
0.6500226967142269
-1.0168893432358792
-0.9620975502825707
-0.7055039221476154
-0.1631706959236347
0.2679786600058292
0.6663456913745596
-0.807672898303798
-1.544674307590103
-0.986623162255744
-0.15359968748697372
-0.33756474809207904
-0.01599912754098952
-0.44169124982839725
-0.04217281709676754
-0.41655048445608667
0.2126505118066631
0.5058404508787435
0.4022905833122147
1.1997198444567476
1.0899905973053607
0.8163400935885459
-0.6121631238014088
-0.24068572980782071
0.04960301638077118
0.04105131174780624
0.2403534994868583
0.037477005347895026
0.9730052422583173
-0.09507711068795277
0.39266841105176775
-0.11820382244051289
0.5596786140065275
-0.36247998902150963
-0.035162368722324866
-0.8167652341256781
-0.3419471453143378
-0.8072417280439007
-0.5257824262476309
-0.38502352324227995
-1.0251223252664823
-0.45868858686659286
1.1515637776221805
0.061974967309210705
-0.5589540149917527
0.48247361727245647
0.1949742944405416
1.3400559975799118
-0.3323896413460703
0.5961421459391717
0.6388378840387061
1.150943108291052
1.1643168935766481
0.5531962069830352
0.2428941664010751
0.4762871874552449
0.9735082212950238
1.709993009063018
0.6238629505753664
0.3447313700662055
2.0667799694858324
1.7921272960786057
1.0945159364351233
1.168026634701494
0.19765439704964763
-0.21856474741508697
1.107580537221523
1.085138869976583
1.058914474374135
1.0615547750561052
1.2629150510515441
0.6920292776504519
1.4509151730473393
2.084767762833855
1.3089315155889416
0.24274800970280624
-0.3370468093019238
-0.8016949347858093
0.031118981708071602
1.4846157909420676
1.2169520036457415
-0.5649895112890243
-0.13583998508532544
-0.5409919287742034
-0.33679974069663504
0.02936067608577731
-1.3883231666418305
-1.030564361234051
-0.5827082087793753
0.02781742778275558
0.14239461159758068
0.19423407033506151
1.8688171278827168
1.665105259452664
-0.12796228446096922
0.6368454752335062
0.289999637264999
0.2875487406207037
0.756901156798554
-0.1713584037946908
-0.11316968428675173
-0.05079213660559352
1.1376692129329424
2.076012775139757
0.1408652174334621
-0.5298070838326862
-0.7152772296161943
0.424116445781769
-0.6832246695533756
-1.7777558196297525
-1.4432725020833554
-1.0034398102256368
-0.0955284446508275
1.1730042761446198
1.2770133943397899
0.19811117670258752
-0.4704111334010334
-0.3629602045325799
-0.44909822739929955
-0.5039090034441127
0.27042465389662734
0.38065413668593573
-1.0080949107575028
0.21469482025407255
0.719900224497687
1.0231083808092907
-1.5348758342838535
-1.4501646546597413
-0.9670877367252504
-1.4646716316158477
-0.8668771759892028
-1.2692850160351867
-0.8279589900431639
-1.304625706382661
-1.708365428803397
-0.16454008488432176
0.8143285707243915
-0.14578846606265833
-0.3190396897418032
0.23676444308044076
0.26467221096662974
0.009188900900193218
-0.3648107686402773
0.5219801625897775
0.5670253477913251
-0.9868961946760267
-1.12512531639821
-0.17083898105399764
-0.36415272468960624
-1.7072412716211738
-0.47012348653242325
-0.10646364243631302
-0.4321573070934017
-0.2638723902159927
1.0874931190403758
1.9746735221002452
1.624298269642782
2.448789086269084
0.4210590760181553
0.6383020758755187
0.29401510463552005
0.85866529222031
0.0964155663147603
-0.9436082220594035
0.1208672997501985
0.46076342799443115
0.8323426903774347
0.404294399420428
1.2083424103000862
1.196233191226482
0.9808993083364602
0.23541046423104972
0.414959192514386
-0.02912919237503081
-0.6868538112495426
-0.3906082455075136
0.19826632712816045
-0.8003383129032503
0.34858866179770953
0.2717580316465654
-0.6796678931316367
1.0702200436314866
2.1623590451393793
1.8669513734076102
1.3067736378292727
1.2637869413163558
0.8319696250351785
-0.25334975937218734
0.4161694787737962
0.6242996451797315
0.535270108634998
1.104247243674493
0.5619902122585573
-0.033151466867193446
-0.03684875257656493
-0.7729907342739191
0.1946142283341198
1.5049993421247434
1.4979047749845054
0.45201399173524354
1.274509477923905
1.376198276580542
2.077340968720467
1.4813910347473342
2.575657539416496
2.274876121339897
0.8743463471929425
-0.306801663467857
-0.6580571383991467
1.282311711847959
0.788972157418879
0.2522593927484223
-0.6800867223292735
0.1040797957191126
-0.4752722679706197
-0.5926713206382681
0.5919878112811665
0.6100686858910779
1.4128848454419272
1.0497244429589658
0.9629797094927401
1.455063218577671
0.09316400234264009
-1.5837650785756916
-1.1987634868555797
-1.6858881746172116
-2.009333185335345
-0.6895962243066425
-0.5115066747120025
0.1911582088412323
0.5602530439129553
-0.08254714032403235
-1.7866959397230135
-1.2230115214988886
-0.14022122349790492
-0.5193999694528101
-2.342625395493089
-1.254351100705633
0.004668412381937936
-0.8524568493718616
-1.5057471147262627
1.4807929325770368
2.217741028525265
1.7415397433140787
0.26639960192485507
-1.0423110713872812
-0.03250126718376156
0.4544578764880898
-0.6182361833680674
0.45885917158408324
0.6628859987541125
0.9146855000333762
0.413713978027271
0.8323599085291011
0.3178053907592441
-0.22410622177313794
0.03131984764078539
0.3343534778568402
-0.014188530781604758
-0.38779292418640515
0.2732625065340372
-0.3212154485362359
0.25313340103353293
-1.3517820496976636
-0.458676536496991
0.7314146419844548
1.5081219846355594
1.6603050685690683
1.455024015524217
1.3072192805764318
0.9937017669843562
0.4343932348227061
1.421077137398975
2.883554465547405
3.2153482211418014
0.9163160767525126
0.7731366938997877
0.4057189190703527
-0.9511536450332712
-1.9601059756735122
-1.3099420844024772
-1.217890202497245
-0.15555644941533148
-0.7185920623516504
-0.721849935379716
0.3343039411484007
0.552606325279468
-0.028171941557039268
0.19857056902655476
0.41379704586349597
-0.6545060888215841
-1.2518420269772004
0.06523189406492494
-0.9548692176056212
-1.185856231459371
-1.1402659217276945
-0.1426363496859136
1.270946700534601
1.3221971711789664
1.2263716293538383
1.4342754963195088
0.8786696615170596
-0.7382374720090661
0.9368642109367014
0.31954129667473413
-0.1726144282663232
0.7428127178382467
2.3253628990606017
0.9511274380283167
1.153315520654181
1.352841499964697
0.1804523606045486
-1.0276789878549182
-1.9245061314165053
-1.4663823907470561
0.22830612337191586
0.8500226485551746
0.4220121342587579
0.6914500980250461
0.09739666355742344
0.32793872445639943
-0.21140337462821382
0.1495989381235474
0.30917747018017694
0.11998961291250884
1.2659852749320657
0.523194717383056
-0.18006577531303025
0.29115352005938816
-0.5628986410803034
-1.5669136238325643
-1.2551477096766013
-0.8717023560560769
-0.3903850437582945
-0.562766655209236
-1.2220247924671086
-1.4019872650815375
-0.4654214615593558
0.7399507505559191
1.3321634814843273
0.14727580779760213
0.1366389641564049
-0.996943484816176
0.01907964547533561
-1.3373207902364213
-0.8123017446183468
-0.7167841501459155
-1.064825516316133
-0.23231102974420242
-0.5568210975145989
0.25639671244461115
-1.617960638571632
-1.7613323416098157
-0.10231233193326139
-0.36947061380135343
-0.4350674967998598
-1.0028938363490738
-0.6918805751599293
0.8058183744748777
1.2842797179625163
2.64662245248586
1.3072912416144171
0.35830367264712837
-0.21000959013369025
-0.2787577832437142
0.980441895035792
1.77446619745398
1.361874812723032
-0.22237023260156327
2.014068383667995
-0.05642989241380142
0.31009943341501794
0.9190731836252093
-0.438096981304273
0.4199203613418852
-0.09322730268566662
0.6097773043058604
-0.5196053628102237
-0.8076145577615794
-1.2421838064811328
-0.9437948683983644
-0.5043487969448276
-0.45301479543368783
-0.31695721424973844
1.29321106533351
-1.1318772655270146
-0.6843575550652028
-1.2754898248922104
-1.0301919061075884
-0.9358275494121283
-0.23599132754694593
0.06276322667252907
-0.43380072557672766
-1.0070289361476654
-0.20542712282263986
1.7222007614877075
0.8490116768335172
0.07498122544538213
0.4083219543785123
0.8015091745737183
0.15945712642216683
0.5786882330647142
-1.239885696592904
-1.3258402108404344
-1.5362708344950096
-2.323156501689579
-0.846177205515391
-0.632192554697038
-1.1756560467984183
-0.46445239565190893
-0.6343817242980204
-1.1332293895458436
-0.2450948970752297
-0.4552013945813804
-0.2597183705174247
0.399306440029403
-0.12283154867251227
0.38170932777712274
0.5749689577898809
-0.07457668836297045
1.4536839776683588
-0.3173529101460497
0.23756241971874617
0.31716794269337306
-1.109817314277199
0.20014030265828342
0.921622920474111
1.0660176182243768
1.322731114496136
1.3060277951016748
0.6214153055060521
0.5775944032519886
-0.6131745944363514
-0.7984429225805127
2.1990111496019753
0.22679706093815813
0.2348181420083802
0.3494033397245215
0.8988882890317114
1.3194509156429122
-0.01650690084828
-0.5635772308231939
-0.2029195830693244
0.39818565027981784
1.491765280627977
-0.23685048304497158
-0.3068167887536191
-0.9326736440327503
-1.9860497078436485
-1.3656345648907147
-1.3625402096817119
-1.6637304605859462
0.07898810735262632
-0.4206598444823041
-0.3132710499167212
0.863567972267888
0.9437854837304969
-0.2943644479789192
-0.3680000980624105
-0.23865765225821256
-0.18442024656758693
0.3272095950228557
1.0318085108746944
0.8770025193389641
0.08253366589070218
0.9463669840214521
-0.434693943580885
-1.767844187815709
-1.025364860586307
1.526105376313974
0.9117350355008625
-0.013503813508296159
-0.5241738990406601
-0.7241870253846399
0.47687940386675853
1.0725312660255168
-0.0552822358235113
-0.05471104186578202
-0.034442055640193175
-0.5916729195537622
-0.2447261605111541
0.3482248265067962
-0.7609247529212704
-0.7516693258374009
0.6163993095656085
0.16877659577389512
0.11849097337257067
1.1744270851343932
0.35566471529980204
0.23192567556315172
-0.35651073053743565
0.37415718242961393
-0.3555895461612663
1.0156736266341584
1.7368521337203937
0.43531942528467116
1.366820903079985
2.2327530175382764
2.2054468223495736
1.445797967784829
0.2765369463586077
-2.0136557673339683
-1.4582096279251258
0.02066426882360356
-0.9210831460450526
-0.4715476712815333
-1.2318172737946083
-0.2045638389249959
-0.88990418429942
0.1442990149812958
0.566666502905384
0.0609184682127403
0.8019262245705998
0.22380426341510365
0.5737291808975715
-0.21602947844374953
-0.9620703610039296
0.7797829790711469
0.2789698197805387
0.25097610275952
0.001042343571908716
0.13060899025200803
-1.1759457049101834
-1.114246358027341
-1.9607196472407793
-2.182106410772266
-0.39640376345611084
-1.6685213293568366
-0.48009184050035575
-1.5428327115400844
-0.6617456755272257
-0.3138336746425864
-0.7652587162759026
-1.5414251326386843
-0.46263592156957584
0.12199431957751175
-1.147835398282
-0.7099559266455139
-0.16433044551039566
0.8320978630480674
0.5088876784091909
0.1159519482224095
-2.043912348246574
-0.6282408609471779
-0.29894539194835235
1.3872147719025996
1.8742734797098655
0.7678332946357292
1.5010567598613132
0.689804655751244
0.11400679436860964
-0.6934691481596369
-2.138042855598724
-1.337201433320789
0.5825176072649526
0.5691881667597178
0.6520874154803238
