0.0
-0.7822257684070688
-0.31745169396692086
0.16453054235062228
-0.9651317666997306
0.08576313431419244
1.1583317309195218
0.5668190667369044
1.4988189670400132
0.9352042811048438
-0.3918002809262698
0.06307981896154105
0.14051734517950687
-1.4495070812640385
-2.6560479710104508
-3.868857347828237
-2.90529916273461
-2.2995972375107496
-1.2810206525649859
-2.965861735847984
-2.7955627818208604
-4.918903406551171
-4.114585331566453
-4.533369264687255
-4.403724840704459
-3.812267056789717
-4.579699042533885
-5.5093968755986555
-4.388754879355932
-4.147265174217035
-4.726584314017236
-4.641655998452077
-5.583685776952923
-3.363679396437508
-3.7941990785783
-4.484363316030594
-6.626407447207695
-5.910534845556688
-6.9313127898648546
-6.736183958902645
-7.376912716757425
-7.201309747204345
-6.029041857722362
-5.31818796221994
-4.248625484496814
-3.9955737926510038
-3.1325368159662474
-2.6723033503801417
-2.154588241497108
-1.3708772884654323
-0.916155453349118
-0.7181370372812134
-1.7744691702129622
-0.2858663074708379
-0.6114157803359483
-1.6859920076308
-1.2019084091477898
-0.7730020123608328
0.06266681050457276
1.3922533413466585
1.8729379907886448
1.4939748989388286
0.6128235665944094
-1.0428015547657545
-2.061396064996979
-1.7053772309679907
-1.711623616637749
-1.25346578287488
-2.5273655621175317
-2.7720117830306314
-3.586393518080417
-2.4999784461292363
-2.7375289265776
-3.459986868459829
-2.69078422433242
-3.3829561169103575
-3.916433035979443
-4.0443282354365815
-3.884797632575432
-4.544183386451952
-4.231021944633111
-6.186285953494661
-7.281860507279353
-7.842235013277014
-7.892883725817951
-7.623529321881584
-6.631274400719188
-5.092638041075376
-2.893218809362365
-1.5086330545882964
-1.2619511128471659
-0.7348486606497062
0.9973804850034053
-0.6239863787803035
-1.735552035031047
-1.8351452271509148
-3.2166286030735614
-2.310203522344084
-0.6398776455912382
-1.5343108442170683
0.11521611348039484
0.005470426406216672
-1.609124747574647
-1.0158684902603101
-2.294099503761889
-2.5155826810953164
-3.6393131531767327
-4.139423950351536
-4.877432060681775
-5.075559616083808
-5.674138277535581
-4.633224413381491
-4.35832349441458
-3.3937426270106794
-3.195341793055292
-3.166540606791999
-2.5911291235438414
-0.8434790030380015
-0.4735636297589477
-1.69196714640083
-1.0527098441733913
-2.1085994389508715
-0.321374107257935
0.7201109166388531
0.7801934959209278
3.429706717729549
2.946791936886267
1.7153564130996652
1.937939686918224
2.2350562950507125
2.0067270067146272
-0.4801483082880676
1.211549268917782
0.8351059029454382
1.3753948158642444
2.5657625744075694
1.844045269495693
3.6060561291874658
4.845469288497769
3.421426905913894
3.032078003280919
2.8527543205992956
0.885676676704468
0.5821794948785725
0.07537980859446917
-0.5259391701316862
-1.3905805002927372
-2.3994721127319916
-1.3895545005841379
-1.3237821738893658
-0.5984594885877517
-1.897497985828048
-1.436567012917507
-0.9919741782448004
-1.0729044005014126
-0.4328496171081472
-1.3724900625907053
-0.6082064017508566
0.20722338460921239
1.5411977402344972
1.6902848062163536
1.5384559611730073
0.9062242911652065
0.08491669268402607
0.004927044882896477
-0.3641772012196607
0.05274561133151336
1.8188011218157392
1.1150925313182922
1.5190025222124397
2.1947389726268463
2.1516875348094096
2.12734818965978
2.764132953216232
0.8002321745378869
1.3694971325532757
0.8632812020033439
0.2643476665411418
-2.2172364531375
-2.3416300837569604
-3.5356270913530556
-4.197914138673022
-3.024306317832168
-5.159167155738107
-5.432893374806714
-4.212411387165474
-4.618248412015825
-3.5120265978296135
-2.6170804035118787
-2.783258190044017
-3.889420197118445
-5.4402105067613125
-4.37631797951033
-3.5044888381327057
-3.601361236143728
-2.770635363607228
-3.555389639244041
-5.052771953372191
-5.089766414943978
-5.876368788736613
-5.2618490906207445
-4.958351892839794
-4.472644564636663
-5.169589146714888
-4.875551406169516
-5.752407171504792
-4.941596746911466
-5.661166398280633
-3.6596118036570475
-3.5450406438543065
-1.6697429824661332
-1.3298279943704663
-2.184798150529224
-1.9066588951454126
-1.881792786311709
-1.7582816891514357
-0.15840304769334518
0.6862117335216878
-0.6348805498289154
0.24658788230519874
-0.9943416184232328
-1.0528102972931084
-1.3160594136118102
-0.7131146442236254
-1.8965127846359522
-1.759983439062353
-2.803943202120809
-2.7727143396496503
-4.190782847368325
-2.511405794632364
-1.0682500792999294
-0.32648026751493103
-1.242101644787804
-1.569836314592316
-1.6752968932834513
-1.8890163855910456
-1.1102137011912419
0.39978582490702036
0.5626555525678298
-0.015296957361805447
1.5424439031030022
0.6449973541193628
1.6204793607563512
-0.37338128140802884
0.8316815844059465
2.2506357301479616
1.728563666010074
1.7686892975099162
1.5027390006381034
2.670225729036055
2.6432437216219493
2.1932873728372866
1.7853383031921928
2.244105573197106
1.8904573811122451
1.0997422527183536
1.6787119877360674
2.236343083088162
2.049537048607921
0.7444350770160189
1.7974338893629125
2.3508333354308344
-0.3888311542909083
-0.9932646649045684
-1.7760835976263374
-1.5433313433489002
-1.6455073671522475
-2.524563361249606
-2.847317887344304
-3.7500824376928166
-3.780026938205649
-2.809857364788061
-1.7147011633991194
-2.4593185539196725
-3.1858220716445107
-4.424398782882223
-4.092941777280128
-4.3637349708863535
-4.822159421055803
-4.7528861315068935
-4.632760168114886
-4.408339082816624
-3.3607163651496097
-2.461354398391093
-2.214279571418
-2.0030064413836812
-0.8816121054892123
-1.23320514646301
-1.0966919827649229
-1.3827954771014204
-1.672487815531945
-1.5028852710173835
-0.624378717390662
-2.908222943116183
-4.315399044965938
-5.273493538478678
-6.44032836101878
-8.648921371920506
-8.28732034206606
-7.350060822804983
-6.83864687380184
-6.957521549911556
-5.524035828761207
-5.02015089787038
-4.509993866847263
-4.394271102393883
-2.9491845831345445
-3.0168728582626647
-4.428013514237744
-4.482969419437769
-5.039251682306511
-5.431045689440919
-4.862273810526996
-5.213848762082869
-4.487179380403226
-2.808652581960067
-2.9468905230007914
-1.144296106219695
-0.6625254908198178
-0.012962224073685191
0.0622225551001332
0.3962567979608631
-0.9589916294520123
-2.3429718022735098
-1.432080042286504
-1.8629058888223253
-0.9529399006645357
-0.8720221888106969
-2.139421524353482
-2.2342411711589123
-1.8194855091708382
-2.578024998433272
-0.7426349705247289
-2.3537947144749083
-0.21599122580472552
-0.5600461667883851
-1.143449389871082
-1.8624397138699844
-4.265260629011483
-3.4263067540328898
-2.6197003092665003
-1.3186618920639992
-0.8364410001246472
-1.4702089361146198
-2.440349056099821
-3.5094851429209455
-3.2853227864022054
-4.588741188133208
-4.5918454352438545
-5.178663060609841
-4.353935068304226
-5.511614364327438
-4.520394379518261
-4.8064487902990765
-4.7461427097390345
-3.0738343032464903
-2.3272774780547456
-3.6934714220565774
-4.288150100800783
-3.4521742338308923
-2.9677716706712656
-4.56198875968275
-4.53227600669483
-3.4983922232125133
-1.9852414746843245
-2.9702830033129475
-4.015333969551046
-3.926216670960165
-2.2045669982530343
-1.3417057456600632
0.025742112053205424
-1.318485817774968
-2.1650090869073217
-1.2346044772522604
-0.5932320396700872
-1.3123891933752798
-2.029315010611788
-3.0868296616232587
-1.6253394849550793
-1.6910812019906396
-1.0940423152878613
-0.7247504801987616
-0.8978949431464427
-0.8724544379137055
-1.709589070282109
-0.07073538933693753
1.5904124997458307
1.7646528354810254
-0.628973947091031
-1.9326708954497163
-1.4805303184813352
-0.3854079442506257
-2.053996127228426
-2.873079725617037
-2.903685128429488
-2.9319058119477734
-3.049770940800145
-2.3204475276707677
-2.6791175112646037
-2.693334772952611
-3.2318234165293886
-2.7278000813941166
-1.5996240067525176
-1.813472929598954
-2.533823318907334
-2.077977948301819
-1.160303534017957
-1.1567867667537288
1.11912339685722
1.2951999744135294
0.9254918241267568
0.8570217105721479
1.5143743193947155
1.468833589622299
2.1720509410229454
1.9470074285155974
1.5297923220332061
1.1219738685234937
1.6766347677316835
2.3963106322983903
2.718474348655433
3.145780021983214
3.638183759966031
5.642606015134612
5.5749545779921075
5.452758665394825
5.292884595942662
5.566013536993582
6.6265742633567895
6.977761203463241
6.578363367140488
6.792284700600817
7.511246660169568
7.3234946185935765
8.140163517370313
8.52505564456254
7.534354376536247
7.501750877005834
6.730682201973338
6.2278441334390315
5.30519486403081
4.891199924211254
4.297017646255414
4.7109927351441625
5.588090210630053
5.834068814590161
6.080535155650535
5.617051577060618
6.708504986785563
8.481746522742746
7.9541940284398285
6.881171030817587
6.866189049526907
4.550980068875
3.2602199979674324
3.7042033092737783
5.544631855169747
6.092642920671437
5.4121695648528645
7.58306763778961
5.25581356505279
5.344828787965131
4.873335838326897
3.326617843899674
3.603307649233738
3.147076264248383
3.5595184440085714
2.940285019946531
3.684118081193405
2.314969487568455
2.479451802553239
1.7187255702772748
1.5458333201469183
1.4441544002395135
1.2180336121986046
0.7065298641500136
-0.2641468085405475
-0.03466471355274697
-1.4483938483207697
-1.665506525402747
-1.976071915687225
-3.4749872180873433
-3.7145921336515886
-2.9567670182320107
-3.6089650853054542
-4.057893204493115
-4.450646182574484
-3.317577646075594
-3.958362775475282
-3.59442987870156
-4.103404891653614
-3.575754344052229
-4.590043208839726
-3.811136829186481
-2.9227521185759366
-2.2568410355651034
-2.7400654012670644
-6.054955654550387
-3.773877354668167
-3.976929756258213
-2.416731016252048
-3.6459998343871236
-5.265088264324778
-6.077197259848383
-7.191991751152162
-7.759492392821312
-5.26072958144767
-4.392695765000487
-3.5707573375476933
-4.329992271308775
-5.254110726820801
-7.006422139345632
-5.907956610387613
-5.721492446874913
-6.066301360475071
-4.901925718997725
-5.930018361184059
-3.686262971817837
-3.550265135618489
-3.8004896515350826
-4.389762940582767
-5.3976082428872845
-5.855118937269307
-3.9448117355656227
-4.141142037236138
-5.598866527193135
-3.2679281076500852
-3.2336633793093763
-4.757294946559561
-4.7118997623927505
-5.811947277937055
-7.990610098749467
-7.564928262556861
-6.161467090025769
-6.345573895953961
-5.2238022703506335
-5.824311446888199
-6.612653723614022
-5.41925115022842
-4.229435200968117
-3.3070939224689186
-4.477984700179488
-4.3709439341979355
-4.32234092131922
-2.8159832849732718
-2.1973423212341383
-1.4671148798426616
-0.7291939350889222
-1.7370944036953948
-1.8149138283908075
-1.9866951707435345
-1.2264846849458653
-1.4921142506112999
-2.9845937106614855
-4.087113075614333
-3.1317568637950632
-2.7244311754824793
-1.1037394936340486
-2.0357702011613976
-4.84407864172619
-4.697250896206252
-4.855335653971615
-3.4415793310675378
-1.6271541779419483
-3.07469579644002
-3.3273937135436444
-4.480218190684234
-4.153111604488344
-3.4751464397767835
-4.110955642240581
-3.7480746967224783
-3.028479166052513
-3.5636954086700703
-2.8765627257667656
-3.8831023035592303
-3.171746076312207
-3.4202045437014625
-3.4893118667336753
-4.695955867824968
-5.222306462846131
-5.84671709273879
-7.650075406553485
-5.975713192217863
-5.367838994799666
-4.439059187048421
-5.584412620945104
-6.235908124301971
-5.544710870033818
-5.079112201081817
-3.7903522875339957
-4.007936948349819
-4.7683421918766955
-4.712598337631391
-3.7085496494155734
-3.953026494682235
-4.7708429854901615
-3.342361856467612
-4.28524992709879
-4.647498039776208
-4.814927324156479
-2.666177400850174
-3.968807345901416
-3.25912248574619
-3.44888997726652
-1.8979708898190821
-2.4812360560528943
-3.9065006062563765
-3.265644627289709
-2.0226368256028233
-4.016946592198617
-4.7423130307452634
-2.4945117741179557
-3.4496610366485716
-4.332943077150639
-4.239629020888346
-4.38297983279861
-4.795056999909816
-4.765399361261535
-4.625322347855791
-5.393937570388767
-4.361740352669427
-4.498036629553803
-4.988705002032089
-5.375127964290356
-4.706238454081851
-3.219364485352913
-2.482168394566229
-2.9107771068599866
-1.2413635325070902
0.8475601483866743
1.3683540967835897
2.497354549370795
2.7267622899039545
2.5198117121125487
1.4528077083957684
-0.16938110159235872
-0.9087947646157344
-1.1045723597730281
-0.34274455144863913
-0.7884475876894801
0.41930089193669107
1.0580612456904126
0.915792243107937
0.8868090913217848
2.0285562163394815
0.4198178839972838
0.546559499865633
-0.09268098387935397
-0.09604018228418779
0.7082614605880914
1.4285602649710354
2.472086920660439
2.3466691256616783
1.5563693414100916
-0.2814201717175555
1.910120725422778
0.5626184904751046
-0.5183163874877131
1.2123833672522533
0.3545655235080136
0.5116079766649166
-2.167440133597143
-2.6081565241795253
-1.680768569238693
-2.198036556210048
-4.484042421122465
-6.643110205470762
-7.771822595290105
-7.121148238952635
-6.339621748697149
-6.84998231398702
-4.889791895092912
-4.76656953017922
-5.895644215141266
-4.922124020095879
-5.4271306204829655
-4.681048489523813
-4.701854348172819
-4.322896225271518
-3.851113735611392
-5.263629015650332
-4.561640304902989
-7.013466211000158
-5.735541408598586
-5.796060522485183
-5.046556325326687
-4.569315826432956
-5.862848520909404
-6.533652866496959
-3.601406511651881
-3.21332457106502
-3.923457832997746
-4.440884479043741
-5.907618626122612
-5.364683086997857
-4.323668827023537
-4.474710856898787
-5.555803315473797
-7.092910905025738
-5.546729795518037
-8.817109467916612
-9.073269451985816
-6.577005589306919
-6.517233521585341
-4.702766364171613
-4.682569734092097
-4.152834855453341
-3.743027762050336
-4.485066816338843
-4.120092754248476
-3.5633586077278556
-1.3799709240039122
-1.3212982298816396
-1.2764492295426788
-1.686655202458802
-0.5062787443237862
-0.24408310706947983
-0.4075014667608574
1.104424873531295
1.3075705834744409
1.1136933759544516
2.23847149805192
3.4928198814696065
3.3844950728886882
3.839547604525145
3.3888182128384634
2.0689552389651094
3.0444080957541932
2.402835139106251
2.317380262634294
2.0478718218892005
3.146428379186325
2.5341950869281513
2.452928530446142
1.9878869956162315
-0.1917210153392812
-0.3748044142765243
0.951107197091634
-0.14426462683143004
-0.8602008774692302
0.24298500331147083
-0.3105424248648995
0.15625844561023672
1.2607153659551182
0.520289179480695
0.8465632252538352
1.2050372792018293
0.2507639561599411
-0.023302880603053994
-1.2159648192487413
-1.8396409001291019
-1.7725483909003368
-2.2577673562243596
-1.9157755368782086
-1.7842861701619324
-3.091437238392569
-2.43665885069019
-2.6544164413776294
-1.8175330771276086
-2.5074979225794487
-0.5193480814953105
-0.2359154076634089
0.9955071736711821
0.8037647727115605
0.8995385023236081
1.4439492788058677
1.398111513628082
0.9785113920805647
0.446550220170444
0.11630519340466924
0.8354796894104829
1.1083246492173522
1.6244229166297721
2.389984440402556
0.9791305299488964
-0.9064390109423672
-2.4824427295466256
-3.2456626682839613
-2.6201418933093086
-2.9672285382337638
-2.1339409564221796
-2.0244660005445922
-3.1529047232679686
-2.2202596045502325
-0.7721398547130127
1.2224164672235058
1.6460201695794536
2.5136455583198343
0.5555845946438446
1.3846899563647663
1.3299021145140446
1.7623218282702071
1.7475643965023462
1.6484335831565733
0.006581194636880422
0.8043621929244278
2.2960184953118183
3.050919156545884
2.270464034169852
0.9782325591922397
0.794610445010789
1.3556256886625593
0.8228663419092302
1.9034205916459885
4.535073837600009
4.6709466126328225
3.5149009641068822
3.072242692326567
1.4443300099713479
1.0440050016175622
-0.9356804864581645
-0.15107974611679478
0.7376095192200177
2.5166852962078665
2.5820855161635055
2.7634590575168025
2.7003675943451975
1.0008842001111606
2.097220036283357
2.2061805512501667
2.625406795119934
3.459052818319465
2.5802156797210203
4.061972616094804
4.310017013705621
4.649495438045548
3.3228103976852488
2.071506814793916
0.564903912471127
-0.22345800527529328
-1.6542309491358567
-3.4671055628312843
-4.100133776690265
-4.55804493144758
-4.05154490666927
-4.272272276331731
-4.107924793969906
-1.051143073563594
0.5457463052536201
0.16922617349872648
-0.4954377297116692
-0.8156702290551655
-1.7488992930018494
-2.3597123688839123
-1.7270049931653613
-2.5321779035802328
-2.0222611680905263
-0.5105126525210357
-0.33000404553522866
-0.4375768861365808
-0.29534454519098313
1.124406502856551
0.10884467883547029
0.4839184326387545
1.4843842504208242
1.5291457916033317
1.281685913873658
1.7250143638401427
1.5490154459306544
1.8445930289357746
0.6034376443383573
-0.08562779231485618
0.5706733395301199
0.7651947755712603
1.286694238748705
2.003284715400996
3.096391953209187
1.8027074838472052
2.2667179165481466
2.006288856130395
2.438230437382192
2.703839570755862
1.7016060596818052
2.9786770070015947
3.5964948833697266
2.03003738870471
1.2811703776900918
0.9213427573552746
1.3401051628207536
0.9311687345921298
0.9285258433376813
1.405111765183353
0.14440967973430244
1.3983449119754428
2.2792251152427583
2.2302537308485846
0.9910003912857339
0.5613153601211385
-1.144109512955391
-0.8001012435603332
-1.5433910834813722
-1.4567099050924976
-0.5581925548315014
-0.1836754939496411
-0.9300255632590056
0.8764677772299067
0.5809386015236402
0.6392896456377429
0.99023223544145
0.7762279134708564
1.9094049739252992
1.7401406133071764
0.5600318268898155
0.6367187661218143
1.2035664156596797
0.6321918744085617
1.9718052686070244
1.1660628510564097
1.331578686119965
2.3775903221848815
3.7710080255081997
2.350680563601828
1.450593585790844
1.5193866243899048
2.640842147611941
2.404282717879344
0.23109871649590139
0.4723365514982259
-1.6746304008121147
-2.714641633757375
-3.622258153615888
-3.646221099566529
-4.68161401422221
-3.839078365786626
-3.9466949418611224
-3.7739911239702324
-3.8179866773585602
-2.567652855535228
-2.99971106527694
-1.926844744457922
-1.4506269051461882
-0.6585936941043224
-2.3979847841171518
-1.2667992020030236
-1.9441837702534317
-0.9536257637999713
-1.4177978884232527
-1.190678086202566
-1.0187654127466939
0.4331838662136165
2.549942126499374
0.35064361300936975
-0.04216751977471428
-0.1647557967081522
-0.16184830467920283
-0.07657520727364497
-0.6578299855603086
-0.2506057736173767
1.8516974369763621
1.6077970733366036
0.7608680391174756
2.626720817760803
3.8243995095537686
3.8284124378531326
3.7203193826112755
3.0576743912802997
1.7048432404653053
2.391543756204052
1.8883963010445042
0.39909231380596144
0.4170166366695469
1.8214459823062972
1.0091165739422843
1.5640586216442194
1.4906443256732764
0.7291886346749653
1.5624250347436386
1.5889168322077551
0.1960280728295621
1.4507361813182884
2.1901646901513603
2.6366041930436275
1.234932607082888
-0.3071476379386867
-1.232264139109443
-0.8090950542654486
-0.9889495876733688
-1.4063573000148188
-1.2980608543224348
-1.3652384002183917
-1.969858085335364
-0.7782524160388307
-0.35137974574787945
-1.8435620962319947
0.5820003789683758
0.13558040559880524
1.4253070004109736
1.792275607638178
1.2856783291224148
0.5317063177798783
-0.8076161091933003
-1.0849834106215708
-2.3704927667906848
-1.8027804914430683
-2.004654572324019
-2.4450046936773537
-1.2801019856934102
-1.110056207304538
-0.2186101881728899
0.46893123956883886
0.9792351413657201
-0.12206802728525483
0.6363026863784271
0.26009524103123044
1.6939308061601093
2.910437595281585
2.301085589464409
3.224383367554134
4.0287425900057645
3.7111080010270374
5.045495752161932
4.479074514974183
3.6322172360809524
3.0514400243315194
2.722263587785135
3.649139963594449
4.121636756897819
4.942837686521148
2.9783284610118645
4.986409949840714
4.608507757076559
3.9772933065009504
2.7457742961532903
2.887786464125967
2.527724789465347
1.3087442427686957
-0.07569634357907971
0.49741711318200194
-0.14632580387780708
-0.943747687740717
-2.667833934206479
-2.7046583519412395
-2.2654444981650768
-2.429744416649754
-4.195107438601724
-4.938132630527585
-3.267357465186138
-2.943173254440606
-3.2460959099431097
-4.493786560658337
-5.102765422763264
-4.242697240093448
-3.6271482457062425
-3.263935981505416
-4.424456799654637
-4.281654444615573
-4.455645268710945
-3.093181077596161
-1.2204291855920568
0.04782200238889657
-0.2882560348111185
-1.1689298250659816
-2.3358477638034874
-3.2639720325781107
-3.942567437635286
-4.765893739059083
-6.147821691275223
-5.4803104737250505
-4.165145535489557
-3.046122274359633
-4.040522294556457
-3.453748489054286
-3.141606391991185
-2.5131363184633333
-1.04307854198445
-0.6373836844206726
-1.8170631708117
-2.757098986307217
-2.712649500439548
-2.577520881605
-2.9346328169811953
-3.2915765861617445
-2.737597533096667
-3.530283347154326
-4.9226183186830355
-3.7820434029634717
-4.022905488698303
-3.1813600554070645
-2.90622606653724
-4.165882047664114
-3.1391508270672004
-2.5600786945861307
-1.4915302382277806
-1.9806442947811496
-1.7824971534470329
-2.9281337587762977
-3.2590215763913757
-3.3728781842432145
-3.1777217568657354
-3.004000333006416
-2.8226713449442187
-1.8419724382544813
-3.2606560302759737
-2.942542596802453
-2.2742296813296314
-2.513618092858445
-2.0365677820108616
-0.8028779888209225
-1.9463695248174013
-2.3279690044308152
-3.078572814248484
-3.7673463717572386
-3.645499092946259
-2.4936943331658483
-2.4296146375280787
-2.808937400359366
-1.102852497806525
-1.2171219757572245
-1.0872563510091309
-0.8145023267927942
-1.048241437731053
-1.1834755654893945
-1.3125529115692776
-3.563183485640226
-3.654949897637487
-5.21910025788765
-4.811738111679659
-4.341627220486693
-3.5276835835157994
-3.40914081053159
-2.5360188350009114
-0.7476951943882035
0.17083883832464686
0.20817739638172827
-0.8087359732234345
0.21959879850847663
-0.5497684489109992
1.0022771327716746
1.6985508975646184
1.3396000155486147
2.1861840936207044
1.6168841966128904
0.8074483595601742
0.03332354627309837
-0.3039835322053729
-1.1203055402457247
-0.21583545091476716
1.0213758698071054
1.1791428619171456
0.8674093572639318
0.9844135470859178
0.42351883557979636
2.4992109520973482
2.5871149731580676
3.037219016007314
1.2151906249203002
1.7699584969261357
1.9977927092665386
3.8415848740795884
3.602503275922786
1.7235062974679878
2.8899755252193993
3.3495743384372387
2.8755377860738434
2.027868830672523
2.711208897311823
2.5447881339262057
3.3608954624363863
4.032849292292825
5.262550897930079
5.849544084386995
5.38855518126845
5.5904575283942455
5.000154514295417
4.786661653665481
3.9277438234424307
3.919895745530166
5.248121402818866
4.998842219070239
4.1347533395013105
3.927141018034991
3.3709158742404846
3.7036881885117867
4.1456645120626945
5.5912164040723304
7.4907499015561365
9.084930549254674
10.435520511124015
9.537505735604682
10.779471043933883
11.35249137259978
10.807153619632048
10.802876466136695
9.637258694606192
8.34383208367057
8.844467018969862
7.155761084541515
7.113789834313272
8.400524379803409
8.467225523771578
7.216802116251019
5.510539026444905
4.463671325412763
4.218917627408325
3.239631959493732
1.3626073502024096
1.9543486796454879
2.856773040902369
3.7733627161275436
4.557138071792013
3.7284826225127503
2.5177104886776243
5.346529430801013
6.489402804896546
6.345270944662624
6.087045120424375
5.297267384180854
5.0768642098105525
6.708376192980478
5.115946887406293
4.732555940950819
4.829074844982993
4.567936412320959
4.572934222619346
5.082153566215596
4.902894574656016
3.930920059030338
1.7747773395729853
1.022096549544225
0.02611485876073541
-0.4695781820100431
0.9174010842075961
0.5772160859414566
1.4521994984529312
0.2296274125058098
-0.10396527886593213
-0.04978430298500469
-0.6674526407757398
-2.059527472669844
-1.570622434275882
-2.5689409042893527
-2.50144854492834
-1.0072280077128166
0.017341146506422406
-0.26513214347844954
-0.9428258619902974
-0.4653569320351741
-1.3853624999763718
-1.5097732137415634
-1.561086569707201
-2.6052897552180085
-2.2889475541660578
-1.181567211412048
-0.3107555585791706
-0.9770512220749082
0.0932212821879678
1.3486519346660597
-0.7310062944937857
-0.5389097374756893
-0.9082976197690754
-0.9815369204218338
-0.9465367874597581
-0.7292865218657203
-1.6760907396994011
-1.7166316239504529
-1.4607377874950727
-1.6103642903146493
-2.0398600738266044
-2.1498630285351013
-3.013389386730871
-4.5751999100914995
-2.037190338133615
-1.391964537050297
-0.7109751143713552
-0.5871270252490451
-0.8241357475453557
-0.6506579455549029
-1.9211564836169681
-1.4704118457723407
-1.8370338865082065
-0.7682563263334568
-0.6253657918457347
-1.3201531634427002
-1.3151330889059452
-3.0688227636975745
-2.64415839948081
-2.800215006190884
-1.32544935197231
-2.0829865125911526
-2.015555706497721
-1.9002376292169258
-0.45678440941404935
-0.5126875217439822
1.5298562556362576
2.0961288837293046
1.8458876152338473
2.063742419816736
3.4243239936631458
3.610552450989165
2.046259535480667
-0.5127638413287422
-0.8136883034135489
0.045285596948487855
0.5477379912850296
0.5118532183487767
-0.11331283329530811
2.179289090442035
4.6283907501221595
4.094539217879542
4.203523771857906
2.5132257433708314
2.338543500701256
2.5208685316076087
2.2727273419895213
1.1553139450686263
1.8752525339375543
2.835578529408264
2.9250353529886683
4.416860835459069
4.5691400886667255
3.2098372730470377
1.788949906378869
-0.35176915467747427
-0.21130660111907892
-0.8208661511655414
0.2243814099608114
-1.076287363559012
-1.1837663321421081
-0.5952653981205674
-1.6404344760758418
-0.7571873051146797
-0.11892473449930313
-0.5385712928895914
-0.01990921191196479
-0.3525838519304447
-0.06662972956506882
0.872294748874509
1.0880615432529963
2.095948481040678
2.287122060836773
2.8888469019872547
4.447536211520632
3.5926939257328065
4.324395696147559
4.085784222984271
4.835916185508283
3.3705237169632465
1.8879402687407147
0.8141019309066572
1.724629920926011
0.22520620394354518
0.8091369794455884
0.9490134784618454
1.9399988680080045
2.6288624658655024
1.0234576297580522
0.26050210960467524
-0.6182502926646344
-0.10676385040992109
0.6698498355378597
-1.2413929398197525
-0.8922935709287176
-0.5211697978977438
-0.45648713473691044
-0.19395362246977688
0.5664708732533399
0.41870497737670953
-1.0499190803637213
-2.508221470056717
-2.0032225478579813
-2.0123692911084508
-1.5083075842755393
-1.1339210382834517
-0.3416953838652135
-0.7427410267924125
1.454506571594302
1.255561531125491
1.321359487455651
3.249833145696047
2.160702300600819
1.9262139673329939
1.871961024965115
0.0698389407552751
0.6158884473022523
-0.29809925184299585
-0.306516545522159
-0.19646622275689285
0.3841490379679297
1.5895640026901574
0.703086924815794
0.6686306066620274
-0.3600664185024025
-0.2739340053080559
0.8727776345291092
1.0305684136257511
1.2435644247945807
1.2046628575117848
1.2001737539252424
1.8063612399861007
0.06054445702192038
-0.37494243802335886
-0.33153300070924535
1.551020440682091
2.6079630195279284
1.142573272353436
2.4632112128845467
-0.9177158273396051
0.7870284525695845
0.21831699814325184
1.851166841800893
0.6792345638967974
-0.016645900917888794
-1.2817028956558911
-1.3265180457381403
-0.6267801293980706
0.6047906413686082
-0.3393004405275668
-1.1572874536137738
-0.6713415099995915
-0.30950769277179085
-0.2349811104633031
-2.5417095644990564
-2.308815140968127
-2.241277600107746
-1.819293180825666
-0.9021390721134114
-0.9861084907399058
-1.6593992170892768
-0.8964317272190201
-0.7955097312583239
-0.7236370205632887
0.07127799993399062
0.3497700151636464
0.5452525247327452
1.6263439919053417
1.8422065597795234
2.1934704439270796
2.2223837488839306
1.121325071442601
1.9170550938080508
3.1004185674603155
2.992275939358802
2.1354190369074058
0.6335985413859179
-0.7365119975161437
0.05293186481289493
-0.8363089167948075
-1.8156326081858838
-2.983389199046821
-4.093916861930054
-4.952202117351655
-4.400119584842142
-5.687798320777821
-5.162099699834969
-5.2494373731194415
-5.365949149930496
-5.543014866063596
-4.291917432839695
-5.2050553986657455
-5.287600626252262
-5.651398935611894
-6.923640933263805
-6.408802068822507
-7.189386241492769
-6.811132838004812
-6.014068517462304
-4.9215546375146495
-4.230401995682084
-2.842698071779839
-3.6972784871006823
-1.7595420239866835
-1.328956313076635
-2.0653100218114027
0.5837239068226046
1.2174229827034326
-1.3705415134021526
-1.5351060102651624
-1.5159765187337428
-3.2632659927904983
-4.2960654366488855
-4.29436043016263
-3.026507011449945
-2.2275968920355638
-1.7768243492056772
-2.7934955289600643
-1.9359048921437856
-0.08379475700890643
-1.8335823322048104
-2.9759136258355854
-4.823224128042764
-6.141043546239651
-5.727650485086679
-6.413494514202453
-7.871044638838544
-6.315901330450484
-8.175284833609233
-8.1773083073884
-8.926713047407912
-8.864741104466349
-8.045874765246783
-7.157315784833731
-5.472969077338845
-6.001995663133227
-6.691758565246844
-5.247233760131823
-3.7257806712252477
-2.53498889245997
-1.942031103333372
-3.04707446447765
-2.723820281655808
-4.3913573860369315
-4.111868665334633
-3.442111421001292
-5.074009681340841
-5.322568753530977
-5.120885276199496
-5.26962290568857
-5.581508913462918
-5.333810186813113
-4.887887180805038
-4.017091219890071
-4.982154363061475
-5.230989330062512
-6.731350643125504
-5.674297823177826
-6.799268805842328
-5.484069405798293
-6.112247573400304
-5.96316854234327
-5.585242866563604
-6.678896175628106
-5.656754992341137
-4.923020376029027
-5.5920080938993175
-5.932606542257307
-5.220713491015458
-5.21311579427116
-7.90907997866846
-7.521783340026783
-6.857539667829294
-6.919196213676606
-7.6600837147355145
-6.015477510091288
-5.107615679485191
-4.615117561357216
-4.616526017862981
-3.0935792759124876
-2.0217942107797002
-1.6168932310196356
0.2731105974001542
0.3515823645087164
1.226134263959474
0.7438154303573206
0.5751932526911832
0.9572055823630214
1.4461641076935263
0.6118528789569949
0.8373484620532451
0.7472836208227297
-1.1689704726255725
-2.983033256449061
-3.481822278290069
-2.9252076780501444
-2.798138577219694
-1.6826158970503828
-0.4374404441779831
-0.6453479285296859
0.22009420325746595
0.342945471986983
-0.024141278470527435
-0.4041471944216067
0.5780001346707029
-0.06325858329349385
0.2465403858356191
-1.0666835694146917
-2.788948499202399
-2.4130593461218175
-2.2729480801962763
-1.8787148718542688
-2.2125386845122765
-0.8703404990232712
-0.355767547643406
-1.1130168018156916
-1.1313101135551058
-1.2997709878596537
-3.5183103698603406
-1.8360654913188774
-1.3585991978856142
-2.2756786180992528
-1.8370316463267837
-1.8625313802149495
-1.7598758403985315
-2.4758637771286387
-0.2976279337411289
-0.7671474763297149
-0.5088252116072753
0.13348685134475116
1.4552046120071847
2.0365579371046993
2.7499073128844627
4.676895417989526
4.26930759075006
3.8044972136346566
1.9638775886307283
3.137512083816984
2.924774814786578
1.552232346787649
0.40808346866325207
-0.523466736253533
-2.1911283838798803
-3.045777775302219
-1.9580710910290644
-2.3548896525316807
-3.0085833796399775
-2.1965125534754155
-1.665529843081026
-1.0267822669590283
-0.6645647586627501
-1.857652443921371
-2.3508830395262006
-1.4360222081275789
0.37461926719024274
0.09679099968590213
-1.0320324744066012
-1.8943710967073857
-3.629520893290705
-2.930482914696141
-4.27540554012752
-5.308962080169409
-6.762778394035295
-5.857321876369975
-5.894584749600803
-4.526291725556597
-3.3436577275946533
-4.854273472613781
-3.630348483868778
-2.034746715241103
-1.557874367275326
-1.765366544710525
-0.8924041389432582
0.7484211054928915
1.4781558359966074
0.43223665858459215
0.39666130946017214
2.559849184685417
3.8762345942906165
5.024719311080646
5.293602437352139
4.205867539520123
2.6665853454028308
2.8871583137434396
2.2529982878065717
1.212261305655562
2.5225256284228537
1.567127554530568
3.444077336432504
3.2013280906885764
2.470870239759245
3.1553578376325557
6.150840544200078
5.7604158906239595
5.558961078841719
3.4424863260691896
1.6307726480143727
0.6574991705619836
-0.14036673896167928
-0.5350399963652407
-0.1757959535055123
0.025396584792280998
0.1576180096518834
-0.751529365431215
-1.5456217960986502
-0.116294755163927
0.7515425435586555
2.811187092257104
4.3053443019485735
6.40916842166674
7.0964842801503325
6.541127214221726
6.016084854069307
7.058485937510852
8.502820717649481
9.108102871487365
7.811220471881333
8.139479668929795
9.443077525599657
8.253718286326613
8.004183660129849
8.16923321256068
6.699159610876104
7.171749342345311
6.113403771270356
5.618272063443541
5.162341296961842
3.706437930589181
4.214339864930898
4.880231645642657
4.717027264237764
6.222676767725746
7.079890473074017
5.9313510440350985
5.549264985668859
6.076095662352811
5.553539189856259
5.107652513127812
6.76623380619856
6.371072006678371
6.1440656257850925
4.759435048377945
5.365791469548203
5.499574433304608
6.796011522965564
8.482833641807387
7.726080306162596
7.818977719892201
6.484607794139131
7.006388896155145
6.573056557095446
5.974551000731577
5.595363871174664
4.487353407470905
4.026957507529937
4.755389616098208
4.87381950381488
3.03615361805481
4.271097162170429
3.8010508118483406
4.41328836919557
3.6157808924250605
3.0417704519102635
1.7442592015523917
1.3474279305022552
-0.06724096020696421
-0.10562601171245103
-0.1280082458797656
-0.43008763316457177
-0.8740236989921528
-1.1626582816297508
0.008363060930392664
1.0575662165719193
-0.46332170204108336
-0.3711071841546483
-0.29867572699679523
-0.18851088743717823
-1.2248799620598105
0.25517885707565185
-0.6801724913359931
-0.11508778717953475
0.3799657737735726
0.9038494213101382
0.7891187548650873
0.0643467448004578
-1.0806941557244565
-2.035149721630388
-3.042929918518854
-3.040786192662989
-3.040403008206512
-3.741440732294501
-3.5427391958727625
-4.416851103034522
-5.664870571422824
-5.252758403718206
-4.216560502783663
-2.685745521639213
-3.4250569474213672
-2.6816728862421697
-3.1059733646814993
-2.322238294323198
-3.15979003650784
-1.5004567076043618
-1.9108278527331177
0.5629012454108295
-0.7363744634920342
0.06782771472661085
0.8991268597288253
2.6778135095845585
1.1598866215020864
0.008030251641795522
0.12001194820851574
-1.4591428295702313
-2.300193070560843
-2.039714872042179
-1.5232326756442782
-2.4617821329115603
-3.8446167640255022
-3.7243942418365457
-2.14361016840129
-2.9431025177237697
-1.3873089692464442
-0.6127318123531337
0.07576552692075607
-1.25390807928228
0.02994399708140079
0.23098894199881426
1.03762987655757
1.9731018298212084
3.240986160444348
1.9711954636749436
3.7653249972956933
1.223191225352266
2.8811254786287193
3.0090855458322907
1.424213615918472
2.9412165648984705
3.6521882791398146
2.3824514558573537
1.8927141027244836
1.7479245972886324
1.171377136721398
1.9534679477743926
1.8544070946931162
3.077863835858172
0.7339287299217998
-1.5738272650606235
-1.6095270730305724
-1.8980256295496736
-1.3027073276868326
-2.0099730994550655
-1.7880751791993057
-0.6071651066530245
-1.1290124456732498
-2.1573281099365187
-2.218003051324864
-0.5924383558134202
-0.010376372010644647
-1.535104136763841
-0.09545454605656317
0.7978124449137027
0.7376353605953019
1.088751896304614
0.7168647922614597
-0.37265971856706526
-2.117884531295621
-1.3864333289022093
-3.4960984639532895
-3.1899653804452983
-2.6133180834045753
-3.4132058452168947
-2.198524694441314
-2.699210952948403
-1.6430349261281703
-2.578823267787656
-2.9384119894080247
-2.89863152058259
-2.1295426537743394
-1.92505160822901
-1.9925053243295998
-1.5430839729781247
-2.777690126898599
-1.600216878916307
-2.470534298285566
-3.7752388088209643
-5.389698001853191
-5.169664494782548
-5.105513352295879
-5.8245350332714425
-5.419931883182596
-4.075680300767216
-4.51638222036911
-2.182772296407408
-2.03001621487551
-2.9395347742936107
-2.4208207591330266
-3.2204972359994377
-1.3392042227685699
-2.5141725925387335
-3.503576415102553
-1.0276866656796044
0.39945268638087233
1.5369622325916068
3.4364743298921003
6.445914940085082
4.339576803969977
2.8829401087655775
2.0224522059728196
2.607378511392136
3.775014166334287
3.550338372670496
2.2463187382769823
3.183155611058746
2.76439915742304
1.7496528847503119
1.0122580759144177
1.8385450146692535
2.3224755984548024
0.47847654513166926
0.23698525178648192
-0.6628526858206476
-0.06293939713838959
-0.2784593404801561
0.8428221432043529
-0.0219915697082221
-0.5099472693849971
-0.6238157647322413
0.2130658544430657
-0.5568722883531485
-0.5530940037079419
1.4516373308260566
2.2641743857110432
3.5978958399536562
2.1930917467113358
1.5586498525216816
1.6339169464357477
2.1090835766580582
0.7904050722434053
1.2170274991752832
0.6695257723327438
1.326717111285399
0.35402470296743244
-0.32797206966071035
-0.09944409267326597
-1.943427210230014
-0.07930876314926634
1.3716325140213892
1.9328495841272073
2.5473610339405055
4.491951184048865
3.769135543211195
2.6243693096664833
2.182648056128914
3.952601676137397
4.817233416841115
5.369270558107599
5.4446243844141
6.220917935046181
5.411013274225203
4.5339194323102046
4.784220027390128
4.172380615626703
2.9386472245732524
3.8500346777615455
4.682991681160551
5.08050613696394
5.093480160078683
4.418345190428584
3.8981918474033774
2.7920785598517326
2.462280776364549
-0.47218751103002504
-0.44945416099379915
-0.5826240371420478
-0.0676286029846182
-1.2776730749550747
-1.1986124826727076
-1.4658864148887054
-2.802425406265844
-4.728055135861088
-4.51528341112972
-3.931455994388259
-4.40583558423106
-3.343525902499292
-4.474180410007268
-3.507490426023314
-3.587098362623259
-3.20664902445249
-3.252055371301168
-1.9974592237149142
-1.8259680361605988
-2.492639024768095
-1.4623295656942454
-0.7737902962371137
-0.9248644991741046
-0.563988716449644
-0.2040881574765477
1.0194634102265683
1.903619108156625
2.9675422386764057
1.814115789846007
0.5930178965197546
0.37984988613260495
1.6422082923632315
1.597681144380423
0.7179156897508974
1.3796450839856027
2.6844411742792142
3.994483282855165
4.073278149520341
4.15123924408812
3.3001101470627536
3.4380907581031805
4.3628495929327284
4.044831459463198
2.9147272987625072
2.9300568646434986
3.174425579091299
2.609258111103695
1.093946923979325
0.04277323875218962
0.7379415465209396
-0.0075566462541633295
-0.05699629059885056
0.5441417606566118
0.44319864125199104
0.5628179578042359
-2.2692782184301628
-1.953792457492039
-1.0028417826669358
-1.3522541669838595
-0.5369691708212726
-2.4564772364522707
-1.9597245403990806
-2.9761211444193547
-2.128151474747165
-3.0940535157021083
-3.7275010879230654
-4.229290129281909
-2.7654520923553094
-1.6687688258963211
-0.9569138816787546
-1.5014870259024242
-1.0673387593427062
-1.4438016553990494
-0.542056346220817
-1.453539027168742
-2.118503990090613
-2.4208329398534034
-4.664648006781956
-5.056406971143505
-6.205327115157463
-5.386503535783878
-7.0035357339134965
-4.987649644292966
-5.015209008023593
-3.1170213324475164
-2.15692620866024
-1.4207518197538995
-0.8930050585420589
-0.1958394189539175
-0.375053035640501
-1.5318201025637233
-1.8161183449444227
-3.424262940989021
-3.1743569101518743
-4.331920087045442
-3.831218647559327
-2.904407226482201
-2.2360793786932542
-2.0206567135041213
-1.5400060261244288
-1.6144149274182436
-1.5698824344894529
-0.703258880368353
-0.037518797103528415
-0.2996835494789801
-0.1479439924099315
0.2101371645841717
-0.850843753404803
-0.10875325497098276
-0.24807375108920976
1.8222819285778686
1.8632409983185312
2.4682290540768688
1.5415124455348745
1.124416681793405
1.3623564896568054
1.7608640654215328
0.7660881234305624
0.16984566009244043
0.38129979721812995
0.2881374440191338
-0.6240541794969924
-1.1187210005152606
-0.003159848348031763
-0.76865257967217
-1.0427920171103786
-0.15330106708931232
0.05350679932335971
-0.7840359583553603
-0.3798609382244351
-0.8113135042901936
-0.02344923241138899
-0.18630399608596065
-1.190254501180534
-1.438823214851906
-1.8617097548396806
-0.643548049837984
0.6760520632298216
0.052917788578706465
-0.13113208677983235
-0.8221030484642087
-1.4218129644687074
-2.1436736186305905
-2.316534752688017
-1.8324986888899815
-1.4783406337018052
-0.8117652743556587
-0.3753504210001509
-2.4469966599321094
-3.5710377349940066
-3.3862167356402972
-2.690818122353208
-1.565449393911723
-2.2584121404618718
-2.5296382950404137
-0.7052055094969892
-0.6162691672860962
-1.1372487049617381
-2.3127940418133894
-1.7130165006053346
1.5588307539459043
1.8212108180570494
0.7413565088960857
1.6866545951511767
1.701691327342681
2.710623975644998
1.473307944073032
2.5094405353357274
5.001815408665667
6.003640893628489
5.0241016176697135
3.8221029904559045
5.223979402353962
5.260037111939168
3.67054854607844
2.6561127852752344
1.3927856968571044
2.5762021484972384
1.6970430700311931
0.024441549988197656
1.205780780636328
0.8301902961234194
0.552575233483603
-0.01383524075612691
0.6614599754336784
-0.21917781376795345
-0.21474614701233496
0.2678300659677774
1.1481275687963337
0.4752691583793147
-1.1396980746036713
-2.1495183447432713
-2.281462289948351
-2.7496841581746154
-4.261978902320062
-5.47021681506695
-5.374658314664097
-3.8427266477564044
-3.4249650136863616
-3.1304605680740387
-1.7887485871917073
-0.9147812328195876
-0.31268930871557526
-0.2322948398848997
-0.6470131683424273
0.2615072380695749
0.4754442016644612
-0.4631497599370769
-0.3457722993946833
0.10656446269621579
-1.0482653467500165
-0.6536031319358924
-0.11256019849426838
-0.555468020779568
-0.29683965059881634
-1.2988461150423511
-1.4405749518770525
-0.599207228829401
-0.3063199656002615
0.2828443216899576
0.20530746466078192
1.4242034176638874
1.654836731943775
1.094603982194495
1.616379651867474
2.147204634851685
0.99337850922373
1.2600969895731022
3.0277407528670355
1.5464735578293924
1.8774265953857918
2.0555403307618834
1.6052886579999408
0.5966957497402544
2.250757271937858
1.4209619832225502
0.33829638309358684
1.029774733396417
0.6104351604355361
0.07025780703703875
0.3766820415520109
0.16066318027474458
-0.3073129787616008
-0.10476750417501038
-0.6901502531841004
0.24256099577584522
1.3203452835237537
-1.1965371837871812
-1.7776315886629037
-2.5274287720711492
-3.5310489894254706
-2.2811668184810516
-0.9405691176648783
-0.09872356631085011
-1.1376183557635968
-1.2890974814989684
-1.0022492839232513
-1.3645324009812603
-0.9613582064260169
-1.475345773130745
-1.494089719270652
-2.926457502141271
-3.674146706869108
-2.2030379621253124
-1.8114453752113486
-1.1630727754264105
-1.281776773209277
-1.862253204342482
-2.6940176944105785
-3.7758117069746757
-3.716985951471869
-3.8770452810613842
-4.009276311966617
-4.083099814863567
-3.861313394781956
-3.501142246580148
-4.371073657219325
-4.787553301242256
-3.171265106225082
-3.019569065844239
-2.754380506140664
-2.953699277973091
-2.4346081912081456
-1.3426355864823822
-1.3592825643817168
-2.5631937199606063
-3.4535699043042247
-3.0301549910802335
-2.753023656283212
-3.8046489631382236
-3.910133087001145
-4.816494812208723
-4.164685559614959
-2.4451756988600715
-1.2224753970917557
-0.82839411613917
-0.25396250246384844
0.5646159970766065
0.41090003123056706
0.4783841278115447
1.326006406183355
3.131434416314517
2.1462629916315303
2.681069586731672
0.7503827582775916
-0.606655642137592
0.42494251969367086
2.412902199575111
1.591963647837749
0.9842217263434038
0.692209073429228
-0.4434799256099955
-0.7098059194820135
-1.3949056647221934
-3.086564144437944
-1.0667628837459011
-1.2002486065962337
-2.4947332323711873
-1.3186203157697343
-1.8050098630505609
-0.8364020575202679
-1.4902310918673742
-0.044453844126489915
1.2132585635122077
0.9454105103404284
-0.9733670459947789
-1.7845104564819247
-1.6501525192049011
-1.4153921820092965
-1.2864543382100089
-1.6974789477416796
-0.6625190864841758
0.6637838415872039
-1.3034020899080536
-1.1887275133716495
-0.4284232958563929
0.3990850666561577
1.3164747630500295
0.07185605768911978
-0.17498612899955385
-1.3008432657681168
0.017934966510368175
-1.8268181674990875
-1.0270441918852682
-2.090892694674821
-2.2392216371111333
-2.8541840004982117
-3.5501229420303178
-3.100556073454699
-0.9076545279301707
-1.2607866558054954
-1.2899622444108487
-1.9037287798189093
-0.9845686697649336
0.7059864851009359
2.3785901529561784
2.9283967926482855
3.301209996035435
3.974896481208112
4.269450317194774
4.926089298575052
5.550454831721428
4.774527113751293
5.663668949881194
4.212563557281736
3.552956051081025
3.130493065206248
2.8213087708788476
1.8904596197942147
4.207187886481111
4.850086803890479
4.778407250996533
5.0478231172468595
6.073611026016792
6.743312907711044
7.095953105241147
6.7051344488437765
7.14375189243007
7.398780841337015
7.83094540284625
7.426376773145561
5.924311946951835
3.8854038853702377
1.7685438215453648
3.079496974334545
3.4099761043535666
3.0645580069247518
4.318169227214052
4.207623589190826
3.4372148348091622
3.1546886554839437
2.9128941010911635
0.9808898728955271
1.331951169702852
-0.2869377876438415
0.8245534835634646
0.9163954518495646
1.015074687595044
0.015297007593405703
-0.07857258630448409
1.586804522657614
0.1978519381983479
0.8850954421053269
1.2628970413728005
2.9659369374333626
3.163397674872354
0.029958515317566027
-0.1547767472059174
1.6595550428263415
1.9634900561567308
1.313414560917773
1.1685377019457204
-0.24613505612811143
-0.3961919227309062
-1.3282504252672342
0.10460366774662357
0.5699411670612076
-0.1868289449720095
-0.8774624659222484
-1.8055633662178365
-1.0924734919648522
-1.458633602729621
-1.8008259037857655
-2.3521393870143092
-1.9939507026189927
0.4251573432806889
1.3617891266565954
0.6612042747516709
-1.6606640400395347
0.38765579875790823
1.6074461161453162
-0.39536047396461393
-1.712819419166236
-0.7551419774439472
-0.8853667789818447
-0.9402551908132653
-0.5855484171703165
-1.4022387355579842
-1.386178963405984
-1.3128138903917
-0.41764697550356045
-0.8127527257705303
-1.20622579903851
-1.1713470062991602
-1.7991362739348062
-0.6100370511277062
0.15994783206477742
1.9107640235615986
1.8866279728971747
1.7171979662339107
3.021197485974375
2.220492628857706
2.7583943286301476
3.1471037495988012
3.9947173870756916
3.796095827995634
3.103407107752016
1.8865719185092158
0.9849006375216313
0.4827849889962625
1.6946401759843235
-0.8199147408295179
-0.8120919763925435
-1.3769321488489736
-1.9941796051350207
-3.2327240831956328
-3.456890287072161
-2.8524888922409724
-0.3156362547537883
1.4198902430315734
2.898421215354355
2.390975905930234
1.0119498220924437
1.0299525731676593
1.1497737401305803
1.8012661713593539
1.0117201229708768
1.0910806799000852
2.3211229671867497
2.4173513694920628
5.007879830754741
5.480620832301342
5.117876794630754
6.016048457104906
6.207146574957638
4.48114597344395
2.9752633113362035
1.8161934750856363
0.7596153063553778
1.3474379461253332
1.679955492593353
1.0068901066452776
3.5672631384826854
3.3433785597088472
3.1622548633812446
3.425561381942229
4.253403430400383
3.002177422428956
3.0349165114389622
2.545972211890392
2.4959356975187683
2.6826664592107154
2.9451133340429005
2.3098119696882784
3.1261962029383135
1.6775338092530612
1.4081363890877236
0.05036280483919109
-0.3742366229431431
0.145814990452618
0.12101952766628625
-0.9502221326518914
1.6541342987153251
1.661567029704346
0.6938574739616734
1.2192469933513344
0.1234351620173462
-0.5931481469727659
-1.4206424446580836
-0.7347499921186267
-1.5026743530365394
-2.9574551571992163
-1.1499367791186805
-0.7786317952788633
0.11651918019497842
-0.1187266993087793
-0.32240459757652346
0.8620996597940837
-0.8648608462550551
-0.37725361926831386
0.05317633299320354
0.07939653115009722
0.9286865405038042
0.20618916533350495
-0.48658745575266116
0.40816508701381515
0.9110639489042229
1.336040941993412
1.917561092212566
1.3119904690688788
0.6449903739016909
0.03701082746788602
-0.054278206596345115
0.06859991044104805
-0.9174584844069413
-2.3113908924824895
-1.0858285763419901
-1.4482182863377602
-0.4898843397592114
-1.9684883591561366
-1.7095536605955108
-2.9064394096338666
-3.552108047073787
-3.5855139574015396
-2.693360322033287
-1.7601748056697029
-2.5007764373965244
-1.1594863333070242
-0.2829905519739716
1.1162959338114467
0.2677592273084139
-0.03747696669665671
-1.8649539038295717
-2.1366325131896016
-0.8135952960092099
-2.191765832808056
-1.389780376162659
-1.555796686018134
0.5996590657617439
1.5913156488974947
2.767557473284557
3.626078953542633
2.9378024663551194
2.1536135979741893
2.150594781681935
1.986300870451024
1.4976397805003683
3.1284559390523836
2.3753061197316336
2.0027248680897944
1.0782285644487009
0.41136665505963044
0.8878835466447382
2.079757718694144
2.1589959321423193
2.1064412482962926
0.9105492465112712
1.0338073716252094
-0.16301310579342787
-0.8767764549341358
0.054887709903567644
-0.25618305090762594
-0.39255563695694495
-0.9114993602141592
-1.2903643560497515
-0.819625735600491
-0.8340994004950062
-0.944921139897141
-2.2581236463998193
-1.5503451480077568
-3.1653837928121575
-4.408310802694141
-4.309796989285775
-3.585857149608245
-0.8057905348935605
-1.166051011407904
-2.3290507511827134
-2.4986444980834825
-0.4898451157277375
-0.3082857952903978
-1.0828722225325411
0.07112846401090499
0.3440214313237096
1.3093730500185057
2.1697474554656666
3.5859355702738096
3.017339243037605
2.993597776092981
2.515696993055469
1.501702532003774
0.5094574709911788
-1.6237044655939057
-2.7459564136729333
-3.71083007844783
-3.8723567826520484
-2.424671862959618
-1.6487092096998184
-0.3104998208830882
1.0257525215899645
-0.5426104526259707
-0.46440465499097316
-0.35423719898860706
-1.240739574395666
-0.24095982209634637
-0.0011987244671394469
-1.3637713777890754
-0.30620648787417537
-2.7227405003474328
-1.677750156347751
-0.7724554769062979
-1.698079814991128
-2.2949339134690594
-1.952774221005384
-0.8733092553804805
-0.6348732385081982
-1.6286110552772366
-0.28384956849084386
1.4420236588333826
0.5110340374461763
1.7759472980325746
1.4310954853107007
1.1869222659211773
2.1743970795980547
2.1318586533055455
0.4167691762323329
-1.1652778026809607
-0.546230256282133
-0.5486594612831253
0.4119355143603755
0.7089051957338484
1.3616164626655305
0.8066178424546955
0.6760061921351513
1.8596949806129282
2.8710292787718648
2.8732014044272156
1.69393163903159
1.9850700940328216
1.05052237283971
0.05556067426836718
-0.5130054509177812
2.630380672210352
1.9347677803560188
2.477814985668998
2.02751685585468
2.8125814068414385
3.345203667384391
2.4610619196986168
0.20471932197659828
1.7762523533733858
1.6124866794248953
2.5814052958640077
3.542390066168409
3.1394586247219998
4.81966817672155
5.4476531288026875
4.746424056273053
5.075750413929539
5.627715480640258
6.684883552048692
4.5871312502307395
3.8473100097877615
4.023692416786684
4.8106963414846104
6.862123833125016
7.86714334109163
7.369623550620457
8.363850430254075
7.8406821834022775
7.786786361096792
6.900690465969557
5.68404469401355
5.4774311550089045
6.590114813402361
6.425607999119501
4.914986073834923
4.781189353791465
3.720581694013467
2.8720537404632704
0.35101231281414025
0.5107197432645626
0.14479843572654116
1.3637440881586598
0.5249216212395926
0.26959015176039786
-0.19505445683276956
-1.7251777944693505
-4.125955567081427
-4.265026983160591
-4.453698791677014
-2.7917714849968136
-3.919924776465877
-5.815372462497096
-5.690025042635577
-5.477300324378774
-4.9843929831790295
-4.7678887103372105
-4.678509327762078
-4.537527308437256
-3.1001817642334033
-3.9446907695100855
-4.0341512825026955
-3.121923300456621
-2.570317119677505
-1.3690857595988633
-0.7882122364352533
-0.7457334107664261
-0.620148153003488
-0.6224713580252568
-1.2147819439042562
-1.908966045295971
-1.3267141734217378
0.2265064500476249
1.1885812461780296
1.9832571216223644
1.5760259414766065
0.5493670668664838
-0.4755504624748473
1.4314618080573611
1.7428526094457908
2.0941543777207636
2.254296517209132
1.6503170348393466
0.9677571303507596
-0.6539407542530067
0.41391837717805985
1.4060602335283259
1.8506249619813617
1.4404605876481291
0.27740548330430564
1.5690387925272051
1.241272719055552
1.8782507317287775
1.3770857904393305
0.21258666419370018
-1.07440479262297
0.12458683233201609
1.025682001995491
1.1587551320402218
0.5217096635449848
1.530428566313659
1.3017236336338804
1.6537268051372391
2.281106086930508
1.7528792632285466
2.049366206957703
1.2879479259609175
0.8764990932849118
1.997329664133715
3.5829032623478563
3.149789338293531
3.2063595841928976
2.816212722929984
1.9745212124973326
2.58792237973282
3.402762417620531
1.578954862081013
0.523138210142938
0.17222680837712223
1.5972937424844864
0.8524668908708954
-0.24747864160419922
-1.1541351852044635
-0.4132804865986495
1.8221924123126039
1.6897897089280587
2.3412380814938034
2.461520880309684
1.8535112079137819
2.079490166800368
1.0374047685414125
0.06553891629592062
0.3709630271788756
-0.10811311182120026
-3.0089496949676
-3.0821533153091933
-5.028418339977581
-5.991954196577043
-5.638445079608766
-4.967215032095829
-2.12667010225541
-2.1711081899463127
-2.357392556370022
-2.4086273027928358
-1.8632491310553398
-1.298868416606474
-0.32728049738870746
0.3682150097189056
0.7127781696453548
0.5153535816647496
1.0625173959525676
0.7699927216099757
0.3788522179560603
1.768947143480595
0.01639724835361645
-0.7157280171881091
1.3935785778893406
0.2646543104247739
-0.8948540001227228
-1.0462119966083832
-0.4323725176953736
-0.7173527523997374
-0.18148067236052956
0.7216639396669369
1.9762309067963542
3.0717938326278564
3.0330704016126386
4.284196962487391
2.87872196857001
2.6783400397422383
3.1872658123118582
2.488347768535136
3.05160640669697
1.9248054123915324
2.167908201248956
1.4016235172858174
1.4407734054934778
0.7754524094977254
2.0775058784281484
3.072257813008852
1.9042542510332774
1.3194431679145675
1.9044087184459948
1.4919400508870695
1.0720423900745857
1.455279894604249
0.9719256421674837
1.6311675177466178
0.4525295107097848
0.32757750504966354
0.7993332582692114
0.47935976516516443
-0.2576373994437079
-0.8156650751713415
-1.2318822398044404
-0.9884991774164732
-1.9284007928889466
-2.821988689120807
-2.714969435541178
-1.8318077212610875
-1.5234078226818168
-0.8000423949486645
-0.5318028281728415
0.894377246703391
0.7397459817526784
-1.3264192346726418
-3.062701087506863
-2.9982263877920508
-3.855525774527783
-1.043198690870283
-1.5030845338628032
-1.0095335095153346
-0.5865199617382173
-0.7558057462951016
-0.6775405721041167
-2.3001534165722353
-1.6503001465606812
-2.0258697648498725
-3.7302255982978734
-3.5675785380578993
-3.2473053816040425
-3.4372544676260537
-3.0147885690155394
-5.449103264158571
-3.8614007044258436
-3.9698411916493903
-2.632938433156338
-1.3212987523213657
-0.9844965874786459
1.0530962016345313
1.6344546984155295
1.5403080714091597
0.677133986991057
1.1624427219286029
0.029058118991188667
-0.02649260279264888
-1.7429567891170374
-2.477074231617504
-2.533340151330146
-3.0834312646867565
-1.9319360688982505
-1.913066754060154
-2.7003310707886654
-2.133866321660403
-0.013040686586689776
0.5418888876709589
0.5252017367072799
0.1668418747540164
0.7795465793200247
-1.2511090947628527
-1.164209938671365
-1.566127865203229
-1.9513368778515479
-1.3723914271899087
-0.7519791943912559
-0.41865130284175106
-2.0566829915624414
-1.892564242491951
-2.5006522385746264
-1.4996854421615686
-2.129370053237078
-1.246310274527677
-1.1586787366604523
-0.8090896303509205
-1.5577156425456267
-1.0334239252929485
-3.5423808274348314
-3.3104605975718617
-3.232120648287069
-3.370554791858438
-3.566439718876251
-4.0041882473395
-3.497357873166924
-4.350626811358051
-4.2311645427415785
-5.347603102321979
-5.137873457881252
-4.617790322581929
-2.625040347269568
-2.6116519016500934
-3.6995935143524696
-4.871815917663785
-4.895286382206405
-4.266258402175446
-4.5009488695041275
-3.2456319146769053
-3.5059042542633634
-3.15362922939868
-2.6484222822055155
-2.719917514501453
-2.849858468399932
-2.5381494071340502
-1.7465007112828626
-0.661667548176621
0.3889360071637684
-0.5205967373706337
0.19120672960790824
0.9705630702569984
-0.277653928039147
-0.6471116006592881
-0.37590483343907266
0.7658473875374253
0.34530322530279633
-0.42032769709389756
0.4818908639442047
0.607443576408882
0.11804999115421702
0.423764188457117
1.2350548049636427
0.01562566348181793
-0.47170804351943485
-0.23807719441352446
-0.8232644556195913
-0.7864165793611267
-1.3463841859291685
-0.31628028148994497
-1.9212035861802745
-1.3441969080741094
-1.4710190474184281
-1.063631399093302
-1.4903966751157083
-1.8709844080367246
-1.8157312323940724
-3.8751431397379217
-3.396806008223845
-4.071553102541236
-3.3953423929175672
-4.800267407125629
-3.7689638972217034
-4.675485671069937
-4.17685098705625
-4.950984862673739
-5.531252291159454
-5.324720281424287
-3.928425175748734
-3.256920852649819
-3.131468233186233
-2.7034382178629515
-0.7871824452140241
-0.8717885809033993
1.0510660100035245
1.5830540108948894
1.68991765238206
1.007799620519886
1.8810443022898897
0.28819393611695715
-0.35960049715892756
-1.0639191989390575
-0.9250089404595951
-0.1386950038265814
0.13116679664297715
-1.533671772447397
-1.8499196088017402
-4.058797589501508
-4.260254502410672
-2.897344946228488
-1.3539822416539087
-2.002042600972068
-0.4171659702610616
-1.9520361658838064
-1.973931168867916
-0.37979003949941237
-1.1998786696267376
0.1535489232953151
0.6028350815333756
-1.7957445062284372
-2.014947032638182
-3.020945306185987
-2.836193843082269
-1.0043476875498443
-2.2504058940794085
-1.5499262695132083
-1.6669020311473304
-1.8795106817262144
-1.4016299755464776
-2.9234293380482748
-0.10155848955290553
0.1260262104217737
1.1545710047941653
1.8440781693452526
1.8871564432740318
1.9217137242507354
2.613637380787207
1.838363101833647
1.4250849908299181
0.7856941449976148
0.5145079056222807
1.0037885655824486
1.6187701771914602
2.635528499682321
2.1983460590359853
2.0746920469434715
1.3363461451060643
0.6384603167967831
2.670438100315177
3.403266601125576
1.8776015961919619
1.352081750658728
1.4099800943271297
0.8663860962453102
1.250119624890386
