0.0
1.0529156362095105
0.6614165773596794
0.5907336957243932
2.045820365441596
2.5185664391528273
2.2079924805125617
2.245020626985113
0.9117655174847092
1.3052555682288096
1.889619892470991
1.6719803090001832
0.41530779719118316
1.5954972577725663
0.9453819296454112
1.9111867242427105
1.809019421841303
0.525341555838558
-0.07458049300667384
0.5859029520212149
0.29627199450425346
0.13404700273956524
-0.2927688114567926
0.36542806558513713
0.07778976101717856
0.20828226505377487
0.5430423481750135
-0.07763370001223432
-0.6185653380143109
-3.249819157825545
-5.277960025134268
-3.842495176312924
-3.444435472784772
-3.881707974180529
-3.11853285361166
-1.6871252171406173
-1.0310934356062866
-1.1203001883207195
-2.0191167434701867
-2.3402122646083234
-2.5677354564813024
-2.60554564631876
-3.38292835386378
-3.3554903551135817
-4.038089250640745
-3.063965770526532
-2.7102642377156116
-1.96659308342863
-2.811245055991326
-3.9495361939239406
-4.554676267653277
-5.357541986304767
-6.609240811405683
-5.996577318277376
-6.506179168715358
-6.8177290412671985
-6.320317840091176
-6.466198122456331
-3.7563496630821467
-2.721815085683463
-2.2563152435776765
-3.1150221221995475
-2.670243449909922
-4.250081666438252
-3.8685779266615885
-3.58495228453522
-4.642233081388184
-5.366051853357168
-4.098005290157257
-4.377374535265432
-4.435260345354105
-3.845840954988518
-5.425762491054528
-5.306782606473952
-5.05883296886139
-4.702812709272273
-5.007255513888403
-4.004787725222241
-3.1735097765817724
-2.704419151651642
-2.3114273240920986
-1.7069387105069713
-1.2793560249048945
-2.2873149342930486
-0.867455028657044
0.8634433373868192
1.9161561202810224
1.4954686385942666
3.3241434300897277
3.101096298833402
3.4327479727438184
2.3881278714177054
3.8866173268070963
3.1646263636422107
4.447589131073172
3.667667918177248
3.230369728819557
4.1809321034548725
3.2486967559641027
3.3627725677207168
3.072349376618419
4.52348334251323
6.219520154467952
4.2638384283032575
3.903722115502167
3.714615315006484
3.232454591137805
2.044283496990514
1.6286316946038606
0.9802788923494092
0.5782823367254485
1.2347728073201416
1.4721641857412053
1.432488061256205
0.1997760948118083
-1.533408591274586
-0.20173894702819975
-0.6096032734655614
-0.4276744380677777
1.273593475628247
0.39555493470025693
-0.3356406937195033
-0.8879206765134788
-2.471241469625403
-2.7889899874291317
-4.286377086292731
-3.854854991480795
-3.090407020033099
-3.0189337846505717
-0.3125415188647969
-0.6869604301010346
-1.4168550542435108
-1.7937353679546668
-1.9391097745714148
-1.516844270462985
-1.4233920741975445
-0.48451402210623185
-2.1295408205317803
-2.570553527243802
-1.745557875154416
-1.2313426089354218
-1.858458647132844
-1.325305511361703
-1.4983371135429675
-2.030928398699108
-2.9855712355395525
-1.7430445471261988
-0.9683765020823647
0.2057073397532307
-1.3959523503950935
-0.07105987859263106
1.6322871873535565
2.7868484964695694
4.085490639236001
5.1048383445674865
5.52257920673579
6.234761567825675
6.137403640955373
5.73039828484592
5.8355249686401605
6.913987524076205
6.505393346829877
7.139172737513886
6.91524646544455
7.600862600928989
6.9501797606436915
6.0059947338067605
5.152644646740175
4.52957423753894
3.997325541299212
5.231952867720261
7.996686655896788
6.914494240938672
7.333416330069116
6.507927768814759
5.997669398361728
5.752323970707147
5.389885742007143
7.504422447691922
8.707992193602056
8.057017422074125
6.754632675079961
5.724251182504613
5.3460806654806525
4.90696598410911
3.4586482266326897
5.300091382933089
6.413280793686747
6.500401386311129
5.889085125427474
6.53936321714465
5.9192386063917155
6.662651637210567
7.041456379680533
5.840979207335511
4.76246445684978
5.210839735496027
6.827152214560019
6.476959523654635
7.595311457300569
8.573913768814606
7.552619709890532
8.769178517315597
6.895684267300777
4.677505969255345
3.6134840871019764
4.132470855097725
4.654408296485181
3.8675715921195075
3.6847598915051423
4.23857966101825
3.0447463527355003
1.8929698044083054
1.8919087129706977
2.960424439489807
2.0142739909947713
2.369517188057141
1.4047758871710243
0.5946563382555154
1.1746036821639159
0.7535153648870199
-0.22639318952297624
-0.22108496081589216
-3.4103840518460156
-2.673565975072453
-2.292637027780739
-1.3278693111724404
-0.027487887034336314
-0.8142465153227456
-0.8772032184866033
-2.5805332272904304
-2.8158661416750403
-2.0021458752207746
-2.8078488245904007
-3.508677278749788
-3.383072640254374
-4.014255609583876
-3.269622504109146
-3.5754253181732047
-2.957158616632685
-0.8625371252505052
-0.722947896085319
-1.4419869467185302
-0.08788939873546422
1.7199349288867625
1.1675524457818083
2.9790141868691347
1.4962260326419938
0.19791815003018548
0.19015231544788477
1.4478241779192866
2.0361717270589246
1.8830565351127229
2.766625030834842
1.8220729118231984
2.124461718506701
2.027649213882052
3.1009079966954824
4.09881865391707
3.2901849531471625
2.3265090298307554
2.3002922474039176
1.8346645124120824
2.4128317326864006
2.0912308309616483
2.6502586268574597
2.846200817182732
1.8910840434827487
0.984880371295219
1.3890315895025789
0.22621905807879497
0.6981513347114144
0.26966031854972916
0.5431450992001543
1.1339537228180478
0.18631505379609914
1.2659270502373663
0.6303323070334144
0.8526930785957322
-0.6746343809209643
0.06077149943644693
-0.5538768529259849
-3.041647207758812
-2.6894474215734374
-1.3260471561133576
-0.7209329405455223
-0.20959515712438348
0.49503442803280595
0.28214235872742516
2.039944410217169
-0.7584081435546832
-0.9616123778488231
-0.7479160784905378
-2.503156157917275
-1.5887342964302718
-2.1450961390632814
-3.784938975075665
-4.070639727236907
-3.126182788084395
-2.777866303701424
-0.2133089964983824
-0.20972217057439302
-0.19232686877976746
0.7960343836002647
2.048253815100569
2.314274047582595
2.03514476058145
1.8122398968091884
1.7711560786259188
-0.008100296240931282
0.4688245119074539
-0.4582994143990999
-0.4531488779065182
1.0970177267581325
1.5745552209228038
0.25373130893636914
-2.8542299158821103
-3.284113465082492
-3.5461507973496706
-4.431583496301127
-2.792475273869625
-3.9920769533096996
-3.9090267830723784
-5.027006700559322
-5.160558747647823
-5.326184285362395
-5.142331175021094
-5.903203063533927
-4.510371869643945
-3.166483938557789
-2.6149794074432235
-3.6738830889498972
-3.331594863348006
-3.318528186547142
-3.1291674527895035
-4.965492424987383
-4.30974847585712
-3.6772728452190595
-3.0581724161632944
-1.0232160230909708
-1.5073635824451042
-0.8435557661288093
-2.187139669709575
-1.6851965887872007
-1.7108486712562667
-3.5473995436459105
-3.065343842021711
-2.775082726033619
-2.5789547038279608
-4.088104291588479
-5.031171116652982
-5.269619756627824
-4.43041258552884
-2.0950947955029617
-1.9647442319211097
-1.7725420120107591
-0.7621199945180983
1.6630521638950915
2.1750617948649076
1.3514565568571044
1.4018792364523214
1.3228924641178244
2.9347406246819268
1.1476109539386443
0.494143272985548
0.5120817328844893
-0.984767063486983
-0.19046444887430347
-0.362546897104547
-0.2727665867405409
-0.41117859994703426
2.156259919291507
1.3669557638377716
1.6441918995374407
4.310630447894998
2.776089149686217
1.9664889012886233
1.1508527361553043
1.5732278060265874
2.119963478446616
3.2391829526368214
4.352828920207481
4.517521961260715
4.479626404336357
4.505144606737596
4.237963128797298
2.2243147521310154
2.0741561150021495
0.7274763818002948
0.051517450941297796
-0.011920073458386797
-0.16992573187757778
-0.0796444036253042
-0.2899314813024593
-0.176887008850681
1.1960268877482374
2.346692731810331
2.3016242552859763
3.224842630350242
3.902282302853035
3.460585373456113
4.609485079707974
4.784707444893163
5.194782685748107
6.062604634986592
6.1403090875254875
5.720902849579827
5.064192969383022
5.201464446672622
4.33758291496723
2.5051438908965125
3.0472553304508763
3.3455325762955077
3.2185862222870925
4.585523829813118
3.6968712369543772
3.4551753148507567
1.841967360207517
1.4683100180928574
1.1244157752527133
0.3954824361426973
0.3054151695834265
1.2469311273085046
1.476939834882294
2.5043167335608416
1.4548071534858162
0.7044169901967983
1.1445572772438781
2.0034652353723605
1.8712001587523042
3.0474860448395398
3.2058883526647106
4.356475021163127
3.5789537048024993
2.8583432679695098
1.0313208370688216
-0.3177346775774751
0.4197747735063234
0.5572215982777995
0.19242540164826522
1.8669924980833188
2.023111099900165
1.3450812612154814
2.349500677255232
3.2808676696679626
2.698816868491693
3.556187590698582
1.5025116117235155
2.27313579014771
1.9666119249740444
1.3888816189468227
2.3169614318974343
1.598453840657723
1.8130169251595698
0.5830019867716174
1.1318431901011146
0.7999303571717521
1.9362272582116644
1.2947020793771387
1.1095785665432951
1.0343343896375545
2.7937886229740085
3.9699956150525226
2.156188959305685
2.2313303883327515
1.4326193570306642
1.8376392946920657
0.695753180189332
0.319405822528074
-0.550527594686344
0.14904372142028696
-1.489564621451386
-1.9760941740652318
-2.3445479754470067
-1.5301747926952693
-2.480091628190506
-3.507281953875687
-2.4430786607170276
-2.3598010503933313
-2.6028222555010787
-1.4951512955711492
-2.1735124383034785
-1.7469547929481481
-0.34936101748857445
-0.9047473442720873
0.8683167689965856
0.5469629739413302
0.3969619140104608
-1.6529995543879625
-2.4087271483664296
-3.0565158817174205
-3.7768405904111866
-3.6188770826900827
-5.954462326280622
-5.118036952470134
-5.452844203069442
-4.348427232928938
-4.585078739151521
-4.332225238215668
-6.659382085641834
-8.093738351732979
-7.678667205634483
-7.249917896155991
-4.831076041672337
-3.3346023483397875
-3.1667898245953214
-1.9284079319443101
-1.547394568878501
-1.4830098621707812
-0.8696880921506188
-1.8719377229456426
-0.8403587330484955
0.16183584388141614
0.8801601934175718
0.0260568011782515
0.7676784184858327
1.2934813882292313
1.3666488498803049
1.4777350273018297
1.7381180526974653
2.6358884753643625
1.8682388810249089
3.7567177756799985
3.0377162224925076
2.5357533046738525
3.74553861063054
3.4325119503764636
3.0691705560169984
3.34272341092677
3.931864654797148
4.759820770102
5.466340530268982
4.659024974329416
4.050896667925307
4.756533339589329
4.846783100348093
4.504589161879637
4.498260371012163
4.1596280616861625
4.319704642327653
4.194505009567021
4.317394241403785
3.6049728692038006
2.5744619010512033
0.06629063713123491
0.03330820987225055
0.18322418227390802
0.7174390423193909
1.081297477088956
1.6603806701568462
-0.4562484687958792
-0.09959975224416133
-0.8247550109358631
-2.1119469381196128
-4.824625433746239
-4.1853112707566344
-5.059370872223351
-4.708758573183279
-3.6334817315401065
-4.447937919516527
-4.060443471990037
-3.6908766132860387
-2.96562784077094
-3.6111215974865147
-3.6374623553901166
-3.9140268352740755
-2.664340292287845
-2.3653640625043657
-4.107435538962264
-4.735378609214393
-3.720011968109391
-1.8855210343181146
-2.2901066908601875
-2.2203606190249134
-2.9451730857296163
-2.8469097014945346
-3.1052433703786044
-2.0905693380525197
-1.766573892956416
-2.9000262171721674
-2.1667691911839397
-1.3167768331221645
0.6298803707482451
0.9244443559630939
0.6085568041038834
1.0348430795285386
-0.8261540124040825
-2.180949102721599
-1.0133505178872313
-0.8234069608284746
-1.2255976383192873
-0.7501576558272982
-1.2081456088637033
-0.6620720148917414
-1.3701794347563594
0.553052881017323
1.0594347128419555
1.7082915936199958
-0.5907610028088037
-0.6994472414580104
-0.0864117110412298
-0.9304047210636694
0.6586146360314686
-0.003744840747505203
-0.9472335206714654
0.18326203814643677
-0.5360592803828778
-2.976764190995237
-3.273266797246843
-1.916476199495687
-1.5674853716266708
-2.1161014144128893
-1.582415084188601
0.2807324706102257
0.361654477868366
-1.19035430236475
-2.086760560389217
-1.6256786968068653
-2.02263964555578
-1.8415240965836204
-1.12823925470426
-2.266411974857949
-1.5201830649936048
-1.373317357520584
-1.154586011763468
-1.7850031919860392
-1.7995462771708772
0.47694962070590363
-0.11593441595094248
0.37368572269481776
2.2127356662448796
1.8004309219842554
1.5898512696923404
1.6395250203890177
3.736829418459651
2.5860447122997425
3.8505020542772894
3.4172858977359115
3.291372234722546
3.0447187809704004
3.82274546604857
3.685990647015642
2.056664680931143
1.3159199091030405
0.6472891085715198
0.8400482158492477
-0.9112973996096245
-1.4414464455468683
-1.3885801577754804
-0.04746497223335473
-0.23811891398824026
0.16662213449049085
-0.8549860218891567
-0.7917300533486963
0.8851935799031065
1.1289704638982934
1.1188571357951633
1.7157863593076543
1.1659126262797
0.30817739308028874
0.065865964764702
0.6917002895931447
0.5424410439614352
0.9901472155635513
-1.9010164272871652
-2.2898593426542764
-1.7516249388468614
-1.7128572686558545
-1.6663850532586544
-0.697416647816746
0.31575459673603234
0.4953320402220884
0.6744892928887876
1.8892893671114617
3.1125757602721826
4.308610893920968
2.910922702755321
3.4783612309702407
4.904236099374492
3.0651940970946767
3.257824064315603
3.1806881175791717
2.1447247640720137
2.0616700677832784
1.0771107457213354
1.4524724004152616
0.961564249459466
1.2324417920742388
0.9423622614917808
1.1350409915984543
0.046547201067026346
1.1235885752846368
1.1239438786076954
0.39653932895300487
0.22323258409107746
0.27732531407854477
0.6103441028328627
-1.4470444684442425
-0.8336139608237249
0.005588837332883609
-0.12680704227151426
-0.28168290168008814
1.5658396641019188
2.236909841386332
3.3022044998528113
3.6783331167939175
5.0438954987934785
4.43521515050853
3.8238772974606916
3.1828931095055797
4.252506733793083
3.5467177287866427
4.8394675903600195
5.117928361984116
5.260110015130751
5.914940058745605
4.935118430874535
7.184861847100711
6.956110520591881
9.295220169497682
8.168884544996425
7.120250703509059
6.839358701161134
5.622165524744101
5.9967668651620505
5.1717670214326805
3.0914591928557287
3.5679788243830473
2.796868047019874
2.4228885395891266
1.814363939027454
0.6237365024959062
-0.6952891333146977
0.32739652664202706
0.4372923482377752
0.585705700192082
-2.0993222378465326
-1.5966884749414092
-0.24725097427095866
-1.5979925242854804
0.26319254152853144
1.5648659119107142
2.249591165441586
1.0253632087914362
1.7512981720884429
2.787022897840419
1.1712598402074372
2.6436043093647776
2.0735322114437276
3.279687903095142
3.483771549303875
3.4059822917217124
4.3752235765885565
3.9960611168104516
3.516108661921833
2.8144083227109493
2.434865899864784
2.4581380174671774
2.6653741769420187
1.934553685881488
2.615911808640193
3.2673619042284243
3.476173638167159
3.2526252940120037
3.4190733673404083
3.4559222608036926
4.134913885913665
4.441268294535239
6.088174752624986
7.025828111635288
8.061875370675
7.96067240512473
5.5377822977803195
4.241843304747129
3.6993523021092276
2.8135041765301856
3.3924564780817645
2.690112736115951
3.5950253908914687
4.126715410476962
4.723457697977654
4.659735072468407
4.726522510156821
3.730773293326478
3.1878793614997356
3.7264705579690807
3.4678639291175513
2.6910027440073025
4.768839238203468
4.605698062514762
4.7625540940828035
5.214603410720184
4.014126113196039
3.884304478873223
3.7189355750747928
3.596844204324173
1.9589052133246048
1.9003999584256643
3.0520389816886313
1.972261374217666
2.5482267362452107
2.1657587772163014
1.1995779027937243
0.07068828875092646
-0.8459562296087398
-1.8472768085554663
-3.7121637321134915
-4.372895851705785
-3.0029538797087167
-2.896525927087886
-4.159950287747481
-4.7252959724335355
-6.076119657669099
-6.115453534421149
-5.239334786404845
-5.6415737598390825
-6.290857435430727
-6.3974130747339855
-5.762705077202147
-3.8663463211881184
-4.140804011799648
-3.2333562565485665
-2.914567600539263
-0.9569377744871382
-3.2076415622515055
-3.487735039506637
-1.543675245561327
-3.2813415461313977
-3.438032134266485
-4.514063387744274
-4.327365131689016
-3.7871456324150405
-4.139266852011514
-3.009101911183524
-2.678892814328246
-3.052510586542253
-3.8321186069319633
-3.5892138750974403
-3.6561805132218894
-4.247458250492321
-3.6137650938490524
-5.719496215294225
-5.4205021682193895
-5.319763764538965
-4.866493768821778
-5.327918170537486
-5.581939388518292
-6.173373546097671
-7.11687851344107
-8.35355654242789
-6.27402587633412
-7.249697543469284
-6.752450909602509
-6.536866886518378
-5.0685113728773
-5.107056104195746
-5.115840392122805
-4.517999015428284
-5.3650759265260115
-5.452740146059559
-5.906500487455281
-6.4376926019462095
-5.947976047072098
-6.156669680569131
-4.260781379527562
-4.490912553085506
-5.130358790819937
-5.9321961925179245
-6.684206664383906
-5.905747619259282
-5.0065736097822136
-6.885266875560051
-5.948119409373911
-5.629771789075225
-5.973494982309947
-6.828689781621109
-5.7623884836463075
-5.75770921402277
-5.875904572105791
-4.855687119844572
-5.1259767947531145
-4.475391263997883
-3.49704465321165
-4.713926920168041
-4.282215472192213
-4.067167002512461
-3.1694566247837046
-3.0435244724293358
-1.6912838580519376
-2.22538044535793
-1.7871084957844807
-3.033379570129374
-0.9398087371633883
-0.32549706898137937
-0.5967649010004287
-0.031920425148300596
-1.3778109665569533
-2.1125269107061477
-3.97209130028871
-5.219991434307098
-3.3473001633725006
-3.218086971909306
-2.9490099950242192
-5.028526223604398
-6.022597669526217
-4.900443768358002
-3.9117709726419174
-3.2454499642405232
-1.4187079186722578
-0.5332643062939765
0.14594785031275348
0.5321291483400058
2.89825137981719
2.429784032879419
3.1278770462862178
4.543632407667989
4.3339447095379064
3.0055659260513496
2.298449669923284
2.806051894986161
2.615815892996155
2.3610533567494314
0.9826353328495615
0.2507015952027259
-0.07631465251408184
-0.9643781548441778
-1.0943577100831332
-1.9862302556455338
-0.36063583936455035
-0.19180953046632013
1.2194084455428644
1.2547386626055395
3.002997596718932
3.9294813535745563
5.087188532509787
2.643531521221587
2.2777833560172174
1.5067475954827727
0.9312889601176433
-0.08442084189183019
0.42481192123568623
1.3706186504036348
0.9811382705657341
1.3790261831796125
0.5953253074996466
0.45487600658285476
-0.8027922750724822
0.1511685269840228
0.813398046529403
0.5855195520083605
1.3284137040028994
0.3662141070319239
1.1597537647575697
-0.7827886756070269
0.1238106126505359
-0.42579365755187903
-1.8964624064905324
-0.5254458712888822
-0.013056597216383518
-0.8909581255928307
-1.370707660924393
-1.0403651649907837
-0.3382443829575577
-2.522919706964579
-3.6627315786262487
-4.327296603398311
-4.253575251879899
-5.275573699107426
-4.122556492160223
-3.897404356658342
-3.83690947771946
-2.1637328386943286
-0.00834324315038959
0.14156655747375824
1.3239463487020928
0.9466628767829491
-0.2460528636151143
-0.6577364112410699
0.5914056971819743
-0.0007937191749588174
0.2972449557357203
0.21895530687696801
0.5430691560376463
-0.5448955919327821
0.9488139242190877
2.3091153878094253
3.280739687981016
1.3909563060849
2.598996147101638
2.588094944455442
4.1854421337867596
4.1676158937949515
4.222121691094483
2.8059616503385683
3.0253860124207286
1.4418076979983636
0.9282746659811567
1.847472537515092
1.5345412351806906
1.0429528909786476
1.7063185242603527
1.7189010006451095
1.0581508725910844
0.9904526020145005
1.6153187818664787
2.191209496126726
3.6532064067322287
3.5297438720078698
3.1438526642559506
0.937098356135437
-1.2370469607741594
-0.9158232114657365
-1.29773963191521
-1.234652171219153
-1.3482414891576242
-1.0192944870022314
-1.6650646027863862
-0.9430152245484503
0.43330218355332195
-0.8870567791030411
-0.40588437734828453
-1.366997645943094
-1.8407062882973437
-2.451435932690013
-1.9672748727580842
-1.0225394974413198
-3.1225577211705127
-3.0294632619156565
-4.810623304341685
-4.04412547077219
-5.340345232579317
-3.696122365969986
-2.508249953251014
-3.758443853172819
-3.1216610355756678
-4.337724348664884
-5.582369524515215
-5.529757983400951
-4.733429857265877
-4.251541103961535
-4.836531369034634
-6.110501311789313
-6.841501375196543
-6.057621728524104
-6.274264575795392
-6.002790653010637
-4.866695818804493
-5.015919502964532
-6.2882321721804795
-6.53452853676887
-5.968330405794965
-5.593905011160666
-3.3658241183162523
-2.329318107998941
-1.313717226878997
-0.2795903454140054
2.2024726013124343
1.1758191593760483
1.0000806845472632
0.524264200193427
1.4654186056964544
0.6748819749839864
-0.4049185923716863
-2.3822371259138078
-3.053034378315326
-2.8141702300506517
-3.49340921649365
-3.044417595808561
-2.381927383921336
-4.326653051339202
-2.8515594590361193
-1.5578550988831608
-1.8080355494470692
-1.8674840231241208
-0.8166691547343163
-2.4111536651167556
-3.1776246194622835
-3.8053957371466667
-4.213740883444084
-2.774832487584618
-2.478949684438246
-2.5982397052414496
-2.465334468347994
-1.3961504765700807
-2.7825786619754296
-2.743323668636475
-4.282957006718685
-4.172067363929214
-4.076770461138258
-5.599338839471905
-6.302310225691207
-4.922865462216138
-4.867734663496225
-4.287343379270339
-3.01956269483443
-2.6400254563196883
-3.2720282976531285
-3.210543549684512
-3.3342302231472085
-2.51385852864145
-2.6318600254388977
-2.883213835051837
-3.193574308757983
-3.4695909561474783
-3.1682700605305922
-2.8556242871703414
-3.593257448053639
-5.152096487872989
-5.861813400983818
-4.0098425013887935
-5.424590140060966
-5.387670572869033
-4.699446942684165
-5.203367881096346
-3.5927288068618775
-3.351517752108376
-3.522353580608166
-1.9596539037662035
-2.6430817679494694
-3.0909344369873772
-4.081644003424493
-3.967180112037458
-4.927584035624194
-5.456087044185581
-5.172023801114544
-4.14735425655211
-3.0706741506879
-3.0775290941649196
-0.6255162970452157
-1.2634772395323584
-1.89568673026594
-1.9244464062955986
-0.4247744925904428
0.5050380455985898
-0.4957159788728525
-1.2489518760760734
-1.0996034644131445
-2.3759252742910326
-2.6331752448416275
-2.9498259922232104
-3.5394090596372894
-1.2139428896060371
-2.4455393405695585
-1.9564804507432476
-1.2796727078763646
-2.6070854742406055
-2.419511310625905
-2.8250620179574377
-3.8110175817314125
-1.1505050470696812
-1.0789003257491843
-1.4255040508507248
-0.5238029325149216
1.19949916079667
1.9174462659413158
3.3706317272007595
4.990589302325722
5.003477164878486
3.8564627363539223
3.5013853025831754
4.723700611665266
5.382475379088377
3.1298733583276297
4.037125411283018
4.0294673441788085
3.143631688052471
3.2715552660788814
1.1007019139333416
1.392067873373872
0.6640022891303152
1.3099252951492855
2.1399135134836795
2.4586932941294677
0.538977129670043
-0.06054835985585261
-0.497244456436659
-2.444854140254473
-2.535606633986533
-4.040635340182076
-3.717404195586058
-3.341952917634277
-2.408107190201394
-2.887003715324109
-4.656140230100319
-3.932739669006634
-4.0602866318165125
-3.8718756132411283
-5.020804234885754
-3.6014590633110406
-3.949979502665102
-4.055873351950566
-2.753898066862595
-3.057255519152168
-3.045835523305956
-3.266062130588446
-3.3161008086122767
-2.9761335014058736
-3.11263972070379
-2.026725328180537
-1.7575338019301954
-2.3006205903737316
-0.5966868957841595
-0.49528310890382965
1.7538054479618599
0.6137407839350604
1.2951458909149203
0.9937550754582385
-0.4975676591567831
-1.448848365565946
-3.8239825114854615
-4.293931108750828
-2.0793222254556607
-1.742156198892499
-0.5625913709539848
-1.9392762640557752
-0.46522634766094706
1.886365784057986
0.5593493243072001
0.5210205625584052
0.8153908937694352
2.4134307119490086
1.3807783924339943
1.2113573025312334
0.7840927493603091
0.1725926726653671
0.3019643271152871
0.46907360466867987
0.6846840093593602
-0.0698332963476539
-0.8387914615825801
-0.8614846030919683
-1.353326672690347
-1.8080782351727291
-2.34467545899437
-2.66266278940774
-2.4131492117180255
-2.867478460551291
-2.5177946694546125
-4.0875199383106855
-3.6670645488977236
-2.716660816817477
-3.2093467783524288
-3.4814763162042577
-2.521603382743314
-3.566221213960951
-4.63337928582525
-3.1254521997102307
-2.8881344254696844
-3.522443632746053
-3.567157401933251
-3.466693976298337
-0.7014252014430056
-1.6131714005654405
-1.0684540141047625
-2.435675323522773
-2.256077155429257
-3.2106412145623513
-2.2989267012364705
-0.9877436111404959
-0.6291159501314549
1.787798959496322
3.021646117312436
3.4745928913177635
3.0507343754590446
2.2532780854247423
2.3219866329887866
2.546944255718578
1.8923001164799542
0.41484810260896066
0.8376516530828773
0.23876860249296777
-0.14830916284858478
0.7845815832518964
0.6354650824499467
0.8020840165306373
1.9191810575807136
2.239038513758701
1.8481451362133514
1.6178849234222596
2.209800002840764
0.43023906595098566
0.9831036336299237
0.44830706143065996
1.6825075858621794
0.7886264490139383
0.6669266411030426
-0.05266369677196491
-1.8480166783675005
-1.9690691997253191
-2.373641435106749
-1.2439603389482778
-0.9527110931890956
-0.25127695584701754
-0.8250645051646401
-2.6546963547136047
-2.5937793237312836
-1.9768132493170338
-1.7509802226847602
-1.3342803964554877
-0.47516779189035874
-1.4387913466838322
-0.8749994268281951
0.1767290415772731
1.4313157526672386
2.7067971108946605
3.0702860906092138
1.8248654033948943
0.8795056210645259
2.977592543153896
4.4606046736784055
3.9688666447406935
2.964217199122862
3.5867260466290514
2.6546014894005534
0.8689507875087079
0.09363775021504103
1.4531725897837648
0.672045938349157
0.7515669844453184
0.7428605901083657
1.0965795819532467
0.07296017653604249
1.15065591495242
0.015049010418966807
-1.2437465263075596
-1.9898659281168802
-2.4088009036325317
-2.942115856337678
-4.339559163318086
-4.309161174612044
-3.3965536093739246
-3.9117453667038173
-4.499372472428595
-3.0205720990589437
-3.4775126269201766
-2.3680896722256177
-0.20305140123689874
0.04727827389198408
1.8686965176371064
1.2590560535901205
2.5704405652181466
3.7397285117226984
2.7743073970558942
1.647024259882006
3.2160974604849466
2.9394921821633306
1.2444782926195417
1.330516971351595
1.1016831210435893
1.0508953762568034
0.5168942547346196
-0.09595682730683203
-1.419948258755277
-0.7452214565115044
0.5750254675094324
-0.049915145090256886
-0.41550012084115834
0.1478582723198224
0.04133946715654957
-0.1664229858013006
-2.1772147632286396
-1.11985604576827
-0.8853255090818847
-2.2938398719248787
-2.631161471843671
-4.0771399911200845
-4.4129673335558035
-4.762945308752014
-3.049724654447673
-2.709414318233578
-1.7024690800868127
-2.0360061576234703
-1.474460080180441
-3.200958266857789
-3.6389807361879725
-3.923524065166941
-3.1679353645409103
-2.3174625417116843
-0.15621337290969559
1.7021211495897468
1.343029762163505
0.8065890854021299
1.007027764577198
0.18265735369793362
-0.8018458928670841
-1.8309826944456045
-1.860010015831257
-2.36924033725697
-2.152084844366592
-2.5927078333402895
-2.4947992389602605
-2.2783650942020564
-2.174989573249645
-2.4194685563463736
-1.2486604612215937
-2.442258220571981
-1.450302347938366
-2.9639829874409007
-1.6426606437342184
-2.465729644801208
-4.675010272331552
-4.1456527931355005
-5.388130692385645
-4.642645041304017
-3.6285286789173794
-3.091519124094992
-3.1904726251913202
-0.8885170069959432
-3.0517162533718345
-3.2779826185351486
-3.2840318670536237
-4.31433953236073
-3.950634941393231
-4.319130922806557
-3.24756467036941
-2.8333256361049184
-2.864114967141928
-3.872690423437133
-2.874401588066606
-3.15883393244296
-3.455640925596565
-5.0430677385552185
-4.695952898940307
-4.069452018432605
-2.9882287731225654
-3.947668750469503
-4.8907686438613025
-4.347909512634924
-3.988219989006052
-4.0967694610361045
-3.8430019266252735
-3.0519837772024037
-1.50811756135246
-1.3030180790319057
-3.0702062020104752
-4.790745853731066
-5.259583082592797
-2.77456488392575
-0.6161725766844778
-0.8301196359312197
-2.250211253453874
-2.325904762882336
-4.087444112383928
-4.183043444627557
-2.9733962225188293
-2.399496416634383
-1.9081729750522647
-2.1916190449623363
-3.3035377347552624
-2.277210842070738
-1.0325229585175855
0.7099562464124389
-0.27551680696888475
0.18685907802124058
-0.9774383384842855
-1.589420972621449
-1.3875603281349704
-1.2379652858161654
-0.38884327815768466
-2.439571908309768
-2.8267078681915647
-2.671966070125185
-1.8530927240716337
-0.04761182078591275
-2.150303258034801
-2.243451414555233
-2.438091858183142
-1.608089587134955
-2.2825693538797878
-2.9409353628830446
-3.4712502447505913
-2.5814458055837046
-2.0547042065038883
-2.969674730823521
-2.768067150488632
-1.979651302126766
-2.212911855414744
-2.075085413184441
-1.6681567065623908
-0.7963213686023694
-0.22506527125857326
-0.5237297427260471
0.8399251355896108
2.4317076238830833
0.9841852404097626
0.950808578501671
1.4429724145619847
-0.06130384752038648
0.6376674829308928
0.9764937827268734
1.2212386464637395
1.8613244145006755
3.8055067259539572
3.9459709558840155
2.441724914928433
2.492295671752691
2.8964571239844457
3.282464494740847
1.6194087915128965
1.073493727485192
1.7419190446900714
1.4515376579042483
2.133309750410879
2.2492077255788816
1.8198696080159735
1.2910494192221318
0.25912605290326257
0.3088072937067825
-0.17390948111224705
-0.40188450633727424
0.41255101001725525
1.4142139053775262
1.909106241966694
1.0819095223646673
0.1674016661651764
1.6657649222255906
2.085361103636423
-0.21491291056406756
-1.3456318791833957
-0.9757420497499377
-1.8366148036774104
-1.2346835146333874
-1.390006877479534
-0.3189147782720336
0.05930911629992586
0.25774885936954695
-1.3183643995344283
-1.4237500150310827
-0.6882153243616818
-0.6403645416100541
-0.7292248133362702
-0.66862802261838
-0.9321533081430657
-0.00342063669268472
-0.7050194424224313
-1.7581739954368452
-1.3076457036767248
-2.4178152980998435
-3.6144336335689133
-3.9539756129885686
-4.114403706055298
-3.1542844130876144
-2.8725645412610143
-2.6639357507620205
-2.6969542485971543
-0.7561294399336072
-0.06180672125517098
1.19653010407487
1.603805386228802
1.1896387550035386
0.9110890512197589
1.3283006818463836
1.5058701430050787
2.238969592143173
2.0923745608792887
1.6089823739789328
1.370923610038404
1.769694147341884
2.7519075833743587
1.1851977990458717
2.426545655508153
3.3844919199126866
2.421847937443644
0.51770401731578
-0.46924418016000324
0.913734432375428
-1.666696571403645
-1.2798325833764936
-1.9899948929705382
-1.91213210269097
-1.3230677976816991
-1.417039124131473
-3.2790285803113437
-3.1196760947664246
-2.00834171439063
-2.51504265703027
-2.003001595313884
-0.8534413770449395
1.484651495832561
1.3291571079785731
2.817500029628532
1.637113586236771
1.3334234402453187
1.50118884910796
1.679471288553066
1.733276979346441
2.905716577684783
1.1077934355840855
1.9971702903630941
-0.049062480386284184
-0.9227347115702184
-1.3113364141915178
-3.0921054443516645
-4.6445958981217474
-2.683928498546442
-2.433661778714858
-3.4922601026937166
-5.080830217445291
-4.540206505506304
-4.160623213067288
-3.1428792246472463
-2.2924377896909576
-3.767244133381839
-4.379613260613221
-3.6467738505161673
-1.6905705896501073
-1.3832998989170615
-1.2118398663439722
-2.9580542199166433
-3.334619737346532
-3.3518800041196823
-4.202044174888246
-4.2950655978563415
-4.702158878420814
-3.5901134953415146
-4.752679215121649
-3.630711303870983
-2.8005875328136876
-1.6317866997190629
-1.4063055326643263
-0.5919189946487793
-1.0269996878856282
-1.5956309810597133
-1.4407586156626178
-2.685073692738242
-2.256904453005122
-1.6358850060239403
-2.555316420367222
-2.779518437746833
-1.9402832169865136
-1.2577597873736757
1.5357863603371116
1.916908330137667
1.719648487883131
2.604273603113406
3.9693477990713233
3.7345717502776337
3.967379630692717
2.8055355786923983
1.9240099627689249
1.1969400490265427
2.2923016531336025
0.9740880780577411
0.8250299720579675
1.1858325349773953
1.0424701324854704
0.4420290202942867
-0.28406460071416456
-0.8677094066640247
-0.41724566975807126
-0.9784706249928017
-0.9416392545179305
-1.711054430984099
-0.788725565273753
-0.3196541353447914
-0.10122098972967578
0.6910976438125614
0.12223020044643552
1.1943094115217268
0.8091420052832934
1.4727922333832972
0.2975543116192027
-0.19162385906759904
-1.4618357998689449
-0.5885964942291726
-0.2552920681511098
-1.4844905341534007
-1.7706864158644133
-2.0601366598400426
-2.150759499384965
-2.488990080939526
-1.7375494691918414
-0.5998425532103636
0.17303873577821943
-1.9856463803302082
-0.30838806472133773
-0.774847528428746
-1.2588333072844409
-2.2025225237957287
-0.7608098290639975
-1.8741275107978037
0.23260281162973298
-0.3286099307118787
-0.9027406078381025
-1.8672382302314627
-1.57983635449453
-2.40716025052075
-2.488999527522792
-2.7496753479119085
-2.3732562036651235
-2.0206774163940957
-0.8612463155650676
-0.3530204446565979
-0.2618266564478947
-1.5682827907846268
-1.6426034237663478
-3.0298317239847026
-5.775218664631161
-3.753165352867233
-3.9909015724984114
-4.297645735099576
-3.2005426739640948
-2.2453433803734613
-2.3568680942310145
-1.6055461342765358
-0.003003530106508709
0.08481026622809337
-0.4407694282732027
-1.0492739083208606
-2.6084333187761164
-3.1964741800898455
-0.7495432551090841
-1.3391147231168354
-2.994189098525338
-0.47962765315791184
0.7696384038072153
0.5812900297690953
0.03725677812497688
-0.7549918384964274
-0.8698565097736222
-0.5568005650436185
-1.6442952502991137
-2.232061849776936
-1.698873928223675
-2.2441243038043868
-2.6212421169491917
-1.6896829535599338
-3.5402275253862276
-2.8571921848767663
-2.241117225558951
-3.328126073428776
-1.9545142381074418
-1.9717488401767833
-2.9532273162008087
-2.2886348809366996
-1.4583706404495251
-1.5727719189842204
-1.0431845755729383
-2.5127237068355552
-2.3162531205231396
-2.305843712852761
-1.9910270655294577
-3.5125847563527066
-3.555873346208802
-2.317707203605918
-3.136150985285555
-4.203852117013514
-4.815862806167765
-3.217369186516359
-1.216763305930066
-1.8938517866146072
-1.0480186318929745
-2.6573206008207606
-3.510643104046878
-5.016460221683203
-4.201569805428749
-4.656756328774715
-3.8792657901638496
-2.329185574965385
-1.1347930910887936
-1.4057406568997135
-0.5359061427490748
0.43673834183857446
-0.4759801730183525
1.1621525664957861
1.9859104256492182
3.283548067972957
2.439358810052856
2.1831086048906103
2.750108096966385
2.8617584017767497
3.403919590452845
2.2951429719581595
2.0411380399275427
2.7509591524268373
3.9552860602918214
4.415573319574787
6.1965566660179805
4.2489271297381555
3.318626798313741
3.4759951129100086
5.168122514805469
4.710686639894604
5.738832606170603
4.246140520425836
3.086857077996031
3.425685335765704
3.1743649459167775
4.060328931458924
2.392667072034813
2.1698881992574326
4.054524200054672
5.417724048404069
4.35973601351558
4.119622363927711
3.874407088568561
4.164560994051907
2.201244170625491
1.661407540658744
1.3231154274363526
2.0613862182664313
4.2939645933861605
4.366935079741704
3.099709192651714
3.5876073914040845
4.448056592046682
5.331257650268011
5.432235582658123
6.5851755480712475
6.123500783089491
6.71383087847305
6.4016877349632075
7.205822083425445
6.7336252887481445
8.221124476753856
7.857262682643842
7.47273156122404
6.480051891179164
6.2630880423366
5.724459413049406
5.389647074961079
7.115067294488278
5.750489681158558
5.376127444480996
6.884653746050493
5.259243161208221
5.649025957383453
5.989617611015636
5.198850979211505
4.1248312677179975
4.760748406933483
5.979883376865672
5.899462295617389
6.027177648764866
6.906583842095748
7.286902918659219
7.375242802264464
6.674997392526852
4.303795966920149
3.947816270339487
2.401036390598696
1.4426209741749236
3.0911715506209467
1.607894326520193
0.7318554273200281
2.1605060749835205
1.1794733158965358
1.7428869565878906
1.277158091681969
1.4295476801345883
0.11115302156599988
-0.18691400776094552
-1.3222581446454256
-2.6639894488339735
-2.3105498292093416
-0.8801070156173921
-1.1958819392149318
-0.6355317673465353
-1.6476304362986731
-1.3851289590142035
-2.032636660736741
-0.3376801242233045
-1.2158864750536449
-1.6607162572835827
-2.125500653819289
-3.307359847001498
-0.5971924885256465
0.05965186824394528
3.2494889546298658
2.313173758125076
3.3604410063475245
3.1915482471607692
2.8770883896353117
3.0496703984453792
2.248576266298677
2.2301862010962585
2.6921593692983796
2.6811874585284228
2.9353125678955436
1.6187638627233694
2.325680898340339
2.9607916028171615
2.8553545783911343
1.8087145839579326
-0.265730933329715
0.2585171539235505
0.2044830347401943
0.45236957698083985
-0.44244243122155025
-2.8778201284255345
-3.0642615146997407
-2.511015193044718
-1.572019307209671
-2.545890005151286
-2.6588086518235214
-2.2670809111348613
-3.352714066133064
-2.84506719841401
-3.0721947986080993
-3.5006242613002927
-3.231532274675303
-2.8619175226568534
-2.550602142771514
-1.0371704958102106
-1.1100920212876741
-0.22902198382529357
-0.020551895916643484
-0.6224601137177985
-2.2583083287399783
-1.1841918345479443
-1.6803150285827058
-0.284055602261128
1.462772400656141
1.2951173364805033
1.4377965043858703
-0.7186121167454348
-1.3757747206033668
-0.5975626813843833
-0.009463530711018325
0.3090263275710185
1.4465977554554021
-0.5576233875443435
-1.1685923783297658
-0.6178189370365883
-0.4862228206409306
-1.0267937460542875
-2.101878143729949
-2.492822371572533
-1.1546091546707893
-0.2415435889655145
0.32486505970854557
0.08114676449792452
-0.8077505556934091
0.31183829801749025
0.891271012024408
1.874123245188337
2.733260910917476
2.204595528639817
2.736054057476229
2.3998789091638106
5.314248073604546
4.4250498964463105
2.167638749793084
2.200282991596541
0.21514409643161464
0.019585592256711096
-0.7600809730188864
1.0569430316157413
1.9673248481376446
0.2106127225482375
0.5200906195050011
0.34975998852074897
0.180754396245497
-1.2958448939686633
-1.5716039751556294
-3.405879504195745
-2.459340610305694
-3.123952266978257
-2.544831845898824
-3.4858476412886112
-2.8699893374695717
-3.0052729848157598
-3.8805459262189403
-3.356039397776323
-3.3154456101672483
-2.687252385225566
-2.814759333351942
-3.389454820910837
-4.3875124484156744
-4.94489197549804
-4.6462864393650225
-3.9887807290574586
-1.0365553294738028
-2.017689170014731
-1.2474677050053544
-2.3734630590141035
-3.14407570607768
-2.3296331378600597
-2.961994530784221
-2.790143343403259
-3.572753539770017
-4.027420004978788
-5.898929731992553
-4.147915371960525
-3.3142114868722437
-2.874863722687645
-4.959675652325402
-4.97667770641837
-5.101025333982488
-6.113735806984091
-5.711556768178068
-6.4904659139558785
-6.651946253583993
-6.789465909796497
-5.966867803183219
-5.796697550033503
-6.364441243777749
-8.796259406156167
-7.381390496987752
-5.315466355151002
-3.7313074469207854
-3.0839286191101554
-2.3897312262566595
-2.811653803220333
-2.974425706070454
-1.1760923465193633
-1.3879950935345526
-0.44973281601714754
-1.2827390939134267
-2.109595114886909
-0.5263412871891481
0.6387117959744929
0.7416135059881017
0.9199354774375298
-2.2782442978516007
-1.9647199683724579
-0.6591099998320001
-0.19164857135166372
0.0717837482335081
0.8860902139320186
-0.3489917131618681
-2.7589941870901145
-1.7042397737306163
-3.373600588392973
-1.8843449565412491
-2.548635642227918
-0.662646297394885
-0.7185971777831084
-0.6696296612606932
-0.32119812538952414
-2.7388222839142276
-0.8376156614500473
-1.1208308285633726
-1.468698666868133
-1.419729617947307
-0.40335500643499056
1.4657613536330347
2.4154663115434225
1.920134722436175
1.104393631843346
1.3779726359774886
-0.10932385240255786
0.2246967946422762
0.955194806160924
1.3854042376657387
1.9500199313399444
1.0583572642077008
2.22208057692016
2.1618330776040673
2.388135338816976
3.183113471194518
1.0843435448869798
1.4564098368206395
3.7101922159327194
3.655253663726526
4.301544996145334
3.621078601853849
4.054960864679742
4.901558746788757
4.761791910469922
5.698420787030093
4.724783339942521
4.4054595482058705
5.951949485849422
7.321397720402198
6.9505517280896685
7.684079113375677
9.30866228797725
8.861290622664383
8.768723266946848
7.447582102590149
6.055509147811014
5.054732369021573
5.956099758307675
4.552292979758989
4.1042564568018065
3.3715129365929024
2.7214631207804283
1.5198384073385993
1.5390477471214778
3.7844401205210882
2.321770031005239
2.8269783931919856
3.0949672024217034
2.9637076293061013
3.030052958638474
3.1687791733592645
2.988016213999202
1.7779502004194712
1.6196783373855599
2.116605639954113
0.8543328419921273
0.9991177850311582
1.1164228339440658
2.413303902828175
1.8728421419196908
2.0606465843634267
1.6632950118287821
1.3572933826580014
0.9414787881834703
1.3278668574041894
3.216789689359409
2.4617528121238617
3.1961318034395334
1.3457380638102479
3.4510803537846777
2.926083327884684
2.521895995260328
4.158848353914772
4.420017501828748
6.00013912046502
5.1888718497974455
7.6387298671050035
7.9880533950644494
8.186080594825789
8.751811055952645
8.233842730158289
6.374247409841358
4.874809040178197
6.029621008544653
7.1474672316367425
8.198743335309482
6.164725206038481
4.91640556726511
4.166039284457925
4.477727808526114
5.342917539481837
4.146208876946383
3.89629394409016
4.1050527618433215
3.9303839884330336
3.831844315741321
3.503627993247007
4.749859080182019
2.384892425639714
4.227804564210535
5.0566105095749005
4.843437762964077
5.581513893823056
4.9654164563247285
5.459257677929869
5.683481495106821
4.97276614583836
5.810741038848786
6.567104668040568
6.0065677623536
5.7676848625860755
5.628601283381394
6.745475726400375
6.923243557728175
6.63090222014431
7.641679527192359
6.965439789025299
4.690887979908842
3.1554052125042427
2.1296485898041726
1.2787950581392042
0.22939321399579882
0.22923810152470148
-0.6399422807449529
0.6799838175575306
-1.3167323134511815
-2.6281501279670887
-2.4536062635123828
-2.180318006846557
-1.0567055851647735
-0.41047915434893256
-1.0844718050155775
-0.2286890220439225
-0.3672759075775295
-0.08491221991101633
1.3289580649373642
1.689784275695367
2.7147099869490736
3.098079270952693
4.861150269608275
4.049568560302223
4.374918025235408
3.0194569910911544
4.359666614472201
2.9343466511961496
2.050269101283585
2.1122492015409478
0.856127739641804
1.2277338002490465
1.6235463366300578
0.7807877543937298
-0.7050167227538249
-0.02766147141662432
-0.3008601913801895
-1.0285038941342242
-2.4425552824876364
-2.1795410336930274
-1.7268438023447934
-0.9818432694138023
-1.0652948616271043
0.5831632844610982
0.6740882254654019
1.100581228802155
-0.355617160850338
-1.420378085536173
-1.4277805818326166
-2.090139521805159
-0.866357637123806
0.21174941756438675
1.0409473662590967
1.8220824773745172
1.8134709032584568
2.511236528227267
2.5521963635721256
1.5956221631330014
1.3298080212389052
1.494302180646699
1.8583857813287417
2.317259466804989
0.8716181546819433
1.3742352568205702
1.5545706399526755
0.18055496536530874
0.30808715199310555
-0.06083781958897408
-0.14218217425225205
-1.0352143945430166
-0.6453997433751504
-1.6305480481324455
0.06881209658580062
-1.5698729563571765
-0.5160987033393901
-0.35767889112304035
-1.6267175082902259
-1.960349795671233
-2.3865937744295755
-2.551693939993453
-1.7724679917819657
-0.882247133301789
1.0151135801753168
2.849265652433663
2.23692046067171
3.8128936373625635
3.2626860807814584
2.355186168601267
3.5567734951933896
2.115740768493359
1.8275973486547434
3.6349752906837085
2.0078635738428114
2.0095755544333005
2.390814978734942
3.968108848518971
4.080264501255597
4.855911242909054
4.782734499083871
5.721385257954433
5.363286500687629
3.8244907610651286
2.6407934146465535
1.572838985563802
1.5261055374037424
1.1577335801301534
1.3853701452711593
1.0021338784768112
1.178258265268037
0.690290614660013
2.285484664732921
0.9471264838606628
0.34908078885435195
1.5033932776645276
0.9839928906336218
1.7433678494042169
-0.17784512980837086
1.5820857614717654
2.3533604188595834
0.21029461703072316
1.5699641193949312
2.91305971668553
2.9125490482569747
2.6740592299093415
0.9085110347238956
0.9060710376380939
0.1719627681177902
0.2329480373465615
-0.10062296421962902
1.1007754523191629
2.3955214304089285
0.7452129272250483
2.7429181117825
2.4032311044614274
3.2227797598608556
4.1072652702884
3.3585419622197588
3.4523476986557435
4.207739168629281
3.8762496734113716
2.393263012914215
3.3807053566275393
2.9623420669764875
3.6219254276090327
4.5119286882761305
4.874098873841424
2.499652669528809
2.864910912286231
2.644179092462272
2.46833832993089
2.068164453744579
1.5421854293923833
2.3064804279451416
3.9497997300474417
2.6579730518011817
2.1280966238447916
2.3373379535091683
4.794744066809351
5.732115818478731
5.479745137623028
4.336001200825521
3.359194283442596
4.2443884972339605
3.3177809130137526
3.066823326610771
2.2270399781777956
1.7539214712569995
1.634779874090014
0.487242079564098
1.2484488442502946
2.1983267974463443
2.8642008812070086
2.4277034013075305
2.205219751374963
1.3178658111998727
0.7470008560283276
2.235189635936794
4.525938449320305
4.48667959203274
5.468799912109156
5.359097507103832
5.023414956631083
4.3108631008502805
3.695614593458518
2.836134841828661
3.023151819873458
4.264324822382459
3.740046661036181
4.065689190871003
3.6530364498134436
3.1111824398306887
4.011451352899098
3.3482474828854403
1.8436889988997194
0.5135656847351842
-1.1456783891530586
-2.2289897969595107
-2.1017422653730073
-0.9867552228236561
-0.17344417222644656
-0.4667123503701256
1.6899648570601904
2.1564274081569503
1.4882460434812501
1.1428165687578955
-0.02294969950248245
-0.14757794746142014
-1.9615669441742982
-1.4601354901775896
-1.0746450553522875
-1.3454229907076853
-1.3078709085658442
-1.5015562247036887
-1.4701708475669326
-2.178726797367128
-2.9483957345187064
-3.8915910797852664
-3.08801433285183
-2.5947305106755874
-2.5110475336488274
-4.4015237387533634
-5.0054863890061085
-4.205450546742323
-3.8551522603375643
-1.9896542034560085
-2.864597371091662
-4.073389591987428
-4.444834519984366
-5.481654849414505
-4.005902183350631
-3.326683243918981
-2.727028838811734
-3.943720977112747
-2.50347611205034
-0.7473460125526916
0.5862157390781568
0.65729813841832
-0.2714636355031913
-0.5916378224934908
-0.44766125814828545
-1.4620655978188586
0.09768584428607077
-0.4781260044119471
0.3137650010923855
0.08490026206261367
-0.6867504814691203
-1.2582891555689106
-3.090331605177914
-4.250343908996286
-4.358828755908857
-3.6333523932646323
-1.1668500882794417
-0.7923358824734433
-0.996689903137865
-0.809593895703493
0.4891806566375819
2.7375181920590848
2.7751410541141937
0.8545712792225139
1.1863797569640475
0.014414018185321058
1.2123424875948337
0.9947823403817668
0.730455892467815
0.5343605295020367
-1.0292432489222183
-1.1245334397153073
-1.5040659870015816
-0.8458387592604598
-3.1088461315217435
-4.731919647890167
-5.585411271616298
-6.389834513159253
-7.191198009196609
-6.482046357742275
-5.2322724733686465
-4.10847889702509
-3.6813481169850517
-3.1397567706842544
-3.0268782718378686
-3.013795413745922
-1.2398357975454464
-2.0518712049544905
-1.8289363037195288
-0.1925747542017353
-0.12154380953688512
0.5997865518165775
0.2975699318312238
0.574769312166137
0.08370764948451444
0.5831311984941112
-0.8138431778324275
0.6588282654624544
1.5144903846039497
2.254579148548072
3.030833637400747
2.4156032695884466
2.86975465219599
2.9429285394890075
2.057083054603257
3.166976244633321
4.73567487823913
3.8336716158256077
2.0751494517724023
2.723728858067497
4.22562204758037
4.885488395072449
4.826713198152981
6.198639233074748
5.945964181603706
6.363396498144377
5.358128727957695
6.768235932823036
6.283690469875145
5.126270565762297
4.480079422917304
4.5555162922169465
4.441335634314885
3.8475354678036497
3.214893920459448
3.138781855748499
2.6006754393863307
1.087382322818457
1.0746321282755509
2.582524532257923
3.8216061809031565
4.286111777681751
4.534967041420222
5.887964672868146
6.122387985668662
5.711301386908115
3.727895791145594
2.993548488559669
3.4592033878777935
4.056361370076644
2.1234259668143403
2.1403999429562806
0.5232135832419458
-0.7017224797886548
-0.3068351754698978
-2.8669068860195273
-1.1740642270325463
-0.6744751217434929
-1.5450170921167274
-0.6322311404295631
-0.9280440554185947
0.25510885481098444
2.1298129144361306
1.9452407067207151
3.4734602990576446
3.607008393239779
3.1556955217901352
1.8407042691202857
0.6614037717624721
-0.768487311780121
-1.3610517866246006
-1.6346624276264607
-1.3946789759627496
-1.4792037545625305
-0.728625824228059
-0.2512479605485375
0.18682407200517182
1.5607569823748526
1.06928006225689
3.1991530104112105
3.672802785336866
4.925954897500913
4.425432292988845
4.291257044620415
4.652904901168728
6.263879130386371
4.109433631019065
4.734522209562858
2.5113477902748427
1.882524261275065
2.986993583812126
4.161021360419973
1.3755749123100198
1.6727161879985617
1.6717389723166423
1.7978134975958637
2.228598467932319
1.6310377466101094
1.471248004861865
1.7847995662885192
0.3979984690004156
0.6641206203973588
-0.2869596433506321
0.23875680153287987
-0.22737780956980286
0.0370736665254363
-1.12844764030106
-1.0865250116493501
0.3433736352557385
0.5955244065318288
1.1898953375045014
0.12090272308546751
-1.1372771675873148
-1.4566078738537698
-0.5111954549530029
-0.08543955794357327
-0.35941075450535453
-0.4776103061443963
-0.5071194388267967
1.641443780728613
1.7377637094688827
1.0661149906841136
1.4371780830240453
-0.33966240966837824
-0.9704500983799138
-2.171759418891423
-2.015739053425607
-1.6748454950005411
-1.845701285398313
-2.3146924239501336
-0.12687923076714028
-0.14603606701151456
-0.10188752587040317
0.7166429431518602
1.344321535576545
1.9495344714713148
2.2140762208331446
1.5744805180703096
2.247623820743331
2.851256937964985
3.342174618307596
3.077765803145765
3.1554595667547307
2.190286069662105
3.2208661306887563
3.5641113833706504
4.496806996383839
4.729835787686951
3.313578632291067
4.487894785775243
5.885260730697761
6.271997687436705
6.162263936577875
6.555528566268671
6.619914237864466
6.537771315328989
5.901902381760981
6.497133457338226
6.963868422224691
6.414135065842762
5.896482470608031
5.389705040345387
5.443888726554632
5.572233895468954
5.092695178490501
4.851774922159755
4.03166928345379
4.630207215302281
3.9791779624739005
3.2965972882559247
1.6218402801985252
0.4344926108763388
0.32060900289822025
-0.08659803205100262
-0.15338932278326234
-2.4210793215975923
-2.1529566826332105
-2.9480340591653493
-1.7657809387401222
-2.5420452328616423
-1.5385518504246254
-1.429635503572968
-1.0614900001969958
0.6807087798872444
0.0504484058663818
0.6292139674434047
1.0586921305288197
1.7459925232167757
0.2329371714412779
-0.4666887033860775
0.48951988658961937
0.7527926635731994
0.08790268226072415
-1.6200428867963335
-2.2818476856065724
-2.4523588248882833
-2.285611817743015
-1.7477986054687467
-1.7828495460893359
-1.832447199541141
-1.5275402429677103
0.7338587993796511
0.03885650395252935
2.874471468131747
3.8268379864671607
3.96515862231573
3.8442781546983333
3.8558816614176483
4.1094598031594956
3.1985597410965436
3.694616292131949
4.059915825639243
2.694659710070327
2.435505298338588
1.8767740933274941
3.0012295929314035
4.585647566671696
5.506117821083746
4.889511545731423
4.211316276052687
3.0735643313238508
2.974676057441054
2.6006563529230755
2.0552115501407413
3.454258975622906
3.694530996155624
3.186912591309522
1.8661326330817312
0.3648622325195099
0.3204525422021707
-0.9803455636274693
-2.111834761163236
-1.088251523728145
-1.4793834456804147
-1.0287096080195797
-1.5628601084412412
-0.522911818925863
-0.45694239537869313
-0.5383168121748754
-0.47676268489164064
-0.12141947794688629
-1.0187381084102354
-0.09074874647032144
0.0902356280133789
-0.6973513657010518
-1.175692382526771
-1.0248639155972157
-0.5755996741977498
0.3919929271002588
0.4283413331978816
1.9644528890735862
1.3855989429782782
2.091359126134697
1.5112074338737338
0.36756609914215
-0.31124648148870926
0.9849318520800536
0.6335872355553601
0.7016473867857668
0.5479698406786734
-2.2654655233010845
-1.1219223605052282
-1.27214035066518
-0.4029087021632161
0.11569521160570638
0.0004193611124062072
-1.1985516038248567
-0.689042138742133
-0.20633081266991782
-1.3369870595587197
-0.8571563158093056
-0.05426590307048376
0.4516614952957693
-0.17712753007493742
0.9055969955430222
0.7197317270847879
1.1326560330270596
-0.07372412486714364
-0.6844279925656027
-1.373096575920989
-0.4350319380036129
0.5972832610302613
3.0454823258794725
3.340377420999274
2.5227380943527824
1.3441243036700365
0.9221698352593564
1.997880443045623
1.0270752013097093
0.8242471260872841
1.4792326101239974
1.2273569822752801
1.0781931892801522
1.2861208260763695
0.6637012722027744
0.3667513058678733
-0.07114610139186119
-1.2421363799759673
-0.28729284054600723
1.3335338465385993
-0.3542525504968539
0.05612215192836806
1.4546077411365632
1.2861632792662072
1.474662188641639
-0.0943775174291526
0.4308348626841244
2.270879984564887
3.0836813170049977
5.4542169660885165
4.623385202252246
3.833815375523791
3.817833167495768
3.4800633047316047
3.8612962348639432
3.801595272726827
3.1954193158474524
3.2262555032544835
2.7736027512401713
4.0216820747737225
3.3958243498778664
3.4184338898400193
2.7435640138232036
3.2341414551344494
4.760727669030005
5.3875691260292475
5.164416805986004
5.308655022653236
5.845923576305973
6.521244394156805
5.034777642850367
5.655449545868649
5.337804315762138
4.474303910843603
3.6986583217370743
5.387830375391723
5.539934676357159
5.991480240556651
4.80026720367935
5.484684307552183
5.012442289375308
5.0621304951140855
3.811346508905342
4.8799286413870915
4.777359310241664
4.26626854053605
3.2082831736958624
4.803008371318893
3.7668342118410028
0.8130222096482136
0.2532109472868983
1.228971805203557
1.2824543047823267
3.141393403471812
3.7670414743010157
3.5038627308566688
3.592659847075912
3.555766401684257
2.2185719251659197
3.3240478833575184
1.6227024832147996
2.1185274087981893
2.2319434297314404
2.5720334913030185
1.9358402674432633
3.3048491411006
1.9772986153096568
1.3793573809613198
1.415930645762818
1.47587380399303
0.7072800184003638
1.6118362668491466
-0.2239215411692991
-0.0838572349792687
0.7854676756004214
1.5804120032792859
4.345607602623986
4.781894010636638
2.5666217932004787
1.7683950197118492
2.1766204155791993
4.033566075038144
3.7250979285867487
0.7397485059325395
0.5124458758478501
0.6302455427554164
0.44065293825417373
-0.878085586605423
0.10338573753885656
0.830382051010338
1.8914363035878943
1.6774320910170086
3.032289380073077
2.834163872115397
2.353089626790456
1.0477623256896085
1.8110260959943283
2.1691123189885735
1.693337609924271
2.0613713265151756
2.6425403008461728
0.911886995302675
2.0066525812347336
2.2487552096492958
2.644945010297547
2.5233129190621053
0.6295289635318646
0.43484028304078604
1.6695404807561263
1.1196166529017941
0.5323888725923644
-0.01855368002947151
0.22323991694844603
-0.18860662650356483
-1.4382037529852438
-2.549734035329011
-4.293726614703023
-3.8430693142623498
-3.2712270376502808
-2.5883169384217175
-2.118213727547029
-1.6944739736403802
-1.5035929881738574
-2.134330237876939
-2.1544157512977513
-1.9625804407774352
-3.156675985207951
-2.104590829361689
-2.5817120037550914
-2.0939354428000763
-2.5423984258718657
-1.669008301673008
-0.9380704606204753
-1.4252836953592292
-1.3901582049630798
-1.0341029545111737
-0.9252632980581889
-0.8598363362260486
-1.7329708916338067
0.539745311545464
0.6739344658578441
-0.5801313804439151
-1.65223104884393
-1.7651500475173199
-0.24767526398513742
-0.79072031389399
-1.1268593618196883
-1.5261548923752246
-1.4762906274165337
-1.5091477208679516
-1.0879863305098
1.6356774841978998
1.1500275896359458
0.7256695663582705
0.4733203001795367
0.2789831751609949
0.803812931537103
2.9977079028000735
3.085963164900826
1.9179628160034716
1.2799694284337189
2.39440154380645
3.8112402794364515
4.057467892823487
3.6393378330100354
2.2692426036834625
0.5495626019107123
-0.026971389958608954
-0.3385829913137969
-0.07783155316112855
-0.13990468267738837
2.1663681365033503
1.2468146758062275
2.1573235215678457
1.2999395529286988
1.1566844804772958
2.541800375504862
2.494155839314395
3.755618830257253
5.928216506996838
4.367597837465157
4.91928728890033
4.938835146429704
5.03127516538407
2.5318283127797123
3.5730315865003797
2.8899965865469515
2.778041797071031
2.448640172953634
1.622579189872829
1.7048935379585686
0.5374097978133217
-0.40245124964304363
0.5296785324500097
1.0055231815441725
1.2013713482809103
-0.3344404247737728
0.2138564976233347
-0.7543896372373389
-1.0305033741581888
-2.73404170591792
-1.9837341345328567
-2.3952872708679522
-2.95429459187998
-1.88393610161175
-1.3258656077149311
-0.3456080748913411
-0.6975328855792338
-0.3648407611292397
1.889142733027823
2.219173031652921
2.2414670565521133
2.7515514888742443
1.6776799539014935
-0.46249288619479995
0.5926681615420873
0.7861961046647599
0.4849014493007768
1.2981786761284944
0.9887280926055579
1.9401881260855776
0.4525661110744437
0.2975824734753575
2.51624287695477
3.2133263601433097
2.8948770209703643
1.9658307664298165
1.7967034124087191
0.9376125425640951
-0.12203316348805393
0.19990090373768138
-1.3005562026146362
-1.9956708081740477
-2.849929841765021
-2.116710524256223
-2.078893959300062
-1.6817077671167264
-1.650602855524228
-2.585475123056507
-2.282531317608008
-3.8252966221961837
-3.5368960520121515
-3.4071907321822663
-3.7078403529071786
-3.790848599481684
-4.53291371484501
-3.504588339332688
-2.4038082649858947
-1.9114777665492295
-1.511173236668761
-1.3340698908916875
-1.8931685498009432
-1.1397563309074545
-0.28656074685495214
-0.6573676768461668
0.29383681578077825
-2.731166916159988
-0.9269583626685898
-1.5154134608387375
-1.2755932505759984
-3.5548706244573434
-3.4648665471002342
