0.0
1.1762259325026072
-0.3056933562717175
-0.5419683332704709
-1.0560266842302946
-2.2011751523063467
-1.2494769389039124
-1.014609928480148
-0.9818941949474967
-1.2100244324535743
-1.0117391113627727
-1.137426693930408
-1.4758109258931422
0.6830362705678733
0.48800176746323876
-1.4307132996387972
-0.36023479418513976
0.3808584885122783
1.546549583167136
1.9878125551661623
1.9937415376986787
1.7771048480974445
1.4178052020583252
1.131161477163864
-0.10556447126483631
-0.6886986236339887
-2.0812755493495723
-1.2859825786321148
0.6302054017729743
-1.7466458857257239
-0.6204787439291067
0.7511295777592726
0.9642528807958423
1.2216879213303597
0.2256629124029979
-1.1770008611093508
-1.147406792121708
-2.5375761734061637
-2.715467250344468
-2.2043569709166024
-0.1519721878160044
-1.866757942614033
-2.3263838893987456
-2.110841831213508
-1.449602185082873
-1.2350211821667438
-0.10395816320840214
-0.48036872100516426
-0.533154840762889
0.40870138078844054
-0.9053984758277769
-1.3805711015687618
-0.11229750741172512
-0.5758453111309272
-0.8273181164485899
-1.1972521694797622
-0.7996012641560748
-0.8944025606454429
-1.3237489445600235
-2.3958891992503806
-2.3319028518975973
-2.1721662197344083
-2.379669009522245
-2.803112499307688
-3.594101443383097
-3.5614408900796883
-2.724812148252527
-1.1811010313017007
-0.6289583480038785
0.17609379335853673
0.38657593051652017
-0.3562130351746338
-0.017300046931456328
-0.7637582992213825
-1.8818921377435194
-1.0671474630374536
-1.246153069903878
-1.471150029882605
-1.799120184126421
-1.940675243649673
-2.556212434484664
-1.7837325538257596
-1.742131727835638
-1.6810226594042381
-1.003998024313314
-0.7073363683504073
1.3480797944023921
-0.9672116028660103
-2.6430902436717276
-3.6838978075110216
-3.1985079089954147
-3.2127272208141293
-2.195699143772648
-1.0456894945450035
0.28878936966619195
-0.3753280818437531
-0.6861984567222024
0.17159812016043946
-0.3712498974938008
-1.6398712458688713
-1.354547983154513
-1.6698355728257983
-2.197344717912835
-3.0457758565313138
-2.8569032727040637
-1.0563778149024383
-1.3784977427266407
-2.843979370857175
-4.744854999610672
-4.720405108442259
-3.291307470228376
-1.018348180168692
0.041412197816214746
0.6259420500567014
0.8038631386320525
1.434297163239106
2.208756503184549
2.030468661929586
2.762373672707939
2.232016005960287
0.9891048065570932
-0.9615775520280389
0.0254776582712902
-0.8682420849702734
-0.6240488756880214
-1.416190651936261
-1.190148534782061
-1.9001950902160942
-1.4745186151297502
-0.7969004461015133
-1.4006859238793672
-0.4104039226155902
0.6416606752194329
1.618526310709265
1.9760905851098305
0.7873041781132549
1.0014730795175728
-0.1651932733252608
-0.6569825785410885
-0.8656086956418858
-1.383134847358733
-0.48035577369551985
-0.8302498418769062
-0.9249992735683666
-1.3779759127822426
-2.2301368495383453
-3.067792569705248
-3.38684364218174
-2.7957456862908643
-4.599299829615116
-4.413673357229113
-4.884156053156856
-5.031182726880928
-6.755828841160908
-6.831443243425332
-7.017818791337011
-8.177171726501438
-6.869744491516688
-6.346749720616434
-8.527784260078713
-6.584014795320322
-5.94830152434571
-4.635819049245933
-2.0780603806473414
-0.9221831151146184
-0.9301271356524435
-1.7966125755495777
-1.7560449495930988
-0.6212913498691732
-0.6695909529314953
-1.6576624208017199
-1.7101309471215465
-2.5784952859090504
-1.133463341533346
-1.3486595160582082
-0.9647058781281643
-1.4957112456860937
-0.2811688611370359
-0.7365373044244262
0.010796486192534607
-1.3122345293846265
-1.354119067449584
-4.518513421374327
-1.350959330979711
-1.626470955742429
-3.0489197618854185
-3.4890361869522075
-3.7942098152780743
-3.3172426253901772
-3.437677948214904
-2.38196647622142
-2.97837091129588
-4.769564361400832
-5.642304980169928
-4.649265051253872
-4.1545894373614205
-3.7152593673396885
-3.8467550084539117
-3.5184299683216502
-4.7576164208834
-5.212239313078931
-4.019043359386483
-3.9193563479005196
-2.922301187677951
-2.6762530868053505
-2.602985508490093
-1.9362976733560238
-0.7618487944365971
-2.0506895015985878
-1.6236926930571625
-1.421383002946487
-2.2617294094605844
-3.8913340383203345
-3.5709129760360403
-3.915340213367938
-2.737308926465161
-1.7386675646658438
-2.8131529741878727
-1.3422104252829996
-1.4057493996286512
-0.0711848185254153
-0.45171644120418475
-0.5829345132161385
0.5447681490035402
-0.8101010467194084
-0.3096087787629157
1.8737617237431292
0.7968556660536733
2.2753452179963958
2.695957124145368
4.312733674672439
5.162453419986158
3.0301979943016137
2.9299033005553365
2.605390311692446
4.211553976243424
5.865917228664759
4.798190876553896
4.522403058142499
4.227485274437901
3.679507465505371
3.7242919776955175
4.013800941956086
4.0515710654557555
3.467296369380316
1.0707347553322997
0.33089785897528634
0.6451969122826997
-0.019997417284093294
0.2014473047215235
1.0292122540719395
1.2729192157900857
1.2853864688497432
0.27687177218952813
-0.5146308364951069
-0.016914245237790927
0.6333927120942839
1.9585663175317902
0.5769010246906026
-1.299597759225223
-1.3121301820805205
0.8477677909963116
-0.38428426527278364
0.08341403522280441
0.3611855528113217
0.4673612577864754
-0.8196122092500467
-1.4028425671733908
-2.043247296109507
-3.181817750472218
-2.299943217692573
-0.9506426789294894
-1.2606293956756869
-0.20250785078648936
-0.38387826252414675
0.6646373945167058
1.7009862551623527
0.9430795612684446
0.46823329732049973
0.7517748976598893
1.0452525501356096
1.5538207225785337
1.991661260309457
1.4470551604280193
2.0014707659739526
3.9788436553199937
3.58602639715428
3.4563009006095964
2.754652273447875
3.3117380067136977
3.891100980400214
2.0353461049114645
1.509935146498775
0.7756574622140087
0.8622957075848868
1.5494729500049476
0.4355753889077623
-1.1914978897318418
-2.0961819580442618
-2.334295231343138
-2.697464171283711
-3.062827087783407
-2.679230471246924
-3.066729792348491
-2.895981026009799
-2.3859491528554746
-2.9835746695725365
-3.2234501100665938
-2.1216675944504804
-2.4079758384672596
-1.8113388959104328
-0.6753602120796752
-1.4804105839183825
-0.8432301360765604
-0.16612174161420665
-0.1768150524143206
-0.8953861778012149
-2.201380907696984
-2.33764222890496
-3.0891617688379003
-4.585115107211375
-3.9172487118221517
-4.550996773061818
-2.8823220954462774
-1.6528600860263472
-1.4330837270515495
-2.479968387526582
-1.4617063743228744
-1.525403156902217
-0.3088221163487904
-0.5821483044185273
-0.5539891926755597
-1.1977268382783437
0.4712524203178247
1.2886359072902511
0.3836062133620361
-0.47211860679275425
0.20490587980641686
0.5970211251934028
-1.174601550276926
0.0024718759133721493
-0.8859119720716992
-0.2373560083960295
-0.8984951023415915
-0.9196383301209822
0.34481368716019867
0.48937522917950976
0.18043077290115941
-1.681754588807075
-0.5524733551754694
-0.008166117260304334
-0.17942052498231564
0.7683247640001419
-0.1239754161587159
-0.9070269413137351
-0.8544879533038018
0.44352423692032555
0.14588716974396737
0.8324771581722495
2.20963650714515
1.986774700905583
1.1840939744044274
1.8376500776673725
1.9153633467976856
2.3987952425275063
3.0044988214348867
3.198370337384244
1.115774039893376
2.4178768529049455
1.1690036825392418
1.894751489852688
-0.09904675335405744
0.6333599358841252
-0.21097003643822987
-0.3237071177669593
0.5304032256027418
-1.123504754653521
-2.7583777081574303
-3.2562008738552204
-3.4083745362878877
-3.350841474785774
-3.751426813691556
-3.598296049469096
-3.993908441346081
-4.087064076388884
-4.026630321731777
-3.9215434794378954
-2.6342669344375866
-1.6263812243918183
0.7177600083661652
1.8604634252560037
1.0045851480563381
1.173529953767385
1.9852587621639257
2.8894337831797112
2.474276172920163
2.138635643999594
0.2360283414146453
0.49649260202786283
0.16472478372177846
-0.09813430336232026
-0.06802870346412418
-0.11124058441436985
2.2842232050616995
3.407413444591031
3.0414412577280805
3.4025283298110676
3.4746348951225388
2.2981677117321957
2.213067470685632
0.654908277364756
-1.1626034918271997
-1.374246338945022
-0.4031369838605587
-1.0714260858703368
-1.8530134483558656
-0.2165940383042522
-0.7789626872120217
-0.6895020090521371
0.34687779291553666
-0.04547309572681088
-0.852115404707156
0.26542464218265355
0.4096814472830652
-0.3590341245026577
-1.3824977506734484
-1.0535399776743797
-1.2065346118217057
-0.5361749794912486
1.2869935321343104
2.1943003375406716
1.2555621648105912
0.5055556045308495
-0.30535635268618977
1.3782454551089036
3.0294514828041104
1.1467376690306725
0.516361386709291
1.5830841706952972
2.423924363214505
2.929345418189414
3.505585871161889
3.7687442963095448
4.359966806147084
3.923173360930201
4.234053069909056
2.3403044882522765
2.6695238053972457
1.924491558385113
2.9911273415933235
2.5599139880957473
2.270826533005591
1.6629569800202957
0.19560583224720257
0.19847453999936024
1.22416172154079
0.04368562915597948
0.4880271116587042
-0.46654221903925575
-1.4384990596972886
-3.0598659648745588
-4.37613762622606
-4.257232000728898
-5.143158474756339
-3.901813670972989
-2.1720736047119815
-2.8647449310471176
-1.7361521525373471
-0.56526176591139
-0.4741635202404977
-1.002014278822682
-0.15933305894723704
-0.1632003382360774
0.6045225643832002
1.3386135202466625
0.3735515052527999
0.7694351129943909
1.078134494256147
-0.2324334255339478
-0.604352554698752
-1.0874016182966146
-0.6710570603156472
-1.3119662016156726
-1.2122412404116332
0.08407215459060287
0.532852643985142
0.1028965677116547
0.8238348849933763
1.4241224920183022
0.8372016352500736
0.7250041526795324
0.7409620770820899
2.1256709499953925
3.828298742255644
2.8976408927905046
2.2131707007018333
3.4471841303631816
2.035228705607784
3.168816766154104
1.9350086781592826
3.7590388990112302
3.4400002507376106
2.4915696294994665
1.8211741079637862
2.229547729297969
1.373935899955293
1.5410103624802174
2.139290694767317
0.30014089486498957
-0.010900955614735641
0.593301600760634
-1.083390182499792
-1.1682502004207493
-1.384513601761092
-1.3254752173197082
-0.4993071350646711
0.5746695866887555
0.15861447745674978
-0.23156462589876303
0.1039172174872117
-1.0035039250044209
-0.11517028943688193
-3.28966188212607
-3.893059559084579
-2.534026044413469
-3.1456211966740204
-3.397584578435662
-2.5637831862463885
-2.004074592142989
-4.053890440335409
-3.318574084726794
-4.3114970395759835
-3.4728656297471474
-2.7858257583950263
-3.125470583603745
-4.408136848911903
-3.981802805258838
-4.01933863116573
-4.72640953396049
-4.338211483279569
-2.7534185669228624
-1.6548904571184688
-0.6342822763689753
-0.8469794935837545
-1.082866150844382
0.639257219533925
0.22041921662078126
-1.1111652651717754
0.6319897301925534
0.04704568719833678
-0.5533859983143075
0.46196077212296416
-1.6533923320257098
-1.3415476742368067
-1.3153225351477382
-1.4882609859483085
-1.8823935360804072
-3.770848686536669
-1.6695660738963598
-1.9016675450401141
-1.4188817823740463
-0.6935703651675689
0.5609511837888232
-0.2259813352102965
0.734485476841959
0.133984747217683
-1.8696994011021488
-1.9680263955057662
-1.088571417551836
-0.22604139205769028
1.4144355306306124
-0.1751340559131513
0.4639747588713847
-0.4554805193972151
-1.0210163187737031
-1.8392418849138705
-2.8648563226061903
-4.337486225325379
-3.552049568295333
-4.98423222235484
-6.241448907162138
-5.684929964443264
-5.4610161721978185
-6.245013627174913
-5.856111103971943
-4.134375839543778
-3.520290982528083
-3.824870404203569
-2.263800995451887
-3.540855019646057
-2.7663986528894298
-1.573375017730347
-0.7053458235187022
-1.6955171487960543
-2.1806490318813547
-2.2024108190204927
-2.5234556897547495
-2.175508736009636
-0.02617954468035552
-1.3809053672446268
-0.5368052874037131
-0.1843841227853516
0.8221914020657641
1.134823038038038
0.709468103746693
1.1242014498810167
0.4385302641182551
-0.9118865874791734
-0.959220223123152
-0.30764798678072014
0.9533901397368985
1.2242404091392207
2.0385674462219803
-0.07314311005069042
0.8894608460750141
1.3352394184342802
1.3448125233011874
1.2585157301351528
1.646803869100234
1.048582098983925
-0.6646987777043225
-0.581095050529007
-2.16479182118096
-1.553603442087234
-1.6230294470574296
-2.8965225106205197
-3.161427569844208
-2.2327010054794445
-3.1894170868618157
-4.464614672053879
-5.886362415190628
-6.268613946581152
-5.714080023184885
-5.112304086870342
-4.385119250754547
-2.720478952583322
-1.7024929882265434
-1.177914620748959
-2.0210185963891303
-1.446037089945253
-0.06529939947683022
-0.09240576910453886
1.3320324628421774
0.18077939815880556
-0.3400905379531476
0.43347300684885637
1.2403756940362405
1.9280020676796013
2.3275357064575277
2.3961540347607526
2.9286125377904306
2.7427935028712778
3.191399090519476
2.4620755948082937
3.3581006551279384
4.6016411072656975
2.778884941949498
2.0981302104605324
3.3608657037720655
2.1327802263148037
2.3019787436723465
1.9044602701055477
4.228027666341876
5.2721200979447
5.914953989504368
5.364273394768321
5.729870991259376
6.483860943513149
5.916722934010319
5.12482687578417
4.03022837636883
4.668936809112952
5.494295528200578
5.702402029967389
4.746101732692509
3.821251992249818
2.3519339280676146
2.373609842659045
2.638897210901957
2.293333897126072
2.1909152794379163
2.1275571705192347
3.34336438950519
3.3727675426405606
3.260238974912231
3.134602739130404
3.460441032005412
4.622430527534939
3.6567383631577584
3.633940415906119
3.0842275158998387
2.614586676904652
3.3378346517098008
2.713887274051827
1.5985164821880207
2.4685376504099743
2.123030664236617
1.1210280159260544
1.8713968350896195
2.255010023092374
0.6209557587116177
0.21656318482852355
-0.059868746936824715
-2.090780742171898
-2.5647054858676603
-4.202862467170543
-5.235865071086695
-6.1256861366682465
-6.309334337450078
-6.314859800072108
-4.737540818675039
-6.056590985503379
-5.3703310320554385
-5.9056530228424835
-7.352165890788464
-7.000714925055353
-6.19479323689587
-5.9093083183612025
-6.488227213915267
-5.980013265470824
-4.722170327399335
-4.099367533135819
-5.030678391556316
-4.518609707231791
-4.251057875022541
-3.3160256275674245
-2.9066852865636403
-3.69243494459941
-3.345125838305661
-1.4257615662670426
-2.6596613864751633
-3.129787456927697
-2.6174714433068607
-3.2405213930218224
-3.9106359901248675
-3.6896452640114865
-5.226384349610839
-3.669484925411851
-3.1749953495789804
-3.0492511409115277
-3.1231218634864977
-2.3430383510371007
-1.9927415890031672
-3.033996807362182
-3.9431753507292897
-4.068802385056315
-3.679015004005967
-3.390966396484873
-3.4375744640355603
-3.3537700628173646
-4.036800674758771
-3.40525489630121
-2.558089781033849
-2.658650446448732
-1.5860315019790958
-1.6948113858007225
-1.4739251103492734
-2.8015299135792686
-1.404719969703047
-2.8597078125038213
-2.0139408154028415
-1.216729771016238
-0.9469721246845388
-0.8889015641052471
-0.08048861504301605
-0.6374009269766677
-0.7906067955716278
0.377982704627257
-0.37003063923003726
0.5328947321402551
-0.8385345999155797
-1.5710709235759288
-2.210629784228468
-2.9455202099716793
-2.3299002860858824
-2.905263454466899
-2.3546195147457487
-2.307870288731188
-2.1584625299217537
-2.7434986989160755
-1.6476050488915348
0.28573888116456997
0.9646724178958958
0.6199213908412283
0.7901346506217098
0.42598210148152904
0.47682859606406525
1.746852813993146
0.5747924194629519
1.9122595421062574
0.7903750496631935
0.6595639720128426
-0.6442460041142248
-0.47234722718628563
-0.21777747031347094
-0.4885100071832479
0.15516362639136774
0.019161153235904185
-1.0876195879135186
-0.5935946790713947
-0.4091644518587632
-0.3878680484348331
0.2012690909391302
-0.32641274355190686
-0.49860362380795165
-0.9775982498284467
2.1359014988656035
3.6270804131354
2.6371773903821447
2.6333104078879943
3.76093821740178
2.75739837470714
-0.022973164479305516
0.6056299870931529
-0.43169809019011757
-0.3341404165737732
-1.0970983528946499
-1.6977151204479204
-0.1842216759190006
-0.3313145593584658
0.9912729851965544
0.5185004152506576
1.4468491955147782
1.6946938868756174
1.9251377701324324
2.811430829838308
2.279260759859292
2.364090919823816
2.4294647461662455
1.171800636599799
1.293084684645182
1.9569972723721913
1.9773686309175762
1.871822228704459
1.2297915331655653
1.0151442766798826
0.6294856520991007
-0.34930411782506837
1.135111910062068
1.9521575010706405
2.339847835958936
0.539369001607474
-0.8773397787198831
0.05030191287806094
1.541307779613989
1.140836692656603
-0.6568770396866745
-0.9156656314362759
1.299269637483576
1.3081303152686619
-0.7746082813098343
-0.3295554691612099
-0.5929187855746864
-1.5053083073987004
-2.0589076848339505
-1.1925436106039742
-0.8713504901625784
-0.06020245535766279
0.08563707936953655
1.3778948658027164
0.8731923172712237
2.3994311971758218
3.5956543215380927
4.117567710744749
4.983661513975356
4.905222360604879
3.5013049461953143
3.0276954764315565
1.9509967915339734
0.45301590665749963
1.5409034012644247
1.2465286187042648
1.074264979426553
-0.3506863677705544
-0.1761186279951082
-1.3003543899955607
1.7578343097292652
3.4955722582299695
2.5923096875834637
3.9905370879437796
5.158773830414171
3.433475205784186
2.4071650784235463
3.3037272374878746
1.4062118374187569
1.3036962433516197
1.7877894621946342
1.1369994471653424
0.4299086150666619
1.5932190795692969
2.3429456835047087
1.7598481367632073
0.1329931999172564
-0.5955014038586389
-0.4460499666119717
-1.1186148365278399
0.0023513403713678943
-0.6738531793660396
1.1358740865149866
-0.6474251698556497
-0.7328067762067144
-2.5290265294222314
-1.4437036653947894
-2.1868652960556525
-0.925611410028382
-1.8584391244752216
-0.8523474886572233
-0.4299429060604921
-1.618918964461245
-2.337019157240554
-2.6007343175646294
-3.046981644792733
-1.7015435278239859
-2.265170225945199
-2.383101089423781
-3.56040864497155
-4.491654108658149
-4.162772586474341
-4.762567853959462
-2.584753777994291
-4.062005873918073
-3.31192671078086
-3.421642416178713
-1.9424672622613182
-1.3868790505627677
-2.5529283543338743
-1.890770378113153
-0.7449307023279538
0.8430627069938831
-0.9600627496873618
-1.4554372125957473
-2.6237993932535075
-3.0848655437376467
-3.104844942700189
-3.0432376403651564
-3.513907257134511
-4.5073506705380355
-2.0925602890284933
-1.44514154019822
-2.1490993895595394
-3.6311276919716784
-3.0368274703951426
-2.0690513063883644
-0.9864090053438348
-1.7331711649018224
-1.1516126656709504
-1.7459563815985684
-2.6957879202969877
-2.312684169831218
-2.872427674836735
-2.4535053742098705
-2.357145205563266
-2.6702607801428653
-5.057519648973839
-3.9503046039291223
-3.1157830451466837
-3.2199412580463305
-1.5457389302942754
-1.836295155615247
-3.0326359383999475
-4.076249662210095
-3.1360047933228006
-3.271120585631167
-1.7123232016886005
-0.4196071333655736
-0.41539511265209067
-0.03508012978989972
1.1955187943946743
2.9659466166203843
0.8832338615859064
0.6559426002964878
-0.22428105837203932
-3.117612986949702
-2.402956301252471
-2.122068521725868
-1.6534962859153057
-0.783660685819269
0.4454836568669711
-0.8658663635464656
1.3130346265227433
-0.9697928023247249
-1.3694743552378308
-0.3580581475597525
1.0617500210678938
-0.8839398971467738
-1.0870533489612841
-1.5369296794463987
-1.2320490150921088
-1.2505833612024386
-1.0841208088671384
-0.4446467471566381
-0.0593930491659191
0.5469132166941558
0.06928162696235052
0.8761044554660893
2.6911652947243487
3.8503885406318887
6.34548164837779
6.784026063624072
7.704839953190362
8.2364046843459
8.623708471084688
9.27578262490417
9.2857598446153
9.593863763972994
9.451752324968922
7.870060667909412
9.378519461178001
8.922000014873447
7.304158919182365
7.422221330303342
8.511754745118113
7.484973380289182
8.529368060444217
8.146210209203272
6.318550296961845
2.9356195165034302
3.3680931032004366
4.076470617020074
2.628555637231913
2.452052098449786
0.2851537711582414
0.22838864593744204
0.7875534712640174
0.3505566935052963
0.8324352366475862
2.821344207732124
3.518461522492535
2.785793461630115
1.5977317504616002
2.1873124702030875
3.0717623012567556
3.607903237492432
3.44063686659718
2.9019121441236284
2.286075906062322
0.32401729499728443
0.6141008048798624
0.6362718679897968
2.576263266709293
2.958137680983357
3.4431873794559107
3.4108105952267143
3.8185209090257732
4.154681032650642
3.1014703200622056
3.5718582908658716
4.899537051229137
5.619856710525814
5.3929260342641205
4.549601850202913
4.113975903356204
4.648481058939758
5.695107947250566
6.5001157058828785
5.692034256574614
5.301091315058075
6.184969103861796
5.771920848382042
3.4088240073906766
2.961958600525771
1.5138306786921902
2.0016201051892195
1.16492320345303
-0.1957715824041518
-0.671370563560071
-1.2693363333595058
-1.430142224937966
-1.2046165925037018
0.24330358136747798
-1.549582353016092
-2.120893942489709
-2.5621538116184737
-2.906461055872168
-0.6797137368464548
0.5972431699211198
1.7289705816965608
0.5096441909508767
1.276446208488149
1.264048736808588
1.6942006075926166
1.4699867963971052
2.472467387036074
2.5019726844630306
2.8168773499336814
1.863934142450554
0.4492888488061977
-0.8257463368108519
0.07181397988009586
-0.06012010035869603
-0.14530873154707064
1.851094176611114
3.7011726785589767
3.5200920424069593
2.052050466512662
0.023678063632474558
-1.1343144609943958
-1.7510495686270096
-3.832832657901449
-5.071461911159391
-3.646434471989042
-2.3403960306980354
-1.8804598817653047
-3.6025461135585175
-2.5055979214303683
-1.9264629406511589
-2.0475465069889482
-1.1383851006297703
-2.624013937568521
-2.0983987694960473
-2.293364658019289
-2.5932494672867956
-3.2077298011442794
-3.214213436291177
-0.8779561640525755
-1.0932060643184247
-1.3633306323499692
-1.419466536182456
-2.253686066980516
-3.2425669581234855
-2.7293027586394714
-1.35864241909459
-2.3145597682787216
-1.6312329636778673
-1.2167909815881197
-1.7525985850183636
-2.3991957991533686
-3.4996340488007167
-1.9705485012598158
-2.409364983312956
-3.048317679800632
-2.120621218285913
-1.0909617080947702
-0.7066171032122488
0.23786892053647005
0.19020778815773143
0.2221212353091031
-0.2563491959025994
-1.0038476013941104
-0.44573022576994736
0.29550040419622403
-0.8638700547804506
-1.4733278782401378
-3.312067462812404
-3.1020565903494606
-1.7148942349723346
-2.4088341276451546
-2.8819651226119087
-3.5151639641854606
-4.114079555973067
-4.448718872786124
-5.083905717154
-4.965690221254683
-5.33193003470729
-3.765415234902027
-3.929848843185607
-3.6717666128276596
-4.682238792988276
-3.335267620403312
-3.414304215529987
-3.5855820415906132
-4.033940907327022
-2.583429241767988
-2.532174691383235
-1.472441236252413
-0.3517916860747213
0.03272608530494754
1.0329006333668425
-0.5576497425780098
0.32249524573315236
0.6339459537812772
1.715199563642448
1.159816260602425
1.2802089112034163
-0.09230910593879277
-1.4133433858225395
-1.4702360622511756
-1.489106767132774
-0.137953657260707
-0.25099831475205586
1.0004288814877338
1.9950237631883687
1.6172869722472516
2.741991200153638
4.399370388726713
4.013786260101631
5.348127906513746
5.032342162241251
2.572171205136253
1.8466967748469882
1.4812449078255165
1.2400970299136553
0.8933872247907921
2.1986637728880947
1.5814993821728183
1.2450550658684323
0.9040582959902258
2.628583238175211
1.595682461849345
2.914019202853864
4.387330412106865
4.878970943700982
2.669554411065344
2.156352919033575
3.1238399700960002
3.292482842667441
3.8050732709897304
3.202235847280933
4.35094878709619
5.125295797676319
5.324281462968617
4.411207069054618
3.0530176676426803
2.3573747186450733
2.965676602359526
3.70942954041092
3.453178354184273
2.668024524363626
2.3841448690350178
1.760816700706831
2.35509864668449
3.0665637374210926
3.231576551861126
4.285373817222245
4.889803684563764
3.7070923301458447
3.5253843533488762
3.321893008884484
2.528597215470884
1.7319483706417507
1.4401079207266094
1.0075931169715573
1.7093137095803521
0.8472724123864059
1.1225067859684852
2.3464492869646216
1.9194724438745125
0.6673612861526369
1.604409945131455
1.2421195798151674
1.011030577823966
0.12031965383783885
0.956659578000066
1.974656473218466
2.817583686358187
4.444827181510988
4.5290870640422245
6.044082730393579
4.871820591839962
1.983789756483168
1.2643059210015986
0.07797964653670138
-0.08540566297335786
-0.28404716546015973
0.5608222927221019
1.7838509935410745
1.104988583327577
1.8702931890299024
1.798341971698659
0.7464562044148745
0.14649335076800865
-0.5532008397357169
-1.1989837427100283
-0.8930737867378209
0.3652437950037455
0.13383342446539298
0.09404343098859902
1.2558844720864102
0.7888781067813624
-1.2534555783326145
-0.7432369439274746
-0.6223158935440906
-0.056163797398517665
-0.09647289391918532
0.9813273254878321
2.48717586712225
-0.3886214748204279
-0.5951976406720498
-2.09928905685715
-0.4526044089708636
0.11653206601851265
0.4032538700125799
0.1705539150135908
0.9090203502890817
1.0982485521131522
-0.7379799703890153
-1.5782533687583928
-1.7195829025024507
-2.0681011118160173
-3.6787238200772343
-2.27716285804193
-4.205502588061822
-4.24581643360087
-3.5172269572330523
-2.1544382234636723
-4.627566462124355
-3.243565685466212
-2.7876179834585377
-2.0660818701902506
-2.126860555272195
-2.2183758605103376
-0.9120743330560143
0.18790962954279006
-0.9722688948806864
-0.8195991042079726
-0.1707105930414706
-0.10405935891102425
1.4048426174537931
2.897300059018217
3.4937568952176266
1.9508649028016691
2.9251096748204155
2.9609853582857797
3.1369991091426503
3.401444477199725
1.587175641878418
2.157383632071817
1.400839486638934
-0.030181184045273868
-0.08929760419667007
-0.2513616059176194
-0.743197910556041
-1.5131398676713772
-1.0219405834512192
-0.16822521031564258
0.887083642946292
0.050767940671565454
0.5989911899590832
1.711720704955306
0.3483243035390326
2.215087886534502
4.283263371191766
3.600287494492611
2.256024682029173
1.8388607019966305
2.0632283300392382
1.6852029607052
0.40665225048084513
1.736553668223172
2.450802623982653
2.4755506341277886
1.8615388478573416
2.240442738451245
2.636578227859273
1.658236402167655
1.5920927049955504
-0.08316364721838196
-0.42879237773449497
-0.5867967685818873
0.2270817398984048
-0.35123552434946537
1.9883930428926637
3.519288817290216
2.830200480230207
3.143974794191068
3.066750768396953
3.422458830647936
3.382792893089081
2.7728845978176593
2.5731565274830164
2.8687345111832823
2.647809059267167
2.578212557238958
0.567713325695508
0.6530688198927335
0.5031218907833305
2.6589779677079215
2.511203621286328
2.3851924831698863
0.887501808894599
0.5319406841040818
-0.31094456971479617
-0.8557515268044822
-1.334958924575595
-1.2674951827555618
-0.9630543122556114
0.8858535636160073
0.4536534073404056
0.8554775478533609
0.11979973868237337
-1.8796122485535869
-3.0355755335795416
-0.9954499111309524
-0.5777040673717937
-0.4169852597247944
0.022232476069446866
0.02977632814562997
-1.3289450909108926
-1.8741575801006913
-3.3598200798228053
-3.135691189045812
-3.9361431799551125
-4.306832562784835
-3.3449983614568555
-3.0746750291935574
-3.032634614372482
-4.18939029524324
-4.233361280626589
-5.035412022624146
-4.7216028725694414
-4.298348808375742
-3.0949850612980754
-3.451140071280843
-3.1810912041724144
-2.5869144088170355
-2.476541013985465
-3.712496185369506
-2.9667335342793133
-2.54292208211369
-1.860832124308751
-1.667291967920828
-0.7428557678347703
-0.8408648291208841
-0.26057387221690886
1.9827831638931868
1.448871830832172
1.2258398786046294
1.840484065163814
3.174887036888802
4.720260153271675
4.609007703468816
2.6792698869490277
3.1696881405900923
2.0000794177224144
5.594616417086794
6.403258298861352
6.2416931356636685
5.346869231158849
5.756663457372736
5.437753919202782
5.351388539843484
6.937540851413885
7.3020190830901655
6.715956078972126
5.223859958633272
4.666904049006256
3.429169923446893
3.20983916207382
4.256670611167478
4.962269469540344
5.532854835960926
5.894768543652018
6.943419683674943
7.430932604608467
6.615109830816775
5.587842086928271
5.384820400734272
5.59578321471057
4.05223300640952
3.9927160502667625
2.5557016350851107
1.6769472748495935
3.260433627142901
2.137221567038689
1.913627052265058
1.9844352225606448
1.712687393792371
0.47591537149541374
0.5044653012168971
1.6002160581695757
0.8210754343140045
1.0666878233028447
0.36943904748907724
1.0001125060287528
0.7192208488703042
1.8505471920246563
-1.104075219665961
-1.4256433822855894
-2.1066394807609323
-2.780775346971902
-1.9861554841432596
-3.1891028647647515
-3.0690946261439844
-1.7015497000934172
-1.6975234133155082
-2.5445902267378777
-1.8948040991118495
-0.8731845694535219
-2.127616526634806
-1.6103003203359918
-1.8811001460617482
0.8139266404769837
0.5449162173018115
0.07295984853789342
-0.6025227331664014
0.01854940784915654
-0.6257826763149973
-0.853627585274612
-0.125868038648877
-0.24776217957597374
-1.0481000307136024
-1.377991252394854
-1.2415623514137129
-1.699971790523273
-1.4624212457322665
-1.2713826305490985
0.4038271173175145
0.28329670851486644
1.3678533972508915
2.140698528251977
2.1016684734421776
2.248943237558242
2.6197889409596775
2.7395010733396665
1.725402486119677
1.3619236498444542
2.7527458464388492
4.1014329434990415
4.10524252476366
2.7046616354642437
0.006852842140162435
0.6270518866727387
4.2373558713968125
4.313178557121421
2.6774767409350972
5.109616528690887
6.228672790338931
6.177814881234117
6.150343514667832
5.538284442676925
5.769533551501133
3.6993807555079705
2.2744315348660136
0.9796829394636357
0.8223434971074476
1.5781778116231435
0.32668541936479223
-0.29805977154470775
-0.1998954942718196
-0.29331972335283035
-1.177233705001562
-2.5889388329518397
-2.4980983427307946
-3.9883202473454187
-3.0621033337560557
-2.9316384962344113
-2.4422283050942193
-1.9494924309597996
-2.321944986099806
-1.9495564824690177
-3.543511499982543
-2.8519486663123113
-3.047643592744029
-4.268836373239358
-3.1245489755719853
-4.289039938330656
-2.6166045504255377
-3.6372317796205027
-3.3130109961744907
-2.7993686341364667
-1.7457184348426353
-1.863477574536314
-1.4417648533328187
0.45823431153964145
1.6783638049003127
1.7889978354509246
0.380610227995671
2.0801177584301764
2.4260087141056133
3.0176632151420777
4.454189886221348
3.5071479214056294
4.353586578735807
5.757265938776217
4.760750835253964
4.357540927973237
2.539469713158162
2.918951106084738
2.880786364702466
1.7132630863326241
1.4441719387650491
1.1392385069244448
0.24446345154922372
0.6996534548022975
-0.32807925424929596
-0.7315472886580252
-2.025614577874161
-1.9639289168915115
-3.132196713092671
-1.572203791665458
-2.3036987498895156
-2.1839726501472567
-2.5591075976269937
-2.9197563863793374
-3.8198451325227896
-4.220499486755107
-3.5969704304490304
-0.04291469430776307
-0.7160094012609277
-1.6836217328612813
-3.178337708281971
-4.835158869332862
-4.7268353554598495
-3.0742879960106184
-3.0751900053868755
-3.1253360303707343
-3.3589520338955388
-2.310572747740049
0.11975367619952791
-0.042386703033102574
-2.9993188538128286
-1.697496547779012
-2.1989627225252018
-0.8050206283356619
-0.7007481159517615
0.44354763250709717
-0.22557699021644373
-0.4913816268576404
0.6930094703996771
-1.000977259511128
-0.5688855287142499
-0.21528667027663673
3.163407619661245
2.251932975939253
1.2425627717578835
1.2980201548551686
-0.6344503672528304
0.47276140414282314
0.2708827640874544
1.4206118163147967
0.3539500377547271
1.1247785891718212
1.1548635646461292
2.5995813902360405
2.2246077042177963
3.9057769956829835
2.6940163081095205
1.8512952111076735
0.6175534256799144
-0.5888659995610618
-1.2203672925251428
-1.7508790573209267
-3.247098361389174
-2.3455672197104303
-3.744288290586442
-2.806654594740899
-1.7984221451231934
-1.0046545276606826
-0.6582626396436084
-2.188402483380669
-2.6108783411323886
-2.4792717422801647
-3.6825898855595987
-2.6614421201654097
-3.6385541958686503
-2.227675136887684
-1.0108827389601478
-0.29035019231586046
-0.1481483954182336
-0.37124210587522816
-0.06348480556699672
1.0526175638540924
3.2225280878389415
3.1802968718590554
1.919641250269827
3.374273070651596
1.965823920121301
3.358744703570514
1.6585580425168798
2.8420059581204122
4.095518832814144
4.3523494817606165
4.914592805148105
2.8072228957962633
2.8828710478658435
3.0480024796759206
4.104503235581645
4.42849912747971
3.7383286384416463
4.3107409032264865
3.772372120277945
2.7071568419731826
1.905307274644185
1.2721231231695391
3.3150870582711547
0.9720470596421885
1.1254086013429123
0.18066004674910757
-1.506840005664816
-1.8448372556264907
-2.4249370966932906
-1.127069122257772
-1.5132701230527177
-2.059453303355214
-2.249015453661117
-2.285428067350293
-3.8840689425196384
-2.3218915885186613
-1.9933933851359966
-1.7662202515862095
-1.5812404448521364
-1.1617084453757631
-1.6240047136441385
-0.004063224073399771
-1.6958282458810512
-1.465865284886047
-0.9699007943535742
-1.8574471893682785
-0.9363570757045256
0.26707260349798306
0.7336841320519062
1.2018690178926965
2.758981766020566
3.459910978844136
3.013477670583552
2.105460629691694
1.5913734970489197
1.282368279387858
1.3793028234514513
1.4292983057073663
3.181819349652055
3.2193747462267432
2.5675478666782334
4.065505575350694
5.308910813989554
4.66305850509775
4.3739946485626175
3.636839023223291
5.085260590149518
4.275410368046108
2.89382126747357
3.874078773029612
4.893987917448541
5.716568792808579
6.194751239982648
3.6771672510907756
2.002122379986382
2.2510720519569705
2.047803524139885
2.1430960097475125
1.5769831599499895
2.420901972305399
3.7842602525775173
3.8088494632399694
2.736163038792005
0.8545401676243207
-0.7440211416899547
0.49966011748503525
0.2712782924973035
-0.5719225196405964
-1.473676955276244
-2.583920060554222
-3.501511257688442
-2.936017775473145
-3.2504467798904093
-2.690980272274716
-1.8755201244148645
-0.6330477449562295
1.5793437111557043
0.2445666893035789
0.48464381177885507
2.290344076267897
2.5423941122293874
4.195615699909805
4.397438937645911
4.9283458897605135
4.4793717768878425
4.20941698008525
3.964986957816881
4.289455987357499
4.078535303388101
3.7339775199649305
2.9685578267035777
3.7274790486762037
4.179391603616326
5.999163853065746
5.896604394306721
5.297587281065389
5.340943983083388
8.808856738447322
8.610133227612812
7.572609869694595
4.74386390390254
3.6958022143016653
2.7860915998614577
2.6603612115873165
3.2584386176513926
3.935478663855826
2.919000984028382
4.937511875385873
2.007555203917289
2.695045100637714
2.1601213569939914
0.9851749126625342
2.3969844333405965
1.288456712826716
-0.29678858465270486
1.1775400238854183
1.1327457769270688
1.1003104519182119
1.2959414794839683
1.5493222201504753
1.528636495339105
0.5219444730974778
0.022430964074420773
0.16503833149036262
1.2119226740326334
0.3856678187452368
0.6082003911144545
0.26944752861279764
2.080797310962008
1.8525772525151163
0.6855651193343043
0.40459236318196784
1.5571309555700539
2.626796568132558
1.5460284054836282
1.9495537904583422
1.428830674820551
1.2321900500473268
0.6881508912018172
1.0726591363724474
2.5807580755374766
1.961603763653336
1.8600820667654523
2.6676869208089435
3.3297973467979034
3.1972588670262687
2.634171276421527
3.090598843930951
2.2098166516274858
2.6288236223352275
1.7888296723776869
2.7753454855422253
1.7834498198654236
2.9560550905772836
2.5288623853235506
3.8170063386286976
1.7852551612199785
0.11508651373316045
1.0852903045250641
-0.9551619795186671
-1.2454792962463852
-2.484533092990878
-2.9355094086939997
-1.0591657874382596
-0.5252623615426881
-1.1691396922650892
-0.9892643078213247
-0.7617859289618675
-1.2814697589599633
0.19418376511418953
-0.2621086262741825
0.35087803838784515
0.37749275999352727
0.861020419835523
1.8546662285755386
1.603853198914304
2.9190309591106933
2.812373316634547
2.6050281482967166
1.590581263793445
1.5341707943114915
1.8150903159711778
2.5329697503081037
1.592316302050233
0.8420193799414599
1.9737424031747672
1.735761582036161
2.1491485215949426
1.9338783888851436
0.8147010076152646
-1.585634083339811
-3.473492473008536
-3.240492935057652
-2.1437352986486373
-1.8705268241873385
-2.5538578340491243
-3.4673938743616755
-2.8270616812867932
-4.798705736654884
-6.378784153001507
-5.22221753033135
-2.8396628567650026
-1.3489039221450125
-1.5574660940559197
-1.542412006268081
-0.43329809597549945
-0.9668324801630784
-0.8451252910127999
-0.5125294898520667
-0.924260136522276
-1.3123976197467708
-1.0758214786187204
-2.518338894648945
-3.712439283227762
-2.8048657346376222
-3.535950084424864
-3.489043709072118
-4.209090010796694
-5.394388367592835
-5.022319197879571
-5.286149914999305
-5.356018838190755
-4.574859208867278
-5.437129836573982
-5.7928067174759565
-3.4899451829422787
-3.5623333110404047
-2.3215596263169918
-2.533281486682532
-2.5378054122224643
-3.263600978333623
-4.382370306582326
-3.287984997081592
-2.372031911692608
-3.698637133406081
-4.135996232972036
-4.516213151145399
-5.350989897656497
-5.506605606763082
-6.269494387188908
-5.547402054641587
-4.716209481728103
-4.411664562134787
-3.946012106300453
-2.7238669322070335
-1.4701475688123236
0.4331352663015924
0.18915044921882523
-0.5106848510841772
-0.3315994284344461
-1.1436175618612257
-1.3745013381482345
-2.4416157937014913
-2.243480798758455
-3.5190541888477234
-2.2190911198093985
-0.6246656565650878
-0.5421743382303285
-1.3542979476049612
-1.1638858234196365
0.9777724115593546
0.39340079634016156
-0.6309331248180439
-0.513209004155156
-1.939012877922324
-2.3002134062083233
-2.300580606627529
-2.6018009248138476
-3.540029367207426
-4.528496962447768
-5.350316456994877
-4.9742579549668156
-4.177426810018933
-4.15498344467637
-4.179815857603196
-3.50344166751152
-2.5839955636053875
-3.2893684005972545
-2.2288205893276523
-1.809543821843408
-2.698169420211688
-2.835348905538873
-3.609714599216822
-3.6372174932522254
-2.6479982751800395
-1.608983763647377
-1.6220734733956188
-2.4438660402917782
-3.58461214098926
-4.620852387060812
-4.220923825564525
-3.4748604672577073
-3.5759653991177354
-3.148612649928097
-3.6165838067187046
-2.3159399904722022
-1.637768963007765
-2.4737612332336005
-0.8324219668950882
-1.1170814639591966
-2.2464453458672606
-2.0850449978965404
-2.6858880436132346
-2.046321514784021
-1.1933448684665675
-2.860337049417538
-2.755892523656073
-3.5337304949723265
-4.547215364268415
-5.598276295148015
-3.5947323128475484
-4.580593031287378
-5.578701722497569
-4.602398445482832
-4.643289507383087
-4.709011884581508
-4.334099858709689
-3.2118403265397206
-3.3331513018508647
-3.342776060057085
-4.644491368403393
-3.016799290991224
-3.3250448329118543
-4.285496465147409
-3.7413083213786105
-3.797233894667521
-4.485249177442873
-3.217345672279434
-4.031698569839349
-3.8093127531752122
-2.991501626889872
-3.0590700921987564
-3.548143178398222
-1.586437134408074
0.11446171534966952
0.28312585477474383
-0.20191199210802382
-0.2566588888118445
-0.9068934391767567
0.08108189439259895
-0.2586086734058441
-2.0154479459262684
-1.4848201427121561
0.253701152713014
0.0690614932420967
1.00777573695963
1.1769044494710268
-0.18846289230700236
0.1664330415336644
0.1379240199525832
0.7090016599417159
0.07741130366835094
-0.6408934566416098
-0.6506896166715825
0.4306447072184056
0.8587872016510869
0.744244794899583
0.7438848378741474
1.4032849285329358
2.0023551184514217
1.243105038072016
0.9169774948432117
0.7331445968067649
0.5272915117661712
-0.21552029793684982
0.5935702202579342
1.4471356931223076
2.509741232772149
3.4656784633858595
1.6906641015063988
2.0747484347618754
3.0599256560747903
4.744364325887098
5.422446809099254
5.457574085422256
3.636307459962275
3.4150026480724116
3.77651252769112
3.0216721591631153
3.1956820990441828
3.248763767392429
5.50037140639955
5.589058072006719
5.963503984875875
6.193280691646893
5.620001464053794
5.425463743941978
4.550362050722683
5.247546041931123
5.862913891280691
5.186511564041974
5.314924977857847
5.137309650010297
5.48657027626114
4.783421022533367
4.461832613710503
3.8021541220689183
2.6503879792619243
1.6027527814553477
0.5807948107787061
0.8340061255956037
-0.32365316332327465
-0.3908699675168186
1.115818614093362
0.6141483027322067
0.5193793425720403
-1.6337749578335148
-2.5872687151412763
-1.6784165630222496
-2.9797140855761324
-1.8203651646731183
-1.2536594360929922
-2.5715775799820952
-3.0222644623324926
-2.2362479901351513
-2.5800718319499776
-2.492410734516476
-3.8335927601946915
-4.541954330068272
-5.065450405491455
-5.523862492671142
-5.480301493516168
-3.9417353984057066
-2.563718978453789
-2.6144630582061437
-2.00504809342322
-1.5992379799645366
-0.8616137121341871
-1.1690757602085344
-1.217332028556655
-0.40835798225032005
0.328048784447834
1.7918608631522432
1.7183830592246165
2.760996480691924
3.025174942838985
3.1508603328466274
1.515571079610056
2.264668219731792
3.266082855282185
5.125532729339888
4.255110070868477
4.475201807215513
4.106228607500533
2.8845848791541515
2.227867825466329
1.531894156670358
1.574495206582491
2.3484364648090184
2.883488887625723
1.5404341568414617
2.3985045030840455
3.4826816560394787
3.668053806166187
2.961667340749342
4.133281384546594
2.393066445054263
2.563898075309352
0.6205278011801088
-0.8963904044790589
-0.07358086911229444
1.145464548647512
1.2731363850782014
-0.9658248218555296
-0.6410362266058408
-1.6656967055116763
-2.7124332604131784
-3.5522715523516624
-1.5536393851481947
-1.4704917546115184
-1.864080312410956
-1.244995635129899
-0.8515389767853192
-0.7345051534695793
0.9283964807668499
0.7173135512044964
0.7224406198868821
1.8755473426741558
1.161302853313031
0.9722507675393354
-0.6670499341826653
-0.3283752925640756
-0.08763869024861508
-0.22211771818615214
0.4706609785827299
1.6171536100586223
2.3612546453295766
2.848025312848941
4.597879290871817
5.4907790764947535
4.442362500253876
3.380486363510589
1.4816904434406741
1.476999140495345
1.1069641345955947
0.08467070129445928
-0.001195738419990322
0.43902918504751415
-1.239989695753738
-2.998284461326205
-3.563462404357669
-2.470159761499141
-2.809938912319647
-2.9961229986551943
-3.2498177240838824
-2.941640650345731
-1.6568368716612614
-1.8823061160362196
-1.6342249962625386
-0.6261684573242203
0.5418550349091733
2.9929864161872337
3.356040915514873
3.3593563164796723
3.576756326809436
2.2364946651743614
1.6920263226855283
2.960307719103207
3.275193770242594
4.281171123681951
4.575636645394246
2.96403362698215
2.057632168883791
3.5278799933480816
3.9375661405768265
4.03765411631169
4.980207165879773
4.230393712603278
3.787089578258826
2.9522692168128923
2.378761012250856
3.5073038857387187
3.6907363364624977
2.894802938032109
3.9467134529941306
2.758381959834518
2.4763249240317426
1.835321178256389
3.562914208812128
2.4970192333914123
2.8838721380459735
3.105571912485301
4.4228976011687875
5.020481458511737
5.760407126446139
4.144389627616924
4.555725667591352
3.9414217990338973
4.579641159455071
4.581553347640332
4.72950825573431
4.719350481964773
3.3796333360477973
2.288462254620818
1.6793731883254657
1.325136557858196
2.988299038386879
2.642879260801192
2.9128284589407794
4.16706235050496
5.053449108938002
4.5827251023398885
5.320317446739478
5.801895310397227
4.386370595992062
2.8274567045813117
2.7277942242838855
3.362257825508345
4.50626898143892
3.133661049369665
2.8752820705618456
3.2787608867009843
2.893432918797388
3.6811669606844
2.690436660266645
2.5760741206583138
2.553651404761941
3.5674892655984025
3.832544352379936
5.824433145427532
3.18450868495897
2.196595354731068
1.6918059504404312
1.015858495467937
0.6790039123452585
0.9674539149485749
0.9126936648475028
-0.9427710707348576
-1.6357262589399937
-0.03742132993437558
3.260617190581297
3.0629684404873
4.171798659080871
3.444601100594503
5.106168851512904
2.8968717127668406
2.265390141172005
0.6934833331583468
-0.8994806000345748
-2.2784548305012535
-1.8042632413286388
-1.7959026479847346
-0.788230382282049
-0.7833117609638773
-1.846763447885912
-0.9732311909871891
-2.097523378007982
-0.13711521476560223
0.9891656553364763
0.15113185505412607
1.618825106115844
1.5558941836439064
2.108147112232625
1.586254533489687
2.573901564020532
3.6148701450868517
3.5060035492350408
2.0171484488160805
2.583272107566575
2.8862084531679697
3.055347044399325
3.183909000478064
3.350859598970481
3.8844046477407317
5.172242714721825
5.363788631629789
4.855891680034774
5.683290186927449
6.0535398409298296
7.909296716151125
8.273417240124996
7.457091952555627
8.016383039097514
6.503331735949015
6.611174350135523
8.689353886184897
8.208248821646473
6.996967805248277
6.278100787277243
6.453076454679629
6.404828182891885
6.005190663490473
4.560413623130719
3.4497280649543676
4.404264616924363
4.078026283258258
4.539440306251665
6.199313658665012
5.681692372038234
4.600651702503248
3.6425187025969694
3.4622414298397852
3.485449931623312
2.563982593264166
2.59494859963903
1.338736842291815
1.0482238460286424
-2.401183958426643
-1.696685578190538
-0.26851370687946147
0.2465968862078426
2.0034012600422426
3.914592703122917
2.42955135744141
0.5310146927894878
1.4938835761771865
0.5690675802511176
0.21253992600630595
0.15193659179479752
0.2715633329426333
-0.9622154680626218
0.12095675171707305
0.8927479338840713
1.9125713000286515
1.2952290879485973
1.216800997845639
1.6446616512765981
2.158296777729808
2.29001637749506
1.4066380088734474
0.12875475361238511
1.0957355867121912
0.5496105433297491
2.2951506577451126
3.824207025078016
2.5406051057516446
2.0179769942749033
-0.4811444493968377
-0.649133203804832
-0.4145493544727668
0.46124075770673295
0.34250331022826785
-0.6670170034338218
-0.69554829724816
0.19453368812284216
0.7197460102575501
1.311241011683089
1.6416148819987715
1.0223556225295272
1.4189631662676083
1.2322258861282775
-0.11015974043083812
0.7665264799209435
2.5100129741167363
1.768305887575849
0.2971384671468706
2.1751094073784545
2.6362269242533802
2.793901148444203
4.1644860362086975
2.762326480737174
3.405654301706793
4.623390181388114
5.700307214628656
5.861978346486111
6.168996267934915
6.500834369128792
6.43347878948354
6.943348699963613
6.951761302718202
7.201273494647547
7.749254654638729
7.0635314542693735
6.647287812223257
8.923894908612091
7.198683572070481
6.170904276655841
5.620560742437537
5.752818303121583
7.2614013429045166
8.910733200060854
7.423065996152861
7.255732695836671
8.11186800238645
8.306075302211525
7.188114418013555
7.591667136204569
7.622238055487256
7.797440783197163
6.269357566211268
6.372783055197349
5.497696927795307
5.473415651534534
5.975085166975233
6.437349642738085
5.196561220314337
5.67080011777192
4.623521630524583
5.531599733934929
5.995011788265651
4.944859814022184
7.182518056487111
6.925042607455865
6.007140053922738
5.938092123165679
7.198272749844817
6.961181606769431
5.35286100827317
5.046459762420846
3.7492289482142547
3.7682933801360403
2.5716819943846425
2.490907309254175
3.6902122426987685
3.109327123175074
4.321903917441346
5.5458254725727905
4.731031250995816
5.088261647264181
5.1821788939986915
5.692206675654985
4.954716195840276
5.08985775478108
5.097391910130146
4.736561409324347
3.6692056345017674
3.1833719155916205
3.029655374861383
2.7704631370134805
2.3503165656558256
1.4259571557491486
1.616401441624838
1.4262673567953417
1.8780771384994264
3.0650692257006034
0.9100075698020115
0.4576024507659584
1.866047585393785
1.0033683835618314
2.1295104507595877
1.7215924781160212
2.0387122440861987
3.1647092467211695
3.81824412614052
3.248571630606941
4.6132641883517245
5.81358845889449
5.566723398209325
5.905516761295425
7.500117004512804
6.206309576631001
6.046118645977542
5.3892628993667815
5.4146261653149255
7.002247919634393
7.351317218148984
8.102055073303365
7.277697214477526
5.994978789537384
6.61143321601744
7.358073046151375
8.671018132978407
7.853573405660724
8.958338783849372
8.300969752027916
8.094884770693486
7.379234138087692
7.603574253936479
7.156294666152098
6.947076007314078
6.2627657987229695
5.364617642757958
5.401031960881901
4.283655002145316
3.8715948297142924
3.062881693697409
2.0441713790373073
0.8988236824452799
-1.1928806251780595
0.825089333712303
2.0678946433410847
3.6361308153318683
4.928211446106491
5.006908429870053
5.095093291605091
5.838783092676426
6.8976480386508685
6.542022243912833
7.535562591932118
9.020179824057058
9.50607562968132
8.477520436775784
6.260895110867544
6.3008641570840105
4.866349140024968
5.707031176470219
5.709161342988377
5.193147310960171
6.011488155827604
5.189249498957135
5.313693423750658
4.233009078317034
3.8690425168906812
2.8530036314926503
3.338808385701758
2.0116140829763958
2.322809571440607
0.8864272237989429
0.32925413210970667
0.3699180147065176
-0.15721579393506122
0.008639270516799573
-1.6150553581418732
-1.578607544607037
-2.40180626608952
-3.888364842813282
-3.812343514853532
-2.9465213965949055
-5.558126258328965
-4.457130597090538
-4.178000700353426
-3.662411917103647
-4.223968409107139
-3.214563520453579
-2.0478882963916645
-0.5867171678494271
-1.220376561789363
-0.4611587623410365
-0.8089606520916999
-2.137076450266266
-0.9215747293798253
-1.3952496712342994
-2.3179816651851484
-4.388651777121658
-4.007681776251608
-2.581417656054244
-2.9652808146427985
-2.967005462336779
-2.7962157558649685
-1.1506788989273762
-0.646520834635213
-1.2344854506321574
-1.1701146020357844
-0.549397374818345
-0.23894387229597136
-1.5033853705277467
-3.0732065266629522
-0.8935929510866537
0.0863022855550528
0.649968889081563
-0.03546135309448584
0.6491429596216501
0.6323067914729142
0.1436292579346495
-0.058912612057204314
-1.4516342775853919
0.04721498028114404
0.019152145551339567
-1.2007353052606184
-0.6117110576354231
-0.26573369563829347
-1.4293477020067362
0.24576829842077408
-1.3369189131572865
-0.9746493957224514
-1.3096324472300322
-1.577838171376524
-2.4137631891016236
-1.9631889158597382
-1.9294140620235045
-2.913030741391179
-3.579119720983249
-3.927460801526464
-4.364750047585112
-5.925687259156687
-6.538152816551086
-6.264196066808905
-5.715301430089177
-6.291323752026785
-5.5911835548373485
-5.5536682343136805
-5.61448122593302
-6.985622684610355
-6.0041550822758465
-5.273058308366275
-4.806406464292503
-5.193610962900916
-5.810166504031865
-6.395189183831469
-5.922299181903479
-3.804113914395543
-3.1138364410255113
-3.122115288324143
-2.34797211539243
-1.0944254205220605
-0.8127101947522974
-0.07312623560099862
-1.7584665256905685
-0.9221584402609797
-1.8321534826790258
-2.92274236729234
-0.7186731815317853
-0.8231903923660484
-1.6813718829602566
0.017673598701935578
-1.8530487837308152
-0.7988050824660694
-1.1738048322949963
-0.6023490360130799
0.4674049040761355
-0.5148685686939827
-0.7449403296659506
-0.5369313587806436
0.5628999221976676
1.1334649718177854
-0.06782841963499812
0.8191039977047767
0.3615552077610741
0.036573493830117515
-0.06213559076214914
0.6189774667035692
-0.8597195017710817
-1.6173944591956662
-2.1126680423772672
-1.3964795571002728
-0.9707607921612226
-0.35433810196053406
-0.09847026880040985
-1.4421321325094811
-1.4333733142361322
-1.304509133657867
-0.5000604667805449
-1.3505363700730846
-3.2028735585681933
-4.2055235871022
-3.3075808006745597
-2.5927624210505194
-4.318137585407149
-3.655428793391025
-4.383590974992608
-1.9080803072496628
-2.068457399130519
-1.8291357833613549
-1.5389592228066673
0.1913614052365607
0.1666862061484833
-0.6994583005514757
-0.0010681286934673406
0.2732359210681621
-0.7436597806511414
0.4320924492657133
-0.055939942829764416
1.124725955550809
1.5217282215195675
0.664229327411616
0.8076831002388174
-0.34799509051922867
0.04515692100611807
2.239793493398776
0.2715341649941897
0.07537175170903752
0.8289373170044089
0.9066129257815969
3.657997057014653
3.46840256951957
2.82847374397833
4.880079897488571
4.623767501152129
3.2881350458310656
0.9600589429004417
0.654225708431653
1.3221725487386957
1.1893745567370089
0.7109552523285335
-0.42630263963693255
-0.4917493968169407
-0.23335884543078397
0.3029580044557536
0.4576968101014154
2.08319451314013
1.4541895526204094
-0.3367199366699657
0.33006484390720336
0.17781346530670206
-0.20753226765812385
-0.3258963105520747
0.07317782480593624
0.5737118958030478
1.2321021691317469
0.91667342296335
0.4514623091627318
-1.3825273588187905
-0.6815704817678638
-0.25320800373131863
-1.3968271893091035
-0.9171990398408193
0.14438964228102033
-0.04616062033729157
-0.40868529927253866
0.7733160651248898
-0.4822078984161235
0.3035742911769913
-1.7685531491382376
0.17844269705077465
-2.202285318559029
-2.001878375590126
-1.0505803330597894
-0.376557182892875
-0.1274263673020942
-0.7992567708706422
-1.6498318227090356
-3.6035409187802663
-1.968665725920586
-1.9436431441292372
-2.7335360198637115
-3.7471104007144023
-3.266161404496485
-1.528054828349287
-1.0070976669777156
-0.9219818734783929
0.07549267910170258
-1.3496923379959385
-0.12579166772409897
-0.12865788271232692
-1.2680295621156379
0.42067749482530303
0.3468988639507983
-0.9445641473300103
-1.6364825051237526
-3.142065787467839
-2.9487773837318785
-2.2818126246390364
-2.3454696180360606
-1.4599845851950028
-0.5942492865676976
0.3173840029523527
0.035479684367651976
-0.2571577609879265
-2.146196962961639
-1.7949730614009705
0.11007409287809292
0.12726530692140495
0.15037365904894778
-1.148959114320071
-1.1146120121531728
-3.7910855241352968
-3.4529871205475624
-3.175899588481064
-2.124038847765632
-1.9121395358036857
-1.4282053698793136
0.047142096605427675
0.64592816364651
0.8104284703493834
2.185067778523851
2.3614043560926135
1.7121589501938579
2.8312298313874567
3.152017228028316
2.2023255548237195
2.00276719485878
3.847168052283502
4.875475662239619
4.350026927075567
4.64342763317371
3.930000436128171
4.1869769905974525
2.8200646348542904
2.8538956671504048
1.7234173729892612
0.5229409443229754
0.4841127309740751
0.9321084213505308
0.5248387925414103
-0.3246530436333496
-2.026840366025833
-2.7493878890650714
-3.878842697483853
-2.809905946253049
-2.3300631041380537
-2.194535710223495
-2.0379284843641443
-1.3989398453484125
-0.5197487654967974
-0.4554133346834274
-1.0711624080103566
0.9327749833326276
2.887123277624325
1.6391819100577014
0.7535589697688951
0.39482228463717334
-1.1159599143661312
-1.7645786670517447
-0.25842440289621216
0.7942754816953286
1.1520303514963806
2.2171996030029484
1.4122269204844606
-0.13619145890594858
-2.5853048648415737
-2.263059618017676
-3.319713561228146
-2.4514906043044378
-3.063552797209657
-1.7064488299741196
-1.9400606595268357
-1.8039124427358508
-2.4689756441942348
-3.0081701717531137
-2.397480170627937
-1.4645806625060418
-1.6343880738816217
-0.900576760177608
-0.580286421858973
-2.636043880835824
-2.7049620320329146
-3.6406523774649564
-3.801747410085096
-3.2354731110119785
-1.6651658967060714
-0.7293790590547744
-1.452546635876803
-1.3274452648167667
-1.1406421055650238
-2.180989206599242
-2.6302796362657492
-2.1505192017574237
-2.008143309386219
-1.3967448172959442
0.6865524727508702
1.6492280213664643
0.8169184362854132
0.5084588566662929
0.643458581852759
-0.45873477219327546
1.452309656221224
1.961481142376006
1.3999343108418343
1.3908702542541507
-0.05718510612414461
0.7415010738353269
-0.7705168205494333
-0.8340626330344573
0.536635802552558
1.3507564296804502
3.5042795059915344
4.651662179301523
6.6357498586525265
6.8855730663776455
7.080593478544274
5.504098523759163
4.843093682501321
4.5051484817167005
4.687378220860807
3.399471140788507
2.7109316650169424
3.2634516758400864
3.803618240727208
3.8574080308540135
3.172022197194645
3.080213180140095
1.7441362435791739
1.9660041782674131
3.814602379884313
4.94332115127103
4.080135932807885
3.124379796098868
2.2054153777220726
2.6058682623452305
1.2267414127682248
0.6063248228891669
-0.0429497951335262
-0.7379347302968223
-0.8215208169199554
-1.414699631655011
-2.0296415736292257
-1.7207493016363686
-3.3282359776112074
-2.5743594304205097
-3.356984884783512
-3.681670559915974
-3.8853320381742633
-3.3835800498636734
-2.9275753871161894
-3.744204797877922
-3.7870021087665986
-3.7816759776877276
-3.8893619860349005
-2.039536892814459
-1.873438767998468
-1.7674931073825808
-0.0034437078675667032
1.7541038678638303
0.2304765800011243
0.6296592761445543
0.6001146656923348
-0.0015790386204657635
-0.3805344400491046
0.2801622027742327
0.057725552509320675
-1.4412757019729046
0.2706759476861621
-0.5053424888021033
-0.11152708879507824
-1.1941766639031803
0.003840270881963148
1.8101066530251253
1.5812228421705732
1.0950759084352373
1.2020172667916416
-0.16759095438716015
1.9843425136472752
1.1966564529198094
1.8568110030861555
1.6247892352496258
2.4175949491544935
2.095001148644375
2.2152673700322616
1.2129623952669932
2.0564728273153063
2.250300258324744
1.6556711443711278
3.974647569651079
4.232575578968812
4.530495810567475
3.2249632677485254
4.788675353682282
4.342077133136269
3.8842870612320737
6.371663835310376
7.52551552960366
5.09823823746217
5.311710070297103
5.896050577717964
5.552130694909731
6.994538086808783
6.745068465538964
4.919676520018343
4.525164213782985
4.63043792424018
5.053354274809552
2.5107776484882844
-0.13210347487447488
-0.1135533468749837
-0.4754857753508193
-0.3120910960611828
-2.2514093604074854
-1.4449047066788425
-1.9060172801869373
-2.3120383597240117
-2.6216096941999742
-4.227888423528547
-2.838815206835914
-2.203098752819702
-3.098167004831229
-3.2593214545833677
-3.9605689950624132
-2.9004035723099
-3.2428363062004073
-2.486458040821281
-3.1937193348726254
-2.8765486312202335
-2.6711355811844935
-1.5049070586340958
-0.5605580825621387
-1.236991317931939
-2.5871899510881917
-2.392606640505523
-3.5766371963662213
-3.2547922783018275
-1.7266974696994288
-0.8558679825055975
-0.6506248506168671
-1.6452315007259317
-0.9392556015251057
-0.9720115631873223
-2.153495677107179
-3.25988240875646
