0.0
-0.11519950400433565
-1.1756200096837455
-1.7083554166972894
-1.8467342812979501
-3.2419287293270136
-2.150252681697961
-2.8735808723903693
-4.143297253474577
-3.968539846391095
-3.611277329508832
-3.3483194457711285
-3.231022994004986
-3.8648317706327737
-5.009333129751571
-4.3562777058855096
-3.819154938641021
-3.060640536687037
-2.9988926055539356
-3.159048949816121
-4.764264808076327
-5.644121924776828
-5.94267463216971
-5.019775320841759
-5.574275447213796
-4.1546133974713335
-3.6661183080921913
-3.0405906937563536
-3.0418002475038266
-2.162128162593001
-1.9400235266201649
-0.5057941546138673
0.4460725365829681
0.041169561373121756
-0.11434550303245386
-0.292295412523176
-1.58082091285296
-0.27289962530055645
0.8672276673423126
-1.2752720901908223
-1.2506581749741854
0.10157618750411349
1.3167407032618357
0.2512974039411302
0.13843056707496068
-1.6319194120581948
-2.2593469499162615
-2.4084423214704618
-2.0884547170693533
-2.686016550107693
-3.8487054770887696
-3.0237347410721016
-4.287178697489137
-5.497362834328516
-4.359203794525148
-2.06196244463381
-1.4387783748574128
-2.075206734123172
-1.1205383220218328
-1.1333931952675573
0.6092384087572983
1.1668655482564732
1.8259986895268672
1.4418680876375025
1.3922593453329208
1.3106292802815536
0.1850056610741146
0.28942499050176085
-1.8585009964735413
-3.3855082622608506
-2.739314790915468
-1.3685888623434757
-1.4642779752508348
-1.0934754986380726
-0.7067701182518157
-1.167964548476775
0.21217408858217782
0.39735991906154555
0.8432313730669236
1.6346869185457455
3.064850253249352
2.754306701735127
0.4678410085383385
-0.09298572448416896
-0.7015223604422351
-0.9911361621911938
-1.1050090306568663
-0.7952715047187088
-1.06982027768259
-0.8448955704540531
0.034825659612401236
-0.8265942814601427
-0.4595690511635014
0.5314318713766248
1.1311589473190304
-0.5001337738834851
0.23259829703781
-0.06962807100139581
0.28454025903079555
0.40183372313017546
-0.030893297245586274
-0.1813147149879132
-0.637876757287589
-0.10160288367958614
-0.6733394473641033
-0.8989121345680275
0.01564867452822699
-0.38965393349857164
-2.4083971309346173
-2.7334915388981122
-2.194553134359953
-2.3721064782202337
-2.851145141455247
-2.005883134434982
-1.0238719178197817
-0.04989499331364114
-0.28499241246990736
-1.3770345325990188
0.16211279852951607
0.14339743696149246
0.4017952897508361
-0.9339667374483989
-2.409033436708796
-0.886905580496854
-0.2977605890306992
-0.575336910097112
1.4830901913483427
1.692388458505363
1.3688727785221424
-0.4819833622925122
-0.08617584323331487
0.9888865627737745
-0.3635237995645091
-0.08353291682227793
0.7198578680767596
0.9022623851109103
1.4655601671647542
1.267998457867385
0.42980591411698105
0.5059600101515591
-0.3928242631298601
-1.2798165111419166
-3.2249157982416374
-3.5213138635893646
-3.054142134789036
-4.40046946496274
-1.3685819432928403
-1.8917443723642229
-1.067916644796137
-1.3767172704819615
0.9565555077936766
1.609129632096541
2.280089542707904
2.0568567817950485
2.4892464049600584
3.259023443499521
4.080053571073528
2.359726687985823
2.3136875526916625
2.166924073647622
2.3661538762176693
3.519634832866327
3.4464642374123593
4.481912417355015
3.5859969976090014
2.308387189204823
3.3070737694794263
3.74495188122632
2.2115725198831013
0.5846070981264225
0.4314618987771852
0.4109464548160244
-0.07506074997914905
-0.018580837010973295
-0.40739579817156496
0.027449348199475143
-0.10721335520104236
-1.0662381347825438
0.07024814375704401
1.1874729288952173
1.8983446633591439
2.5906779872940375
2.9844204475937692
3.7843679997333313
2.50088593413719
2.143865154000643
2.787710625325215
2.85311177086264
2.580550130205707
1.8037217988432628
2.393115168106618
2.40420552051212
2.163426525455888
2.3053901204205034
1.8082136106721123
1.1349625164008716
0.19592740402358033
-0.4169770252170716
0.027657245839336708
-1.463032320837928
-1.971077946609951
-1.8343558579941346
-1.7508002267918972
-3.2386444916024204
-2.583780314597167
-2.6405979366151175
-3.2084565765379303
-2.681290352466538
-2.9761930362061713
-4.315757508676798
-3.654494858112114
-5.04042962243172
-3.1445279506577206
-2.9401858162181145
-4.157409772405981
-4.944819727139969
-4.3357438202811345
-5.760448192456772
-5.618370638020373
-6.547629141414399
-6.7482282751800025
-6.289635335694398
-6.818870186398697
-6.03820290995562
-7.272339368966638
-6.177466133282118
-6.198268892219372
-5.473503782501104
-5.314398611773278
-4.1114812903415
-4.767713865948571
-2.6389180662467298
-2.459515688916286
-4.324681190655004
-5.879013540092964
-5.067913912566722
-4.275219322888428
-2.542297952296735
-2.6993036472383727
-3.567522859616783
-4.3187541480353975
-4.733399626714684
-4.419578299798023
-6.806304727888677
-5.692946765530551
-5.970063901268869
-5.455527891889922
-4.426810403538143
-5.932337167497365
-5.604532097462856
-6.022288491882641
-6.151039584827808
-5.124693306400908
-5.807859062476019
-5.766718584760342
-6.5555477395207475
-6.8395743126414015
-6.405209610821003
-6.943032551915509
-6.982702901926343
-7.212611768863655
-6.759453566696991
-5.640186743764198
-4.704482142360998
-4.453153592882144
-4.420280244439698
-3.6538842283567075
-2.3422587328664366
-2.1275362018637884
-2.2951327385361555
-2.43052965654244
-1.1926691890185661
-1.0841827385289706
-0.3677746616780836
0.11888974924535257
-0.09556126502380068
0.43239817288125626
-1.349856094597147
-1.404180211296234
-2.2350805948017833
-1.823785872882187
-3.5686898910908553
-3.1721148467848286
-2.6961431427856413
-2.2501258710841383
-2.1918700454659157
-0.8542899262842283
0.4698967853179794
-0.03327517519631969
-1.3942630687657176
-1.8446114819560575
-1.6373162163089239
-1.880662223668323
-1.9605801482628662
-1.5025222025769647
-0.08677203277069634
-1.4086332244165676
0.13313919560054133
1.4494193549360714
0.7136455384574956
1.2389641109030936
0.7842864024872571
0.3099595936773778
0.8333449541554148
-0.15865901516218145
0.12222575461811501
-1.1271166355338207
-1.857345284310346
-3.0126215760196273
-3.268195645315511
-2.756316155127818
-3.305223837538471
-1.4260424216443404
-1.3731907961369998
-1.107513094583519
-3.00415113323476
-4.308188582291808
-4.865038242048119
-3.9790074756725318
-2.9845338593798267
-3.3304546426323833
-3.259115292069817
-4.690808949509289
-5.024377565887006
-5.447046580219938
-5.108865877581383
-6.048301148911113
-8.055599184134149
-8.867879200919004
-9.133219657422876
-8.378155309575517
-7.051744858225696
-5.645608165171822
-5.302264530764362
-5.306248737763396
-6.327654854223434
-5.859940364422948
-5.490407929809834
-4.594925844227617
-4.808277184059676
-4.058222499335387
-3.6549229405401005
-6.309833397207796
-7.355423342860937
-8.755845632194767
-8.444805254541123
-8.241467809146867
-6.326821656794446
-6.929504809143295
-6.4942205584487676
-6.262953062502818
-6.034658862796581
-6.8573150310357365
-7.022044301133124
-6.837175392196815
-6.8914621571558845
-7.164144349287648
-6.800101192220041
-5.044050738335093
-5.280121834875347
-4.04504282968002
-4.463368814789041
-4.251766391146339
-3.425051391257919
-0.9592262412998056
-1.8837767437627624
-0.8052757051170781
-1.2453137535793872
-1.019146846305895
-1.6880292435684001
-0.7663844889881379
-0.6078239850989642
-0.5377713106897528
-0.2672038883795595
0.3911466064228044
-0.0704832031250877
0.15622203910832094
2.430191213436403
2.0142040946318125
1.7831672723328145
0.9953275003020347
1.1092499174868258
-0.39473269463359933
-0.8523708078654778
-1.2424728004868937
0.06673042460534294
-0.3638825484911655
-0.8026474809124258
-1.2496578940419067
-0.8865119483728319
-0.44772657056866266
-1.6474339215551757
-2.25083401266253
-2.0724225859908856
-2.0088214893783496
-0.8501355997889375
-0.9586855644166876
-1.3691624775149096
-2.571407820506125
-2.66117107516614
-4.007686511741948
-5.249736152060962
-4.6844242149935695
-4.128660335031899
-2.796953766929068
-2.635336784382581
0.3287557677884634
0.33199999566382987
1.7453558243851068
2.27482767781719
0.9702246124513714
2.2427575707709733
1.4339375057255386
1.5367239432320643
0.38623222249413763
1.4748843751279914
1.2511313302560294
0.8232415971401774
-0.29670512843618396
0.621759599853388
-0.038284548185105405
-0.3085535056423555
-1.5290188641362108
-2.858976728356998
-3.4762380645693334
-3.594390201338858
-4.183191638102726
-2.1529721578915453
-2.1124284264077495
-3.375058575709715
-3.8068442577869037
-4.357103737179484
-4.239315587650793
-5.013402269008877
-4.074240048380247
-3.2564433723264465
-3.5634365421521412
-3.2836418377776866
-2.22502306467533
-0.9921472156051524
-0.7379248575743734
-1.7719893215310187
-1.74694166209439
0.4332956492950854
0.7210472546689064
-1.4365648711366343
-1.905039524153864
-1.9713264990559467
-1.8655871824906138
-1.338837926045353
-0.8564837875082938
-1.9489406427885438
-1.2795455753534966
0.02639928650264027
2.996644824477271
1.9151263445504858
1.8521279800615755
1.5511655239677373
2.7414880391026553
0.8490393273934064
0.14731812994618373
-0.06492278624378661
-1.2700410790159335
-0.46458803505533397
-1.4299270819282244
-1.9228049408566268
-1.6714361847720975
-1.8206125747922264
-1.6869215798718165
-1.4659319351689453
-1.3486275338441414
-1.4138088632356254
-0.9552230776026711
-0.19831389869247767
0.32907850448018877
0.37834711939457966
0.46586631274974066
-0.9044302306499413
0.11917250058927756
0.10456377458103241
1.486473401116207
2.0003502922820537
2.0169624751795387
-0.1819273517859188
-0.6950160800049975
-0.1359230516937311
0.7755266537310184
0.45299379214009994
-0.2648750996505052
-0.844727642027006
-0.5208232759136416
-0.542691597640882
0.510981334575513
0.03389295891198782
-1.1377049048242278
-0.12354076875657033
0.15687874468292654
1.17795827458308
-0.10996036411122884
0.34694400080943366
0.011197407223279193
1.029848288854347
0.3172393798652062
0.31766007308859123
-0.3538241180260805
-2.1513095204572283
-3.815576144125996
-4.163321028342985
-4.714098850193827
-3.9012505661974495
-1.4237195357480534
-1.1494807862344547
-0.12754040123494736
-0.9029265385297921
-2.81052605745371
-2.7571526920681784
-3.984673830411166
-3.442069966356074
-3.8770131096781997
-3.949343832260449
-2.6852160916097847
-2.0580508583763164
-1.6523429026175092
-1.3432155614356966
-1.2242202698987248
-1.8089350591113815
-2.092690767138236
-2.4443328354019096
-1.9646545685695374
-3.5690056976249642
-6.319124453250461
-6.723387623311213
-4.830036828399008
-5.557935594615329
-4.273781277370191
-2.974171828018557
-2.802731564032214
-2.1434510292303877
-0.6078855732902845
-0.4427733099863682
-0.12279785262623731
-0.5468370657442271
-3.067643925284215
-2.4101814549651315
-0.5383221987139158
-1.9859554074146424
-2.1480280023743705
-1.8745386612936596
-0.9248608640535626
-0.11551216410021657
1.926379724864187
2.355499257475555
3.412622683263887
3.8860433368961687
3.8312322799312484
2.9853023593539936
3.600870681205584
3.7760226398545402
3.8454245449137456
2.730102720488865
1.8515936618568605
0.9611014031909988
0.7334411742211635
0.9939534432075895
0.5183068428674403
-0.06764987341007336
-0.2830991749787619
0.007350986534916837
-0.9545020976537797
-3.289825713699715
-3.095901878414674
-3.5389863261447587
-0.8758791373783361
-1.6080951750742174
-1.0314127684041696
-0.32693886017304996
-0.9067885244604916
1.0493711172050233
2.2372807474707503
1.6749687250355936
1.2076380518291172
1.0811217829163027
0.7194016408174985
-0.8315368343894076
0.791258139815651
1.3647570969341978
1.7608800448679789
2.561531573328088
3.320235722704714
2.1964417923022617
3.2607130121129706
2.9825236413964213
4.279497946022664
3.1643780954497474
2.9951197388405055
3.53132644621049
2.437301498251037
3.803203159337105
4.440246646491161
3.77133476940793
1.5203353759295442
2.3728743214576777
2.784347561027986
3.5369385643396853
2.8105655915406764
2.211027098190173
1.778557544009061
0.3125151817313069
1.586752741469134
0.40331875250837496
0.9597846117767301
-1.3429510105357638
-2.230043712782055
0.1164407867253875
-0.7032733483519472
-1.9872245650079838
-2.709012703112082
-3.4496287989719336
-3.548961229053396
-4.247570289451849
-3.7846694957048594
-3.5918152715101264
-4.176474726990265
-4.59890041070526
-4.031926210084132
-5.052470613494964
-4.154371309746193
-3.2447828097758844
-2.6626594959736227
-2.5833526462071092
-4.116394690115366
-2.5709729627563225
-3.2582531401475223
-1.9163033002032186
-1.3936859166211681
-2.911675018765952
-2.0094984887465035
-0.9198244395524918
-1.3970716258088904
-0.6663683866590298
0.223388805707376
-0.980121778021056
0.13951920477895458
1.3124976141941895
1.0248074001974872
0.9892294125129348
1.3219179562068564
1.5173426489973276
1.8992788535767462
1.846641020217354
1.9011239770104296
0.9420143072944309
-0.1397972576618407
0.06574152208460592
-0.9219332506674611
0.5793391341083116
-0.07702491353305366
-0.5183180003781368
-0.4985289730393228
-2.5320163264749063
-0.9611896221738631
-0.12626939727036857
0.29652804157897783
0.8898286636409963
-1.232247905601152
-0.06369591445213958
-0.4023789648296617
-1.840116498631064
-0.38568403956840924
-0.6241955096053197
-0.1982454417166999
0.6693665544479173
0.192697334199521
1.316640600303855
2.035054751907855
2.3021594151363747
0.5793334550130225
1.2054937188005215
1.9769549238265307
1.2349069788039564
1.1748719212997256
-0.09379999120897169
-0.005237588521321154
-0.26093788086829434
0.4002124551689156
-0.6487850330778108
1.0526209621073956
-0.31005146525787597
1.6150624699381038
0.45537285265979094
0.3943831776396408
-0.9678316473582085
-2.082631297729125
-4.378006723190174
-4.276656546165295
-2.988174724885566
-2.31894824843916
-3.1256285686394345
-4.746138799729283
-5.740970545681195
-5.720215752192726
-6.809814692713801
-7.910509956535823
-7.140367082958148
-6.867042403831281
-6.9514785625097915
-7.371148018815273
-7.612439034982532
-6.806773902646784
-7.8795435779691845
-7.196113518295465
-7.939036460283891
-7.4801166686405836
-7.6472955888304135
-6.932691189178236
-6.05409617039855
-4.445578220527281
-4.648479303053008
-5.644683988384377
-4.497777437398043
-5.088521000614679
-4.736149234501812
-2.5942830843592195
-1.702300316688225
-3.0636776550617943
-2.145089288578415
-2.581791412723878
-3.1683680012988784
-3.641916825764046
-4.578971570022752
-3.684488864383149
-2.4594807849612015
-1.523929901021578
-1.2965518117626587
-1.816269224138846
-2.1726662675298676
-3.254552610693483
-2.328066263517135
-1.8676632524511594
-2.9657393976788313
-2.3738840336971654
-3.0423756646526976
-3.0744685712992768
-4.621760240927461
-5.054941449134651
-5.5070506309054315
-4.869569825449324
-5.228327936580689
-5.082350542568651
-5.418019082795865
-6.395368037898102
-6.817747874635345
-5.394838938546812
-5.390747961024615
-6.576025562977843
-6.4043521520279585
-5.439680598917981
-5.55416686350601
-5.897141568521786
-5.890595853069295
-6.751737162103231
-5.659426271979098
-5.029149040558805
-3.9447362317415693
-3.9177363601853976
-5.182031324960081
-5.201055506385931
-6.348895922771496
-6.146756099654308
-7.565029018398213
-8.169652311690252
-7.175931941653182
-7.137835565891393
-9.041903037883388
-8.620299681330108
-9.39004221959606
-8.514983250368982
-8.68400499473483
-7.750907342116744
-7.371309301164485
-7.478871494303652
-7.608184716697021
-7.633373882149499
-7.079759957856166
-7.957936511031199
-7.707230045008921
-7.044162042083106
-8.235696093979676
-8.405260715798283
-7.966304597942668
-6.802111908767189
-6.368018781076865
-7.07255981103355
-7.5722861915109
-8.054575036700879
-7.814197084728175
-7.279189141224942
-6.022602847865033
-6.038521038688167
-4.1103806835977625
-4.157028849856869
-4.280641933953525
-3.811213763301661
-3.8397339050659154
-3.911967113621248
-1.5530893773309966
-1.8315123994573859
-2.544197960124915
-2.212783808560201
-1.6328753071348112
-1.477985451297291
-1.6358988757084634
-1.2440352926190912
-2.5025681296947355
-2.950869630412495
-3.0887656198631523
-3.491738061035602
-3.007416313636799
-3.9586285539886403
-3.999274222070121
-4.027641732575529
-5.058462310259305
-3.0949884637621174
-2.639581408916227
-1.9898761891482888
-2.07931774366193
0.3530420013607326
0.02026981503259423
-0.45128774056221355
0.6383136536701904
1.3593641833162118
1.9419854363910778
1.0228987231541025
1.8292634625752666
2.032016694325646
2.929626601132486
3.1609165347535173
4.41367658974886
4.650749827455632
4.300358217535152
3.5521651473348017
2.9268636670752306
5.162408729464477
4.310946264361723
5.4516979560775845
5.768406041346389
7.79794678678706
7.0839419611960395
7.109739823029932
6.569988675893393
7.442924172512212
6.548669000806274
4.878973115207006
5.4244285756790145
6.126616906625038
7.242113327393173
7.200815818092513
6.478225742000617
6.572530726569805
6.032123404101579
7.596240514731032
7.969033424022678
7.5268829231061884
7.075973064737646
7.181175344465655
7.543606061991242
8.143471213813921
6.97133372350417
6.061702955844231
5.939008673458176
5.238278680341166
4.824399955639731
4.607674726378511
3.765710417851365
2.6281462854876594
1.6593593111937546
2.6574273322937962
3.7330244628953104
4.104565834417851
3.557975074330794
2.522657179465876
2.6656064867386084
3.62573170653662
3.3927378504216765
5.0793082615472915
4.488270002096733
4.924687673102512
5.598574678478084
4.338329440159696
2.0169447006893764
2.580254628226396
2.3690703705470852
3.345262948558472
2.8314507891267877
3.8061251550356947
2.7126601204212513
2.3147679075186973
2.443774719181472
2.872777803707176
1.7156383646199018
1.2343297282783814
0.06552309913478294
1.3959401768760904
2.7171520959918913
3.8672477665487195
3.59660547225518
3.175781346273233
3.762989963166167
2.9865315886289605
2.508922022357396
1.2182873987307772
1.4669994530608594
4.069901501455184
4.724564048494981
4.496552726566265
2.235319457837628
2.8006045674630196
1.8947200677885248
-0.6930001158892345
-1.707697069872499
-2.384795734088918
-2.4201445728745075
-2.2571546496996384
-2.0690390326093597
-2.79934619777254
-3.8625182774493583
-3.1801963925855117
-5.463263264974688
-5.443239937093945
-3.897552017173317
-2.7100674921862864
-1.7484517363464327
-1.1498140906247345
0.18661102908388405
0.16136122122733298
-0.16749770739618713
-0.5494884433117115
-0.33336412923674946
-0.5881065129374374
0.726400981364987
1.8798509177153866
0.7900758974160242
0.8008418749087821
1.3951382359143178
1.6561394652162638
0.9787281923952849
2.0190326039932005
3.163720985564406
3.0160702195459135
3.439679260916289
1.5298535212627393
2.027958180923301
2.716052879801024
2.068455111498792
1.4167734530972786
1.6790626846970866
1.3642892054667075
1.0669761877614352
-1.0541504754589683
-2.1817168419873583
-2.8401135903163577
-3.7729728860131106
-1.7421093332030193
-2.0883549885085997
-1.4236956840008903
-1.280495447251887
-1.6332482895521248
-1.7320778825430183
0.04065072390302736
-0.4364756569758578
-0.7577117905218079
-0.07160222664659036
0.9339684048727238
1.121934841371967
0.8282879880123719
0.12861871600379404
-1.2520978837766092
-2.8340677921424717
-3.3728481702916917
-3.159813303251837
-2.9655444054294073
-3.969385116805259
-3.868111846186628
-2.075267330911225
-1.9731446720818597
-1.7428579799818944
-2.3129952752160654
-2.9018826436070926
-3.2901732220885385
-2.1558291070788393
-1.509922445561259
0.11374742765777754
-0.41818972527975695
-1.4270201138148515
-0.9474857380272307
-0.3001289485619232
0.9518648387170525
0.34484708081427345
0.9609302942966107
1.8666431903408938
2.9216485625309776
1.553442928771435
2.0037826573010693
1.1479302400991949
2.559042442531624
2.514000630929768
3.199928677958254
6.150890138196691
6.983945035715105
7.859294009835986
7.305335865300179
6.422366764324961
4.878974171192391
4.4769390254475585
4.944801620745195
5.4702345418854526
5.447252641683336
4.31893273213029
4.7429397736486925
4.172960734320694
3.9585878318826406
5.893023994720848
6.709152400613584
7.026833711387917
5.812701582386504
4.717031005637534
3.8950966746800706
4.746365949570247
3.9946184350173315
3.907900496454697
2.7604842751510636
3.632638416967928
2.9979092691000204
2.970144772334676
3.6743451389673987
3.0580597624962684
2.697663047779729
2.1691386026478923
1.7756428091204077
3.351546079070323
1.9820546412967948
1.0663214975706883
2.5034995841562284
3.043195752207838
2.781183944406633
2.6255668059566855
3.2753690906997717
3.20011930972243
2.7667079433529618
2.919692446970695
2.2745208981817053
3.0974992534738406
2.714997261832517
4.635124528265057
4.462259777030122
3.712353504402982
3.157142157368066
2.348092823031717
3.300624656509182
2.9003970175145803
3.9377216183950283
3.916132629898525
1.9322065356340807
1.8869995567830855
2.3092831601104784
0.9001568654622778
0.8704008599021616
0.21705433233476235
0.013046792355691367
1.56466554758675
0.7230478834464966
0.052007923593800756
-1.0271426017167449
-1.6545709624912606
-1.9875083735239827
-1.351504665009132
0.29787974188490524
-0.5179176225600841
-0.04667447792031379
1.2397925673992096
1.54127413961226
-0.751378749595774
-0.3294097349387052
-0.3751563882357736
0.9633696414860906
-0.6262280412656736
-2.1764971345578537
-1.0678346825989837
-2.0318816264706747
-2.5956758030628624
-2.436377382562272
-2.8547444444672396
-2.218408307895087
-2.583199979486436
-2.622741401507179
-3.653072511125287
-4.43432081797726
-3.6707734501374167
-4.352456932690187
-4.478543504032175
-3.8342094895683063
-3.824672179647181
-4.265586720548582
-4.567428528480182
-4.87225694762159
-4.622944830115722
-4.386698626954312
-3.9941849983474413
-3.598947492712317
-2.310698626864397
-3.726636562762194
-2.264701616033032
-1.4385963253243002
-1.5188104016167754
-0.5363800181332914
0.9305215673908389
0.6377161230080362
1.0985568212117618
1.3348297675929657
2.6301396676820192
2.3665791318330056
2.5010077263723396
2.5407336529233633
2.167551813907578
2.7354160983409783
3.8733541116812327
6.231075539235456
6.181749861325483
5.741282957910085
6.138390481583332
7.558074169630068
7.691282045919372
7.527971466960399
5.633266957001585
3.8752602527915525
5.061720095811016
4.900991895087877
6.990593583661332
7.922563785790989
6.009889397320459
5.706238173163371
6.091569051215423
7.194354061354196
7.639317202598971
8.704074128556616
7.554881399172627
5.972492468253708
6.422533970812308
6.050935004522411
4.7562719170593155
6.585220923293688
6.03213629375234
5.361800937217224
3.6944550219917778
2.7108419736647855
1.7326431502672142
1.5600730018907167
1.5234565252017842
1.8000178575796348
2.0864220178028
3.686919675357619
3.5080324091190165
4.038521545726154
4.4035984734810585
4.518874447974606
2.715893923128846
3.299759170711905
1.6592826020581621
2.2947551266291364
2.171183530842959
1.36165790532062
1.5344077903106408
1.1797749266221997
1.1814247057100853
4.731449352521309
3.8937596817552675
4.681130710687408
4.251693282895946
3.4980412619807884
4.775172991714641
6.54529993758746
6.02414712484709
8.608563807663852
7.688878269450141
7.646293664591612
5.117118489754942
5.061074571606858
3.8298355354050613
4.737874253262991
5.414605021174087
4.9896437356843535
3.2054272882210837
3.969309742837752
3.9422834317249658
1.848510439506351
1.6542436737121722
2.3824775280865778
1.3252161814750174
0.6063743294942257
2.532434772871404
3.0871531281199163
2.996224189502959
3.209434961265531
2.1562818228861778
1.8485246369461619
2.1405872331423685
1.7312309780086395
4.081591792702015
4.230376689977025
4.6756684625715605
3.3424447476498527
4.0109174464517325
3.8783459002426395
4.454659671673723
4.617943545801724
2.667632710873276
1.7779925157808865
1.3881841408654372
2.2464318441210724
1.6129702965797799
0.1764019285011965
-1.2784502594136546
-0.33114503253334115
0.37392800190897046
-0.9510765781889771
-1.1232551493209009
0.2119947842414716
0.18886054839035837
-0.6550934426941338
0.3898483343956072
0.6524309448305825
0.7253306294127677
-0.8539043821967012
-0.1302373896402246
-0.9668480442520809
-0.7612604419627922
-0.22927390069415848
0.38822570292242864
0.4921156356928072
0.5541903621539016
0.576724119386865
1.399039924664632
2.7536872718575736
3.8710803747708034
5.3634676368114835
3.27151675750828
2.5153078283367756
1.680646102968711
0.6520688780902907
0.5846169272373298
-0.339439556010579
1.7978735214897112
2.084098510656494
1.6618349392884197
1.5498404575514229
1.2923132972187605
0.6585068393422405
-0.0964539619319594
0.3562691945269421
-0.2975926496576281
-1.1023651797721934
-2.057884529838796
-1.500574693924203
-1.39348828698662
-1.4106876754702302
-0.19399331522683183
-0.5882984667921908
0.17431894243583557
0.6986932958051038
2.6088657326199227
2.125680562115688
2.066301239845451
1.6205638528018071
2.734395073807246
2.8975687977073505
3.388535228977538
5.205210618107623
4.400277973648169
5.901152456306072
5.302966959338923
3.1609204750733406
1.9253900247701818
0.7445126290390354
1.4912784913217307
0.8850705737151867
-0.24167126251198726
1.1144005378559994
0.5273554675380233
-0.005501417019640145
1.1457082487709707
1.7357604791094399
-0.9674677255314371
-0.6307937592859987
-0.7476219172825138
0.012962204288469281
0.15442258956357918
0.2654708866564693
1.786878487843893
2.203560885339604
-0.9647236008167284
0.31053355570135033
-1.2201094151351708
-1.6963463690997387
-1.2014491141885395
-1.1066228288077333
-0.3103739815792597
-0.277160120415673
-0.6334904072325743
-0.1706210391582194
1.2137859980021861
1.973156581393115
1.8078949225243723
-0.024891064665055588
-0.3388295097800747
1.0956246912135736
0.6701200562338585
-0.12480194874902391
-0.5792516879347339
0.4358402911071572
-2.1384634354862
-2.120888997833727
-1.4853911588932136
-1.5454007834329282
-2.7810743755248657
-1.7832065459420132
-1.1921376212980985
-0.17112399014606397
0.5554850384875607
0.798735043685817
-0.4190783235544779
0.491521102928574
0.1468306677148151
1.5445538185522498
0.35163909829978296
0.5144240335640508
1.8900340804453362
0.9289284348158984
-0.5749147477320286
-1.1714464945421097
0.045186445099767616
-0.23106666128874265
-0.41814188113443684
-0.9014167423701214
-0.09737458271652755
1.3076798525122566
0.28274735399889983
0.6788751459855865
1.633518656015108
0.6760350603738544
1.3915220745065857
-1.1944422221284723
-0.8927346293832301
-0.10916686415608244
-0.3412281908230488
0.5548773967034138
-0.44110661202256857
-0.7218281994770702
-0.12366184061254537
1.012907749339578
0.45726690479455656
1.024849417525092
0.9558953099766301
0.7803895380715469
0.6963485675709601
1.4891827658776933
1.6452469048914644
0.14559714925204748
1.6573003242959885
2.569831369779477
4.068556470986421
2.783535919184739
3.986651627291559
2.717743849774295
2.4274118574529626
1.8374288531518017
0.8440750722271756
1.316774231055759
0.24178136490410013
-1.181887651237174
0.37441994592940975
0.5295374291203209
0.2601567566224457
0.8571381787778636
0.32577358870834205
0.7818227927384125
0.012026356079116798
-0.1308017145725023
-0.11653481310972427
-0.6403879491505482
-0.22135529501756784
-0.6703574349207073
-1.144612914467943
-1.3171531951712994
-1.062267122583386
-1.0317705790100278
-0.8056999441973658
-0.6069272617494031
-0.27726794673863475
0.6043675439987037
-0.4113576720344838
-0.21338492981500828
-0.3450186729827785
-0.6170958408764112
1.6348917304788577
1.9704226401498488
0.6933424101070768
2.492885602789745
2.5628070183435416
2.996980469751926
3.252454745052546
3.47705510951483
5.1435760912593995
5.363107900524837
3.6576000797599604
3.427865287036041
4.527379402953325
5.517680778321882
6.418136240361839
5.337297872708089
4.425071756041944
4.274117981586376
4.2626944815742505
3.6135424521895914
3.6297899240971976
3.368844562627946
3.2248945447399207
4.120007717505583
3.017651594961938
2.3002856813512556
1.4176072683212475
1.4786931292721146
2.021890989182077
3.474497609936055
3.9679451885872745
3.4339976627402757
3.0496532466710433
2.9722865000074745
3.6757968975746778
4.598543644025622
4.655580459575823
3.4960516064258393
3.0851084868594434
2.0269214731508067
2.934686696694525
2.821839864176779
3.410450126095371
4.163355054654703
3.262798758996593
3.8515301411981246
2.6675332142807595
2.4022967164580917
2.9921372382795424
3.7576497883910185
2.4736657502359645
2.1748691862832437
2.782153289038068
1.538978590740983
3.36141521496163
1.790022573943432
1.31189703897706
1.841539355729488
2.545207188425466
3.3355494950394906
5.105691925129293
2.9119240692719166
3.045278964269117
0.8997385113079515
0.050867623160025965
2.0432268703089
1.4029799833393715
1.8506941522857618
1.4166922518322203
2.943128972124897
2.6672093613586023
3.417333146339148
3.282640043728203
2.965418965167611
2.1363739449003547
0.6656423972557279
-0.06250102858820109
-1.057388068779152
-3.1174363399024614
-3.6969190922058615
-2.4882409331186666
-1.7967878753875952
-1.1317342246137905
0.18579290018755
-0.6802229588127965
-1.8126426733548582
-1.900195647064135
-2.3032481007749763
-3.41235137866157
-4.27410654724726
-3.6144232389593474
-2.9613639261864604
-0.6506163408157235
-0.5393436521521463
-0.23377724838125744
-0.26309646259659625
-0.613591987424714
0.19454692749908636
-0.38035440091258443
-1.9912172014945742
-1.9469378971540117
-1.5123487908071702
-1.8853256360923245
-1.4684995511249437
-1.3460169505409705
-1.510876274559645
-1.3510499785755985
-2.040762771697346
-1.908816389393268
-1.0616978078786816
-1.184315855841201
-2.2329623999299275
-2.0429225441863723
-1.4155509139729756
-2.142200377838496
0.47457288468903597
-0.38099110740635006
-0.9711516261949523
0.05002036226597233
-2.5374810418078093
-2.2012611390591594
-0.6093778031723752
-1.724251738512749
-1.136676993097433
-1.3963939863305508
-0.24927116656109638
-1.7217864939059477
-2.6094511904772593
-2.653907054050316
-2.054688071238953
-1.3221201804160438
-1.4891303432123149
-0.6099664336891757
0.6442834369999251
0.5693153610362809
0.10415545117667865
0.7905700191043129
0.8444262886132173
-0.16657599829916164
-0.5824344199149466
0.19022711931531708
0.5998420156901674
0.9194789441279614
-0.8603027280366503
-0.4070760861118886
-1.7808852299618345
-0.7702719170359398
0.3838647094265345
1.3586338427069784
0.3154825141501831
-0.42796626803797233
-1.1574679317990504
-4.709332502731135
-5.454431804267221
-5.436276662701612
-5.609993253558762
-4.085467325545517
-4.073224972278546
-5.950751972949194
-5.1818648335374915
-3.832257081006499
-4.243619923108793
-5.131672194264643
-4.73002793219295
-5.423622112506301
-5.057447788900565
-5.311020978708793
-5.8565172222029585
-5.612960144016209
-6.8562203638741925
-6.756547737806674
-5.683475412656661
-5.231768873429084
-4.835434482934296
-4.852084272566948
-4.388511929505059
-4.2101608786901235
-4.131140257115759
-4.194540933856492
-5.337641738471756
-5.019999927227522
-2.973613947592903
-1.7586610567587722
-2.9590659562405546
-2.584191521570589
-3.1393229582703697
-2.765207648286342
-2.684659826269153
-3.3733619146087492
-1.2287313042120376
-1.8217586860157169
-2.333705586926172
-1.5231274016390972
-0.8389157536266376
-1.2883322531913775
-0.5768146454018732
-1.316999280272565
-2.4154819310146642
-2.698849411786892
-2.929583899229507
-3.194385147695999
-3.754526411835276
-4.966996243859904
-5.206379174676658
-5.332717420845914
-6.9691481219604245
-7.223385147169805
-5.735825434043963
-3.803956999383755
-3.303276065941053
-3.7580862377185063
-3.304569798437413
-3.627378775244723
-1.864061977296521
-2.0976177593683927
-3.5302127223340807
-2.7099926751483507
-2.2254601197670265
-2.5460228458294605
-1.1019193812205816
-1.2891918556506317
-0.5437688093169047
-0.7759066077671004
-1.1224641201156018
-0.6661597522141435
-1.935607146761852
-3.631312013530046
-3.696217102907945
-3.7105754032973457
-5.19042984321165
-6.035798734372685
-5.417985307253928
-5.090639823479493
-5.206381867093553
-5.543439673406691
-6.4107238608378285
-6.2086698355231595
-5.581389634625433
-5.184876129074172
-5.228256505605033
-3.5875180241720144
-4.518081229925076
-4.0648093034184845
-4.1619978464696885
-4.679608268601971
-4.80739703891623
-2.7071273190521126
-1.4995375919669947
-0.9324895064952825
-0.781977161445768
1.1153372914870896
-0.2404502884858808
1.0811948343530822
1.694471955495836
0.6265315254495925
-0.16024694616478122
0.4420173713423762
0.5095486938835087
1.1296992915265411
1.4007378930221317
2.8659497281826827
3.8910338690388717
3.791206732688179
4.786503434748291
3.801631671588122
3.362713097190347
1.5078898198042432
2.2649463124432185
1.9650031011703264
2.5275446665684695
2.568324130590971
4.345700961425676
3.428475841129085
3.5100746773709965
3.753199882254524
2.3303094978563754
3.137606341206126
3.8242569400039326
3.8655701594937035
3.4446973594692323
3.0431458993941036
5.25076688239613
6.595225664668566
6.509226548367892
7.4093634422199965
7.420221289841052
7.18548972830439
6.8171565552646225
7.255618270910071
7.360218040815255
6.673167454895155
7.243164593839202
7.059709386834039
5.064904646726295
4.463152753355719
5.28293349460412
6.457864498153753
7.449958164780093
7.781269580014797
9.02007587452609
6.984894704698041
6.597649938561104
7.461142149714803
7.133890731608257
8.082584762094095
7.61845175290269
7.494388752695266
7.282316086561596
6.441390036405869
6.273635985532122
5.337865940355818
5.753109656942015
5.921478571315199
4.3902744564723415
4.3485229215813845
3.4397816604857767
2.6962187437686453
3.7392074447632266
3.348302221853264
4.19134444683993
3.197115530334874
2.5358097779695887
3.650736819378023
4.0314328978364395
5.454804930795399
5.227481859078766
4.443670419444723
4.971911696442737
4.711803198982759
4.344404256459529
4.4754925409018895
6.325115074566571
6.421663587587585
7.152374754093247
5.952527662962083
6.359451573161302
4.557109150737961
6.194440656040395
6.418530256008103
5.496933857629239
5.757371222292424
5.185784174868428
6.021797372906522
6.221352940667645
3.641166586622297
3.742307150953065
5.199621140469021
3.90156167126806
4.299603097356838
5.029306236143598
6.590183722940443
5.504450059191124
5.050754738680519
5.9065993104878
5.258236280583538
3.818256991495587
3.5753172384127296
3.83509155623592
3.6759202000933606
3.5048258178271587
2.783535666284794
2.0327024447791584
2.228308536306243
1.499845744386794
0.3967046319075378
0.09217568694191948
-0.4921786481086668
-1.04649903290246
-1.8783369919657185
-1.9754019933437275
0.3455201315641386
0.033300511791615195
-1.3232906086404743
-1.302168804642681
-1.7359527266997747
-0.6519321702213252
-1.9843227733485704
-1.7135585533627498
-1.9590459995833294
-2.249946880550959
-1.6772500092242983
-3.3556334913902655
-4.468776888158732
-4.332782105814732
-4.39618852840331
-4.31279001368163
-3.641302095766635
-2.4244202263315486
-1.7323530160958396
-0.9242719820755114
-0.42577675907453627
-0.4525753522720603
-0.940725544032867
-1.4315577374276163
-1.2087894799455172
-1.3715095608732883
0.14425724469404322
0.6972128343913319
1.6516444585203358
1.6006059595865922
1.6171492723640484
0.6581188301546206
0.5411798815884615
0.32975532446450506
-0.15489871390264295
-0.9130136192363109
-1.7722800061636357
-2.0315579127533603
-2.81010413443162
-2.840676912079068
-3.921635270478444
-3.6422322684232245
-3.7381668579006178
-5.373495302998436
-6.11493676438502
-5.060496835585274
-3.4055536325287195
-3.3378990875891565
-3.4991089638153703
-4.481064187095327
-3.2091152028877428
-2.641803220046232
-4.722797010840467
-5.402765275360846
-3.3307652152051026
-3.1990473254086966
-3.0839769492487847
-3.9068183366633615
-4.234398639570591
-4.946639210834757
-4.078667106967622
-5.280265758449749
-4.192921934977344
-4.924903499088857
-4.437355016105837
-5.377752656184909
-3.605521392385348
-2.3496039664934583
-0.96709105505335
-2.0943432334828254
-0.23970700062657324
1.2544692732847973
0.27195939062803254
-0.5341282768270131
-0.6897608333301213
-1.1575550539977997
0.20488435456205392
0.699181710106537
0.6870222962159533
2.2580281566099143
2.045756471699995
1.6988506665518728
3.180433435301501
3.002694258648597
2.329275970703058
2.389570012438599
0.9738275881931687
2.2627135107980383
2.4420845803990945
2.431852334060924
1.4462149256582626
0.8610955845357774
2.3782116899110544
3.200383819059717
2.922794625368823
3.6417234296798306
2.3601710612507394
2.7898450256578715
4.424921721788142
2.3251842873125463
1.7482551240783464
2.2526743043042803
2.360921923689042
2.5308402983386276
2.456090365088849
1.2437403532214029
2.5322683199480336
2.552320711127331
0.8662258027326274
-0.522211465621778
-1.870155695830364
-1.8973688062891805
-1.019250180502128
0.660708807442738
-0.35133820836924323
-0.9669721232220103
-0.9958550715735256
-2.068604930118472
-3.3262838976127065
-3.9244730880949024
-4.107170628111322
-4.445940327011363
-5.688353899202175
-5.0862076953474755
-4.675158217574047
-2.4084997806570048
-2.3050794097646015
-1.9646557140714163
-2.4287502283413733
-2.100398558400361
-1.8733526271821055
-1.9741111699755465
-2.730022533305108
-2.3830893255073398
-3.770404666049579
-3.519829518107336
-3.711625377382813
-4.432442780281827
-2.721661820952473
-4.171087188840797
-3.09298578455441
-3.5040852840033048
-4.290138492753638
-1.9540758316506792
-1.2928410296549078
-1.587007706632415
-1.8425165952741536
-2.433501519819198
-3.2042808568305716
-2.7683468145018426
-3.6479305204797736
-4.091855228283825
-3.797320882202494
-3.701356207189207
-2.8637055759986483
-2.1250056759072997
-1.9072121297281275
-3.3176937017176438
-3.909469496609143
-4.135419854564671
-5.391934152855058
-6.035249909995678
-6.31907207222518
-5.295423486554794
-3.7078963667002967
-3.763031394134877
-2.6091670021699684
-1.950702420037674
-1.601135931381424
-1.681536089847815
-1.2370109646644685
-2.331222750984636
-1.965769737895944
0.40298384605789717
-0.2063327343164928
0.06566728453875403
-0.5764313786199051
-1.7138714485988782
-1.4089809029159643
-0.9805690737903444
0.1117616811368572
-0.393012459607278
-0.16149957602873155
-1.2147822467933678
-3.4585558763937096
-4.354758001818858
-5.839760476429988
-5.055893057486144
-5.7393137766386975
-6.934548352450314
-5.0979729339169015
-4.187249701324628
-3.4571494708738566
-3.6078281074286167
-3.39712078160715
-4.033170593677285
-3.095843965381183
-2.6491530029436308
-2.0373440266707132
-1.8180926072420958
-1.5292040580696225
-1.3806200690972612
0.766161757318508
0.5710973723581064
-0.9326403694884698
-0.6697388292555749
-2.450961647201346
-3.115401648250354
-2.6724977144724966
-1.7567321009447865
-1.6382617026977067
-3.1659853139664973
-2.2387809111345116
-3.3239871328963337
-3.4137060123461147
-3.334180249749308
-1.7193301833127443
-0.5202911009592798
-0.10177611995961064
-0.03559488622876632
1.1484630108932123
1.4033285431980056
2.058032006507251
2.0241201199964824
1.756359422742492
1.1608945232660581
0.5084265575402789
1.0018467502201827
0.5892247963902861
-1.760084144206985
-1.2428696494858342
-1.1126844598982657
-0.9072152318329703
-2.7104607067957973
-1.6720680439031204
-2.5700182579406787
-2.457664287797624
-3.5566321307421433
-3.3066028155910954
-4.316219927231244
-3.099806817209232
-0.7126134790662261
1.361377611329999
1.183666612321197
-0.08896210480461411
-0.17735036678367797
-0.11996677395490754
-1.3255436305430257
-2.6504561411216874
-2.4778325181757586
-2.758830962724715
-1.747450817486687
-3.7044213309070697
-4.804686460444272
-5.722462822667648
-2.735107130271076
-1.3443956601600306
-1.2574388356405561
-0.7807079878242711
-0.3717970357367173
1.6791374767237803
1.9074893121729544
2.5701378481248804
3.3351235089346627
3.5322998202766853
4.193582039593494
3.4824096209432693
5.8631430698266405
5.892532244617351
6.695983803522117
6.184879897881427
6.391863308297665
6.061621519227782
6.801948886949473
6.971800131143581
7.153091796124585
6.531933926005585
5.761107164127549
2.939489050401024
1.516701084042965
0.8764820717674997
0.8479334597197516
1.0517052902335586
0.37233613692892903
0.9094290597688769
0.7118039580515602
1.3710534554012224
2.2572887106959345
2.6120972271783036
1.5118318008205778
1.8590334502178525
2.1732169529443115
2.2189338122544155
1.668236503696417
1.7058940340230673
0.4815606001581882
-0.8513417768007742
-2.08373195712643
-3.0241604489770824
-1.3866555463700987
-3.555154360685383
-3.6297479616652817
-5.402644799094909
-4.853044904806699
-4.3708080580507565
-3.8364305324022214
-3.9258529285490016
-3.836979056259786
-3.862471144205644
-3.2453091344614364
-2.3952452757272353
-2.3940695528849543
-1.6741215812689232
-2.636064849819525
-2.7164583907450264
-2.0180611268240805
-2.0511606073643596
-2.7560979363989264
-2.1797699307271334
-2.3554764807163098
-2.0384132905831662
-2.1727035886123476
-1.4208592618207327
-2.125125807230342
-1.4702571374416749
-3.696099761531906
-2.351784987334185
-2.965951005212951
-2.914403691570317
-2.005726804130389
-1.4016082273695205
-0.8414629971265601
-0.8869637644537903
-0.6325772051889351
1.0475489589518625
1.1844509603531002
2.605790386305774
4.002372841024366
3.5219715957877473
3.849864488528836
4.5787711016744534
6.844841060902923
4.835824834467641
6.153248677095848
5.154181752790653
4.425016810623143
4.618376999075281
4.379567849669368
4.48956033955155
2.889780760842341
3.861132706268063
4.140538929481649
3.9292150139093325
5.763694724473242
4.437613210281246
4.678477637904818
3.995535339266422
3.32276495484143
2.4518920238779494
2.3060914831066595
1.1731005908428496
0.0884515282066361
1.042417281719289
2.4337596740949414
3.3918270680412492
4.940251586467729
6.968906176587414
7.896117824184785
7.2464941537100565
7.564588855638782
9.355062171855279
8.098747045196161
7.481043704923126
7.636527411246846
7.382648383761733
7.1682342625098565
7.132761021350113
6.754690434646748
7.8821809058244545
6.067870428801098
7.031161911400469
7.627750073716333
7.880582270284624
7.754980713285467
6.261435179550946
5.32751538754446
4.70260249867063
5.56572293385073
6.437136196509044
5.147634500251977
5.252960266868862
4.155984205150326
4.792518616911397
6.190914757568606
6.379791019320217
5.660801016881563
5.00858611095324
5.528162668390703
4.4821929874160835
4.631202745363625
4.538148845833235
4.347860470989423
3.5906117897515495
3.1197206514521514
1.9785344856245715
0.8139367974531145
0.9387167758098908
0.2885943982193156
-0.44420758998804716
0.5764798311383229
0.5228287294744568
0.4349308997260104
0.5547440261080981
-0.3227510891318468
-0.20219787714702922
0.3382276677628571
0.8619002501166523
-0.9781302590828643
-1.1876095437506502
-1.8826780441183675
-0.49866934936328855
-1.6723554013263802
-0.8903244826987714
-0.7865524912474244
0.9064107876272545
0.795522999992455
0.2156562266933212
1.741066052878908
1.1644324874795726
1.1521455496708997
0.07654665317885806
-0.3155758992847044
1.9098005812988186
1.733530159556666
-0.4629657047339257
-1.1727171160971277
-2.204115060124831
-0.4803373203276452
0.7237666642893411
1.43786273559169
0.008466897423619626
0.6007388398901162
0.07256544143270051
0.738150164065468
0.7024839477885443
-0.712443944261304
-0.8129723614578492
-0.7532602415871181
-0.842725232803664
-1.1950658285623932
-0.18421893023558963
0.46589581304192984
0.03291218347144126
-0.026343957290346484
-0.762532343755825
-1.1841774757014507
-0.13626236780617423
-1.20895364008823
-2.010904150148852
-2.3384839722589414
-2.3768177779435953
-1.8980899041911892
-0.7956679310250363
-0.5586269020404813
0.1439470055789928
0.84302801530574
0.5039667978485565
1.6865884879723618
1.8058086849723087
1.738605711030775
2.609697940876295
3.299114119597821
3.2849989908128023
2.5886717556503362
3.2465722114590916
2.630141247116984
2.0408700918973945
1.6846695315316003
0.3606146630412388
1.468373286849977
1.0917524001087122
-1.0646825046798174
-0.5780802620773247
0.2188771462755832
1.8120239051843061
2.4738954742012043
1.9606788797651553
2.486307512147033
1.7168222881047697
1.8906732724115167
0.34882721283633766
0.9081185073828338
1.1649301888468278
2.5191846550647363
3.356338338895243
1.7958994198993163
3.4781529772365714
4.427084256165425
4.292748934114356
2.430864121856882
1.863900737267526
0.5679762116984438
0.5043280779502934
0.7814357138282403
0.7468072204778788
0.2815518749499011
2.6648442480740564
1.811341806619457
2.645930701982741
3.3015718388714226
4.241832899945324
3.304783071350142
4.10997123732319
3.5296123223138562
1.9350595047846915
3.9777106882593976
2.2122375709238185
2.25233834922108
2.7117615924185916
3.666756806787621
3.401639345067049
3.0254906750530233
3.1716618120896083
3.1739461699665994
1.7546102711428857
1.457078876971793
0.9271462237277772
0.4065412598299864
0.06884753194033764
-0.5915711215880795
-1.7724649011947242
-1.432048966194601
-1.4342201421014265
1.4012497409483309
3.1481239123041327
1.8420604610944356
1.7846038218670541
1.3747321746779868
-1.1103951679498598
-0.3632071524944423
-0.9917064518929233
-1.770779897125609
-3.4381983184646505
-4.335583029339749
-4.1741072208615595
-3.173353399870088
-4.297796032617924
-2.4283550012391357
-3.0310150485226446
-3.3804618378160796
-4.025957701374297
-3.936645361687344
-3.1758057415938903
-2.333232258565437
-2.197594746047612
-2.3591334738625025
-2.0426175491743632
-1.3486239869654248
-1.8801710385721349
-1.8945197841430976
-0.5554498348601257
-0.4910535659693982
-0.4501824634802505
0.09739431077508462
0.7175080491272509
0.8884146151342945
-1.3423616074208156
-2.587960497680999
-2.005747126578517
-1.5530849143532042
-2.259281023258546
-0.17821622444403906
-0.10046020486844463
0.527470883210503
0.4291986703241255
-0.15191503726961977
-0.216136628048416
-0.32817430073704934
-0.5984580585565935
1.0614698682105528
1.2777344192304447
1.017762226774172
2.809550243579313
4.17337087077194
2.837878535600149
1.8668446611530107
1.8047239362043257
1.4801878207791608
1.7503321869910162
2.619649498411873
4.223468483219318
5.0394911142168315
5.064778222112857
5.4762772675820495
4.0616605596735695
3.765118771199717
3.45893262364003
1.595119637596755
1.2919709771774575
0.6939498000347974
0.8693548086425608
1.9297412817944126
0.7726954147702336
2.658991478293894
2.306318082803677
1.3892229243185974
0.03609005003389122
1.892409830964418
2.567366380769598
2.840349823925066
0.3085338632939271
-1.103187240903703
-0.6301985695989376
-0.5159095325020945
0.058587474360235314
-1.0128903145789703
-0.9000635933829328
-1.5891510652641538
-2.3070487146428387
-3.105956675285213
0.05009421872737356
-1.1866408685723846
-0.6511120431644027
0.1139304665756824
2.762572315074204
2.4153337679644142
2.550119236834621
3.1892733137689886
2.194425911292802
2.1536495291392233
1.43262366364275
0.172004890787626
0.8225099975316661
2.533895127370589
1.8336295434023124
1.0560649018475134
2.731036880030681
2.305560164995159
3.922074261832921
2.4679212735108864
0.45241020985173086
1.09605048084086
1.1865274833601136
1.0680859152401538
0.8905481210470172
0.1559879866553205
-1.2001924880502042
-3.0660955313515803
-4.948303896977205
-4.8195764651097805
-4.359464618470272
-4.207096732782557
-4.822666846082155
-6.039087684868573
-6.57573628689078
-5.128199005795522
-4.946999016581073
-4.042228044830997
-6.34118461526453
-5.3270471215297075
-5.007155485251648
-4.041085124951546
-3.8657389204120496
-3.865913270510204
-3.1103594892342685
-3.035853232977228
-2.6041122046438265
-3.0308334512589084
-2.1234809798374643
-2.8553232527012655
-3.1370960889909605
-2.4182192939907643
-2.7137153025782297
-1.7442080928289045
0.38890547449930024
-1.1255336400521547
-2.1533462142270285
-2.8091595567687486
-3.4563857516221623
-4.487349299629067
-4.5338550700424385
-5.269989871319744
-3.9867302840953864
-4.3858487560883255
-5.028801286592741
-2.8964025145668075
-3.3919236776388733
-1.9888144806031371
-2.674810926484866
-1.3096078253974697
-0.605593253219171
-0.43388252598581767
0.15632684862610763
0.5321043050318873
0.7793139154662854
1.170174481842918
0.3258478067111577
1.005079170195468
2.99381252092727
2.4302769371564366
1.8745990791063196
0.154760039693638
-1.4278344862913919
-2.090256689359931
-3.526998209084872
-2.747448682572633
-1.667549921192309
-1.403550457591274
-1.885652206182694
-2.8558835904460054
-2.217233465476322
-3.384206109453834
-2.34190461931873
-0.8430460075588505
-0.33931066870338034
-0.23638945377333948
-0.37542268300487314
-0.35194554940591466
-1.1879533616141238
-1.080704671723967
-0.07932158865597541
0.9581718083420298
-1.454525212084194
-0.45189400055808193
-1.4014274881616375
-1.6391181672810369
-2.743776043294797
-2.2756484658657685
-1.7062194876843588
-0.5390776698803547
-0.09443550931738202
1.375209669488698
0.045183237458775685
-0.06325700049011625
-0.1511830008003089
-1.0718431495898486
-0.691078908713753
-2.0396970487680366
-2.895581166504457
-2.6395158674807666
-1.777422068378176
-2.8109239689889316
-1.5425851160069826
-1.4748983090945333
0.08606554388548357
0.8831974488409939
0.08918188647478387
1.3264587474309157
0.8037248303079167
-0.14772970620075507
1.1041300798397158
0.006280975486779215
-0.2801334301728427
-1.4562898669856357
-1.9486118281218432
-2.459521331260814
-2.9183638973246153
-2.455226762688199
-2.555392090959392
-3.2404426581133245
-3.6784531623837715
-2.088539801660447
-3.7214039559120704
-2.444524996816938
-0.9779815852077116
-0.9809854062699422
-2.800834738686612
-1.5265977823394954
-1.5022697893961796
-4.32378728089784
-2.9880248947647643
-2.945762705978863
-1.8107322400261276
-2.5878902756778417
-1.324739114976259
-1.63200843314975
0.4260263986521129
0.9888536211727178
1.1757221504521218
1.821368459221398
1.2131816096810328
2.20604569380073
2.2938323295220115
5.42297146530279
4.16897640428095
4.829767935138676
2.85471472404497
3.5783724466728453
2.875413253193649
2.4518426341465096
1.0900403806807875
1.0071946090531874
0.866541693616039
1.0097829595325127
2.419792363702761
1.2504284773962515
0.07163759780728493
-0.9801791186783821
-2.5169228745513315
-6.127842245288804
-5.679102518944216
-4.413702265728479
-3.108951142975007
-2.1193710212235373
-0.7802459293246717
0.3165122562348639
0.505854611190723
1.1023129881401716
1.870231344423682
0.642625128123379
-0.6233750170639119
-0.7134022091409435
0.2672517319145849
0.06524309970433273
-1.222586361880057
-2.0663886327775636
-2.5999978764637484
-2.5141610661492866
-1.5673565820812447
-0.8765530957154238
-0.7746257782131072
-0.49302832097533644
-1.5920411977449442
-0.2893237126440852
0.7035771870406649
0.2807895461550435
-0.9567515815498534
-1.3621897625220107
-0.17737661373411878
0.7869320705479865
0.18731406144988702
0.615059146479369
0.9932689873851368
0.40416493602737846
2.002665039461812
1.752587454224919
0.48029126779206693
0.6572818454005633
1.8557951948391165
2.1218183575845146
2.7725513506994397
2.4054375814682003
1.7474567831359753
2.9112334288743607
3.2021429809967126
3.1545318177086275
3.669938634690735
2.9209898041181668
2.886064331718327
1.387089335762132
0.3893728507414273
0.7798935973909769
-0.16442495111424876
0.18671905097009078
0.55991219032879
0.33459222999062577
-0.1840125704777978
-0.3869203875947783
-1.3294710353493708
-1.4656148914449003
-1.59165526454048
-2.0730209763028546
-1.1212864504267201
-2.8364214919245243
-2.371943715327309
-0.9048828469283944
-0.8613490660919021
-1.7885937086010568
-2.3666891300294868
-1.8807386747198902
-0.5055442983590082
-0.7924746496330001
0.5348732439223136
-0.9003677679411701
-1.5749417117694688
-0.8775888097447209
-0.7304533988366696
-0.13878935084837435
-0.5877394836542843
0.2374473564231615
-0.3492182472529415
-2.180888338312068
-3.1533755713256193
-1.2427915991919571
-1.2965145819104122
-0.3967386704436689
-0.5267575998763072
-0.06816634757183479
-0.04170953616479099
-1.112609190671025
0.2511679762929779
-0.5786711796393041
0.589832378749367
1.2144128214494876
1.5121953818027307
2.299801323984241
2.1601137390715226
3.3234645057157977
3.729465177261376
3.0698242289411652
2.997574981889862
3.6019227350094942
3.3002394583857795
3.633870218457409
1.958133543278802
2.212898300629579
2.349226108196821
3.3338151929451842
4.392681306130459
4.7261190168168135
5.327750678533429
3.554486956140205
4.2553897419932
3.739231384804179
4.894645407170633
3.513598794314133
2.616455178324815
3.464667938683178
3.027524073929926
1.8191912202101774
1.4398156977077388
1.800506965099511
2.2497641543455953
2.1066676564992917
2.3889339498602666
2.0246866518957525
2.084400513729051
2.052214302419656
1.4750247767391977
1.330240963391767
0.3874529887446558
-0.1116060522205782
-0.29926681930615906
-1.6208350199550816
-1.5978907672762963
-1.5383392412569723
-0.5923800771762335
-0.3603723162609915
0.17555603161264577
1.5728185125037393
1.8025481741713436
0.31522654577561243
-1.4864809881368097
-1.8889700367849749
-1.3295281365089575
-2.4394619545450715
-2.771721854625592
-3.4499003981864975
-3.4270177213315316
-4.850761381778938
-6.703319851773484
-5.562075958125382
-5.194619700886644
-4.155172772555417
-3.4792387469011277
-3.9764708498867125
-3.0238477212205024
-4.064847341283771
-4.572488060024933
-3.785591638111489
-2.314337020051863
-2.2734073279061993
-4.135120791027612
-0.5758140483195583
2.975972698063791
1.6492152454856037
1.5526229848439759
3.8872860451814693
3.631394916007836
3.7927303127256966
3.8697044247975207
4.086649560859717
2.284208337916717
1.3512201778116018
2.4711016064578377
2.637208662365194
1.842593639506675
3.1399886299994035
3.4439776679914345
3.601537467288115
2.1685283399533097
1.9974701180608445
1.6713630989337787
2.3162182137845453
1.9537179532680908
2.517000297520088
3.2269417480978997
2.9734420774083095
2.434382008112716
2.3562729050061755
1.9877321987516041
0.22026796434464038
-0.9648005594024869
0.03314169660582076
-0.916228918431996
-1.543618946987675
-0.917096770601541
-1.98565835857019
-1.230577247484403
-1.26248137706598
-1.8405964497128617
-2.6275139042071425
-2.8572179170862686
-3.4909396529194026
-5.3679907198891925
-6.7242964646637375
-6.763707565905449
-5.382344602609736
-6.304561395276814
-4.40437567300915
-2.770450639535912
-1.2015470159751342
-1.9991497883234828
-1.994238244006388
-1.420004469555489
-0.006704724998579957
1.1920328629207118
0.9753654099125896
1.386613168756032
0.8730995769326332
0.5046433683956316
-0.8108800267179649
-0.5722075546292523
-0.43030062876793695
-1.4040202204189072
-1.6442930805115599
-2.464819622561409
-3.2269928877491276
-3.250432364321039
-2.6467825096432747
-3.2877039667674004
-4.1089037393498735
-3.542987104385079
-2.8945346361653472
-3.247130845667116
-2.3558799086900444
-2.6727693231775493
-3.24903796436752
-2.597918396870731
-3.3041983251091605
-3.6899045379842286
-2.624211631792823
-1.7959331419055549
-0.47126689144184475
-0.8501712622118556
-1.637046507784754
-2.3470960391803377
-1.6309590191075585
-2.0887007022590103
-3.93609863027649
-4.147809590419795
-4.333428454122719
-2.225294218743365
-3.46102303103102
-4.3592845791328
-5.073881655704851
-3.83763579515313
-2.3893907554829465
-1.6495061536069726
-1.211788709818998
-1.3504760762325394
-1.2447531603510804
0.17145877032853335
1.016893698596046
0.5991829047261318
0.14181373895193589
1.021032564966211
0.4933055403524973
-0.8056435745225609
-0.7506992060520197
-0.052789625631763364
-0.9184649807127384
-2.1741171008851143
-3.417636283775385
-4.134840881030193
-3.7727674509032716
-4.253426394346213
-3.452707192198421
-3.0244301753544103
-2.2740172563215104
-4.2805867663645145
-5.201929047375535
-3.283751302444882
-2.817800883385757
-3.4319135175818034
-3.0683469940896173
-2.5378626419324513
-2.8164917078098783
-3.811209255206569
-4.229522544655233
-2.919845649005802
-2.701208486582855
0.37925665115796947
1.5233645510731877
0.38306312184707453
-0.49172073673793704
0.1640383068625395
-0.5689235478961836
-0.44775082896842366
0.24094588590059085
-1.0517768068875715
-1.7136163755125664
-2.0501876517425135
-2.451301957287161
-2.189817038154079
-2.353458118294329
-2.213292042012102
-0.4770411895013546
0.18942104579278218
1.4310711772733566
1.5625796085744155
2.290583304836697
3.098137964385501
1.9143033646378456
1.338934257210057
2.4377815685018867
2.475219387063441
2.4780997379910636
0.7979885535901152
1.3620023426638552
1.71075672557987
1.9169228698078669
2.25644688470572
0.8981373605452854
3.16656011227804
0.7768296691004912
-0.3387479051817419
0.4481678723294504
0.8219102021482166
0.8981119223303987
0.8593015904696473
1.1378109792104774
0.9395223794017749
-0.430944129159371
-2.198426654820744
-2.2215220747495246
-2.3894896870038096
-2.3527024577448494
-2.99207823911035
-2.308482605583602
-1.6017169485628797
-1.664247224466063
-1.71637370537853
-2.17379541634916
-3.063024654818367
-2.657726918503265
-3.4991653828162104
-2.4544987854114404
-0.6069260827557349
-0.15006855771262032
-0.030898259980884385
1.7918523180798454
2.3912859939148583
1.8438095381974278
2.3723972772850113
2.832276193026713
2.535830794716704
2.8399164049875987
3.579511556067589
3.4282786113290706
4.0873633815657975
3.508805246830012
3.838158691534741
3.7568205038794553
1.0196692673939847
1.6242886973372093
0.3985793951898067
-1.7190847843818016
-2.073822418986646
-1.7701915061128815
-0.9146446343120083
-1.6514419154029167
-2.0740058468502545
-2.9746949450007873
-3.6066657285651913
-2.7104521873149254
-1.7875944605356258
-0.9852346433684464
-1.8383073761860536
-1.6055320953554364
-2.0185361400759088
-1.5724702763332299
-1.8710441828205688
-0.09756146708151986
0.7254725821376539
-0.2629318899112383
0.8346929358017564
0.00032513362344957497
0.6967246079299267
1.7803842083582673
2.4226836425094262
3.3239992243134706
3.0889571519770533
2.5747954451384527
3.0417590983138476
2.489937653316306
3.070149803780155
2.4487300885687517
3.417830456748473
4.071004818758629
3.7224982916349987
4.973547998721411
3.6403022041204482
3.948551890216123
3.115227648002863
2.2380157682542245
2.0397482041098938
2.3091285186358492
2.260964765125486
0.8568610726177036
-0.4439350485152648
-1.0085314416904843
-1.5111703927506719
0.785025950987195
1.6444974588841113
0.7637219935634938
-0.8856083112752267
-1.998400662321523
-1.3543196533865167
-2.8597089022675326
-2.0541676119791
-2.3499513061863384
-3.0870695888411697
-2.095135976689765
-2.456651709534083
-1.487690641558208
-2.7720445672536864
