0.0
-0.3390821631946898
-0.7535784319382153
-0.6347487656294072
-0.8115700414265739
0.217806986154877
-0.15313978288803254
-0.19067156790073853
-0.8738328582422301
-0.48153523306307533
-1.5457582338036764
-0.8004082522508535
-0.3745587084836052
-0.8944503938069961
-1.4477226225323399
-1.2705725560299759
-1.049184972530811
-0.8458787704572366
-0.12691241340437692
-0.6295689883663175
0.17905164928352518
0.8370348005610446
0.23999914327848101
0.5437427015752121
1.042178819613328
0.6601539257036262
0.4370336869323681
-0.6617636500423938
-0.5987934431111104
0.4775506962019456
2.478574472856739
2.8718370305302776
-0.4452926499762531
-0.1968483178784629
0.3466979551300222
0.02786315424329558
0.46069649657086337
0.00781908314717741
-0.7375807883709294
0.37008283067092446
1.7310010261279278
2.384918218359
0.33320817942592335
0.21039068634371372
0.33833792765838666
0.5907601401498689
-0.2537481942290592
0.6766399536753506
1.0657825422421348
-0.7803431689281763
-0.2513588695267068
-0.26519220292192586
-0.29051757533430506
-1.973612872521595
-1.6317125665506917
-1.0373070732728638
-1.4200971494439845
-0.027024174414721935
-0.6605696169230549
0.4388387198383457
-0.9387129674484562
0.8653044611178319
1.3788791582187157
-0.042318069115629714
0.8284663199992318
0.49626321050116406
0.2759517806428646
-0.5158581191203759
-1.3693503483779597
0.2187422439318109
-1.1086011969352974
-1.6404937942719644
-1.7891266209669303
-1.6622526258089536
-2.09368312150448
-1.3458893162081047
-0.7804035197176709
-1.0701274082176186
0.15252565986630667
-0.791524935099528
0.37084861992441115
0.6625285315187885
-0.42644499686171894
-0.05992938315454979
-0.19491479073465637
1.6511627179832218
1.709058763955015
1.824750428285241
0.44841727789927666
-0.7559888917069851
1.6837359322785412
1.4122218393161632
-0.2558622890112027
-0.9561453540073391
0.8667597449132538
-1.0939668456860865
-0.621700191936019
-0.6922137287048236
-0.3250180928106257
-0.7923457010280428
-1.4833446252757114
-1.218545839494616
-0.5121056189198844
1.388834571669623
2.811857206924701
2.0666472804749163
1.6014450993103824
2.258664098302974
1.4472284664648334
1.2682557286940608
1.440403696949523
0.21163141570238586
0.8565059409985571
0.059405290888326634
-1.720674855169233
-0.6312292560947702
-0.8669806551197679
-0.7195093733561168
-1.652272975835041
0.6812330709082022
0.5529136958228769
0.730600897466856
0.5523109219289348
0.7724889841880748
1.3456637198176777
0.21253986857622634
1.0511949872362991
0.20466273360780113
0.592345307622048
0.159750681737354
-1.1701097338234951
-1.019620629858765
-0.517586260533273
0.14936729161862314
-0.7903250001633576
-0.41336157292596637
-1.1765669406812926
-1.2079756337338872
-1.5834417504526026
-2.006491913656354
-0.8425179047461637
-0.8581394895969083
-0.5028154910380405
-1.3646277460624179
-1.9935575127659182
-0.8909925219673265
0.5479997842625322
0.5228608640403489
-0.08667015419429969
-0.3098853913023617
-0.6159603510372318
-0.1020961546377384
-0.25744771860258
0.7766455116651158
1.2753402872981852
1.0778400284752014
0.6803163044212259
-1.017364700152758
-1.005495447884548
-0.5159058925974167
-0.541667688816192
0.5587129396960322
-0.7362793706471985
-2.2102525525118932
-2.00381794431648
-1.0877604462382746
-0.09843940614883442
-0.1602596560982856
0.4507415483742333
-1.552409675714289
0.7112442357041917
0.5630315734828666
0.5230164847415419
2.0423426118264945
1.3980916439708881
0.862054853411878
0.8008894907176654
0.24462558899926928
0.7166569833313754
0.30005530034714145
-1.1014961688202138
-2.2434124434085665
-1.0967473185859713
-0.11741665437569465
-0.6929197463101512
-2.9456346585284416
-2.210032708832889
-1.3904988887560314
-0.9304350231135413
0.5914939471389473
0.9988320985731282
0.7218999339112373
-0.7000821121921078
-0.2983971132684044
-0.46939536155323824
0.3391913740670921
0.504077355959131
0.636589591537956
0.4613129482845751
0.3073928253541349
-0.058005930790015814
-0.4888140842119788
-0.19103364610508305
0.19117063529509967
0.655734432315475
1.434443912070041
0.8759693186007641
0.8976314728408061
0.600838605600706
-0.02938614753769285
-0.26880305534310495
0.4125386468166722
0.9014701704012162
0.5111711592288515
1.504139191339707
1.5100534687086107
1.7681220997705456
2.132443118811937
0.8138760208720246
0.730072067686864
0.44794071823956494
0.41566690373271464
0.3958124419753359
1.4019810596055164
0.06479268319507521
0.17561659890596865
1.0813146610529274
0.4453318521100401
-0.21775923254509197
-0.1637022704121057
0.15536193235384732
0.23585838470077067
-0.6422319811465732
-1.6025933033037745
-0.1279636630576711
-0.6957557295384702
-1.1394640924394595
-0.9357592242805648
-0.7437242249688583
-0.6007432437092819
-0.4058944539496995
-0.2039495099303955
0.34673339592599656
-0.6238025813488937
-0.9663672930901979
-2.0688164623097904
-1.9233890018562698
-1.2355112796295118
-0.45526454090079543
-0.23933985261955565
-0.14806455813450609
0.2663234696555412
1.2300181738595695
0.06330636379524224
-0.7762806986686098
-0.13959912273497388
-0.7155991376318996
-1.363064144803432
-0.9794197114552923
-1.8582742895022992
-1.3331272857616892
-1.4135457118146406
-0.4961943789526953
-0.7508722899372224
1.2524333013878495
0.9240368824859313
0.6776902358615531
1.1245771098366044
1.9932717338881036
2.7332417752465563
1.8872560674123011
1.719272934501168
0.47143983617725793
-0.9440706849644225
-1.0601447863145388
0.14161028109593482
0.5011535696433904
0.2874024413754236
-1.9107974034647752
-1.800443522661429
0.8789054089117432
0.18155160388358685
-0.33227665078197677
0.11318049654094439
-0.352337829079987
0.591752664041393
1.4268393993002166
-0.48779010372158316
-0.9516529111850073
-0.6224348381160562
-0.8591199216632677
-1.2668646653228361
-0.5135245741225607
-0.35527304939861304
-0.2622234562428356
-0.4141609303630569
-1.0081110738450556
0.39283623871179774
-0.138114120925138
-0.4635144161313572
0.23711098773586053
0.37346202354040564
-0.619311850378558
-0.705647804690018
-0.29775684741147324
-0.6862772536169356
-0.7709586617854607
-1.3288054432463976
-0.37165217456106214
0.3078810109540248
0.9354490529713544
0.8081681243944688
-0.0533311206311114
-0.32360298902663864
0.6975786628511956
-0.04593988693388701
0.4111952155370928
-0.13994838843630975
-0.3445627090249365
-0.08290841557089049
-1.8797663472439716
-2.1381140841015562
-1.6604514875543002
-0.8825261121130007
0.2711703996268053
1.3787445729890804
1.7754400261604164
0.8632962323048448
1.8423008964068401
0.45468716439383144
1.1260342719002496
0.5805510975323647
1.2397378981323846
0.6979821882353058
-0.11515322471106108
0.4303441896146021
-0.5458932789539427
-0.2727123977066106
0.602657516365732
-0.46187437485418587
0.19875035617500547
0.64033549610361
-0.5172210004744426
0.07132977646029737
0.07035358573270097
-0.7657312213137063
-0.06821770237223412
1.6625344886239628
1.9559317703364176
0.34298758963531695
0.5994833596984532
0.11150609981278971
0.22608800180359562
0.9164893684561192
2.2050004702293493
0.9044896382079441
1.1829951949096107
0.5154264976592423
-0.08444232754089748
-0.22787247950460565
-1.172630940293816
-0.9232534782699584
-0.09203670533260971
-0.2476000746944922
0.09112038996393998
0.5703777721620437
-0.2680326548644663
-0.2613823440022284
0.1431552360174036
1.5856435051043176
1.7878923478998916
1.4540507122679025
1.3350720774798883
0.10067470372452753
0.2981264614649209
-0.21900081980728925
0.7232282579313345
0.8867572714902647
1.4623326361601916
0.23420727583407364
-0.7073996726007733
-0.8545359004262034
-0.8395912657315818
-0.018375340784573077
-0.7277227552311613
0.26450856838684067
-0.2022212558303346
-0.7359326386625208
-0.5451759950930004
0.35780912875133475
0.4825509622233435
0.012471028908746656
-1.4437599921984845
-1.6801389533341093
-0.9397708851847735
-0.4303636853841891
-0.38198207120342664
-0.9852562492392903
-0.7608860110704182
0.08922454351572666
-0.9647525948069315
-1.5100907033350979
-1.5499685384349642
-2.3058044940171274
-3.114060256493986
-0.6528344634940328
-0.9507702747842925
0.6209350946179124
-0.9366357654330244
-1.1850960188454305
-1.1603822115497282
0.20476242426801808
0.7486375502609908
0.7253258899265269
0.26252949887047505
0.6684145895816017
-0.14358146178330838
1.1267757382834573
1.2491641209359727
0.43130073345482667
0.058621041737406454
-0.5549913382705842
-0.6590789374677778
-0.6556928505560642
-1.315790093292236
-1.085106428257341
-1.0179821781069243
-0.7027708429518615
-1.6464317755829787
-0.4019822176462388
0.8821987315000314
-1.0851628397614783
-0.6885457351285824
1.6694512958811956
0.3038054953889089
-0.6431842840950976
-0.34218543728810813
-0.5070820422534509
-0.4756578046740147
0.06445011003760637
-0.04816286006991699
-1.192524856258397
-0.8549532852814432
-0.9562799794201728
-1.094159529791191
0.011430391519946292
0.2770676249403042
-0.21955446882938082
0.7506654565805416
0.7650323117106127
0.6959202579929238
-0.06849519323190453
-0.3723937380250438
-0.348917494212183
-2.0726318819039546
-1.6108929326826393
-1.3244852806881457
-0.5356243380674911
-0.03451312706332574
1.137949150159757
1.084847271362297
1.632108943842557
0.8771357773022452
0.9364654609774896
0.17555844389884617
-0.5979664331159577
-1.7374428318689998
-1.7351746138049278
-0.3555038863458481
-0.7306091112153303
-1.6565999142341339
-0.46665739635558834
0.3113983059482983
0.8850040900089068
0.6844707938074082
1.2785311547992966
0.6862390485316273
0.27762722988697025
0.2318658430763635
-0.30883745918838795
-0.04222369438218865
-0.3583812512078873
-1.0784151321361877
-1.3027064961781294
-0.8359010332449001
-1.6504353091587916
-1.4621513951342466
-2.1399557391824855
-2.92901662324327
-3.296640445753079
-2.362959508275334
-1.8685853150444924
-0.8396701678423902
-0.170858927121354
-0.4153057278054681
-0.031339318108886516
0.7646708529222652
0.08205043400113253
1.0574424928845727
1.2168032231486143
1.407413583412419
-0.15905095803062314
0.15068263455746383
0.04977097686271782
-1.4456015522686805
-0.06892229578527932
-0.7325929239278752
-1.5207229478126632
-1.464320295039971
-0.9391733475069276
-0.06113466107698076
-0.2816841633588521
-0.07094557561198007
1.1487664451156099
-0.3000696109627436
0.7630971818314117
-0.19720839177530164
-0.8452957729496574
0.36160579787781844
0.4736115646393763
0.03543810572861031
-0.7225412984022849
0.23289335720931542
-0.1310944549295564
0.23328876880788937
0.6517257090155453
1.3885427864794724
1.7486912263566539
0.6738565628498782
0.4636168098881181
-0.11970227721968761
-1.1949469213238282
-0.30163971795634775
0.5409128468711062
0.6055372132485122
0.17837683681324146
0.5386913233966782
0.7619680916272438
-0.5503583092139338
-0.9797437321388576
-1.896983825182134
-0.7490054196271565
0.4050495342053201
-0.3670557949024848
0.8170477179986224
0.4891506053913477
0.6887737212478596
0.7453298562479159
0.38539658605174665
1.6192301515491143
0.28373042571569185
-0.9708955830204642
-2.165013992290542
-0.7575863396031577
-0.7945954810929277
-1.5823763240878
-1.337429551510194
-0.1090961963371786
-1.0186749364357703
-0.022495656333421585
1.4381177820895705
0.4815635259183596
0.3673669154658719
0.5886108002500644
0.19752236841176035
1.7775304645207608
1.8071588222887378
1.2934652861611684
0.7455471295387899
-0.31605350195172693
-1.183095166948573
-0.2833467877833551
-0.21462145308862307
-1.8667740057769804
-1.2413820672305795
0.4602916082389012
0.2615964575903966
0.8178251440413797
0.37298433888133936
0.07440366133830528
-1.0711403051820938
-0.19684755532252932
0.834217370071397
0.296941353086203
2.0025936713827033
0.497637059122127
0.5306933477198152
1.2266424671297131
-1.128172423864753
-1.6091602751163054
-1.5063349484171544
-2.360884798671586
-1.606485268132697
-2.7305023187363924
-0.7788384990531688
-1.9884321600726487
-0.34343072644454303
1.1989511758044469
1.0796028416579735
1.7057256616728134
2.1281376995780135
0.2818616137959836
0.7082069169136175
0.07596313992094345
-0.33994880489055335
-1.1158070292968854
-0.8752799200982674
0.17660885380976216
0.527745036397189
-0.17206166260265493
1.35142027842417
1.8000862845277694
1.5055914634973533
0.052294669183226644
0.3074076416262019
-0.7839610957118717
-2.3499674001214967
-1.6067390468383722
-1.0250147307307118
-0.802646278095386
-0.894636245902217
-0.728903556810295
-0.7048041042355166
-2.3080939775778972
-2.350701283318335
-2.6149819777026524
-1.5236053360565904
-1.5401511358670694
-0.9501729446520829
-1.3725281226740507
0.032995174439199304
0.7029970973124948
-0.7327181752709163
-0.5674875357933434
-1.4866653517876984
-0.11314961907866748
-0.8909079174899364
-1.2882132083292803
-0.2590250958921972
-0.5040133749855812
-1.6550164924054165
-1.493000771521929
0.12948224975770367
0.7808409599697794
1.1428549926690799
1.670193739592428
2.145794409840467
0.8658700808915838
0.686414503363058
0.5025275164497325
0.17902902474411975
1.5883177321069561
0.5566034389069555
-0.41651247712896816
0.17540663338080983
0.44582341640593115
0.15806796503810264
-1.6238228648544462
-2.959889495658828
-1.2911974479726187
-0.9774870071530916
-1.3412375403901287
-0.2247170519430035
-0.5548572487925632
-2.6000519138514213
-0.30774489546493594
0.26127237061415753
0.20254933389375204
0.4618937302874667
0.5017650767187275
2.042290519146381
1.2281364404308923
0.13586551531446325
-0.06373192089118712
0.5341573655945279
-0.3675890701712667
-1.274875402394829
-0.18673715848927827
0.7534191626288591
0.07681445780740033
-2.1180684615611782
-0.9944254404139773
0.21770131396665138
-0.47751445331794434
-0.237705758785347
0.023770722060583616
-1.8258973419711386
-1.1068058983597346
-0.9839047699404068
-0.030207936444486126
0.053714048355874844
1.793932035611049
1.4428499164772728
0.5565313046307717
-0.7083179112268435
-1.7061208582916274
0.4213445165652986
-0.7913832316656231
0.48909454954252884
0.7546289240016797
1.3231203040892408
-0.18332988307333578
-0.8692385397100233
-1.128096167829673
-0.05475104598059913
1.1941947923796414
-0.7656352720275735
-1.2570773542657023
-1.5117657675171414
-1.1866945283736656
-2.853878618356707
-0.5291472423366645
-0.6235964719348539
0.2862649551060522
-1.082643285351282
-0.9391297297367741
-1.1621009444337398
-1.3881534379243254
-0.5216976723314383
-1.0488513062737301
-2.2613626455173614
-1.3224341516804887
-1.034141972830969
-0.9124679602936211
-0.046421283611867675
-1.290720173952003
-0.45793421784538885
-0.04605861386462766
0.13569592971527672
0.668296568883448
-0.09111967940393698
-0.916848422219305
0.5173672778040445
-0.21965373046997222
0.37699543494379445
0.6891832284920516
0.060360779846131835
0.5403433216500025
-0.21387947215226202
-1.5964772334850388
-1.6746731849266818
-1.8206760995725482
-1.6111799545704868
-0.3502072181616295
0.08305680618141342
1.6729766280797436
1.7188053095511335
1.3383425489186203
0.7946245351548397
-0.19922748741573904
1.6298736741973254
1.2891382297674825
1.6608642496587236
1.4502960835980303
0.10207057982460749
1.9856346493517223
2.115541157585746
0.7726127075279277
0.4823301639140119
-0.4587952329006661
0.8559250950350846
0.2556556090584383
-0.4340377263953715
-0.12107349506180567
0.04500336389686643
-0.39526281893756227
-0.8807565078840006
-0.5722141955600704
2.0208770788785
0.8848389738293869
0.7107292163778365
0.3733847338758429
1.603282311328768
0.43423461750961645
-0.05037829810043673
-0.042432942855076594
0.33431611007254614
0.9820829522197079
0.8250454443142535
1.5629301255380534
1.104367148877997
1.026995417112119
1.7593411571596451
1.1274176057840601
0.40191656757539906
1.0716689831259303
-0.09896622252669873
0.172319453013681
0.5233761105668941
-0.29690588381824334
-1.0141191805384322
-0.764083570773479
-0.36258220555914233
1.000177270731373
0.24611352446123413
0.49723684881558977
0.4171176527309942
1.5833277400809789
0.7663973680137693
1.733768334236809
-0.03402183940213252
-1.1607792991188175
0.322158024891295
0.999650625237734
0.4207919310586828
0.1732758792514595
1.4309523685700711
-0.41946582132945576
0.20861622627978402
-0.4901271873235278
-0.6601859245373145
0.12909202420037308
-0.01942840133015562
0.4873074505770022
0.9667605682211988
1.6794509803173994
-0.02555091110244184
0.12752700479218881
-1.2383336786078813
-1.969262834523334
-0.5815475900111433
1.4854619627114019
0.7566478001020819
0.5292501626600083
1.5073139486013307
1.4690635289312521
2.891163163862463
1.817976843037081
1.5760195894647604
1.2294310248270444
-0.20875819987573313
-1.1598192258675204
-0.6359616721363655
1.1415406523645668
-0.4982132451840401
-2.0732669570701363
-1.9349454156844146
-1.7314701346764447
-0.43906745041164963
-0.4100144323580177
-1.105582443499237
0.20315118166300314
-2.1367669630510235
-1.0379448996948946
-1.2601822638308138
0.4417730711544279
0.9064648608112984
0.08599948361693635
1.1025811248090256
-0.19071886089922838
0.015577090257525406
0.5733423203646375
-0.02724410837836516
-1.183876836819587
-3.1260691396563787
-0.3275396916038163
-0.2710602639013603
-0.4516076585434897
-0.31301355558928073
0.12267139078726086
-0.05931660930376424
1.154235023155325
0.16566164229501484
-0.6225686045328227
0.192375779998131
-0.04289425104489699
-0.6972059277788248
1.650165566359094
0.6153841661229698
-0.3097161624709195
0.7606824400417485
-0.6183312256582773
-0.33928048006446837
-0.45997276882057375
-0.3333384077264612
0.8040776607368452
0.5452576506462071
0.5167712563200498
0.9490359539672122
0.3469314252856251
1.0067983300223933
0.4558878930996585
0.29891239615606147
0.7033734942621702
-0.5722585897505175
-2.783430807717588
-1.4528817381451138
-1.221833134556117
1.4990043376621551
1.0831517116039102
0.848980322822445
0.5176759676262184
0.049291430247060036
-0.4032991681228321
-1.3845296048683309
-0.5858583102039502
0.4029945845587241
0.04768313331207791
0.41122165732447624
-1.2019392540324731
-0.7824692441240179
0.1970917528665225
0.07736232114204696
-0.9846037832891682
-1.4011221987471656
-0.8829713584672302
-0.16198562948655268
-1.0234675305796554
0.29404352116045707
1.196878656260684
-0.1310429381692691
-0.47355688373352733
1.388477133733389
2.6168544031301857
1.8192448762502418
1.3322034833242744
1.4770456757548507
1.3507657869171037
1.7280181345300716
1.241334450211129
-0.22529766771986845
-0.3553573060717372
-1.3337985472154237
-2.0671630398682117
-2.012490552186408
-2.0388141041875842
1.2226552946969924
1.5378277538553526
0.28095904385095927
-0.016500699075981347
-1.6097207327196996
-0.7760983661734003
-0.5454332551580238
0.8137760492534439
0.12219042806564112
0.26241794534486707
0.3913767227810357
0.050346356578548225
0.8224414158990114
-0.29192086271960166
0.2901604998408214
0.1401753263485983
-1.1939590061375043
-1.205031996821239
0.1189444881688731
-1.135933900214364
-0.1650521906714279
-1.64524305670409
-1.133492071925295
-1.403819865955675
0.6500526922011236
1.1535930547150668
-0.6602391885589936
-0.5676343070473593
0.1282934091985495
-0.17352910792039922
-0.6750217309304444
0.6672807986470399
0.557756061802327
0.21795156810042066
0.24685242365683285
-0.04927322090417597
-1.0448912027207793
-0.9079083877865415
-0.38484021396058177
0.027762921586396504
-1.0408439771602023
-1.5099882654302519
-0.4556729479700816
-1.1988976260084596
-0.43701524582809687
-0.19527537816645085
-0.022130598396032514
1.0616783481267908
0.7235672397268628
0.30580359271870805
0.09778542578920602
0.32721781037558495
-0.5483959516356895
0.36291461332740643
-1.0156601401570797
1.615921691792084
1.055966554575021
1.5638707640665652
1.9460835767720515
1.5963144634897377
0.8778130306142913
1.1211757780618883
-0.2547558206893935
0.09692199860636375
-1.7341365230398809
-1.2091492721415151
-1.0587628871100139
-1.307207128377203
0.09742111184648881
-1.6427333051018176
-1.5128398457709245
-1.669133811337505
-1.1029423531131384
-0.9424903363635899
0.9007540950373917
0.4011386882592553
-1.6038927074156952
-0.8920690943421571
-0.271097727444285
-0.3445710979461234
-0.5779851771244676
0.6812533209122195
2.832651958341339
1.2273355510227102
2.242355909703137
2.1204763971814136
1.5355668812031216
-0.06141556162366313
-0.4877151495339239
0.05236628976061077
1.8626536843995967
1.2867372233835164
-0.07107401497443186
-0.277983189798885
0.06350182003284807
1.7840440557847417
0.5330140594497966
-0.7747212573501879
-0.5785622434584085
-1.1285145203856708
-0.22560163376427084
0.4499673000662885
-0.8544728403467311
0.527491926811064
-0.3709697610258317
-1.047177207063135
-0.39486105210176314
-1.296527250177493
0.42067110346369685
-0.6765985896833681
-0.11343686325645994
-0.970477802479379
-0.5436584389111828
0.4745105909240886
0.21225958968178293
0.4087414589931476
0.27316063559070325
-0.18289862198898166
0.569455271486215
0.5043025310139189
-0.38569445486568593
1.8502622698614204
1.3307498255464827
1.2126018407710735
0.9664749488417678
1.0244893753085142
-0.18273839124262253
0.5486497641451448
1.9338576403728074
1.6156228952089395
0.6648014959099382
-0.3938540727043515
-0.1006522563023867
-0.21168274537022475
-0.5955596341526672
1.7400816841138707
1.6875403467534853
1.256604584622706
-0.5162816757400298
-0.5039083720363658
-1.4672465896079143
-1.8108704139144336
-2.2716960961603454
-0.6786664184105
-1.0327919098233926
-0.45567189530695895
-1.1080437957106466
-0.8470992871191311
0.7406077244728871
0.01698392865749074
0.9644969249364578
1.179788571296997
2.156869803252763
0.4369158677075791
-0.43350082043340277
-0.397954069381232
-0.0012677924167235205
-0.6471681739897123
-1.4218912999183173
-0.4411248945000884
-0.1346699983654865
1.7512580968486038
0.36156341392513897
0.5491812397022728
-0.025880990124695774
0.8273961452563244
1.026933322846458
0.9824859021995999
0.38327605568676026
-0.20258410113599962
-0.20124999042830322
0.14920149961030876
0.9449220063042759
1.493867280300977
2.423079482030649
1.0510653904261833
0.7864760659572835
-0.3010215648446391
-0.9490214273934192
-2.101635339689166
-1.9684879146112295
-0.1855393550743053
-1.5955671755825016
0.338670755337473
0.6862052112172017
1.0908156359040242
0.020303878157161455
-1.8422001683616793
-2.4044848864556756
-1.1353970874486623
-1.0606584476539036
-1.9218065537269868
-2.0598505327699854
-1.3693117564907913
-0.7540145856112757
-0.0958840944259062
-0.3595108311784519
-0.3159508550363874
-0.9099671488863472
0.161647898978003
0.13531137842555654
-0.6616074490485948
0.216175277453104
0.3127682166853989
-0.26281357761299556
0.1646337196571339
0.25566889403531307
0.5549556336770262
0.8945576211975528
0.24719286919747538
0.7798815135283887
1.1631723754181718
-0.007767329759324537
0.6569155576937458
-0.6527617838901215
-0.3534569323856975
0.9271300189385457
0.9005764806537914
0.5385055868387335
-0.07919805628160399
-0.5530779968205741
-1.5397137155112994
-1.7892113196266262
-0.9770728453181527
-1.0868154413682922
-1.1226509898592818
0.5435982494179363
0.02382776998026459
-0.6386975357535458
-1.406668318034114
-1.112026019420828
-0.015006083380546542
0.007696048753622946
0.12203213444605507
0.3582222567111401
-0.2980679911158579
-0.35214998308791556
0.6422571772523386
0.4044972370964439
1.2829765720447928
0.17926698432176782
-0.12277148789402713
-0.06477820537598653
0.40761422208434284
0.18569492533294085
-1.008944051506046
-0.8359493597524854
-1.167417199957751
-1.220362932809058
0.12033186685767346
1.2206398926760118
0.5359492302779573
1.2632374324763058
-1.064273017074573
-1.5583838682388547
-1.269835589399432
-1.6056076098326793
-2.157026898221352
-1.7697348120264156
-0.8694274815450217
-0.249321937126795
0.2626768679494041
0.6242125995002297
-1.6711277839972871
-0.5436308838841003
1.7369397112208993
1.3470762633635673
1.1336520860934822
1.394944371203232
0.6507198747569125
-0.8692965536228902
-1.1292617857501621
-1.795275834754868
0.5914256839352244
0.1188913449177552
-1.2540012722218883
-0.3554297736313344
0.5474371865949723
0.5152979702872006
0.6211694187826291
0.8341874235229162
1.4735549403015364
-0.037658715604657965
0.3386663704016174
-0.9560583446295249
-2.5450866461997657
-1.9892055384681784
-0.9595859204690383
-1.2443091404296052
-2.2131063410880247
-0.541309017342618
-0.9142260150726106
-2.0137559304041193
-1.5774013837758851
-1.5050570422874632
-0.8018253980204745
-0.1348158066756689
-0.5024518783841012
0.7585820581599736
-1.4058823719941
-1.6138791205114393
-0.18193348574724683
-0.22416664622011287
1.236121572402489
0.2971389787935525
-1.072028061504977
-0.13359974336797503
0.19147995734294115
1.074423899196031
0.04493216088202762
0.5779263904093794
-0.05912655504465736
-0.5074284617164184
-0.27436879010686355
0.3817589304455026
-1.3014971063567475
-0.43461709813984684
-0.026230334094983876
-0.4101811533611145
-0.22248097276690787
-0.8415712746834894
-0.8683739831555848
-0.14980698946944476
0.2050572073411219
-0.48644936419972273
0.48315975347287526
0.4823695377742599
0.5176412300398368
-0.29916496635841383
-1.3706128586964132
-1.22730822654066
-2.64813542146116
-3.365028006806669
-1.5226631489268014
-1.514380896480834
-0.5727276184821853
-0.30345515837779147
1.0920590768695415
2.548371432368568
0.7601940476560327
1.198025920372601
1.06021968332815
1.0699029796240451
1.851865531576354
1.2069204918766872
0.22153595736441445
-1.1062032205501122
-0.7427657475706803
-0.08946415553262266
0.7111774366103777
-0.4542225172074062
-0.10204988596187325
-0.31898506393532644
0.24185177630152505
0.5656544012674144
0.3726963673976264
-0.29485842345186714
-1.2684844200314367
-1.2179610410209116
-0.3661937557380747
-0.5530896298512891
-1.9661082143597726
-1.6936365973482739
-1.9420827803632998
-1.6902202635014576
-1.484440518998425
-1.1677939083314994
-1.3362938156142519
-1.4025130800630268
0.4116391514265949
-0.40869981750166195
0.4178725232002329
0.011729819104321443
0.9101982833586082
0.8587501391862644
-0.7910921638888406
-0.2823403799962372
1.2181532816396314
0.5052342847142562
0.24982721136731495
-0.8774430431653839
-1.7070277379674923
-0.9835470395000844
-1.027980996993234
-0.9216801313488293
-1.0010244921345655
0.8963912336863383
-0.34914021271776974
0.7905541372142946
-0.6901677719430532
-1.7710760132304486
-1.2240070779211083
0.6412833007046095
0.18637300604176454
0.3127515067926847
-0.08175817822221201
-0.5485271273745576
0.014416338136062967
-0.10528851628111341
-1.1185059680449791
-1.5577222562894701
-0.9426343221246282
0.8473782456149945
-0.18027615485285015
-2.176707655545889
-2.0603647230289464
-1.618547979972007
-0.23171448986422194
-1.2092129580671571
-0.791528531354492
-0.1776369402619399
0.006528132919250862
-0.36755239920956445
-0.21407648906488785
-0.7034467107111562
0.5829858935219048
1.5400879773059728
1.9738972159328911
1.6567576380114866
-0.28566099036629
-2.2294385364729754
-0.12726741182827978
-0.5651605801897437
0.3107413072913673
-0.4653804363272444
1.1819031111582958
0.24800013283563882
-0.46347612847798514
-1.6332245527430576
-2.177002478493816
-1.959776771182295
-0.38707100677845335
0.04624496890454939
-0.8361660582696204
-0.32841382902886906
0.32025524915033965
-0.14355532453462622
-1.4397126615890088
-0.20785569785899377
0.1960930829480705
0.55301190622804
0.8695666866106462
-0.553954545299678
-0.5457953095331145
0.7366794615938286
0.056249038893109504
-0.3014219134589358
-0.0759632785191548
-1.0849956080367449
-1.0171601831002877
0.07686786937893353
0.5394882067853305
0.8822685853533053
-0.05699489734104686
-0.9717491784752352
0.27199833082978875
1.0986606329139004
0.4839732076609622
-0.18014366463604137
-0.7616889472414972
0.74265278388267
1.2142850369382565
1.0158146267012351
1.4139711270262738
1.1803829941333777
-0.38011624165579266
-1.3657476115490252
-1.279266093095809
-0.18143341863782939
-0.7179879012036932
-0.30699100665713597
-0.465138021710285
-0.12573301645815976
0.7440470078655981
0.9590823840381627
0.9977183036791372
1.2818491841959339
1.7758479602756405
1.2359475112371894
0.1964784004506011
0.6822357585292108
-0.054453604571768545
-0.17725390903397475
-0.5315575283225119
-0.8489028768355391
0.5733815265605264
-0.1464704530397856
1.3676172019386827
-0.081447519623398
-0.9623242020879178
-1.1304298924333687
-1.0388826860769231
-0.060376095438720245
-0.14449262783941497
-0.3981354452944178
-0.28425472442707145
0.257486163821398
-0.9163658766968807
-0.7874144361721296
-1.0420323201572455
-1.3078965035207941
0.24635000007364055
0.38787267544708975
1.5079922108279085
-0.35167781847856755
0.7061378669318354
0.7911273945238858
-2.2851647907398025
-2.0105155728841875
-3.6598494501079353
-1.7274919411038467
-2.16068337289802
-0.27208430068419226
0.30439031482857304
1.0286570021745571
0.43741146531650693
0.9312661294971685
0.6122072836678516
0.4269248185821629
-0.020441994951469304
0.39757565356851715
2.6106876516261153
1.513873479115972
1.194010689665006
-0.5907662834595669
-0.06999306915415393
1.5032654266482646
0.047863902485991795
1.4119259554157306
1.6792830165388164
2.0542930857314556
1.5265204323246089
0.8531393692472209
2.046796188957557
-0.23808264598017126
0.5027933782415346
1.1821588946133712
1.2095363266100718
0.229430523952112
0.35872978818814066
-0.27707493059363253
-1.3701234991042481
-0.37480829680480987
0.059915026324346615
0.012526077381483189
-0.4443750010644851
-0.2687937923285201
0.8079244388893115
0.47852810826553205
0.6889868054976873
-0.7516841746090319
-1.6524690707418965
-0.31069885166808636
-1.8521317789210157
-1.1175863206324608
-0.7169922071303062
-2.480155912580678
-0.5584700600644257
-1.0525734027050455
-1.221369465182738
-0.6908095065078718
0.06522116096799396
0.01524491838230363
-1.1833020030331913
-2.0387073727086054
0.4665000023516996
-1.1638487969867737
-0.808418065637847
-0.35657869566133504
-0.43909656747373904
-0.031875868884546306
0.38749631780827315
0.7529036627942721
-0.71980970049658
0.8156600766475577
1.944210737806574
1.0872391487758346
-0.12881357117333223
0.22319002907818536
-0.004456384028271865
-0.15587958343967773
-0.7690098928765485
0.15247914113169103
-0.15632761277702525
-1.4593936217900292
0.26267596097639495
1.3709685943451744
1.4482844493262041
1.7116411114479768
2.2087982033239877
1.1969761469123437
2.222643739880152
2.540056855433011
1.3805592305263228
-0.7236666144482689
-0.548448672378763
-0.8826214805491154
-2.0636370824946675
-1.614984866235603
-0.9296955819144239
-1.0775155079784988
-1.470812989648906
-1.1392033733751012
-0.1599303600911383
-0.12262887567483868
0.017875146354909735
0.7367284450068448
0.7634768530541015
0.5777096192909237
0.31873582601136924
0.5523049013740002
0.2457387334258265
-0.10794538548709054
-1.7520441137712335
-0.6205332902016113
-0.9961611427466285
0.17120289180369827
-0.7339878720942752
-1.3859178858275658
-0.5122442834782579
0.7695825974860195
-1.1481210771241734
-0.8395506656007301
-2.1168715013336623
-1.5417964806924978
0.9469519878801602
-0.2757481847933585
-1.09288139438262
-1.061786260480746
-0.7414074299874766
-0.7919906093861776
-1.0860808834768867
0.17692296467222446
-0.2699967707567059
-0.17247110073553187
-0.5456595630209987
0.12958345488499212
0.2472256879119735
0.770604647468729
0.3481813848124916
0.66183906172543
-0.08942566178432784
0.15888983134759163
1.3463305235430922
2.667750418573712
1.002206056078993
-0.3270237955866182
-0.2855936575716932
-1.302388092866194
-1.1389099690509017
-0.7170128093592137
0.4338725649087077
2.9237010293841763
2.0801134676323065
0.7340313513322604
-1.1861374726020706
-1.0443431156715692
0.042100130675257585
-1.1790079771469513
-1.0239193215168099
-1.4847115883582325
-2.3617692238088472
-1.762106082118854
-2.745032106843901
-1.9745371772622249
-1.5068490830140329
-0.7986053656737646
-0.023421808111055376
1.8403808881943078
-0.07831711699912942
-0.21306374955560284
-0.19350288033866164
0.999800882797702
0.06117089244901784
-0.4975318779926791
-0.5881140157025476
0.08208936075849348
0.11160379783767152
1.015969213041293
0.8714187325982061
-1.1684094944791534
-0.5581152408762964
-0.3812862547303057
-0.39762326943248766
-0.8474793264311061
-0.5860549006557193
-0.42148388095345374
-1.9362505709879458
-1.1233806538291842
-0.11918672788042786
-0.7805768429811946
-0.8558190882253564
-0.8441549610449095
-0.9335980181898497
-0.3774649512897576
0.44265265210364174
0.7400669178880743
0.5690658586364568
1.0167435566602678
0.5462686352670592
-0.09972865684354498
-0.393907439787401
1.044797450638018
1.0335829209350191
2.043646154337873
1.5682771445560189
1.7455305585140533
0.5550544769798917
0.6964691239400003
0.27447825555421146
0.18441325473652345
0.1865301017598244
1.3128910680975012
-0.094298207470486
-0.6348461784606936
-0.15868434908760387
-0.47973214255327673
-0.15134634092200439
0.952225024868872
0.6993782307780085
-0.1754541807505211
0.8094313598411257
1.4855115588750454
2.4160173113286993
0.6061217791238328
-0.2970662611985015
0.48620751102938975
1.1840466863736
2.0901576381162417
2.2314961538677562
0.3193252686442286
-0.4301390797222473
0.9302525448320356
0.7871563828312271
-0.47492276263932076
-0.3469346239108771
-1.848319913521032
-1.1429414723753528
-1.0897876344552158
-0.823836146552694
-1.7659092294664374
-1.1448363385830331
0.0441308671279667
0.8346580527734628
-0.6086452148126383
0.46458518851716385
0.7127573491967241
0.9052393774305998
0.13782167358815237
0.3461351524170966
1.0487458018206681
0.2502555279351476
-2.220896078488769
-2.313338387211724
-1.3188687070492289
-0.07279313821910603
-0.9972115667105379
-0.6204791125120582
-0.9347957492991886
-0.8082904480364959
-1.3226496620290293
-0.3891074022020159
-0.3266176411600104
-0.053519849409522424
-1.1434424736219808
-1.9050467177623136
-1.4876418522641033
0.003149094685337625
0.3335972061200246
0.6387839624070719
-0.17651220323099923
1.4017720595556296
1.0260460503248046
-0.27206003004147733
-1.0175008762121263
0.08438128166184009
1.1406783095176949
0.9304542635855989
1.7967316946041658
1.1435765251874983
0.74374114437194
0.43463880265316135
0.029973144388034736
0.020205118635591268
-0.9930867631166447
-0.7297141265753504
-0.43493863361438256
-0.9513504817544511
-0.5395463833109804
-0.28382943809093575
-0.5542804283062048
-0.06533415934026429
0.09123787820826014
-0.5739698712433039
-2.161749756214425
-1.6040292662080635
0.11961874648326201
0.7901426915072153
1.9066578484803118
1.1710085619175001
0.6943763801140574
1.0665780606789657
0.8251667325887595
0.19288776626670973
1.929164890077185
0.8322116414211338
0.3810086966267008
-0.4394280892199436
0.21364888377743785
-0.4172555961474984
-1.1902758042491008
1.0739856016581797
-0.06573577829871924
1.5523052320898922
1.3766452108095923
0.6349339509197753
0.2584321619185511
-0.2509468179727769
-1.4059346725219817
-0.029923234925195996
0.9960465579636113
0.46588087473062534
1.0240574777183762
1.4589389192932674
0.4992106642528704
-0.05352166275342042
0.5514830312184934
0.7476608585968844
0.5558152759513479
1.274805787072323
0.2824704820479592
0.4422643086787095
-0.6049547316803646
-0.26977142619194683
0.6775202091114289
1.0853864604569257
1.212112262134552
0.5489502500705276
-0.08216811213763484
-1.251734784511949
-1.4800172633591253
-2.565009109501091
-0.6669326232499243
-0.8719736531141972
0.9274380201798815
1.4224413362951045
0.5133288270783151
0.7005920739477172
1.1145014438799423
1.9094209656718233
1.8974233935116962
1.5023856599905532
1.3095732582034694
0.32964087364479877
0.5198077131688753
0.8078436865044638
1.3263054422723881
-0.5268607986643835
0.10537515561950056
0.46774184935602503
1.0460248992861654
0.4115748540408476
1.765752274098508
1.0076452774729379
-0.3580686824107037
-0.6420134513535584
-1.9063538637393505
-0.054699662204115956
-0.2663919386039667
-1.1905798607139113
0.34141495598335564
0.11608554349173515
0.4258045048862889
-0.2416370061220981
-1.3920922104038702
-2.218781090483675
-0.7199457610137279
-0.7446183972323273
-0.5293718110914434
0.3419338141434859
-0.48935179253105376
-0.028848457752652046
0.5801640175853258
0.8954227754784283
-1.6644344153616546
-1.6826677533236731
-1.2853923358545543
-1.1194249914116678
-0.9130320917144816
0.6299954186163319
0.6894921350258876
-0.22641818901600053
-0.34000687977559635
-0.47814986631966966
-0.2972216715058932
-0.16404618736266952
1.5862570096043327
0.9099765072918395
0.7726532087689065
1.2219018520314522
0.4248516260013351
-0.07445090079729412
0.10787890247963014
1.8271305416275017
0.6469906897483204
1.122174893232671
2.500222063976336
2.8292213404576936
1.6403958234305875
0.19251196941535254
1.3493761267353517
0.3146122029492866
0.22372174449168916
1.6792134647084518
0.601801290149731
-1.1087382395958802
-0.006972985534231647
1.1647734760089465
0.6940278018221775
0.33908292376784693
1.6060649771747715
0.0993994124912165
1.6614553369856386
1.7107820905815323
1.1987884696101418
1.138236648535456
0.5900325216204934
0.4270716563954951
-0.6604449070228225
0.892243261059812
0.26479210954601906
-0.3878267755337378
0.07103462754658157
-0.5573817692833511
0.7506512591493865
1.204215715957546
0.47440104724476373
0.5169651621688485
0.13929814260265372
0.8159536594813059
-1.5585677802894622
-0.6961130649706464
-0.3704704828660917
0.6113591265610154
-0.7110886854343912
-0.07092744501527892
-0.163273041089862
0.027518240930174215
0.38809810119010696
-0.07810773227631529
0.2988566506618761
-0.5175255175684974
-1.1453977065881908
-0.903411096819757
-0.014973693451663037
0.27498187242337185
0.623839405439493
2.305831911890498
2.084828429127176
0.8055788021800985
0.7771660448385422
0.6484044411713271
1.339920138458712
0.7004448507495776
0.9797990008585319
-0.30687851947206224
0.5421388207806034
-1.0814068408062818
-0.6098391519486479
-0.8241543464151599
-0.8252370383707317
-0.8196793389958583
-0.9388416254168492
-0.00687243671024311
0.9557583255627886
-1.0124654172845349
-0.7804846336014624
-0.5875753718012989
1.057855226674877
0.5760106505531377
-1.8094231196707786
-0.19451966514342933
-0.36329831837767224
-0.7668938759777421
-1.0973176189368434
-0.9426768894961048
-2.0485163884053117
-1.18381030009312
-1.0730461949760237
-0.25487046522130763
0.48479725519549904
-0.3157938176568488
-1.4605617160325535
-0.9457337299870505
-1.5363940176673614
-0.9315418428342603
-1.4550958071193123
-1.032400128940717
-1.8375592688815123
-0.5045674418879016
-0.23555706452491745
-0.15942007334411504
2.5853719134317874
1.1391634767352732
0.12114824350429915
-0.23936756659069383
0.1761175386360464
0.2943369722725782
0.05387826161007797
-0.5402218522743185
-1.1473305026698644
-0.9453031264682367
-2.226798588572384
-2.499446382675433
-1.8593222484323386
-1.2407256415294974
0.542688867940218
-0.8976158542448522
0.5941960403366006
0.20368410284553043
-0.376704855267241
1.0962998477097745
2.506921309481581
0.6205853841146646
1.4158234865254882
1.717173259083469
1.0446832951037877
-0.441506775856185
-0.8967745885756327
0.28297695539652823
0.5335682286993398
0.05702698385024457
-0.34688671168582863
0.27109048543726433
0.004307868321773545
-0.5294673578794082
0.196687786621008
1.9035228703623415
1.1425100930080425
0.43431043426138355
0.4071975594331505
-0.6343225415860245
-0.5849593132681679
-0.6468936243373961
0.08522213040283602
-0.05872937381188391
0.2080166213926973
-0.23205280831895297
-0.11123025628396459
-0.9205963910663532
-1.0971831242878956
-0.5249531383339789
-0.43288878270068337
-0.18553878700636364
-0.5997393778011184
0.4784353609631393
-0.04868213394828724
0.5608039642351108
-0.41294605076307256
0.013695261134026526
-0.2260088833527913
0.6487036138323786
1.064451055336859
-0.5525988266017476
0.13846158067214326
0.47348185726441017
-0.406814557303626
0.6800196729245648
0.6299273134153346
0.533400467140872
0.4894411966542098
0.2684186499288353
-0.5851793468748936
1.741592860210211
0.15483777383759914
-0.11137648202295375
-1.2876832268450285
-0.6640083474291602
0.5796482561625134
0.3085042271342072
-0.11943173981145751
0.5262112184197162
1.1115009373543678
-0.39637803333077715
0.06039654833507673
-0.26085368789849395
-0.5633612431390052
-0.559757639552139
-0.029690476181365055
-1.541070730916483
-0.9623606983936515
-0.4264885030819287
-1.2677610975728202
0.669553298267626
0.7110855528023783
0.7037245985046562
0.9718025092974346
0.7457210403762305
1.2555443571204683
0.9960461422098235
-0.4001504335580369
-0.9519556348416718
-0.4686193758447502
0.9306497765572934
0.5341211984042744
-1.1891097937055053
-0.7765839442570562
0.28146747202933203
-0.27619408404614587
-0.21844142948984116
-1.2870790767517772
-0.6654981536798318
-1.1343778410153038
-1.1603583947853107
-1.282215600846883
0.08768539587547605
0.004509563152904766
-0.13419364451512403
-0.601839725157223
-0.6621389088761224
-0.19037010469680138
-1.1911704131258587
-0.6524900005886038
-2.3078962152664633
-1.7317454524343652
-2.2834054836057502
-1.2362840384800575
-0.3106517785063049
-0.23101708276390276
-0.9399745089993894
-1.4720116858943362
-0.9338142467163733
-1.5913300138097795
-1.3501953604348107
-0.22330225590864317
-0.8252902695313233
-0.21816615826104319
-0.5352191669124653
-0.21896915253985644
-0.4742986806338773
-0.45523510928463673
-1.5275609457819321
0.8356573741711765
0.6947659227723121
-0.24342058101374014
0.5887804879930303
0.7709701638689643
-0.3792549256358372
0.4358233135626751
0.5359538589644508
-0.35693729653103384
-0.3913958300969362
0.3291332608548867
0.9021509206745286
1.6052420581754552
0.8858791419458022
0.5980652047817085
-0.44308348377152984
0.8128404199851904
0.0633377051285156
-0.28712254261226205
-0.41970938195071233
-0.4036492028437449
-0.283589401979322
-0.9715229986169645
1.3797501328341188
0.6636200463752129
-0.5429437607053467
-0.14379022016438986
1.2726646487023732
1.961964693507287
3.6311252455077483
2.314450237935565
0.5687676912380305
0.3711095405165985
0.5382678359678932
0.7008200356598052
0.5982156593779335
0.26420064285453404
-0.2185691379830696
-0.2502048577279086
-1.638593391542043
0.3970516935192234
-1.4282628249538214
-0.25917857726688387
-0.40222797225362383
-0.6949540238519908
-0.5525274447884398
-0.11913693731121318
-1.1194371335391207
1.1559010584966232
0.5611035684231038
-0.3346763747266098
0.338269732045943
0.5636783230409167
-1.696526642189298
-0.46873066293075777
-0.05959968005396821
1.007799618424332
0.5383212346190961
0.5290129339372455
0.26733512763691697
-0.5106608202096433
-0.2762148830999589
0.2873882437527651
0.769241137761632
-0.41151020256850457
0.2549579259629338
1.214043487793499
-0.2957323179680303
-1.1146921261857463
-1.7445984515201503
-1.2696507096543608
-1.7911215923929888
-0.905229878112092
0.1692401865565611
0.7604032766666567
0.7699464500508078
0.3409380438925609
-1.710555980495273
-0.3341017984502133
-0.8486266052996203
-0.647985465763298
-0.1492524592632454
0.0638760247226193
-0.2931717286515233
0.4955400339253324
-0.11166729299329926
0.13683191358822042
-0.5575005701867923
-0.7213861563911887
-0.7410607115147766
-0.6555480106697895
-0.3892533247960246
-0.6556731449029554
0.5617724698026783
1.107282084002065
-0.21723008405211963
-1.4865865739513147
0.010815429747749072
-1.2550127471201353
-0.4594711898505209
-0.04959671463415036
-0.4568793649721843
-0.5700519650465269
0.25721906898882346
1.520653746544987
2.8268620898033574
1.966119206129816
-0.3658023961015071
-0.3633302338440516
-2.252403581590858
-1.4027066237364396
0.752294510877356
-0.3809539762298208
-0.10846647385668891
1.2536340585372676
0.6140968020831037
0.2041738703724393
-0.35398668442659126
-0.0699946040988334
0.7506550935821631
0.9139167088976248
0.8991402742912482
0.8339937236914384
0.6074940004792589
1.4070752572824385
1.0240375789424143
0.1088390799295043
-0.06327074658008539
-1.0186670007903322
-0.4462354233573437
-0.9187934940507498
0.7529744286331289
0.9192245195839257
0.6290145241452886
-0.3295453545638495
0.3178023451395089
-0.7183401157300355
0.23346979714717261
-0.20987186793294543
0.3808862077184738
-0.021939299528256656
-0.4980513119690649
-2.0237283951756386
-1.4211940923110784
-0.25373514722550966
-0.7531426704709092
0.73645126243159
1.6514333866691042
1.32355628830339
0.13600074033276377
0.12558985806883077
0.11904935497407854
0.476177634466319
-0.08195825987469668
-1.1469977616877591
-1.0886156534296536
-1.2164034807080824
-0.6301458269042082
-0.740159622510356
-0.7089309542091544
-1.4581265691487435
-1.6359823229666703
-0.2566422575429569
-1.1587878183125704
-1.2845025894021267
0.5688591856215369
1.3697310496504234
0.6917234824604201
0.629381005632451
0.44456791523537464
0.859532456245089
-0.14889832500841704
-0.5342573602069629
-0.3823347751400351
0.38780835329932634
-0.23372506555809583
0.40156260339105687
0.6444123455685076
0.7185840540122984
1.1023219114213734
-0.7840673414475604
-0.10857793331226154
-1.2163954288407839
-0.09310392606908074
-0.6598965222550757
-0.7651399852256389
0.6747026625689843
1.06477014041062
1.0122012405668241
1.5500121439958416
1.9946007867676692
0.8365920097842249
-1.5828630755334163
-2.313633895603859
0.3948208784208473
-0.974174612501808
0.07392729532647913
0.781463960523681
1.5025306540428076
1.1071998501640572
-0.28710895846811707
-0.9885040262838265
-1.0586305774837697
-1.7170338254626283
-1.294969197559397
0.4144094618599261
0.7287096636439272
-0.18289166098710327
1.2775057564342387
1.4483135564144036
-0.14658649575328508
-0.4382600199296839
-0.8724561540929732
-0.04498867830847014
-0.8544786428052966
-0.20152510917785302
-0.6369114726125977
0.27428970912328915
0.652720952843724
0.9431193639457109
0.6793871018942772
0.7490906482590206
0.0015479432634222384
0.674387837266975
1.7563548647955396
1.348204121762487
-0.06260174296085443
1.2932348463027812
1.2555742916042938
0.16179520529161262
-0.5561735264327659
-0.29776288126701556
0.4029586784556549
-0.4099233597308118
0.4475762196748874
0.0032744099693898243
0.28495951779301243
0.38589555742413156
0.7487269410695868
-0.5265978695458454
0.19203056092136347
1.6265508255524632
2.0906085825473535
1.5648873049456813
1.1545659398468961
-0.15420666498954771
-0.20531938425947038
-0.48238571637704475
-0.20951575677491607
0.13964489593277932
1.8068302366739726
0.606423358600084
0.06909307593001529
0.588111200029557
1.6419376386332818
1.5102750555577944
0.006927077087476585
-0.45650747327843183
-0.8676151785593346
-1.4097201143439586
-1.5646370012900463
-0.47276448605823923
-0.18791267584769583
-1.144955676223156
-0.9114086420919905
-0.409533715802643
-0.6114037301732291
-1.061466942243512
-0.8612423352036718
-0.5588852059425732
0.005296504628830606
0.6576421774946266
0.34077240808604115
0.2552005475931313
0.6811749495401725
-0.031770589322072496
-1.5304675212074816
-0.33877853770848
0.3035106415837737
0.476498688194061
0.8930008712822688
-0.1439154541848726
0.1887641873434212
0.16658714654767817
0.3205740083198585
0.44306782591449295
1.38868503106184
0.6866682984088885
0.42889243175623276
-1.0007165893025585
-0.9403607678958075
0.09759016750075836
-0.41370060201890185
0.14712033682059703
0.6270923059781577
-0.45093748726031263
-1.4972881153741557
-0.18201713274640802
-0.2293462761913584
-0.6019129733167797
0.4972957071846182
0.5849403495010076
2.013903049013323
2.812081208444065
1.4341980084860866
0.5964465142839284
0.07610069813579884
1.094775323643716
-0.08077347810678755
-1.0293473166405562
-0.9984795571987766
-0.6299033748068422
-0.23661338308623295
0.13258830891848405
1.8385807950339694
1.1711178828768396
0.7873702392892579
-0.761602222923881
-1.4372741924708032
-2.2603222490028867
-0.22549788284770123
-1.0861927980516317
-0.9846051625674102
-0.4139264827386933
-0.1674479211033107
1.5435734496540359
0.8867632070739063
0.03633958809668003
1.0215919624957972
1.6807881408377925
0.0032642270553064207
-0.6993112165445885
0.7345581400612289
1.1287250920157543
0.5108393598786838
0.9346542731688178
0.430832934595371
-0.588226578132119
-0.6574261548762335
-0.4385131738351232
0.20393848779507087
0.5349949902125438
-0.45305650851567614
0.7548454370509341
0.5877545406090496
0.5146191075034858
-0.4031405989792611
1.8102277238868465
0.7223158626657973
0.3084751779790225
1.4690707699224261
-0.005089239764882958
0.3383556282337655
2.1370350959929074
2.1241327435450144
1.5901595852463604
0.9024567672572494
1.902541641698806
3.0165596222896847
0.8226904412053844
1.5543670241577094
1.4400847803485766
1.1193658395649653
0.9123792128188644
2.3469728106786234
2.0052288325738368
0.40601758043178915
0.03887416436137903
-0.2753615942432018
0.23798419582699726
-1.0563552566921697
-0.5653582025953476
-0.5356788403478362
-0.7859056802321766
0.4485247998217105
-0.620875416088366
0.18260441519546744
-0.88546546520703
-1.467369358056603
-1.0690861279852533
-0.10349873899585643
-0.45224385929095673
0.5346395692814261
-0.02954363920345046
0.3474807704724162
0.688129078114426
-0.5003150685608686
-0.8719263626048258
-0.8498512792809261
0.06749071271733416
-1.3426092999142727
-1.3706384140357668
-0.24451404536710253
0.7030760430424787
-0.03920838955132892
-1.6932223319907338
-1.6518852977475191
-1.7256096214250263
0.07439964907848662
0.4811322917736323
-0.0044486011830565525
0.7889173343583034
0.5771287542769223
1.2133795245604735
0.15063964137755545
-0.5612585776414121
1.2453151661467385
1.413803048679208
0.6962992167460234
0.0776818755092166
0.6611704134614782
-0.463623548122473
0.49215891758394337
0.9122299046927846
-0.16488372033182797
1.6214982325928498
1.0356112438108804
0.8508396979239179
-0.5245252945561353
-2.37502276500753
-1.9507336826845516
-0.7801010975772003
-0.6246904638525791
-0.654099994089739
-0.15891435558508077
0.3271608943193891
-0.3173304404945622
1.3499513752393277
2.3882926499887596
2.0049137913824002
0.6814270173084619
-0.12735446488854704
-0.08775965374163537
-1.4771686403936435
-1.635358419617775
-0.6835658873484237
-1.1069290428484249
-0.49353358097139827
-1.1956000691015145
0.008574470211375265
-0.4213746410400189
0.667090721962977
0.614888869070983
0.7850289246333704
0.7993663261927113
1.5448708553283725
0.7648144596436
0.5555417009588015
-0.3166412176875394
1.6266484695380587
1.3501003525111885
-0.0637091405916862
0.0015034751585162737
-0.35851140756410627
-0.06585722912373948
-0.7069350358536047
-0.7328837007625691
0.16393503506301957
1.0495056882088505
-0.5412877391456634
0.5075279806652738
0.07982082134744833
0.2682002203159736
1.3847262552883686
1.518851394030718
1.9060551623009703
1.1699742650143232
0.7475392374145085
-0.4165496220034218
0.5290417047880488
1.0868745083002513
-0.5451933764545724
-0.8644298883618354
-0.05946164027373474
0.5875471769947479
0.767140649123375
1.0924108551919773
-1.2010757488864823
-1.7651946211793432
-0.5470813344999993
0.8809384550923189
1.8328414292233972
0.3087260996075741
0.11694407699181052
0.5202396772566857
-0.6134934848667739
-2.0562537325866477
-0.714647189894958
-1.1600779830048624
-0.421881539359949
0.0831614601378957
1.1834995007653828
1.492450656263604
-0.15158342410876674
-0.33265639700152894
-0.608271532253461
-0.607518266479387
-1.0029128766678528
-0.5627853162446579
-0.04696568186336478
-0.5289168148472447
0.5731261705320669
-0.3837111421475956
0.6889771799111428
1.0270508126739943
0.7486128687223172
1.135821880927208
1.7129926318167006
1.7094804089902988
-0.35511136568214857
-1.224320906963117
-1.91089951681374
-2.0204496243408343
-0.5084949475993858
-1.3647666580173714
-1.0326022446464906
0.15253724602566734
1.4828480572158376
0.3760426921146788
0.2995694624292419
0.7402808587460683
-0.21003955969523308
0.34952191984110026
-1.1213559705713416
-1.3379768039521376
-0.24792287853114772
-0.6347862254930445
-2.003290482507774
0.3247248668699755
-0.14584549716220108
-1.2969269333805111
0.8591870104222391
0.18905375987821993
0.9122581856240727
1.2963047377334385
0.8808007078431986
0.4178954792422399
0.13622069137382578
-1.2152541890133568
-0.7472607322244459
-1.8605570226329329
-1.0804636468761406
-0.22937027184955205
0.1294670741762145
0.3987220387522189
2.202529083325583
0.7806789904424813
0.4031576613747726
-0.17337497914510297
-1.7071003840589942
-1.3258344367702875
-0.5046515133207045
-0.13752186522503018
-0.177027819797756
-1.905001311200202
-1.5599689571194877
-0.15657397800467204
-0.5489801805542971
-0.13421147329254612
-1.254612150303876
-1.2938163161584404
-1.2846564796810636
-2.4257206401578895
0.48448847509106896
-1.4657711334493837
-1.0145125062709701
-1.5227121802220387
-0.9907654659466696
-1.076499693748857
-1.526614058126404
-0.9012146364724841
0.20197383245330647
0.43318795645914376
-0.06731606777256587
0.19346673803899503
0.06916381592965237
-1.032068367925785
-0.8391761013388122
1.5026415895689833
0.7732529890960317
-0.1543285983762716
0.12513151516927323
-0.17265798560636642
0.5221051225817908
0.9894770090453178
1.417179823163291
1.521051322647829
1.182252938923563
1.6712062219142851
1.016294482539501
0.4740794208216076
-1.0209384958573053
0.4984248877907195
0.4781233988081046
0.38687492990236105
1.6309435969707085
1.2396228296899878
2.029879990261227
0.8732773597755595
0.6040868982967305
-1.74899485029976
0.12750180086123578
-0.7779161325514337
-0.4667444747630985
1.264121963225541
0.18874299536684908
-0.2178557669615137
-0.19900113775696646
-0.1593293601195709
-0.995166562454374
-0.644387841632331
-1.4804871280507268
-0.6793663937312588
-1.2672729781722831
-1.0418322545118806
1.0681267405504784
1.0626609686504322
-0.07522532549580901
1.4931668494501973
1.8023122520210306
0.3497179786563448
0.8948872418538792
0.47414751695429613
0.37225246332609674
-1.0336240542249135
0.6348920629480886
0.5156597313104783
0.4851852088287132
-0.36294330526809404
-0.7112961056940934
-1.4955366410290474
-1.5145922934931728
-1.5917683330900472
-1.0678634122437143
-1.3212729047439957
-0.4275173988552916
0.2476674892189922
1.5440197368921322
2.477841353969071
1.844009675223486
1.7442856707553256
0.644703349267217
-0.8770358557892151
-0.4276660192385407
0.054930562186179144
-0.7128002535448259
0.6533993742407604
0.5905403116157182
0.12940832999586985
-0.36414480342130084
-1.7771316911365869
-0.32076446261249825
-2.010678201258144
-2.0610839237017062
-0.8339103719833796
1.249635463823187
0.2871446698692848
-0.053140363925727296
-1.0907452762590857
-2.7387820600529316
-1.3352588622016113
1.1095899357381886
1.1376363471257172
2.7111843108011793
1.7858839180923836
0.10181764138666395
0.2760452292435762
-0.37531465894876376
0.004729499999917168
-0.010298269196140963
0.6800963938297573
0.6491673949283148
0.6673834766155886
-0.02156381245655536
-1.0853382761405352
-0.019743370315841502
0.047821011099711125
-0.14596092914784214
0.0799290321470616
0.06566628076932189
0.3366161266066917
-0.40246009969935576
-0.5485769313505011
-1.4300178230629688
-0.9311900329372094
-0.6317496139625342
-1.6233617540490115
-0.6899883253633339
0.7674631560013997
0.8446950412546034
0.4564655674724622
0.30691240158937433
0.5471575543499825
0.5254014313086766
0.09522086359928957
-0.8991803583241352
-0.26239383203163424
0.32636958394347004
0.9795365590164364
0.4967574440190755
0.6375998408529903
-0.1578793245350141
0.7379448952276814
0.06359249730717828
0.09087292316997306
-0.14841071282564605
-0.3534236804241662
0.48494643789718467
-0.5296119754170988
-0.08229901672125343
-0.455969702057484
0.013289494272496927
-0.6558813131532554
-0.6433183902995578
0.8645764681895379
2.721437903289342
1.7829985693966224
1.656534606096994
1.651985329166183
1.5875483811904931
1.8397925954590708
0.5405170795994134
0.374946291299837
0.7252734261496566
1.2550353685916964
0.7906144055768136
0.9004184520907752
0.6293510372635194
0.4031811281984162
0.22921581818700745
0.09068274379582533
0.5811081664510006
0.6803231199447948
0.9117268355679025
1.6169054393936289
1.5155360545815308
1.3069479062964056
0.23817270369243704
0.10960178630121203
-0.24115130319770722
-1.83775956574176
-0.1463869717868669
0.20278819700991588
0.9669653219726302
1.315817456496812
0.2784346377027921
-1.0001771294384656
-1.5821668735790444
-1.61160270369709
-0.42081767708840334
-0.6642730386954082
-0.3286720041316576
0.22957621681552023
0.19494160156803111
-1.3755648774140712
-0.7649647050828041
-1.0722086152170043
-0.811634757577063
-0.04355238670035264
0.19785654031836797
1.26392884908007
1.4535993743476299
-1.4426552767321585
-0.3717336837313546
0.20769558484897924
0.15295917041953613
1.6013547024713697
2.1308755988638484
0.9994737462253624
-0.49761526660407585
-0.20278844646159616
-0.9666809776594968
-1.6405753265679162
-2.03021765355735
-1.4875584452162167
-2.2898690018458385
-1.1060275936024728
0.7392409050947236
0.09435193118129381
0.02847795665141333
1.1164561321850535
0.7609125916866735
0.0891902240502095
0.8857150483445541
2.2400465820837514
1.3429803163019356
1.2015006727180157
0.17472151387453883
-0.3456922084396037
-0.011278125195758826
-0.12609996772057658
0.006490591914612036
-0.6029259546270388
-1.3474075158776802
-0.08251229302190174
-1.6271136248809384
-0.5799503697131408
-1.0144683032422324
-0.854061817937154
-1.9735102593643508
-0.5783618676417165
-1.088740315623991
0.7604403558164022
0.10522624302163171
-0.26804007895992593
-0.983397075907756
-0.5254711834138808
0.386473239970888
-1.2678281629312662
0.05000206609626966
-0.22900999501788527
-0.5601597300219269
-0.5695707742072449
-0.513941681251168
-1.0480818044191267
-1.1916149190638026
-0.9747347735601353
-0.6481184947705159
0.6375235088241662
1.7017437526346701
1.089079289252953
-0.21774749290190726
-1.4223842499967234
-0.6615074870363762
-1.560522965020792
-1.566030755408455
-0.6395132194427436
0.03558731754152693
0.14523947798760134
1.4498067528337368
-1.0357560807586537
0.630186314005394
1.701027539197332
2.7131212376989406
2.7893155148034556
2.2093374648494746
1.3772066280337838
-0.3189178362678049
-0.06322694221944558
0.49581154028720353
1.9731113210804834
1.4363179306400156
1.488325803270841
-0.14677132991616543
-0.9888578898440228
-1.0606754900069744
0.6382860155658776
1.2988401084459291
0.061436076651759916
-1.5186950684999692
-1.3885486158290332
-0.2461094083110651
-0.5806350782206869
-0.45800958395399516
-1.9885472784951561
-2.3297332976836906
-1.5725683286041556
-1.3458584912181903
0.02229256982884966
-0.5389369153600565
-0.7015988947572671
-0.039177604814639916
-0.6153449596754642
-0.20437201374559044
-1.1719171362022744
-0.5742325365826897
0.5708604063939113
1.3705785794810934
1.477818065655364
0.3054928975044983
0.30187198280102484
0.8208051697752275
1.1209442964112248
0.618759756481139
0.6321422753585599
0.5699860392932358
0.7633654109464986
0.30946295463032214
0.5035062865476353
1.9688106193009227
-0.2913882586273279
0.5167758678383676
-0.11375062042679127
-1.2505142733848453
-0.9019078854311294
-0.7192474224329846
-0.7118588572500568
-0.9224844388413733
0.747579920893465
0.4890990860362808
0.2700881235509428
0.9437549037795878
-0.2432099929995574
-1.872771618559059
-1.7647551082337531
-2.4122094318316045
-1.8735870852991299
-1.4563872711042856
-0.08221383914381264
-0.736028395720894
-0.29280508755787926
-0.697010958739317
-1.5747580718312526
0.18614419012762815
-1.2893893360001834
0.5306051467340072
-0.4337988297523861
-0.8750628050201466
-0.13313235518394645
-0.2604776958411327
-0.30014665756298736
-0.19801167439876205
-1.3021305883396237
0.14375443349677547
-1.3890008548489712
-1.4898486118583119
-0.216966840537694
1.025353170792558
0.6426436479536819
0.5185840591564674
0.935918466907693
1.4796858363544079
0.7655614865144891
-0.9428114611090974
-0.5980650760104881
0.7748254584218066
-1.1064816523661742
-0.9505005449239914
-0.5603575740346514
-1.2129361385641535
-0.5077114243400082
-0.5862080879252022
