0.0
0.08839263065130629
0.25420132992835354
-0.4864992160423702
-0.936391293358905
-0.31683565694316496
0.46779282294504176
0.20697513331805398
-1.448427693165951
0.3117729529526786
-0.5454667629867435
-0.4554882203080904
0.04230991785373245
-0.5489471298358021
-0.26460279942137654
0.6934421875391056
0.5345525164936111
0.33440094175779
0.4658242781726293
0.9443712467330696
1.4256157737420057
0.8564052439921663
1.0880564020689776
0.3373713858692393
0.8950702317048779
-0.9859873213541556
-0.5061138158182548
-1.163490307730113
-0.7859929596837003
-0.20679628341822803
-0.5351593988135912
-0.48909527975886896
1.1548238142988514
-1.6251928025377835
-0.5185975362392367
-1.2223314413444453
-0.7286050248831825
-1.1317658852523742
-0.8488441229443978
-0.3344975652176706
-0.23148653735176444
0.12329984411875204
-1.200117237945037
-0.32156286175925014
-0.5414580435956681
-0.8690395484581888
-0.10711644261317288
0.8843897697523722
0.32367537268587404
0.30475275464219204
-0.7550416436968748
0.26101335093541783
0.9554737298766992
0.8460958579528801
0.13807436991684244
-0.32513032613520826
-1.4203598948050322
-0.5681737808952638
-1.614581127356869
-0.7166000877980947
1.2029874500254472
0.6573715031425513
-0.03621743656735876
-1.3055545441494623
-2.168518579946008
-0.3881254233530835
-0.15858222383957127
0.12388012334958491
-0.3685489515310612
-0.7898253811073132
0.6207253709238062
-0.04646890276524364
0.4163059276610943
0.04370514500182808
-0.4413545932364799
-0.2110304906485433
-1.360875246536306
-0.148728663711388
0.5739446842869858
0.00048605554712441434
0.0746918432092491
-0.277315595757962
-0.12318575485240835
-0.05994271964379663
-1.1126811652406885
-2.201770472129375
-0.755814120414538
-0.3330014879101873
-0.37232780725874826
-0.37776119074371983
-1.5991860603516617
-0.22778088084086634
-0.15016673156771648
1.6012741405046464
2.555159733055565
1.0603687700691309
0.8184309907707737
0.6234946958112378
-0.5356064503873021
-0.3666268966165535
-1.0452560198743537
0.11867955738724877
-0.041473889193981595
0.3587944893171058
1.1138394674239915
0.20281614716113516
0.22567588509155526
-0.6822328463619889
-0.7959906323084959
-1.8609459450160735
-2.093854681387695
-2.1321031822913614
-0.5094453463069775
0.8577381063662574
0.18390599820647424
0.573970896497741
0.6138906847877339
-0.5001539210040021
0.5261377462773191
-0.5548134153660963
-0.2930295143044682
-1.4164245844589227
-0.456618941893684
-1.243211077127318
-0.6420362520528452
0.2272642924676399
2.0122147052228683
2.4240412517843555
1.3147651541992174
0.6347691979962042
-0.5145244011786035
1.1169156417979358
1.8017044916566822
0.9926378486182823
0.8006070605059119
0.585131167553314
-0.3384586686129968
-1.2344280379815458
-0.5029577470975003
-2.552204889130858
-2.9486394767835473
-1.8045224554833719
-0.7780062606260831
-1.8768514048408023
-1.6072123383151837
-0.4933146977409567
-2.46669011674679
-1.6662992278461626
-0.8674292412455588
-1.2828042624619342
-0.10138759838624828
0.37784427533569265
-0.7409330192101441
-1.1819639529992223
-0.7260175187842384
-0.5683854425773639
0.7112029708561337
1.4335779023698059
0.5458676216748212
0.9462778262205903
1.317881839335978
-0.33243622844186344
-0.02254126030799286
-0.37449286122518183
0.2918108805816345
0.5424805528490728
-0.5415131273434549
-0.5190329621430703
0.12293544690484906
-0.07684694383858703
-0.31168731348069956
0.48958530106016973
-0.2943594580302668
0.08151586442450844
-0.760629619388516
0.21487249324860294
0.08172250766348665
1.0537541178205736
0.6662207113572227
0.5379043305580685
-0.10595095999901602
-0.1927367478898015
0.05034492132099386
0.6144614899159893
0.08731274211862108
-1.117851159332582
-1.8217613761826423
-1.886273265680137
-1.9141340174695647
-0.8875699083690058
0.05322091467108983
-0.7082786529778465
0.04600862731806854
-1.300463276121668
-0.7477331480879393
-0.7369186221936266
0.19166474980309758
-0.6774782904880404
1.164150777530651
0.7580317916678192
-0.05970137340744418
-0.4441171946988019
0.2020883637267572
0.43035720838931657
0.2886432719891399
0.22363249459564588
0.05317886045731571
-0.7304998928375
-1.8917442976063579
-0.9956994272777718
-0.3678468220848139
-0.567790789077848
-0.23068249576339991
0.6052998783626432
0.11041841846138509
1.3718742319713666
1.3608992316873314
0.5514161905832226
0.21622286218492937
0.31103767678642896
0.10577036492200176
0.08934232369611055
-0.3912907156006289
0.20090497692007617
0.21684473788268607
1.1329333383120064
0.14130912558981779
-0.2683466134639575
-1.959085989169555
-1.292318740552943
-0.2885076803189118
-1.6799778181888798
-0.07215568571383163
0.7207420514623706
-0.5436302240375169
1.8362130972418764
1.6687136499740223
0.7906863491623476
0.5555909190528117
0.649046200221478
1.8940879040702128
0.5619036460923934
-0.07639600807975247
-0.14340012613051195
-0.7396188594213985
-0.0990842244130691
0.5018251501793949
0.23164658115328854
0.00038492379273008526
-0.12874418110199926
-0.6790871359658868
-1.005402969846824
-1.4173837437028503
-2.1732017214529913
-1.004912665167527
-0.12103414518564773
-0.766726688517597
-0.29292434080069485
1.1123000586525142
0.1525664934788532
0.9279449422655461
0.1833940165124698
-0.3618245337849404
-1.9952861388472947
-1.8017074723589652
-0.02213372890538237
0.5607197977532703
-0.28584047097406945
-0.7604838657672033
-1.188042672781685
-0.7411671680596603
-0.7914722183510536
-2.2542081753885204
-1.2018413012362703
-1.2112424110200468
0.49414561631859527
-0.477130474791638
-0.3524338591593384
-1.8832333950958222
-0.07062117184552147
0.1349122624375765
0.7892686871960056
-0.8400388658124063
-0.237275977831145
0.6274867776101021
-0.02163318097076801
-0.13463958480762792
-0.3057493088474439
0.22000032260388597
0.4793396832356429
0.46101418304199787
-0.2737218583895336
0.4681150064514368
0.5176426693486714
1.5013578825992753
0.47278867601922225
1.4661388793469423
1.1571656092799458
1.243667132857933
1.0853090331282842
0.7341007552778731
1.2821895881861607
0.8460253451365094
1.2643588505170287
0.961481037738679
1.6943152485949882
0.7040704639078356
0.2434733145279602
-1.3784806210079992
-1.3491118404094573
-0.6600745639857539
-1.7230476047463656
-1.3036001485409034
-0.6725189851837041
-0.6524294931369516
-0.9762283216477696
-2.1844935383101793
-0.4278963335944196
-0.17192692998466336
1.0013121995343839
0.9004499238435975
-0.8305609844388379
-0.49315781973383016
-1.5434683555597017
-2.693400876646368
-1.7074308753621712
-0.9370321187470186
-0.059349806825022076
0.8041075411761542
-0.30296161135970034
0.18312060280352244
-0.9392810985950043
-0.346128530959075
0.0019370143521996175
0.0707550468220039
0.8732267767377706
0.5023083918475795
1.06208830352108
0.3679410862422244
0.924214231153633
0.5187189688925548
-0.052938905856917184
0.8941699003556475
-0.9127303091580745
0.7757517219661104
1.0616976286593938
0.8028189253931707
1.2054143448431576
-0.639391965259341
-2.235318575976755
-1.587466308704351
-0.6148378431394912
-0.5738170103498763
-0.5441049793801755
-1.0515523827333646
-0.36332763623593
-0.27237739851781906
0.3820362832976937
-0.09892824791856174
-0.19188112817908348
-0.8166531003072341
-1.0069251555663592
-1.1652296149899766
-1.0773640399685054
0.20641130073532465
-1.062892959172229
-0.591346651991356
-0.11501299330220435
-0.6626413110534619
-0.6095494258785953
0.05837226783999483
-1.3808846102605363
-0.845748955752128
-0.7281265436453102
-1.4019954961779806
-0.22588068649122123
-1.105816199973577
-0.8592694037555977
-0.18980382805882334
0.9044041691293381
-0.5917363493093685
-0.31808230844657304
0.6050163632371395
0.9944343215801121
1.6616210899722432
1.0236103433261237
0.6721240522138939
0.3778900684501168
-0.22333366940110227
0.5137335696050538
0.48797244881622376
0.7023751282768003
-0.3259882002790675
-0.9445697252932104
-1.0128135084756018
-0.7289102595451356
-1.5522376031153342
-1.9808341180099673
-0.9911207226485514
-0.6762783896646845
-0.04259495492444381
-0.34153404878774735
-0.10604468278800454
0.6071508979906775
0.6040288739577407
0.43772904472368407
0.031049129847127717
-1.1341001088560585
-0.22214210633493417
0.43400633055424065
-0.1928135239774244
0.7354374455270405
1.8311475802198849
1.2299366747759963
1.9787976000664593
2.1802953128494513
2.5198770091860654
0.8215620401862941
-0.059094236823672514
0.6019947233478575
0.4489584364838738
-0.12669333803187138
0.021743139013730345
0.17806865995343057
0.559590717625611
-1.3265606173835236
-0.23022882898046018
0.35665040745589843
-0.7487605532889497
0.5260968744604982
1.6829084232562352
1.218873591623447
0.39180606690261865
1.102261720821306
-1.8721877472829587
-1.9169269385402603
-2.243987972884645
-1.4306475069280384
-1.0052923513702372
1.1014378715640119
1.2440787827424107
1.2405767767882876
0.020332398808038762
1.250575028464396
1.9475822288973943
0.46254495114540745
-1.2501845673046266
-1.1425812265506101
1.180648760388912
0.7287073564310117
1.1422518374447679
0.14195710729210095
0.5732574910211968
0.6182787614718493
0.25420617299317705
-0.05088990413282788
-0.9972202697514659
0.36072290214819114
-1.0754721373001288
0.43099181256236063
0.05666787973618137
-1.1202157181626209
-1.7533728407609908
0.30217009760739355
-0.20968878779409167
-0.3402171562621384
0.10606787754785509
1.1554465611603797
0.179777011535932
0.7882141896593057
1.5878574873655182
1.838230896591666
2.1707456892730668
2.580603617640223
0.8425733243018874
0.6310597367570284
1.6462860325480488
0.0897037964334425
-0.5686692405945004
-1.4796241331990208
-1.2950239662874357
-0.05595896495257241
1.8026770693898475
1.6919941846922784
0.6409157014361786
0.511580301347059
-0.6316935387405592
0.10742737251757331
0.5742638823781103
0.1192533909628162
-0.03634613690839811
0.5949974041831205
-0.8741321418691096
0.2967646355286053
-0.11464237908735894
-1.2747205369524162
-1.2424396391797585
-0.030683395713114417
0.43663235420072055
-0.2732926255704893
1.0881777217346862
-0.17810158312133528
-0.7273477706857393
-0.3529682042566857
-1.0278751498960266
0.021432723675834854
0.33773863903563595
0.34654427016355044
-0.3563422176596719
-0.05686335989660654
0.994085461334097
1.2183524762160343
0.20005185426268146
0.3203434678021619
0.7051664902334509
0.39721281633676453
-0.08162740887025768
0.6046552763942029
0.44246972614974533
1.127529177594702
1.0467907965778611
0.6101822266343613
0.6983313845412011
2.5929652943325023
1.089863109863986
0.270928004204689
-1.3612199694084712
-0.41446525934830497
0.6162680375066258
-0.43637282319556175
-0.2606281041434907
0.812700310827542
-0.009754375364490253
0.6502980269054195
0.5125005426633478
-0.36826339244750006
-1.0793259964030628
-0.8308498477092996
-0.310269325885863
-0.2248137771672716
-0.3966166340708912
-0.9837454234521886
-0.5496285261232046
-0.609962120973333
-0.7383187897355068
-1.1030367889709476
0.010532353557315008
0.8171500862387618
0.7547550795626338
0.055747301914146064
0.8324245455896762
1.2909360418808264
0.8480126654050697
0.948681360514156
1.598374136122517
0.4750329224064122
-0.009307667595238371
0.1745757101791765
-0.9239997116209041
-0.2705623116342962
-0.5300162289280858
-0.23671460715849416
0.5808114712493883
1.980308951325501
0.21666363890261384
-0.42908961287733244
-0.05581065587748071
0.17150130717952417
0.2688989645421007
2.2978224641674636
1.5294361754715906
-0.8232002973087313
1.0544078445687264
1.2186599016737723
-0.48718005253182856
-0.3233291139294235
-0.04754461087560585
1.3188711825884862
0.13210792745910763
1.5137278036486297
1.5279559006070298
1.080548109578483
-0.7500768438035375
-0.3506742503782974
0.08870155462003801
-0.05817681010879788
0.30255739450611163
-1.4524714144839361
-0.913211634070438
1.4948800653093235
0.3045444654785179
-0.5419965194060974
-1.034567870491795
0.1436346349854528
-0.9704736305416533
-1.0766474260692223
0.702696607680411
-0.7919630716894157
-0.5763056305889639
-0.17148794872535897
0.21759884040658334
-0.3026730846166438
0.539019086607348
0.16970714452956723
1.3129805507776042
0.3874279874630553
0.28889750284723403
0.7595359615560754
0.7047630134368936
1.7472783895996313
2.2903452309985797
1.7741264630846563
-1.0232575306123504
-0.587617878082016
0.6273765256362571
1.6101059118252903
0.8485669890770714
0.6347412249617471
2.175791644085558
1.839108437822156
0.6321454665358762
0.12210767895831252
-0.2908813592554121
-0.08770106912637907
-0.8108092884146311
-0.06021317603183219
0.06223691390092063
-0.15672666153746923
0.09309715448066397
1.0804516273661737
-0.64055519011211
-0.45948812457626226
-1.3698802169725408
-0.994940226511182
-1.7836571336033766
-1.4737290795998759
0.16237886169300464
0.5760526873148859
0.05790584798596553
1.2407633080137805
0.9324759375109001
0.2350664017170416
0.48425179693920845
-0.3022210060299813
0.04895897828239598
-0.12846924132614204
0.8368581516379054
-0.10010425189853114
-0.42650805251912194
-0.10805419263933336
-1.483462063835057
-0.4572385899988743
-0.5127185245622363
0.07042872431752487
0.12372895285658712
1.5822388441211035
0.9556985886734153
-0.29855499121976137
-0.1378237688452767
-1.4697152201153936
-0.6446378430347369
-0.2509462619295495
-0.4239527386157921
-0.7603147761463558
0.3150250748502304
-0.6274173914722777
0.6869164876549613
0.10981463011733253
-1.923985050750013
-0.9568595803944687
-0.2406347985072843
-1.0569358567827565
-0.48358403527532234
-0.4708106236595713
-0.28039846264695656
-0.18019470276172458
0.9220835387361028
-0.6230322233223415
0.08164387568998491
-0.17526699929940895
-0.04452293266239091
0.2861761216661536
0.19507519946898952
-0.10787223257411609
-0.2715049152893336
-1.010433702928138
-0.4772356944492125
-0.38984622384608475
-0.05469388842862996
-2.130262970103185
-0.3948342704442412
1.100768962981867
0.5655884728444569
0.38987666119681225
0.5373452815391236
0.0066159330576615605
1.1122983474985604
0.8288037211916327
1.5824421236026938
1.4707068343832628
1.3907459889270493
0.709227661941567
1.7643607617706096
1.213414729002431
0.599094598108566
0.14047260296407615
-0.6527002903701353
-1.736788757969563
-0.6764478756142798
-0.8762093546049862
-0.7057741516597279
-1.4502803808260105
-0.5685735894911172
-1.369565219590152
-1.9794983625774774
-1.5673098219025008
-0.4608037034814264
-1.1435613143342551
-1.535789367686711
0.034534166302956366
-0.03623289219757228
1.037329557226313
1.338097029470179
1.4091144145006043
2.3156498677246926
1.3525647406706116
2.5091024043586962
1.1618573387432876
0.054288024548343944
1.123528787627907
-0.26389496940334956
-1.236628707703186
-1.098858574539167
0.705024105560266
1.2749749636386947
0.7458507810018653
0.15225431800858183
-0.7150708968884714
-1.6416783800538026
-0.4484499169275882
-1.0067090026394294
-1.734704057466344
0.23981359689269918
-0.17457906971692655
0.08598623725700705
-0.8780695159661958
-0.6875769660665169
0.09789155268818989
1.3578026898251923
3.0864722200605
2.327000218317799
2.2060435464080452
0.8977158780271592
0.429737983099789
-0.11552283525452164
-0.4097268745739182
0.3326063928556705
-0.5627735044954242
0.37349839411154195
0.24145583276023663
1.2585265713503684
-0.45988865341830476
0.17595000103923536
-0.7031645762538586
-0.563839231684946
-1.5367082446934726
0.290254888843629
0.0891573830244074
-0.6895599115534472
0.4234966459397782
-0.6714463453980216
-1.1534525119723789
-0.4879019140492564
-0.01734806806532689
0.8146092325438435
0.8800198462933077
0.29860740829107535
0.7124806219794027
-0.3509705713298811
-1.6645811989824726
-0.36796075827740715
0.7165093735510664
0.5456314979914139
0.9472694523132051
0.531431923692106
-0.35213782146571176
-0.8200911860109643
-0.2137933440335315
-0.4571798870910509
-1.3651972247092812
-0.9659273700791253
0.2706581668188314
1.0681137904340363
0.4958453638179219
-1.1667967057668769
-0.9351080638806493
-0.8260050079724178
-0.8011162650507972
-0.30052478153510775
0.22523660783729715
-0.27668164299693965
0.5815957530677583
-0.740010625349802
-1.2002084737483318
-0.8075806667576432
-1.7021872082602303
-0.2222268393956041
-0.5849494221347642
-1.266609210230333
1.5553571702586015
1.6104412433002881
1.141276318434607
-0.2384447859991624
-0.5058754606166114
-0.9995748095407121
0.2034753203268829
0.32070768550742534
-0.3974379473162925
0.01611044951032158
-1.0132499554130767
-1.0473836034145396
-1.0932944771655608
0.19842426041246145
0.6444514532162811
0.11610409354506207
-0.45695275134543895
-0.6260755016332286
-0.3692047229825292
-0.017517364692334253
0.3816925906529164
-0.11962377799280417
-0.05320784784052669
1.2551588022365923
0.3431547650940134
1.5390978489797567
1.3205971744632738
1.017429799834456
0.45030006240317905
-0.3089793154900071
-0.45240640207142446
-1.335794064382838
-0.30037260539835103
-1.989789564730747
-1.4216350938628486
-0.9894229644865223
0.7395015723630731
2.3282139984355834
1.455127392966761
1.5188880474800466
1.4563885121078533
1.3314990454448694
0.03254553781306466
-0.46488500557835055
0.10663299717646939
-0.5817073998022254
0.4245868206032423
-0.87934119690004
-1.6993409743520753
-0.28462724728847716
-1.3350011661173038
-0.7068746561228668
0.05462420770787763
0.491598813707038
0.357617391059518
1.3659496193905503
0.9503973984665955
1.1688040577891872
1.8648419232062645
0.475163787349438
0.00023592653758480742
1.2003301834045488
0.7178307658716186
-0.28597953701001455
0.27741094542591055
-0.3851206353571897
0.015767804471484848
1.1717249216010162
1.4936390549323575
1.251486961421565
0.5244588510833355
0.29203498570452396
0.7238636790251829
-0.19875538937062856
-0.23587614183688185
-0.3057016371259009
-0.9457082742675241
-0.15747476816236838
-1.4176243256990937
-2.4757600597026244
-0.9449058728991405
-0.6046278140407015
-1.2113241143762368
0.14884175088093252
0.41935320455149017
1.7448507393964316
1.329129040727399
0.341970699912051
-0.4167025111289086
-1.0552942885404488
0.6414227162868802
-0.6559697285050541
0.5664283014173047
1.4332229519614388
1.1730923032617961
1.9591901605640563
1.834428413702966
2.093954379666383
2.7764859436131486
2.5729843570932065
-0.24132246161672868
-0.17984950356331839
1.1916101998178203
-0.5307981329452055
0.900402880969866
2.1673812785365034
0.270693798292607
0.36675301000454835
0.144403535276724
0.43879467073043116
-1.3811876642021195
-1.6563784697019814
-1.4218444923051587
-0.7056908661744387
-0.8709927349977136
-0.6666584795994565
-0.2727955317100498
0.2923426017701974
-0.6893167666950648
0.2534697820499284
-0.624962144253151
-0.01611477335849358
-0.014419526074020528
0.7949823213304811
0.42996549672295736
-1.1380457513946383
-1.3410895911693173
-1.9941363149830453
-1.5717621908903352
-0.2445637170362034
0.048038712450736376
0.32155329680561673
-0.5055651992099528
0.5499096774688652
1.3905698831787292
0.5620492410818427
-0.3367496579864329
-0.46965088370213487
-0.46639555068027105
-0.18239959075205076
-0.653494649250206
-0.8119282335084892
-0.32616419435230953
-0.2758158450195233
0.6736058398625239
-0.10743299280742588
1.1757458484128898
0.9353886452783532
1.4893019736051043
0.7105553467799604
1.9444834998528533
0.7059385984916082
0.4231521246692166
-0.804374523990233
-0.7936784434911416
-1.4211021156471166
-1.996719772616246
-0.1705349648024604
-0.48091144497587307
-0.6966387665247095
-0.2568814669792689
0.2523337413193999
0.7682512380377977
1.0234128249020757
0.3957032316801537
0.3504344725250442
0.9409049710538342
-0.8989837288258187
-2.3635021605127187
-2.412807637697151
-2.1019773262937598
-2.005448994265695
-0.7381060751001276
-0.31458732807598144
-0.8594097949466529
-0.2485411463943646
0.1928721903622127
-0.898661393358577
-0.6267051869511904
-0.7327528934579637
-0.4882223074948401
0.5506518062892227
1.2484297263198816
0.7392098160056456
0.6392014135902739
-0.6217277816755762
-0.46180414310379125
-1.8458688135591317
-1.727988149147677
-0.8666084486785124
-0.021502029503422084
0.04281287975663903
-0.30654298295283444
-0.6580690493943431
-1.1654812086898931
-0.817531873940782
-0.9458390932611668
-0.0102085640030418
-0.728360888516175
-0.7174011296956766
-0.49517089089829835
-1.150444899370661
-0.4361956042228837
0.16654201232523952
0.046111802841901584
-0.9272425755929665
-0.4871007056797798
-0.9388598927548896
-1.0319839007285645
-0.6663817182199213
-0.609914916956268
-0.4356753109705028
0.08390806712995247
0.29255177860363885
0.7462992794936629
0.8720484099379301
0.5702441820338928
1.3982570299736987
0.9672804962650694
0.899813258712641
0.6508166019284486
0.8184598888054679
1.791176455575168
0.8458351214556419
1.5091129303386697
1.178412158601508
0.5417207371216195
0.30555316957908596
0.8116730571905981
0.8550641694189063
-0.509443356219926
-0.48245637217413606
-0.3306673162885351
-0.490349859246888
0.26094291347533133
0.39391016648449895
0.44553255435060185
0.29695697775006824
-0.027545679969259274
0.9258878395294234
0.04531997021329037
-0.3573875262220304
-1.0136909591375352
-0.16033644088999988
-0.007859105144469247
-0.5258976845419687
0.1608720850823206
0.16798633345484196
1.3769635355443688
0.8814921795423722
1.5832562228895264
0.6048379435809689
0.21974834750574343
0.4796011572493827
-0.4955108774291398
-0.04417877242950846
0.6297539725053929
0.3081817708704163
2.0115868377508765
1.6182162972862286
0.9350126821359155
1.2909978303060337
-0.7723531772851908
1.4283921022083919
1.3936632017005537
2.735526436695839
2.459931414020612
2.3267457358701433
1.487863790370663
1.9273822042352877
1.027640976804841
0.7101528538434771
1.0305636699724225
-0.07833498747039096
0.5726191112297294
-0.15599235609618145
0.4099882732546387
0.6898650941067939
-0.883162776924109
-1.1212324860594736
-0.6517881477932602
-0.19095732880949118
-0.10403238985004963
0.8317148671588526
-0.7372082485722236
0.42256595635039806
-0.5717939859302306
-1.8396773403741644
-0.6677865558637429
-0.25324628741759836
0.46018568969869633
-0.45734783649512034
1.7520687037120752
2.170561289562316
1.7445379489298813
0.6370495731294996
-0.03264770880953072
0.12010470824728803
-0.8751817858996846
-1.2846720876729896
-0.5157487716046456
0.11922420146059952
-0.42838595649681666
-0.6163961124447608
0.18659651956792114
0.9808465486662509
0.8122891963999617
0.5989076481349193
1.1494117319329067
-0.09704310075291278
0.6496272205738742
0.9542655276933077
1.3943988727364793
1.3427734126952728
0.7731381587428173
0.22938516452308386
0.23360664708144385
-0.0012209448038956877
0.1266240980265545
-0.943766223742117
-0.7694519500736577
0.5878245663554504
0.25556162645010116
-0.7616856972059847
-0.12353088057935088
0.5468259932373932
-0.5140918900639854
-0.9107100528182765
-0.5569917014950589
0.016431793167033498
1.2943378926514018
1.1828678697604764
0.589527677237017
0.8280094382394189
-0.8131399569643607
-0.24186940892565947
0.10639882989911081
2.0171213079198025
1.169527924805276
0.13048000440771568
0.39247175569080184
-1.0088863278949833
-0.17348407145503483
-1.335081929278136
-0.8629672406433139
-0.530406743418704
0.2737497272054269
-0.35545569888367146
-1.189082087094366
-1.523834842956472
-0.5269987053535613
-1.175099498139732
0.20774648081158248
0.8203227899264567
0.41998697233076066
0.2430214369368319
-0.32028244279283186
0.6670945551111787
1.2068007671582996
1.1641998671389522
0.954224019670543
1.4776626738663665
1.102401633575905
0.6546675467005091
-0.09708124492716158
-1.0057283179554566
-0.7600179715113237
-0.2060729442811918
-0.8131144100263673
0.4279921758440314
0.15173473886084585
0.6304551853465701
-0.8532608007518887
-0.5077683726606134
-0.18383891915015768
-0.9198242773378705
-0.2545541810519495
-0.7149093790861604
-1.9363073611532438
-1.8742292451839024
-1.8627943904895827
-0.05272515693504369
1.0617122873663443
0.3102421886843375
0.29310589221982614
-0.5558175871325369
0.12930729446027195
0.010372194486872039
-0.48870806375532777
-1.2356504318521075
-1.4266426264278012
-0.43479832905982313
0.3464835923558114
1.1414424578135955
-0.7260651437718808
-1.0475323166253112
-0.8360461627770521
-0.4932293701467263
-0.23247250229571753
0.2027980149820739
-0.11599556910944317
-0.6585467860659774
-0.9005258604792529
1.0437862057890834
1.446719416461324
2.722964026279853
2.7451411415690057
2.8147864366518296
3.1452442491588566
1.9635416076306103
2.2470975500913415
2.2959105711858094
1.4905831967675418
-0.05011957865688431
-0.7693722871845847
-1.5761083651276082
-1.101588972120412
-0.8487750243650244
0.13519403555757192
-0.8762546584988689
0.0608224758331285
-0.39391202975899164
0.3629182248629172
0.17631474781145534
0.1144783380127789
0.24339834110638953
1.093041244501454
0.2931685545070359
1.7700945383609439
0.8548379626648062
2.0721384425236584
1.328345736283803
0.17560465307421635
-1.820194544656163
-0.18315835401902172
0.4773213008270062
-0.6335353421132209
-0.7599120417192782
-0.02695867709108221
1.4011709365803369
0.45751934750195844
0.8700610043064857
1.112475755624531
0.8180372016592914
0.7824230681547565
2.015303199109171
1.3009457267860294
1.7732774088527459
1.8608950342283406
0.651041431721479
0.44126422176884816
0.298016602206472
-0.6889024851988761
-0.2218996903190566
-1.1165141631538011
-0.7195182917888354
-0.4748586170783662
0.185736606020751
0.866035427041609
-0.40353612955351537
0.46531368704430365
-0.7352061467325932
0.3377340809765819
1.2605875453330733
1.1892872710849363
0.766545109452264
1.3637182853199923
-0.29561218335475203
0.5550721974134757
1.0115181290896156
0.16025100792921
0.1213724314830127
0.05689729015932522
-0.023182240824901668
1.3275056261997373
1.0904174082501792
2.072136447059603
0.6254752447289089
1.3433908144002535
0.5184193074207485
-0.03247519224257961
-1.4215135849465603
-2.8028778808879675
-0.8058834303541518
-1.5024701363423152
-0.7866488524179177
-0.33233835125882283
-1.4482577584249334
-0.34059699556881684
0.7544516389871552
-0.13161589000994978
1.452039428966181
0.9596991458129647
0.16488913623615276
-0.0503923333132161
0.5664779681206378
-0.29493635135075097
0.6848750967542598
0.15158266147255156
-0.05770947575876262
0.20004945203558538
-0.5146842950205488
0.1703824866193896
0.07154167958628659
0.6971867650773556
-0.34660046068637795
-1.186477273038737
-0.4440233944249092
0.5512494951531512
0.4933753874611903
0.8336550411725143
0.2899409418132134
0.2548277894584644
1.1916729969084898
1.0915871105638832
2.554487998705377
1.7192562026771834
1.5361381287723082
2.215889120939386
1.1892850632891403
0.5469223337460596
0.9076492022834046
0.4787641848577881
-0.7071081209665105
-0.5804614370818741
-0.9041695856944292
-1.1093816791499647
-1.3187809574572702
-2.293396424090292
-1.8592169237176586
-1.9301907496243587
0.5115656275072822
0.49542929171370875
-1.141702883032549
0.1830194463994946
0.4594508218300969
-1.1754071559351622
-1.6844153248286071
-1.6502659902876067
-1.5542336159537273
0.14309212582244102
-0.8823489570820966
-0.4676488916077494
0.07626174800772584
-0.4340112387523414
-1.225443270241455
-0.7426659603300634
-0.39590595377811677
1.6156244031918754
0.5286938885031611
1.4460052167150845
1.4979764182888071
-0.6331047340141751
-0.03058772690757132
0.70131417570096
0.39257207978796166
0.7928156655375709
-1.2935984766820285
0.011835061792237173
0.2429077101986973
1.9072523303735538
-0.028170499330213872
-0.5637535350715939
-0.15417932426463113
1.4932900899460326
1.3736963652577636
0.8999305781502813
1.4567919377790362
0.8003897329715963
1.2085479184324874
-0.13907663791452077
0.20337780563292795
-0.2542392728216306
0.040673095224607325
-0.23541713402105463
-0.15140701926824018
0.8000002117010562
0.010221403785311639
-0.9194182167392998
0.3003558907773978
-0.4122852225585497
1.2340560257212365
-1.3515296572700433
-1.6054076282817868
-1.0622534342948162
-1.4712392353946075
-1.4955756201556536
-1.3999491477195338
-0.33055525301688765
-2.3991691225938983
-2.9362687193772916
-0.9202602436926479
-0.48740946380428773
0.4172559757052746
-0.9965097333884758
-0.45248274122214316
0.6203644029936455
0.5564101124277675
-0.7317687586758996
-0.5316037953936064
-1.0253570472465783
-0.9723285502252867
-0.553443737443345
-1.0146349652285274
-0.99004690317838
-0.6928512277360663
0.6253350432350113
0.37766185652739526
1.220385323762946
-0.03754878198565185
0.23609732785684734
-0.0047713637617991245
0.23443924544202155
0.6314571712955126
-1.6323941776347564
-2.328467098888222
-0.3620760311815202
-0.16086963263236082
-1.0934833409564109
-0.30834829060452984
0.16744414347842917
-0.9793402464675479
0.05522445713978663
0.07957956860265451
-0.5753263078327581
-1.4825152067727227
-0.21030653222798096
0.06208357891064417
-0.3991810092801509
-0.2512270765880517
-0.6204671656304342
-0.9653793918781232
-1.1588040579517191
-1.6165067450057904
-1.5633488499653239
-1.664728770789666
0.41412298248506973
0.7811558582643892
1.3443605487950783
0.1282077944663365
-0.5128506623376049
-1.0884274631412838
-0.21542521947161453
0.6809663451134021
1.5545730297220588
0.7540098370728116
-0.12071364717707261
0.5004058412864952
0.9112313586555569
1.1158435670162303
0.6456826999077515
0.8445043090650042
-0.3507442302486491
0.8702907142078381
-0.44455200573527687
0.7447593655878832
1.2789037385931328
0.9418951583589515
1.516934342931517
2.0608177350224453
1.142072799824725
0.6874056844371524
1.8457577455745509
1.7777202562087602
0.9427988691103727
0.5374233077131498
2.102915979702316
1.5206399214021094
0.8619052875709908
0.7963229110729085
1.1553930966748485
-0.9138441530415153
-1.1350858416511942
-1.62754967775648
0.06495020963592801
-0.03263129512879906
-1.1770201711138613
-2.024895801836761
-1.8910127692500092
-1.370835461732418
-0.6427154171719993
-1.8406362045583822
-0.8211858594819361
-0.33084783498340997
0.29260394333224304
0.2816115452740675
0.7781890090557166
0.27815868434243635
0.2913019119632667
-0.33175205345574993
0.22381483866404084
0.43707731893794655
0.7856859439131335
-0.8564085070646014
-0.08341777426726862
-0.1974883388796649
0.7752913212682788
0.19602676670574082
-0.12395125889917727
0.34925594171219443
-0.33182107351932205
-1.0799540759259214
-0.28866123035929137
-0.5428607388816707
1.0740225910374077
-0.4184071706463137
0.6427510019882704
1.1695454425707867
1.4151784085827572
0.48789244883698113
0.6209292941712394
0.3805544756170609
-0.3812717127119568
-1.3478088419534795
-1.0939268875600185
-0.7147373473067372
-1.4627245661946815
-0.35988182004202307
-0.026639654478980767
0.6155343841393102
0.41744584665347667
-0.13429713438467794
0.8239578260011368
1.3046903445434146
0.9778077158874428
-0.7614072090943531
-0.3601941610967356
-0.5484445592494178
-0.5409216419240166
0.3727150581162077
1.1752111709300874
-0.6449799151213934
-1.4279862430472523
-0.0002317716020657952
1.1955870297550417
1.0723850584285408
-0.015593922065897742
-0.5766493642895233
-0.3720253780900691
-0.8841765648708191
-0.5662362513858299
-0.6939954154742822
0.47021087192308053
1.6924015505692322
0.16578383226355906
-1.1560697145432386
0.30094992542657767
0.41315701657171394
0.5639895822485201
-1.0726529798478217
-0.19756990380978923
0.11632910071525568
0.7441876988516509
0.8584826983277483
1.7643394114373816
0.8662427300897971
-0.40809374376057417
-1.0344884617204804
-0.7612353440977306
0.3261687623752599
0.22920758494901813
-0.5330063779309764
-1.2319988755008324
-0.11965752088738198
-0.13635537058199057
-1.085357471120146
-1.5738317945098494
-1.3776457871513759
0.03613161991847781
0.1902276806557991
-0.1442069528183656
-0.46191800357087537
-1.0462650571782282
-0.9408180160044746
-1.4746991975600818
-0.045297428109388214
-0.3116476616300213
0.4155192962827426
0.31253728721254154
-1.3657867993495578
-1.1447537290971501
0.419774326598259
-0.15660051749291287
0.7252463809971091
0.6708241350294829
-0.31734789538628616
0.4456163329930953
0.05868077874496137
0.6080886085874647
0.5480984712904095
0.14641314143583953
-1.4886534014141382
-0.740742671005648
-0.12297718572147762
0.46595232134001885
0.44838341527308334
0.3771456984865355
0.9702158097766892
1.2915156595607373
1.1913962124869457
1.2192841746555347
0.514625655400299
-0.4410724658040752
-1.3140462589849298
-0.027588325462016172
-0.1763903009544574
0.28971251640316137
-0.9084805839368963
-0.4142100376547266
0.11978062823081659
0.957706597141375
-0.0494569149504331
0.4787451639761966
0.35177192456667844
0.2871909949118417
1.6532763649740039
1.276655809964877
0.8130769418563459
-0.27078396949483735
-0.7442863139611284
-1.0110150392085961
-0.2772936421915879
-1.2812400104154293
-0.0867749934418145
0.7950535255386479
0.908693343003516
0.2866896148571373
-0.723803617611332
-0.2263291527421164
0.07276913142729993
1.2805975580883584
0.07093759270690786
0.7092188444240672
0.1435362079052857
-0.6141086736636274
-0.8204288312704622
-0.8804059709493084
-0.23577412078568794
0.10664535418723253
-0.20336134086738006
-0.36590473121878264
1.7147546462990553
1.2945260375453382
2.674016918156517
0.715576332879625
0.19049099456748514
0.4587550783392484
-1.7463515225625967
-1.1691172972224408
-2.022470821415929
-0.4086928383360966
1.0227821576436746
1.1127876646050605
-0.40599051141090414
-0.2256802817301283
-0.6040339047505389
-0.506420039165231
0.012596346209011594
0.3378290074041743
0.773018450099036
-0.3576040028172257
-0.9257766024931576
-0.6042669768879697
-0.19886415052899714
0.3489632207779661
0.8930296692105816
0.7750601953623648
1.9455156802984344
-0.05109388669875431
-1.244486008225895
-0.9658740747668243
0.0006541169378979361
0.31681585012095015
1.133833467118756
1.5047416665470759
-0.07995675314297551
0.14332653341734114
0.04458986296431458
0.6169642707750639
-0.39750292408730226
-0.5717970242185275
0.3810534457462224
-0.6004022706387777
0.8615743070981206
1.4810928598226358
0.6250707365440364
-0.8459605960144762
-2.2036145760351076
-1.4093061090539238
-0.41287013184745147
-0.38056502535211756
-0.21969698435287435
-1.0005894752403144
-0.2747937457202388
0.28819798551080583
-1.1637198919145935
-0.1790718569482862
0.43485672586125723
0.43470089380478694
0.681734133084309
0.772777054811597
1.6134765705348408
2.0903031978618376
1.4168099972175137
0.8470766971680564
0.49379678026467516
2.2160555138703932
1.1434432571058666
-0.01197472048379089
-0.11752562876395116
-0.1926779949764169
-0.13103989441779154
0.47011768950982913
-0.5386119606592052
-0.0654040047257046
0.9763412388125878
1.0103620465289072
0.8209429868770668
0.0496903045524254
1.003454667238203
-0.03517173516927543
0.3236034297630832
-0.17644783067921993
-0.5305597012515652
0.33365910789002906
-0.10665066847478732
0.3693108205893583
0.19342705638611601
-1.851683485408299
-0.8326270395855089
0.04661808651057288
-1.6295271749644933
-1.5286829330557725
-1.9993388631484736
-0.9937328028107456
-0.9969115889481587
-1.8277257606437918
-2.2319465577610824
-1.9673234673021942
-1.4131580052358468
-0.05466087491128864
-0.12377681507811049
0.32696662901418116
1.2583546932222442
1.597163322811265
1.73290263802538
1.0302558895211118
0.32029720003303075
-0.26526077403113574
-0.7029462982046719
0.04789627293609623
0.34628222406251075
0.20252519274161174
1.2444250746712668
-0.4217520649831281
-0.7189308323995287
-1.2524999982374285
-1.2215733711451304
0.1231160067007742
-0.8824106731474738
-0.8616215808346591
0.3893777876466292
0.07478905252544835
-0.2793501207730656
-1.0285393502224534
-0.8060748787163725
-1.3977620351880682
-0.9756752556513933
-1.8866015331610826
-1.437920775634565
-1.8544728943590794
-2.2982978796991467
-1.7127971635712786
-0.06773700773647073
0.9482260291567222
0.32751168199007935
-0.12822392869155455
-0.953823332135724
-1.3162939959727626
-1.3497940209029127
-1.1451737984729837
-2.071251607837263
-0.4110061949638301
-0.34089531313769006
-0.2222362020639596
-0.909555201863268
-0.1893304373165044
-0.8802846577997564
-0.026921616243059915
-1.774404438076666
-0.4577897198414916
-0.7542807208576311
-0.6293035136115217
0.06424406168274191
-0.07569294982394714
-0.22796110331773953
-0.12553409095269125
-1.2147230278641754
-0.45355197646137296
-1.0827727015166835
-0.4437167244124337
1.1866694513085279
0.9776663806929858
0.4459418410688649
1.4560294402152913
1.3198418184484446
0.3251459769266599
-1.0245739755752004
-1.1766550743657949
-0.797488907906689
1.061217624061376
1.3003668912710866
0.179672504411897
-0.8292939449072447
-1.1974239554179644
0.10409683031469863
1.5975160736991922
0.8216489523661008
-0.2707230490938574
-1.3946273068814492
0.3679478671819454
-0.14794231538747357
-0.9302643669748327
-0.7992469074060805
-1.3839288886005332
0.6054134816426315
1.2304873280100626
1.3868042185011806
0.9917443793716425
0.06377467124487815
-0.843326098592996
-0.9214003746290698
0.5775418843697149
0.5223991885490636
-0.37364679485571817
-0.7898831884505917
-0.3989597134377319
-0.23627297208668163
-0.2577267952432696
-0.785961006408021
-0.46571212119046423
-0.6914673221133495
-0.17471392079923737
0.5842089716554494
-0.4026079483995527
-1.022212943111741
-1.023337756296975
-0.5788624271182946
1.5904237933249064
1.2885122259220525
1.0478507962799037
0.6352436437181256
0.23978414084623514
-0.3812216080573245
-0.896480395876988
-1.5024766741176503
0.0003724144330333342
-0.6203188844186391
-0.7065453047046077
-1.2823891945741963
-1.6190810965874767
-0.9051791145004326
-1.9287467220681747
-0.5155408912223646
0.19335652480992666
0.45731414970528267
1.389787075858568
1.0191491786244313
1.285398145543653
1.2126847974355994
-0.11116358370077672
-0.16618656665012949
-0.04259291979109006
0.7629763453510829
1.2554534098586936
0.772064912590998
0.5767417519859448
-1.444021002893395
-1.8038770379298772
-0.2749928740866066
0.9372110565162128
2.3403859279637533
1.5832289147857876
0.4064484415451015
-1.2191615909679687
-0.27227023519789684
0.798683180440612
1.1770143495047383
0.36591020021973075
2.185090731103741
2.5071008099104484
0.9083204646798062
0.21603177605721677
0.8607939243012573
-0.15012127617425253
0.7957629011813679
0.05339359616393648
-0.5703050356845156
1.1629341003875062
-0.594770439114844
-0.38173217358568323
0.7385145642609168
1.414806756678292
2.6261773096148726
2.500742332330831
1.0702635762854473
0.33243693702417104
0.5838362600409641
0.5355458357004464
-0.05408980518656087
-1.4531666749939387
-0.017525140404444972
-0.0324304015586985
0.5555969215036778
0.31760830397111084
1.4355433554701744
0.593456254399536
0.7387605651433719
0.931171608179197
-0.13895379434582772
1.0078716641160967
0.22667230209180028
1.2442972851893261
0.06689400356231573
1.0482834409881623
0.6355864652272378
0.6952509680594148
1.235425322224254
0.12975386169727085
-0.39202595219450753
-0.39431928706111624
-1.7600217787840708
-1.765073604350203
-1.4347100056246946
-1.4514375970301394
-0.8037025739541038
0.41463966762051585
0.7593971284428894
0.5323716870694417
0.025518049455932307
0.9675474430188161
1.317664323220882
-0.14663447089626244
-0.11219999638251343
-0.4396670274527595
0.6261868398484352
0.8920970325389307
-0.02422936403919615
0.4547518616504872
1.0076689974366988
0.5010995570168367
1.7012007283903388
1.634500644611871
0.797190687244091
-0.46919766859846357
-1.8176364243688299
-0.7854911665237201
-0.586558324139027
-0.8755148269257469
-2.1982530118718526
-1.0101744552205587
-0.0326625365005353
-1.4693441221329513
-1.0394553477217467
-1.28028014709431
-1.0379525553622095
0.08110309591915413
-1.8127558989574182
-1.4447992817054427
0.4459479270988647
-0.038863725294293244
0.6614858569935229
0.8281122022188516
0.06719035378133718
0.011238026428775407
-0.7150420287040652
-1.4490946928380006
-0.6319391042139837
-1.2519296313196555
-0.6755567400402158
-0.5244200344610599
0.16458071099764873
0.3538501974513764
1.4518604093490943
1.3263541483721522
0.7863101676752189
0.2133321294372708
-0.15833605609155083
-0.7386721709928106
-0.41446343449356354
0.9362728651033261
0.7102356163377288
-0.8353407646930358
0.34316104567211103
0.552009320537402
-0.33813584463144486
0.08558023781374774
0.5328733200856899
0.6260874555559816
1.3971602279960726
0.5380265828390481
-0.23230839131226752
-0.12633774838975698
0.15648925893021687
-0.6744533703452538
-1.0914084803931923
-0.6070882579723558
0.016857657942097648
-1.230409859933117
0.20291495812999638
-0.2987977847538853
-1.1656403507442346
-0.36035530391897275
0.06798331337143304
-0.7776840739725902
-0.23426291048525327
0.561751140302631
1.0224406460953817
0.4015077071222367
1.287207250813718
1.8073953839574362
0.4038540643486469
-0.20105039441517533
0.14605210091968263
1.103644970134707
0.38225434676899894
-0.5674476462318614
-0.597242659749893
0.1281613130693562
0.10047717137541937
-1.6097679321861937
-0.10299498949071959
-0.4013257291867009
-0.12983860189264107
-1.0808849216259178
-0.6552686268966059
-0.9593215517632838
-0.5403461254020608
0.8185955948820323
0.43108118792358385
1.8549098889347595
0.5891452089330499
-0.024380067314401788
-0.04823014094789563
-1.8012323911112345
-2.08736785928771
-1.5303245603727105
-0.3083555735474912
1.6563600599219774
1.056637793372136
0.10355153796713436
0.2822857287573616
0.24334494381804872
-0.6992938422996712
-1.5064541435374268
-0.15781369548300583
-0.5878244370536104
-0.134519001939772
0.7126287922543677
1.8277512037833963
0.7109503210827445
1.9437569361299705
0.97669478832288
-0.488087287598151
-2.406364263736909
0.06396127960750872
0.3297552596531289
-1.1541405335497987
-0.0609668893415396
-1.7932499924297987
-1.5797751910467097
-1.8434501056672221
-2.3088460485632365
-1.0787765862334031
-2.1655880120267406
-1.6171850358439743
-0.9173438827347943
-0.45001387586694674
-0.3807208823755511
0.3840952179220085
-0.3784425337710478
-0.7110533324381498
-0.3956717333366121
-0.6731556793786009
-1.3986275128590586
-0.10576680634724825
-0.5116342964461875
-2.4071636296816954
-1.6317173276899024
-1.2708681816729577
-0.44360218273171165
-0.4650595706728996
-2.004008109486533
-2.2434803180786473
-2.0370767553788602
-1.8217335068058091
-1.2471878630085556
-1.3049446468097465
-1.4616273390336147
-0.274215309351505
0.3472615643564198
-0.23868169042769516
1.447485661660841
1.3299803990862253
0.8014550783585466
0.6828891274600122
0.3204670018515182
0.5531387330491654
-0.37642217281068246
-1.5958833744129104
-1.740244056129904
-1.730548584334867
-0.41016824097524085
0.6779748837178017
0.20545011600444862
-0.28359203629823204
-0.0789036529884623
-0.13829440653759736
-0.7150999686346163
-1.6667689018316951
-1.3774385572865109
-1.1006354736033181
0.04200626016623683
1.1858665120217606
1.1690077524649267
-0.08523145859837258
-0.7928807967446523
-0.3388030885122183
0.7204730441989815
0.44021897311236025
-0.14652344107712
0.6491402762977948
1.4826404127683022
1.878330619410029
2.268583848857811
1.8871896439398939
0.5656902678972212
-1.682951847646674
-1.2402874450211911
-1.2712032704021048
-1.6501200361635606
-0.1426997583470824
-0.3230234746503016
-0.016362496248048627
-0.5492106616915952
-0.9309551559798848
-0.4148429366993846
-0.044449602441865216
-0.4556829315881413
1.0319981060995702
-0.8625416362007414
-1.8003241800033873
-0.7978133912865634
0.3074984931472025
0.5264912432006179
-0.1500067781576312
0.17060156011714556
0.5887264979254652
-0.6627544490542309
0.004275461314873524
-0.6462827523215358
-0.4027401331075089
1.0177824418458892
0.7944372033624431
0.019965373603165935
0.058270638678888445
-0.08902375177557659
0.39585127778040297
-1.2749460159148893
0.9100833341753832
-1.2438077392668223
-1.545762846951745
-1.5909877519540117
-0.0009506582268003078
0.8477118934304777
-0.09083668289920305
-0.06109732640473968
0.04996439851155102
-1.6243647681616873
-0.8293033254865839
-1.0908140784148364
0.6153584462312536
0.11319378576009267
-1.5588881420259306
-1.394104068015404
0.9074489556399026
0.48226536260330777
0.7087141540459729
1.1840923917002046
2.229971840692282
0.08137679708783557
-0.1380893005048761
1.2591095093996467
-0.04167650349813142
-1.0522401502402965
-0.5749273222461639
-1.655642283891559
0.01020847624723481
0.3181115935629408
-0.9368800101168947
-1.1050216271574276
0.2665122306173467
0.5120017480198553
1.7053029855431883
-0.4500707689028899
-0.16147447738062387
-1.9955781426630552
-2.1458304313979166
0.09129127690111495
0.25945119038863734
0.025520132703763854
-0.8134597827339154
0.30535613160180775
2.0096346562704857
1.9766432557602271
0.9572377424617761
-0.04990791128263171
1.5405459723732597
1.279079150838447
0.8056996660814414
1.3440320311125356
1.829801285971325
1.5122812074172298
2.4589344413757868
2.9556968529442216
2.4833781777961272
2.0019848959022886
1.4937977881581435
1.6050593487528122
1.4589460482578707
0.7836832767281253
-1.5354036593497427
-1.1612502790746828
-1.793211036368416
-1.0170458534740296
-0.5284990837376998
0.397123064186343
0.6179738398340949
0.31441273857728536
1.7213601564942997
0.2437910481537035
0.5888187402495768
0.6163446434299099
0.30053384869052874
-0.8299500827927948
-0.895953807588269
-0.9808925608815471
0.4912655110690681
-1.4121747891854206
-2.6415699954663814
-2.2636856500939344
-0.1054847900317964
1.6306375171661673
1.2755948598863915
0.7415708284911183
-0.537956885126103
0.017206574385372514
0.20426770043732662
-0.9606233731125419
-0.6119767843976043
0.23487105915043338
-0.0684996225945238
-0.39494372462600846
-1.8504604063167993
-2.643320633926388
-2.0064861482171685
-2.1548626631380285
-1.8155885209162532
-2.7512696864379693
-1.1914589142569374
-1.0378949312384256
-0.6064088230299455
-0.5139800142181072
-1.6159587249181113
-2.0058803847975706
-1.0801475099882407
-0.3316240999711359
-1.2866202867406515
-1.01937041768425
0.01440691312534989
0.3379546790759156
0.010218473371661246
1.4405921860592454
0.05336485307040506
-0.24708960719172315
-0.885972287835401
-0.7690801952458098
-0.9190178014171284
-0.44567523446645907
-0.2833485724183812
-0.0636163221715394
0.33876168236530624
0.24067753007026815
1.148252756619943
1.3378557151384647
1.0860329451812696
1.085725091796943
0.1954255261812365
-0.6018100647895109
-0.18840861559783684
0.30018465585323534
0.2820714110516369
-0.32094987398017616
-1.1086391300643512
1.2391243221817072
0.30844379299710734
0.3698620129681986
0.29424997026785366
0.34288222559805137
1.108397212274615
1.688968109595553
0.2622332706577398
-0.41857545750811326
-0.27498826550795297
0.8756209295235046
0.9540681826648292
-0.08728560252237533
-1.182516335098775
-1.4324047159641302
-2.0236762775745123
-0.9659126313352286
-0.18349674845795758
0.5556819216869292
0.03310247269966636
-0.17017111019007441
-0.5489768800316465
0.2950868426963771
0.030143991095280764
-1.5658817503099898
-1.523265829474913
-1.4708566450556113
-0.09123455154365541
-0.8104032645319864
-0.3306947237147993
-1.6551207371959802
-2.823844301915963
-0.9698013940368727
0.6673629090562168
0.6545464750031765
0.34525037408900316
0.8877284738171933
0.6606906712253566
1.249436046469497
0.26276850910760274
0.21759453646136778
-0.48317859449224726
0.31783428046296724
-0.4668248786582943
1.0037566851624233
2.2020026542488513
1.0167636136654488
-1.1367790683037093
0.0725925425069278
-0.3105690239133126
-0.22922837818433595
0.4780201165730483
-0.1813974265832467
1.017228928732205
-0.22865985491452898
-1.100677583655575
-1.001012875072186
-0.2905501151453987
0.16587823882903846
0.1449276079728399
1.383731982951961
1.9026242757212173
0.9568614520160623
2.2531637947677723
1.796449558126332
1.1163264716900871
0.5215793253649901
-1.20379748111459
0.020258379544331705
-0.30154814965628385
-1.182476441711434
-0.858787596598109
-0.2871035317538626
-0.7886527614606338
-0.4901828126892722
-0.9710532273400848
-1.9339810361245549
-0.5310665467286824
-0.43217805274010657
-0.7919935671126985
0.18850975212870363
0.7213024313587666
0.11336867664145778
0.29548635825115743
-0.04365199802546406
-0.47673435694868266
0.17139635923021976
1.571945292858325
0.2511342652217676
0.18405921814523488
0.0751789968570629
-0.2789663461064074
0.00929663538272294
0.140609546103753
0.12108515513781296
0.2898891283633553
0.2280412052370625
0.6993006679722528
1.279700501905292
1.3398843372041112
1.6518651356948277
2.060277659556614
0.9114041940232963
0.07707115869459158
-0.3015699339705329
0.38111366571556643
0.7103553020604566
1.1109351447877356
-0.046564564972091854
-0.015510278423557788
0.7880785836444587
0.5924527149233223
0.6960648334285788
0.3233232696553695
0.21139476187377465
0.1002879270373209
0.44178123488604704
1.5108951415767515
0.6778913944754893
1.8297068918936006
0.3169021743619673
0.37461412654823634
-0.1724697950315506
-0.18140251238978652
-0.08029180040795891
-0.17686003131381378
-1.2697189327895375
-0.6179266479942724
0.7712090338613997
1.0263906211246787
-1.0160219641765647
-1.5059377567945442
-0.446732895705922
-0.14388734400056094
-0.6883315551327759
-0.39122302460697195
1.3494078809253485
2.079893086019936
0.6739134528787886
0.7630657595328744
1.0501972416867311
0.39835986634963194
0.7807849798509912
1.6741932206174543
0.041270454985572524
0.2693397049261891
-0.09665928874190942
0.17651095765221858
0.6185215267772185
0.6038615749734589
1.052485080998637
0.9735587387729168
-0.41198310934818916
-0.31194516432080627
-0.07887414454492186
-0.610430536638735
-1.2831479328651567
-0.2247262603097705
0.8204104341203732
0.7660398251246312
-0.19575750250095797
-1.6406898806657417
-1.217339985129327
-1.678022961258187
-3.4285237098290184
-2.4869578374831476
-1.8102176753560648
-1.1834472125419708
-1.581344195602
-0.5672169483424278
-0.16406030121732912
-0.6920952840771779
-0.8785410635695282
-0.37423527964086517
0.9354388840218802
-0.7277936468697236
-1.3998097730625203
-0.6056964185403354
1.6059882575824111
1.2173911643786068
1.873479212745463
2.431818787173753
1.48087052826217
2.159620863808506
0.8236746205612879
-0.1945195052948151
0.7787058208622984
-0.13555687413669185
-0.19419935193831606
-0.37029361423564844
-0.385832505053733
-0.4479200819462436
-0.028964933074029645
-2.291917751240365
0.2728817543060912
0.7177902193724911
2.16386254082645
2.4214930323823527
1.9030020784349597
0.41567589455207793
2.176735335013763
0.8750389240306258
0.6249558759283013
1.5761170868700607
1.4366825682849145
-0.8704176073385345
-1.991247907274626
-1.6996306658824325
-1.0503843509233504
-0.5012832308263274
-1.606670903260367
-1.0518333998526623
0.12416109004910705
0.5177321533548289
0.0835193786002335
0.198862728175202
0.38069335861405085
-0.5019198485070591
-1.0615157894008602
-0.5609155942920427
-0.46667750946588793
-0.10875425890034464
-0.6944968709391759
-0.24922351429484144
-1.5616658805586758
-0.6365096165606159
-0.9891517637729483
-0.9269946659084883
-0.8587739571286092
-1.0437163864187515
-1.5643503719993408
-0.40613403366231515
0.7278102694745607
0.5947178262967354
-0.14706270421729115
0.5617290272636299
0.7290979463090065
0.44437873783345866
-0.12374287226184105
1.4822354937145263
0.8885787597321163
1.0671548613662662
0.5980483072696006
0.6691345498417375
-0.04324287822126856
0.03574122989631556
0.8198552096298817
1.0768000802013522
2.042369777839789
0.5439236355852907
0.31187831914648056
-0.07729879730165086
-0.9614237634575236
0.18809169607860687
0.3846138467727962
-0.8821636837511735
-1.0099029693965513
-0.3790228117489136
-0.5858447945606488
0.051698512391141926
-0.9147455699595151
0.8004596124440942
1.1478908534732775
0.4573470143025423
0.1539246821562434
0.005026164071046224
0.8162117586223339
-1.2359811846087665
0.635279740469482
0.03935744100434889
-0.856747216833505
-0.5211243656331582
-0.7298698028651199
-1.4913493083818785
-0.9217164551227998
-1.7265731074357242
-0.8162612675406425
1.0577023105521672
1.69658281966127
1.4595998076893726
1.8852953304027469
0.7988375573837214
1.0392396981859533
1.5517388663839375
1.6099934856000893
1.6070338627562168
0.9980011918011811
-0.18708009338505055
-0.6334830719157165
-1.376779143102087
-1.2736155759119745
-0.4653100438241052
-0.8760393773705816
-0.9802639240742691
-1.4257382625633404
0.39882299105348806
0.871560579722106
0.7861560447384917
1.3080315128664322
2.199386636481132
1.2610157092472716
0.44031581483390764
0.5954672355126858
0.8355411945207564
1.2992632856446042
-0.27038587621189847
0.011963935412815083
0.06228217505348452
-1.3711582497210446
-0.48602658376569297
1.0655425177438007
0.07709136300297197
-0.13738073753940883
-0.600596195429192
-0.7818859281967032
-0.8703728238541923
0.022468591412439287
0.545700846691068
-0.6223698311043327
0.8054857546562311
-0.07415704606223479
-0.6722222614070124
-1.8361892434948377
-1.5907963157799923
-0.6279980217169708
0.48223399760949454
0.020879583661153833
0.3059125317865141
-0.1447404223586007
-0.9951950454120825
-1.5128966306713476
-0.776296147003797
-1.179570647743387
-2.49650707443952
-1.5373560493659155
-0.15547589480866542
-0.7866021532274124
-0.6604646604509998
0.02460839640086973
0.5912636724263736
-0.16842182038165826
0.7565580736178095
-0.5612877189228559
0.6709425055820294
-0.16761581990730925
-0.9791972029908037
-1.0448801677816661
0.30120882304237695
1.6797533818277737
-0.5737917361304424
-0.40167238028119123
0.7671057384926079
0.2104409154408174
-0.9721583000073074
-1.2154199168548303
-1.341215376957715
-1.0224156040886145
-0.8712031467285235
-1.5391595644408556
-0.7510809574071211
-0.6462499914674599
-0.8756614267500653
-1.4526495371198327
-2.528314269826011
-2.178742842079935
-0.7906613238599519
-0.5766459263082514
-1.529971757985981
-2.271870588800632
-0.548681658215368
-1.2996458729717582
-0.6227330059631833
-0.733892098958729
-2.093355694526015
0.6935721017861558
-0.4249376408043261
0.09728548841891949
1.0243481313467298
1.0183098712502916
-0.582670012187514
0.4963481723972245
1.4598946951737484
1.6229435342860263
0.8287752132855126
0.29454787899971796
-0.008608595946309361
0.7270127012025906
-0.3658891284941794
0.883218838628129
0.7758560771912597
1.9914464958655438
0.7678478929996014
1.1363851656433734
-0.39581632911612175
1.3496439650005123
-0.7632869824467918
0.1993327524464015
0.9281684930661886
1.4480727080386724
0.9595578971151986
1.0589081782082634
1.7910821448742456
1.8717006218921526
1.8463843837651488
0.7408470889614558
0.19576348504453717
0.32463810697854234
1.2452555546516428
1.636661875605879
2.003777505570965
1.9565750837297646
0.9594932864822412
1.3679642159210705
0.6199028397614824
1.2542072736724832
1.4092155277527856
0.11693954059508345
0.13002205571868575
-0.9065565454825086
-0.31070941738542684
0.3964399947849988
1.3049638546079239
0.9290351936091723
0.1723689214003194
0.45129308105093435
-0.7315457175617699
-0.8768576822335401
-0.3191312602976323
-0.2937887977623153
-0.7262974144437789
0.738726361106993
0.13725083385883977
1.0663748324814117
0.15366178416869297
0.6460601540496945
0.525264714974305
-0.03942058284564348
-0.18963458358519134
-1.2799019991462437
0.7691092985120488
0.08474831416354353
-0.27109365745984626
0.48761041430384244
-0.2368471363677561
0.7818335652694774
-0.43178366209727714
0.16779883682002253
-1.2358609360543888
0.22486801343968016
-0.05626792447023152
0.32221290053881746
0.16550399977454472
1.3503976893048004
1.3151591840849046
1.0391192059343737
-0.2517731246103501
0.6270786976096088
0.5273328718563439
-0.6217539691163516
-2.0574233749992277
-1.742363156574767
-1.3194622164739602
-0.7750075859904993
-0.4891215525464815
0.5907318031772235
-0.2694658379462295
-1.2158060114791092
-0.5222022121038334
-0.1458305513806865
0.5008856095189675
-0.4461936491120695
-1.2874281729385593
-1.0759001486606246
-0.435135040828501
-1.2691564206270387
-0.5197647911793569
1.4961995198293208
1.0638324967633033
1.1506013594696531
0.3253900016724601
0.8644549741321575
0.4998994223947587
-0.8096990755403874
0.328918964538598
0.6937547632216966
-1.3549154915015347
-0.06645149639171913
-0.054001339245472374
0.44235187950978816
-0.5789665353881428
0.30968673929276463
0.9921314592070679
1.33118068629562
1.3648787727129401
0.19974955314208487
0.4868974951705087
-0.9267171377526423
0.14890507069058187
-0.2473804830099885
0.8313642259075157
-0.5586364920282778
-0.08588372593328797
0.8788867828638103
2.1794298778260424
1.7916666064720876
0.3599393300594405
0.8931898723906215
1.0439742929592297
0.90698407243477
1.3479764864129056
1.2033152289869324
-0.18200396568270732
0.09423895847928802
-1.851485764196986
-2.555937595705403
-2.2748846383098305
-1.6654323663068111
-1.1196737784231179
-1.3081627346494764
-1.4375622308985438
-1.85299547439191
0.1817851649180463
0.23492759122423162
0.29963381404927814
1.3092701447822912
0.4427170987837116
0.017632632836747722
0.39141483029447877
0.39578709223174424
0.9416381758612336
0.06756736390961979
-0.5256247559838242
0.3891477812954009
0.7633141444016682
0.9079804591007901
0.10271261733844583
-0.5959280630597212
0.2242064999014176
0.1977947757991366
0.942983854777439
0.8854897447284648
1.1407324060642456
0.5219131049543093
0.6008820176286613
1.4672192554530938
1.7331475195860888
0.49404798181507137
-0.2904888635629024
-0.8325025893005127
0.2825603539992141
0.970081107498441
1.96521073119539
0.6944741060188835
1.6544450874307535
1.1023338508143676
0.7458457213869215
-1.2846767524895601
-0.3121391718401443
-0.3916176669957438
0.1963251400596171
0.5367033624092514
0.7967161448949531
0.10059231238985067
0.31519170722692785
0.39844720187923033
1.394197201029495
0.5529810879420664
-0.26720091378995514
0.48741434579486465
0.007168740175366506
-0.8920128115135668
-0.4423843983712073
-0.014575251529445013
-0.24111158040848035
0.494301116688982
1.3277730664844682
-0.4907384569056673
0.13031538598004538
-0.5125105647596824
-0.09704106358021752
0.44589427271143656
0.26914577721035454
-0.3886329133152466
-1.694036607297031
-0.43178530233267953
-0.5228159799117392
-0.556774681949906
-0.32089215871254123
1.2670670126252048
0.34648271607337455
-0.23191171548004588
1.2642247079246591
0.6450287874921818
0.3218208364837058
0.026222772825510915
-0.9499980463088651
-0.9379178477402996
-0.3338709471186302
-0.08554428363109319
0.7028643271283455
0.25491712188144205
-0.8746734424641331
0.23113266201402632
0.6844114939622965
-0.21575096111593062
0.2716804554376911
0.21208715285344967
1.2705911192548685
0.608301932930593
0.8652434567512038
0.2683863076691617
-0.35883861889831464
-0.588246826358984
0.02437948837283624
-0.19468843347200468
0.8738735477362464
-0.37404607237566273
0.23954530272451813
0.006659770623882483
1.1823372672645187
1.666778513972113
0.5828060690107864
0.8253594586792634
-0.10641754287973909
1.4984916733910372
0.02257837256305386
-0.6700401539564674
-0.08549668482481132
-0.3398336802225587
-0.8219459662418009
-0.5816503654229221
-0.17132123921885875
0.27505989250564167
0.440388073788016
0.8006918379054744
0.9711859089417886
0.6750314009695155
0.4933898463546139
0.6504606791481111
-1.4265390256417736
-1.2073472274428212
-1.5966000319401306
-1.0260640013565279
-1.844297529822736
0.12760063846429714
0.09713818582512054
0.17289091648190094
-0.5195583392852474
-0.01888321261394533
0.430678435981255
0.8123497497266575
-0.3478085085795802
0.3691063804803626
0.6153475998215471
0.7531911483788819
0.31111437280090404
-0.15112938187418912
-0.6753286544923531
0.9906531010495521
0.9323313907010082
0.33789043824608844
0.32327718061463195
0.9508764692811544
0.7315841561437617
2.3989832319523225
2.4496618027243957
0.912419915820857
1.1937228104436393
-0.12689784452698133
0.5188187230264881
-0.1019409004952635
0.4562056527363938
-0.7976223205112665
-0.9706335870854231
0.35480708275906725
0.43888689088123334
0.3358407228558298
0.018865904958635885
-0.7022340597439511
-1.1335320962909587
-0.30275727049960716
-1.118311916231344
-0.09088963690512361
-0.1930174584731683
-0.8018856151748126
1.3578665328843633
2.6608861097840353
