0.0
1.4038001392985957
-0.3766546600836571
0.31947313593437354
0.7432935799271154
0.5942106879691534
-0.12615273502722796
-1.1333562468146314
-1.1886882795295406
0.15693665168508117
0.20810884529642223
-0.24395834185121235
-0.5595746058139492
0.2236317842413541
-0.5623622805131283
1.0875743741715065
0.9024886882536574
-0.23887991048251828
-0.8292372073274272
-0.48372017280147694
-0.188176794861168
0.5519385238410992
1.1258708304870335
0.8197474452048522
0.3716964656371655
0.8286765486446974
-0.31162797311704604
-0.6655845003120191
0.25180395056485777
-0.25198536060349686
-0.7215831532315502
0.4698093417843778
-1.72840864294152
-1.348147403076358
0.32116816493646927
-0.7563600023300536
-0.8309828092344222
-0.814169234271714
-2.3245919946592712
-1.5052109677210803
-0.694707266241575
-0.49904467593424895
-0.5135783761919521
-0.054131659964057346
-1.2344394702179855
1.1176776829293962
1.0941312704136346
0.24525274774882422
-0.7990203392744311
0.30309341153593367
-0.7310835893690528
-0.4986145434736546
-1.6377367518198642
-0.43563018610565885
0.05332415569570738
0.8917310068760043
0.5955848238264154
1.3412715676893632
0.3067109792270555
-0.7143368136567357
-0.7341714091257682
-0.9437063154466129
-0.7919527176062992
-0.1381125165127921
0.4430412319199144
-0.190525299876037
0.14010628847465195
-0.08436268275055991
0.4013366341749183
0.713966697273531
-1.2657670425079244
0.05977667546362058
-0.012553638471975354
0.43799403229524136
1.1878897219972022
1.444262939007946
3.3029513995284163
0.3468497939472179
-0.44108990937853765
0.32573439229096857
0.6661348862358082
0.1494531206987536
0.5272312679244651
-0.9674245416567195
-0.9590702161771505
0.5683151352872057
0.9186250453221471
0.07350281637902467
-0.1706037943726139
-1.7221043807462633
-1.4501556415953505
-1.774838376653424
-0.2857954248972447
1.1464567246093733
0.07005729682195933
-1.702981850330271
0.2272227415030327
0.2799382201823174
2.0971784810106584
1.2889835117212987
0.8877744025605312
0.3901489006241988
0.12261737787749233
2.2897497568007332
1.6856907702684287
0.18192001714119851
1.2211729263463018
0.7821167959993764
-0.07415682423434637
-1.4254302594296044
-1.3602732209910045
-1.4839880490145658
-0.7045292356469034
-1.0678588352894047
-0.7584075034299337
-0.6944303412929986
-1.655879648065798
-1.9110073142175283
0.34640048361737086
1.078757077791288
1.4583146003050478
0.03444338985359696
0.09194868287085546
-0.5493683162730841
-1.469638603474417
-0.19442490027021048
-0.8020476234124599
-0.6560966872419842
0.47373644050643826
0.520289369655479
1.14217874466946
2.7148889619558223
2.237995199111468
2.340554346985956
1.362140729838996
-0.22551142928243445
0.8318645718030198
0.9711393856051518
2.019172029188877
0.7461373995062235
-0.09043139297067496
-0.8943137796963185
0.06879215462384303
0.3278866124591079
-0.9156605635625401
-0.9176661328988752
-0.6196958885923666
-0.9457182802346156
-1.3605246858122668
-2.325228594761706
-0.6636874657613177
-0.2887420409138959
-0.12357431631170293
-0.12611363808534115
0.7810248619387974
-1.1642704332823866
-0.5981456227956109
-0.42597556578537366
-1.2085120874473532
-0.9624112658751796
-0.8260621603028462
0.5215080311818789
0.32219376645182496
0.06681523954454263
0.4534430873209861
-0.7948377941659934
-1.2602335801237652
-0.9556177641772182
0.6095521614665511
-0.12182521361583593
-0.07568161034454918
-0.3974815643930811
1.1011563395161976
1.3638325318814448
0.11819261403494426
-0.4208009360673932
-0.7621025527955289
0.4929619734223191
1.359337680386766
2.534734756979295
1.139505276706795
0.6646513303118968
-0.5917688993787932
-0.2912752913513271
-1.8371076076578658
-1.8213163798441097
-1.5158223138796083
-0.5679999423408926
0.9423218534283393
0.824141695952035
1.7356520876560386
2.385347794684224
1.9901922471595819
1.266948150637688
-0.41043140759846786
2.3980850755082836
1.4211212805510314
0.6117585167173039
-0.5350665843864385
-0.7442446704257143
0.02863036307830706
-0.7247477377116962
1.1687337059436125
0.3334266734071996
-0.18532316111721336
1.0428544531113686
0.5734213927274766
0.5474580600032695
-0.5607130827065137
0.2605716056260863
-0.14313810075421735
1.5373736608777195
0.440208915183555
0.05832039888916882
-0.4770392836182608
-0.2890719702716489
-1.414227116606466
-0.8143109177381205
-0.5036892233627144
-0.28218495677330724
0.14125567102572686
-0.9074057490496081
-0.4175800310924236
0.43636960549860154
0.6966826172126865
0.6953602759326314
0.31767870984880653
0.024018982915876744
0.4694909284385457
-1.2916977078149792
-0.39262317003167646
-0.11824196227365175
0.11483502423858774
-0.20516225150783607
-0.21186652363119335
0.11599637488987127
-1.648161750068234
-0.4463202481741046
-0.9324343581668144
1.0956123684447645
0.13990774673773185
-1.5752411293663429
0.04262857135522946
-0.06963477119619867
0.9236130832902607
1.4420036688828768
0.9712163208731823
1.1281816507024403
0.6150962440259958
1.4172767759934195
0.9005484053842014
-0.48447215335522453
0.09997477615443007
-0.39122517876693275
-0.23352580654665892
0.7341089902277921
0.008808643703718005
-0.4185456860124931
-0.3355877900164028
-0.10987551081832991
-0.32601883087714423
0.4889086444918846
-0.1923225856330841
0.46903689902010387
0.03915283998519087
0.3562741473790393
0.4213409746286483
0.05072745031740325
2.056379029897603
1.2402136548118268
1.543664865724071
0.17799177959932064
1.8315585473567824
1.6181620088381983
0.004385776012400894
0.45256168744226966
-0.19964584971362354
-0.08436156559164276
-0.11534221969828948
0.11547351860557101
0.1115479252701412
0.2092298080236465
0.012091738683975367
-0.031283101543329736
1.460418248168072
1.1628873352454367
0.7736548028197917
1.3506470274272022
0.8566679486081621
-1.0592431301262755
0.18038734619579108
-1.3453508281262558
-1.2546748432958927
-0.7414974276313174
-1.174576405222845
-0.22893049548373595
-0.45325784892177373
-0.05062450174988152
-0.9516544180698616
0.7899535195999742
1.029948943820605
1.5951324284349455
0.9522871112899182
0.9235418187614951
1.7869553364140334
0.881233020307401
0.39742204763753597
1.3175113103354332
0.5449845498508823
0.2143372195424188
-1.444907028784513
-2.710984098022359
-2.2791480855742567
-0.29112680084926285
0.6269283632063769
1.6911583036793445
1.015354969956893
-0.5682600089380474
0.07978995630854374
0.8338655226068039
1.9396214610685554
0.24931901953300084
-0.2729882206695465
0.6115284087846828
1.6227678753597583
2.1432444216780593
1.249219418762856
1.0672958473687115
0.05124996796831721
0.3664006559592812
1.6013772869023568
0.8804101135854396
-1.0295793871859868
0.47162756219113766
0.3434951635882777
-0.009730240620491923
0.4405214360306461
-0.4127037889020139
-0.0530651819516193
-0.205932524081968
-0.5420030475277874
0.7738712735340523
1.8735847063142146
1.5548725622610757
1.079122043356145
0.49429685318656724
0.14319875170602675
0.22353403970706864
-0.2549441663870199
0.519677053661755
0.561996874233722
0.3900130398583559
1.0097505302124923
1.1533361837313634
1.549258827099566
0.5189534893074467
0.3856548651045887
-0.5595054248686119
-0.3175084880050711
0.21105306994642098
-0.4690667637441977
-0.0778582829406794
-0.22494311875465714
-0.5277771197085197
-0.5877837379356294
-0.43117502822646275
-0.9042099015337501
-0.8438016669291601
-1.099607859854441
-1.4220006273480845
-0.07526941704598941
-0.586564246991402
0.2779833950351208
-0.5468225200164405
-0.38671035103172124
-0.4817840208456863
-1.473834912767297
-1.638818523711824
-0.6710209732741923
-0.6089972259003128
-0.9546488303858179
0.9442133461414715
1.331362927922256
1.3870666726628538
1.6781631615195571
0.5918510295529518
0.6046512527227244
0.5587609348875155
0.2594135203490512
0.44314536182674985
-0.25594993539936794
-0.19068909175896398
-1.4042038681461486
-1.8340469104160315
-1.9316554670088384
-1.2098067272965094
-1.8252611776095138
-2.2523715795597945
-0.6568795333807295
-0.9203902382847722
-0.03337745206504242
-0.8220595980820512
-0.368510562024879
0.36961899890988487
0.747976422615251
2.4347889860583622
1.6789754987081362
1.419394872752868
1.0671077214735305
1.148029690581308
0.4145593029408734
0.23664288099412223
0.48207258478731174
0.44727782356692236
0.8056785178658536
1.9139018254042677
1.2659017690114593
-0.26447551085135523
0.7524739405401069
0.3061834553784869
-0.5245359155604852
0.541308833194556
0.44750410792142653
0.6952798732955626
1.4530439794923147
0.22202080893343626
1.1856923830763086
0.17888427116756048
0.9563765631603408
1.5477499832749657
-0.06554457401934967
0.940119254401975
0.6868719315912832
-0.38709611934796867
0.012690508977804889
0.1416614945113746
-0.08026924179250056
-0.052385221699484175
0.34928975946083124
0.8671119583537057
-0.32583218357372024
-1.5779125971544459
-0.08361620041136102
-0.941772935283845
-0.249777864618078
-1.8480810328310868
-1.491459848635621
-0.6773787871343082
-1.14970292992011
-1.6186749333626067
-2.8512239779066966
-2.205093112719427
-1.7590575109317903
0.27548957584375167
-0.20802566013965446
-0.7559177388572944
-0.7291210034586412
-0.2912355008181644
-0.14352374656468542
-0.7884388216456075
-0.46526585338114557
0.9084006650062261
1.0133397409574898
1.0410339004927887
0.45688545420470555
0.4971103625672576
1.0205194655909116
-0.06203714136566535
0.6472508263918325
1.6158425179286502
2.0080547734190146
1.6754869828293284
-0.5538860989288471
-0.8452405654824543
-0.18763961467658447
-1.7194660963458317
-1.3246277171438434
-0.9318288271089388
-0.8297341018995571
-0.4641073689601807
-0.8652866154231803
0.1114588403613167
0.5424983656363357
0.6969149299652808
0.41170246533386984
0.9956275966820124
-0.5113292855080944
0.3756797129803696
-1.2741878038821028
-1.0412816975531312
-0.8655035006101088
-0.7090733337473393
0.0012223168906811133
-0.24823186288581112
-0.05817023622772726
0.1993712205562193
1.9273811526266167
0.549062884998214
0.7913319706551744
0.7738218846580365
0.04435243195482723
0.6556315236884959
-0.7833241836991426
-2.1199764365817075
-1.4710490641896978
0.28204935644669715
-0.32706370332440043
-0.9082799536232098
-0.3247467939304915
-0.6348112113464756
0.6259234866808735
1.0054405606702945
0.1283674169874197
-1.2158859227357324
-0.838178549441289
-0.8859454861900871
-0.42322828642661703
-0.8265708899145592
0.685474634213813
1.804462914303098
0.6619899534465417
0.3027347387147028
1.0102191648288492
0.12930911378050589
1.0648454187547431
1.3039623037816157
1.3735065160678948
1.9207930196671361
1.1055699543365038
0.4109325244338514
0.9396489144010554
1.8756358453709094
1.6584180480908643
0.6420894640006027
0.8168805350878526
0.1976573060811807
0.2537314833705732
1.267685300680916
1.4181461286971704
0.6302299599962736
0.3929673695382807
1.241540723341395
1.2096288000603
1.4294357308643826
1.50484021368048
1.7203389088315317
-0.25792257962075926
0.20002773717746497
1.56869201857038
1.090910995547207
-0.16672177215501327
-0.2928117772757241
1.374191809056972
-0.035457881790100454
0.9929222979419505
0.5511741563378201
0.8716098170897573
-0.38078578806433505
-1.2011201051557712
-0.45966499007342587
-0.6655949586290917
-0.3553646695542814
0.8122451783266373
0.7680942970335463
0.5157604697687286
1.080872788122719
0.933206917646644
0.29326735218616207
0.916821195379853
0.7749932038161682
0.06417513733984716
0.04551225215577433
-0.4241666913598555
0.5842942236098109
0.5445501772067728
-0.5026154751732903
0.2479735631216026
-0.22205387067321003
0.5092691192459947
-0.2598566450947853
-2.2658753902384086
-1.0291762239660605
-1.3110852428715298
0.25573059569600953
1.1317752625013446
0.6866091343262581
1.66688104800005
0.07964206738640178
0.2519000305025081
-1.4982642891534619
-0.6670463877591284
-0.624826482700761
0.02146140976538699
2.05210556058838
1.438796498715582
2.1590164592506342
-0.19661574495394876
0.14402729821480778
0.07343732029114769
0.6424467900980438
1.564578735350453
-0.1170195123211816
0.34201997955693486
-0.2410720215589835
-0.8461959539126009
-0.9212748829453028
-0.19133781193347282
-1.4112581333531684
-0.7512254799204302
0.055010521509583785
1.0276642525609814
-0.5195735544905974
0.78141993295243
-0.057411626017443096
0.7373199599562583
-1.8836722890186806
-1.1011316554138673
0.16762356834152664
0.5481697257313691
0.041747722887853486
-0.9896277748456025
-0.4194142413167058
-1.042500262564088
-1.9369257391721246
-1.8422810058743837
-1.7428856969196989
-0.4418241880779813
-0.9776938212013105
-1.3311426351618816
-0.11572491175580983
-0.4360225776610523
-0.288482610290889
-0.1695978233823714
-0.09788804649725243
-0.3396854732758113
-0.5475287727399607
0.017029776033778324
-0.20068143326496654
0.14356542041849268
0.02196379557284378
0.2221377389056787
-0.35298346679962384
-1.9262988747287173
-0.9159242651574185
-0.3509293558524046
-0.16280776344716946
-0.2209189382129188
0.8300413196807207
2.0210101841514456
1.7240675988453429
0.3537452475504554
-0.055077780772844816
0.35960760564515437
-0.5611563086618361
-0.6015162705885123
1.3520109920409507
-0.4702920895396797
-2.225690107016053
-0.22995327143420508
-0.428263882040002
0.24729843082126546
-1.19758277744413
-0.6317296205838143
-0.5627702835039218
-1.0580451015595356
-1.3984455580891433
-0.7584160227761305
-0.9736804983469153
-1.9337596835075268
-0.3883535457398076
0.4016136265549452
-0.47620899991220983
-1.899964501658337
-0.5718251412984698
-0.8370164852806397
-0.2688112669793807
-0.033477954874750776
-0.4971752926515454
0.25370836984483447
-1.4317309603184916
-0.648076069051174
-1.4024349573899901
-0.7217935602105279
-0.9747426125526806
0.2572305276098984
0.3416821325631051
0.2960632022084923
-0.8328505856791236
-1.6922907665691742
-0.21765507206521267
-0.7871782812936489
-0.11473977121379926
-0.7484771880530301
0.3188780782717394
-1.1127171927928692
0.18412150884615053
0.009329116246805776
-0.9796138357085059
-0.019505737793701156
1.0897393427857343
1.833043714569646
1.0890169420926048
0.7278551560403739
0.06647768102388349
0.21594210693854032
0.8190355887589693
1.666853034651405
1.4981932701393517
-0.11529244527345398
-0.7974482791772413
-0.043185480554401946
-0.5342744347354558
-0.8672564664901405
-0.5311065307779796
0.4916740328848627
-0.3240396670719732
-0.6069493063081273
-0.6666869819913112
-1.2114674783183703
-0.8196000416586214
-0.7733030068028117
-0.13878140815752255
0.6185906715781727
1.110136258313433
-0.3584466059953644
-0.37259926083854905
0.05982578094090851
-0.12136829234301255
1.2079617835940009
0.9503982159700817
1.9598679430202344
0.6182788466326496
0.8984982706173912
0.1883673574259094
0.04714883379488055
-0.5446917649903112
-0.04973381461379059
0.04045578105830813
1.1433316809198908
0.681311164627414
1.14316695823207
-0.00012959949346652566
-0.5626977088684311
-1.7888659961612972
-1.294542431343804
-1.4716306262780718
0.10007294316741172
-0.5181246783897762
0.4795439782295079
0.9372442181942376
-0.13541174840248704
-0.671268366000859
-0.588913827165932
0.3595986136446892
-0.4777194555517254
-0.281824586049617
-0.5249950101620562
-0.6998678730358858
-0.27119400489059087
0.8885916223916668
0.6965983908748821
0.8406052506778287
0.84950701046061
0.3090508325920084
1.7622445761534284
1.2861370741432867
-0.8517761577022389
-0.4061439770828462
-1.363098615655763
0.5579995566514706
2.0724865635068994
1.0610449382417844
1.6183094807610547
0.41379221928793
1.6884071904004023
0.06988474170409009
1.0832522702307843
1.3635302633613025
1.821884019282757
1.1820969636200325
1.1858301411480934
0.2727545632758245
0.2745488745929982
-0.3042456667843911
0.002890161012630843
-0.29785884559528775
0.17408657390514748
-0.8939368166921726
-0.8086703956773413
0.9552742439754324
0.9030578849507916
0.7335679932270376
0.5313489936475397
-0.5674851439388798
0.6780396861840368
0.10881602047038907
-0.016122096285521997
-0.9302042537709764
-1.723686113494382
-0.32503283837052743
0.6639701082825709
1.694773647796361
0.1348910360758408
0.21968809249776336
0.4921546932210388
0.7371528171356274
0.8704460670436739
0.46586091282676306
0.9153757161595487
0.7604137804230537
-1.1353377749773494
0.28571538321508017
-1.0374996165263832
-0.5458735466428676
0.41784592621821726
-1.0185046686409853
0.18205097525834665
0.6458283918578447
0.5651494377128407
-0.30228474292905483
0.03701826492077406
-1.4711648737416696
-1.6179307534728053
-0.787100019324177
0.07843869844010035
0.1488659423920323
0.642361022355545
2.3919739999516643
1.7595181917636347
-0.34234859954127467
-1.5766035109072112
-1.5651092296028715
-0.5765354581813462
-0.7823263463143139
-1.5559146577001708
-1.0681684701685472
-0.3692236685954324
-0.07325039320344864
0.11878964766144112
-0.8810530208893818
-1.1179130284956542
-0.7957126241633782
-0.05045709252984959
-0.17030841402816527
0.6475157753434169
0.5952479664310132
0.7253583361594391
0.5811759010407119
-0.3920693609520714
-0.20935533035659476
1.1760185372740968
0.6884145772552837
0.1587833645581497
0.2633803891025094
-1.3548616155963589
-0.9492312049280116
-2.527772960244006
-2.439262067473328
-1.0629408738494939
-1.1731689255426605
0.08591020030123739
1.1152769730442242
0.16837043982201913
0.6030548185623997
0.9087260739387182
-0.25496546551751936
-0.6880683142766291
0.41560844620203036
0.6629386813733831
2.273135615812013
2.5759591404015287
1.5561944344116438
0.8605711634375258
0.07966085601616871
-2.02572445302588
-1.746292330122336
-1.8776917664601844
-1.8330394912768448
-2.033612717851928
-1.5162819361997175
-1.3089449792431858
0.024901435172702907
0.23829965108712586
0.1613463932502553
-0.6614168112441143
-0.5537445183200996
0.6958410137992963
0.47389402223891497
1.4718132969400215
2.087091827776135
1.026246071268529
0.6698775414416435
-0.38426880472153485
-0.41318577535829826
-1.2034457426527936
-0.49058792923427563
-1.1583311320692469
-0.4917960814377237
-1.6330068648037783
-0.8456049546309439
-0.526958349451328
-0.8031333689067706
-0.7767224835199857
-0.283434262311001
-0.6568594064585085
0.6088155904673722
0.013518875395267305
1.1016501185013245
0.4901418315624264
0.16046722105697003
0.16461759692535036
0.06714422038518494
1.0701162539888627
1.187936580606454
1.5687752588777009
1.754031992660937
0.04712721816575205
0.19252120472096462
-0.23110437728862182
1.1524040030642273
0.15683888048766936
-0.8561833395232243
-0.3326988743814833
-0.4027655896308879
-0.8472333701172241
1.2903420024435854
-0.08673538080342558
0.25211626112731894
-0.5053518428620429
-0.07998531133277384
0.5953169266199472
1.5538753655602735
1.0908225842629007
2.5713644160881546
1.2969276992988223
1.729477757649555
0.18220643117875895
1.1835910679083121
1.5452434900469012
1.311469350346054
1.0206264056762424
0.7879561848045181
0.290894146799807
-0.11140878732020329
-0.10709588726327628
0.8604036434892309
1.62637273344922
1.5487524536073356
-0.09886285144289877
-0.9715789938460343
-1.1454867398900577
1.1547967498882545
0.3606046843640426
0.7851382163528546
0.6495742764070801
-1.2809906389293946
-0.6168913154150815
0.22739368666288248
0.44179136118874696
-1.152048029608793
-0.5857423573252498
0.6822880637243162
-0.24676815498766835
0.5995778747696243
0.6142948560232806
-0.12253785970890205
0.4098764791711245
-0.5675265700877627
-0.4294719141564126
0.15545090986918636
0.5949232646761665
1.047375713891522
0.25253698478286907
-0.6682037530549981
-1.1219362186374324
-0.10453513453966304
-0.5408809052461941
0.03383631337520536
-0.0696236712779387
0.6753784480094099
0.42340105472237244
0.9278260861718846
-0.10375109389471039
-0.4894945417230433
-0.28744831193328807
-0.9621528089005691
-2.203679297419468
0.016439068170015645
-0.08188758546169517
0.038698278426451516
-0.23832099248803196
-1.1873860224490618
-1.476666444951838
-1.460851755085755
-0.7094118840411083
0.0802540693725802
0.2819081274936593
-0.25561984965851225
0.40849977625204104
0.026140522771569932
-0.9379372413208962
-0.37911209585083044
0.41517113192390886
0.01707897186481891
-0.5889860647075978
-0.7732652567863917
0.7288623989325628
-0.3267762797286206
-0.4841376820156018
-1.3479188402335347
-0.7848030783981887
-0.7889682925196996
0.08755841395138947
-0.3234182939971035
-0.6023427996318355
0.29061281561465924
-0.3419040795744344
0.5278556048954008
0.5318561266559638
1.1815849816989386
2.631089783426689
1.9365987349592733
1.491682799475099
0.7686906360167509
2.025734774755098
2.2570275419401638
2.2860800481901498
1.3629287581240535
0.15463336064993233
0.46886078594240627
0.7653497679384627
0.2111321212391144
0.27723147729951303
0.1648080542895982
0.07491472242259697
-0.3296630361797657
-0.6999751606805944
-0.22556040671011612
-0.6769653797020101
-0.08145168029492858
-0.8650598145943674
-0.01628283152316773
-1.8460977742956741
-0.11000411761225595
0.4544882866383416
0.35799859150834495
-0.5590930998813995
-0.1116614309692553
-0.5302285246368995
-1.0776591021634827
-1.0784453304626016
-0.22722607307294396
-0.4070883622436234
-1.2090459409919507
-1.8641910082390327
-1.1359386208107014
-1.6682341720039822
-1.6275060977266467
-1.179115372775946
0.2008838259758883
1.2909310535573846
1.5889410147817609
2.451571810731386
1.130442227037329
0.31591259925736437
0.19589757704483696
0.2660364695603197
0.5054336828125827
0.614547705393501
0.06445311138583651
-0.02113186866626368
0.2694946750762354
-0.12150783212655442
0.19295777817947807
-0.3309482733856288
-0.11203842098294141
-0.21937675051921984
0.06653484012385862
-0.4513375024059128
-1.6579250502582885
0.27332486833973846
0.1997941416101197
0.544323500959522
0.09347607930828675
-0.12702758793058133
0.5524358027015015
0.41850937007829886
0.41486865185806704
-0.12237805269740379
-1.0581465829100494
-1.201447546312472
0.05354993315752249
-0.942259167088463
-0.40160841628141186
0.028345931829320548
0.7232862440425512
-0.8292529582229484
-0.030637243910060896
0.914542060689332
0.06217947967534726
1.1336796266825324
0.07881474491959604
-1.4217347950680912
-0.24680876367055268
-0.504077516364336
-0.4448088896410987
0.3963630470812348
0.01791208607687922
1.675724596048708
0.08871477758514866
-0.2315893515387369
-0.23402079529060743
0.9120471447803328
1.7303080306853609
1.6510095764650514
0.42391257835662977
-0.5094131925483768
0.07383888104189028
0.5520726122670898
0.44409595963886855
-0.3713230487153547
-0.24764416320270347
0.12398119609144281
-0.042874799406107916
1.0891302786614259
0.6599848992568494
0.8374424837742249
2.161091023681359
0.9129451388396425
-0.1453934895365486
-0.39540767890588685
0.4950850230615971
-0.22344075460350343
0.6984359998529718
0.1088897442923696
1.642183170595096
0.2270477870482383
-0.11974392902192008
1.5833992805002428
2.294705286142555
2.0701247693138227
1.61784788091946
0.7085561693606645
0.8760039563862267
1.4867115693133133
2.7780683147097376
1.580202769946992
0.7617972090327436
0.20757808535865974
0.4452515447062938
1.7279885751403714
-0.9121568690021065
-0.6594672561204387
-0.43848013405937675
-1.3853118276070178
-1.4820073695819334
-1.2455774052067967
-0.07059359665737047
-0.6376976314048458
-0.3819625696579345
-0.3394450552016253
0.3216672296071502
2.237081823244114
1.248397694892423
-0.8481141201347313
-1.2612282707906832
-1.2526997575945764
-1.1443025072958797
-1.3899305844670975
-0.06113363539009531
0.5899842956192407
0.2042021138725439
-0.808069316223464
-0.13603435633677663
0.6130895131596429
-0.2936581856686019
0.0705236372291419
-0.09757109672146363
1.4538074111775823
-0.26248370856749503
-0.5424074983070687
0.06063018725722527
-0.8380264984054918
-0.35842825385175164
0.5760680524271304
0.3392668682387519
-0.13895406113910455
0.1481193177715506
-0.04214758577296906
-0.3045107388166499
-0.0402753250558307
0.13807269243300468
-1.0649502058360738
-0.0653413797610613
0.05362140507038218
0.47123992808962006
1.160678329024062
0.4399924507353684
-0.15956486073633253
0.08847949572865005
0.6680911248464022
1.631598559620549
1.6712669396871171
-0.4318392421532402
0.546671705851804
0.42804385746558704
0.17210584743789434
0.6717584699788257
0.569380684359013
0.6256487184475498
1.5035758745721135
3.0345167274583287
3.51800447135303
1.786918669642201
1.012792976989366
1.1812161430271635
-0.19952391039479087
0.10116194508490557
0.6970014587457025
0.7419321439013096
0.5364070821553495
-1.8086765121112585
-1.9815312321518146
-0.7362012521806609
-0.11126957547163563
-0.3156806828992099
-0.40593548301599913
0.7146216224655589
0.47596870935279884
0.27227330778472963
-0.488050704886613
-1.051645661545841
-0.6225815209349466
-1.058511886285207
0.27617862681305827
0.8949031340860195
0.20363720869249757
-0.7906355181146539
-1.3813010917569075
-1.8392598602233539
0.1713262997931433
0.8159836425627137
0.03452860194501578
0.37567297740249395
0.04320425146011311
-0.15916440162438356
0.10759807797676851
-0.36817090153923515
0.2221051729212423
0.8891669310028848
0.3480841389728378
0.6003147852698107
0.18456451236762986
-0.6472666564738067
-0.3880676121896884
0.4012445179256491
0.7422964108181255
-0.299135527002182
0.08813060023119411
1.146132172166064
-0.6109894016809062
0.21115696173104537
0.33966210322909973
0.46846764458444573
2.310339984776448
1.2700533756927028
0.365013642630603
0.3763596367940463
0.5706850225448072
0.41097154426505533
0.9111333484451767
-0.3322455739459812
-1.0927114184868354
-0.7242084007925615
-0.49045048959528936
-0.4428917036005871
-0.05416794223234288
-0.029281092446534318
-1.175033947837302
-0.45657097446327266
0.3302828026683029
-0.29167164957299835
-0.4622977882764164
-1.5488934315844787
0.1363367649988356
-0.7113471204301096
-0.9640677372249394
-0.8228085749076296
-1.4103185194715082
-0.7660731048042941
-0.02065896919472568
-1.5563870488962745
-1.3222843350649378
-0.8944158652939932
-0.2856888317307836
0.1928319971814983
-0.24624998400522946
-0.49445697829737156
0.7610427854118367
0.565025233188477
2.278163117996795
1.1338238660147633
-0.11765785377302627
0.8629473269535433
0.48233228422880436
0.49341376726126174
0.2737896515244478
-0.12488790175116768
-0.18132290161658077
-1.4001722738494693
-1.6834570295899074
0.17816010954960831
1.0862076851095765
0.8181574579965181
0.45139733124963194
-1.7672303750244744
-0.33437782874748007
0.7295870123400839
-0.20494809717922885
-0.3154052448344937
0.004020259685647717
1.414018494359371
1.9624996107822212
1.1358174166319293
0.7461041703883822
-0.042118800251495836
0.5374766365879744
-0.45805699116656606
0.18840226970644908
-0.053248019731316716
0.24947945041648026
1.3873156408279417
1.9358018723600812
0.833598733296329
0.3307764585717537
0.28912109066650216
-0.9196138898261547
-1.339868586888548
-0.8894460315357386
-0.26359990984283777
0.44850636620752227
0.6185743101481934
0.6401362556826842
1.3720759822945916
1.4768051775465083
1.005896768437525
-0.10206447850206185
-1.3169423236948314
-1.4421399175734377
-1.6635443550010158
-0.1155666711264958
-1.3183030720748323
-0.13746649145323547
0.2232941954856273
1.5570548265989312
1.0836207464153942
0.9110431016717927
-0.15998810145796044
0.19399828805948066
1.2589199878145565
0.92604637541174
0.575143849724218
-0.4785025178071173
0.2876575909872794
-0.4838208300273748
-1.3327728319384062
0.6491068076501556
1.11987084944005
-1.689056388704169
0.1922309803607808
-0.5259725179221163
-0.6884472113900622
-0.08549431064313281
-0.47620289634713164
-0.214287130010275
-0.2102730955391091
-0.24538888232494874
0.44541326145384175
0.48307299616828725
-0.7549682450582753
0.43551647476720595
1.2474449366742133
0.9274682568452551
0.20010475508223893
1.640038184990742
0.2790901190282164
0.45867066071780493
0.5109008938274093
0.4423694437762322
-0.14346572692154946
0.8097703813491324
-0.21245268638905654
-1.9829128630517765
-1.6225538288778514
-3.1446194216278207
-1.041522408482551
-0.5198717445810732
0.5878826793342266
1.1623551165420276
0.6561137186581616
0.17471833797278385
-1.0857324203815522
-1.5538312100683975
-0.6645023026983666
1.2973913044549163
0.652061370864683
1.5645526431140524
-0.2839409579367583
0.29348647798456945
-0.9388510414841119
-0.8927632588815849
-1.6253592723985382
-0.10619446867353051
0.21352391589703898
0.4356510362366728
1.2553143174082433
-0.13386965332713024
-0.36509633431500543
-0.5927661712594434
-1.0428206457977414
-1.21146868486109
-1.897547790003252
-3.225575823057975
-2.1615603881759964
-1.8323052071920638
-1.6437966379984066
-0.5013512020828134
0.47362439571493176
-0.07983393063339553
0.0488278384100984
0.44388008841030757
0.054147387682007775
-0.5335603686328505
-1.1065542409396434
0.05214114457643379
0.3976855767014
-1.1105538163009958
-0.03896066582883029
-0.028963202650463538
-1.09318918151535
-1.671907358046477
-0.055823976837539244
-0.7454936452652825
0.34198185346994636
1.306038113540708
0.3873863136565113
0.42784151563369455
-0.25537383867926455
-0.2867044873755952
0.37479537368828814
0.09296484997677829
0.3058537701821594
0.4670719559544737
-0.9500553781809772
-0.4194877856105642
0.8747853732835926
0.9942717912341741
1.1792017943288757
-0.3080299152499637
0.33816048452595765
-0.7696901180190572
-0.9341546579808447
-1.7529299392896176
0.3921781220391749
-0.009496964185835236
-0.027333123608252824
1.0531242537917966
1.4260402523068876
0.2774537865948222
-1.2686309675812644
-0.8493686980223005
-1.7227864494216987
-0.40105484743591635
0.7935661026601969
1.1789903044489014
2.290262674661139
1.2946117893478446
0.997855644082156
0.27236304903750813
-0.349123092219645
-1.6893708787640496
-2.225453645822158
-1.0273973003137995
-0.2524688366835953
0.0634403130659483
0.7317932714735869
-0.2366281391743769
-0.7503573500008129
-1.8126206643212732
-1.9093483506254274
-0.6170010060727112
0.6362792075873046
1.2858222244555164
0.4618476521026492
0.07583405722906648
-1.731258055120943
-0.31990464123216794
0.07579806367019865
-0.7147401125858975
0.0727176895615978
-0.7005973969156544
0.5077838667168663
0.1815447473514765
-0.7016281346045017
0.16444290798961014
-0.3427119950606205
0.47818980076382583
-0.581832196028081
-0.9064916573765167
-0.7110742106627546
-0.20046644136860203
0.10633204920073402
-0.4599306256446656
-0.789534404775747
2.538961715028924
1.088905664352718
2.014655306378573
0.6931512703353486
2.0817860695201538
1.2799632636331784
0.1888628471792491
1.8714389415590424
1.5305069226259391
1.338802870586822
0.167016848224407
0.21399273311588923
1.4744004728632094
1.0207922401298632
2.7308784914689395
2.1111157445646844
2.9675497277200042
1.8787239316263835
1.002423048881605
-0.7814157832727352
-0.3461913743187276
-0.3853083807893245
-1.0752000407048135
-1.7903743039487998
-2.2006857675568194
-0.8775311420083302
-0.3539437211119043
-0.31369352008357854
-0.011690536846725524
0.2810097965165
0.10457929593118356
-0.530404315435482
-2.0139941219321313
-1.5251686906188515
-1.4255187599382526
-0.23096842137721452
-0.6478016410002853
-0.7215214658088632
-0.49754271559256524
-0.1532952949046468
0.8856915046419914
1.2664410802006039
0.21787208202312017
0.5288235763892776
2.1542656873714914
0.47470248382711966
-0.09025086668139208
0.46932992708638066
0.9905398493955394
1.2867009197966224
-0.26235335993141673
0.8277693385999965
1.3187970000717804
0.8347741300323313
0.9680771324066938
1.1891169294081474
-0.828822064662715
-0.47844176486465795
-1.8206386110340689
-1.4529785452813415
-1.1898742359746632
-1.8128542955524007
-0.6978310934944176
-1.4576475144476064
-0.700760111725353
-0.2568621222715385
-1.2051887592303785
-1.0128723114919682
-1.0510573366527043
0.10450275159918751
-0.04074330773190097
0.48386329172212245
0.16563363371925008
-0.586796807081832
-1.3296959390382896
-0.01238706519519732
-0.9534585798811152
-0.8672533030489228
-0.2227303499928016
0.44291961824944437
-0.17470156541808973
-0.018464609583121627
-0.27780896666845956
0.21236516445922182
-0.7666959672170991
-1.299336698157549
-2.2510979681952406
-2.4835559250232215
-0.5629128555000664
0.2851958538643782
0.21986006116643517
-0.39220153076587533
-0.9625278798772042
-1.0362043626738884
-0.8907733232481511
-1.6539975673364562
-1.6237321921873893
-2.833125763768787
-1.9146364538555145
-1.0760596573624261
-0.14882952812004321
-1.067067450814382
-0.69940215327338
-0.4369449652943762
-0.5786468341401302
0.4587308106236025
0.26597809598275246
-1.3435410230505314
0.19247929966623767
-0.9646856135681889
-0.5322916914437414
-1.1989948690319268
0.380311435352748
-0.9561851400866918
-1.687360348913145
0.10824667161617349
-0.23513669008357413
1.4060524030516637
0.15561520297398507
-1.712365014261219
-1.3838400967007263
-1.9038961354336106
-2.1970779820392687
-1.2929638645212647
-1.3863992693058111
0.08701688982213115
1.250320989494314
2.1433417585178005
1.4801569384738495
0.3817277401409269
0.8731364379284409
-0.28270123246869056
-0.06055007105117491
-1.4664678809084943
-0.6323934418019471
-0.23117103209641915
1.4412605820333324
1.3649450586210485
0.08924702675617345
0.9152161273789179
1.4980230982344722
0.9990621705713268
0.9480966382480062
0.2570562796529099
1.278874897586848
1.2939354072020839
0.8343688200604075
1.0913930035564074
0.08334016340814278
0.4596602330610629
-0.08227290062872654
0.4687619313705165
0.353196249310353
1.1620572942930156
-0.10815509026613647
-1.0354723627241782
-0.5079793829125366
-0.9866268472379836
-0.09125712882028987
0.8713268082565867
0.83191862348433
0.6880488744497774
0.3250053528818222
-0.6620626550651119
-0.7445791772755705
-0.4627337306594338
-0.348327929579938
0.03865796848935528
0.0669398217618562
-0.28012002421900956
1.3235156144868025
1.0574197660233995
0.549033042143586
-0.2465183259417957
0.3397147089416817
-1.5012077365488214
-0.7143801340149929
-0.3897871037003462
0.09434354113814206
0.9512726196184732
-0.0929262895219655
0.416799751828029
1.7308830914730042
0.9740514453515463
-0.2424075156210244
0.4331300991581593
1.2808826849957435
0.3206760366448757
0.025965325689848412
-0.2515736872565029
0.11280666197119406
-0.995587366820086
-0.6242224120333273
-0.5271818086444945
-0.258961335694378
-0.9020853618087655
-1.4292859200166543
-1.0793305183890232
-1.1604348729939697
0.08801260594862523
0.4171421999983914
1.0145958100337218
-0.6808857861386477
-0.06889694078034131
-0.31008091119794184
0.13681659368655485
0.38829062204665366
-0.10707896357782246
0.06085983796264256
-0.669991034280336
0.10141136394493983
-1.5219793066555956
0.7398931754586083
0.46524619032955533
0.9139893330558129
-1.068889474074777
-2.1573893183973927
-2.614384715741533
-1.0377890226725808
-0.7551025739983057
0.3018726836926719
1.7587264934816733
1.191206565187317
1.5647337052635282
0.14427276014702434
-1.1404882031662409
-0.5293701553124079
-1.1646781594165374
0.03300901580784127
1.024997457886854
-0.5370658124484387
-0.6962858011500168
-1.7489586031523063
-1.1506439040868053
-2.3444885601568575
-1.6628344688079606
-1.2882216597256668
-1.7645458954125555
-0.37946835144723906
-0.7124836284731011
-0.41530554303621664
-0.5867164674501997
0.33980534833829146
0.7035442038914643
0.037654839041182386
-1.7742084044367936
-0.11725039744714512
1.5445965200010368
1.391875436269324
1.158749261883397
-0.24759853658059805
-1.0997518936386614
-0.39637490390520996
0.3147596645252334
0.28581876516631166
-1.5156317316055492
-1.2293129023239422
-0.9794343612153256
-0.4798321234742987
-0.3224367945320619
0.6351536605748719
0.645893062636756
0.5761174529111287
0.9049374864256404
0.6262199191856135
1.0292304220525754
1.4767245066979702
0.5262254096208543
0.49359165125740356
0.8429049670659425
0.22207573297844088
-0.3268927534397304
0.425128610343373
0.28279847183412654
0.51093550041511
0.05935372244748338
-0.22148668859241522
1.1843430093791594
1.8924049207279423
1.023605145987755
0.1482722264312562
0.12589234688209466
-2.0386760785363687
-2.404269344681226
-1.1901087115196083
-1.0387692963837445
-0.25818157878609277
1.3147891265752494
-0.6722549121428544
-0.38110567491775243
-0.28763250755936975
0.145398600854907
0.25611513831449745
0.7752003888104444
-1.1508812205645056
-1.081081116386599
0.3729138326252156
0.01029479778020767
0.9159896949244899
0.5683997909799157
-0.402825755443623
-0.17905214684972479
-1.8408670322367109
-0.9339374632648859
-1.4475181582608678
-0.6393415421382107
-1.0823617172469788
0.06922902770493918
0.2307848095140268
-0.3400372323378966
-0.30155997225288783
-0.8513221582002416
0.43867202547953665
-0.04151564854355811
-0.10543679628261349
0.0556389112652482
-0.23216674983242977
0.5082054792972234
0.24865049954998994
0.039216476369013376
-1.1820914127697986
-0.56720416677491
-0.6732623359201991
-1.4524202651992677
-1.4512020058306745
-0.2812491055776379
-1.0292967604246885
-1.4657075738639642
-0.44214540007283615
1.3902142361624392
2.0836397461878517
0.5590714914304117
0.4577270665551002
-0.37117359947472894
0.07422145140113871
-1.264447835654127
-1.69521431667583
-1.1087008161927336
1.001583077191234
1.0511918403451324
0.8130151558361581
0.47077285654835216
0.4580261598756229
0.8181112649167944
1.1715916521338738
0.4270744368489574
0.743940422810097
-0.8480447082922845
-0.05311236251482937
0.8534382162497618
0.9228223091420563
-0.3403430755668949
-0.8929268072378349
-0.33758953493766947
0.8427495607448695
0.4228310150094864
-1.7896177316896764
-2.940260143861587
-2.4593478549332732
-0.662189903408537
0.39759250343820474
0.25806560331330197
0.7958539730041194
0.39814453248634957
-0.4161202000285839
-0.07099614476963881
1.0728023173177377
1.5439167731856815
0.2842353724919735
-0.09712634447066973
-0.5489203629940494
-1.1822968314217874
-0.7323952776009315
-0.5458330578152837
0.3323431847460504
-1.5112374310116252
0.3576582666080539
1.1509705748541696
0.9861140898588956
-0.16924053512118992
0.9928470954009749
0.6843402121088094
-0.6204918016428914
-0.4727781834926752
0.3845347187145833
0.623244574892296
0.3907648927567351
0.505073450268356
-0.18713751780745952
0.43405253992746173
-1.1917681771601911
-1.196760331038911
0.40713203079481464
-0.1196266874920574
-0.09894233647853176
0.020755914064237997
0.2716491800672284
1.5745378741776594
1.4720213029888336
0.3494804688649593
-0.978419665943055
-0.451227941560112
0.10618271793918715
-0.23281700284467383
0.18618995729456292
0.7618737769332556
0.3923441807342731
0.7565853590516649
-0.17263886013851462
0.8267075361130924
-0.15443081396619773
1.2536570923693227
0.4994311975850787
-1.7659220499528072
-2.2821258368057493
-0.5645161628137175
-1.6597936332114307
-1.0998222472380386
-0.2992735801634753
0.13872291247614313
0.42016730892475573
1.3800125618421555
1.776378613342565
2.438915123357207
0.8076499383337
2.1489689222381543
1.7459409771245278
1.1675326968680524
0.8976790435562552
-0.3857999158329794
-1.6633908302320988
-1.8135908550995503
-0.5144586611864511
-0.44278098807696176
0.1658118256503161
0.36698026690935115
-1.3448086475265821
0.24543318156426314
0.2672554699239545
-0.32609078157671345
0.4574259828502567
0.47920679761977053
0.452891403936083
1.055383017931217
0.6662335226084468
-0.1502636769346337
-0.7148212586796598
-0.43213117915519667
0.18705127519517956
-0.5334097493658341
-0.22494813560362006
-0.9101898158423866
-0.23724765361113548
-0.5237607237997491
0.27600726316220714
0.7725418840884075
0.4342831419607589
0.7120167495109656
1.364291376903034
2.202067801649604
2.230286891523704
1.189434473273631
1.465800193113901
0.6668826078095291
0.9764923033542975
0.4475059434323669
-0.3348708211670839
0.868333915995306
0.3551098279447159
0.8405134919565269
-0.8443809879368862
-0.3071062137817915
-1.2944258912225526
-0.2341855118163515
0.9336306747436057
-0.8366434311562452
-0.3726583224913521
-0.6070834441930708
0.2318527181372
-0.43886733614993007
0.13536092370803227
1.5945061824138822
0.4051465463786942
0.04276600200976387
-1.0156122250077924
0.37078374437135897
0.5909344791782238
-0.5544566390918517
-0.3505094663850022
-1.2855739321675235
-1.5461988418896953
-1.3746028737361993
0.3594195161406773
-0.5536066190093887
-0.3336902930122154
-0.43673469373270113
-0.3601320065375535
-0.11275405144173357
0.36421023006676095
0.08601777035165595
-0.2041856953509645
-0.738837564559973
-0.794413043606552
-0.7591013459973923
-0.4146644323228279
-0.8081286309567552
-0.578130063397177
-0.9848062659510233
-2.2056576331472235
-0.9136744949097824
-0.17445548955752468
-0.8139454271010896
-1.1148171793641277
-0.6534558640344281
-0.2499418249268979
-0.38214526113561226
0.05160455908513102
0.31024577966242484
0.9491438305419359
1.3431191445479116
1.5537948655951472
2.9286763710633075
2.416321334313134
3.2238729740225462
1.1568542826169117
0.4349122982080732
1.4466107073724674
2.6891180128775507
2.193482484094822
1.8086638217599131
1.3681698513807181
0.18278086861224252
-0.5190166640842225
-0.7307222441158053
0.29447870724376235
-0.216225918967689
-0.7551308176284548
-0.03269634213409706
-0.11469076569354247
0.11850092045805574
0.13583553159764034
-0.3726931035567852
0.17799794206114367
-1.0878197360476862
-1.3832729075005896
-1.835897341295761
-0.019685435910757734
-1.30510969813039
-2.2097895828111604
-2.5340859038658903
-0.956446998307865
-1.1030768070859882
-0.0789589322168273
0.8207495634470687
-0.1658986305320072
-1.0882898093402955
-0.5746780154504223
-0.06326618916290226
-0.5327083108205553
-1.4994318684124643
-0.3724894018015452
-0.9715019385143396
-1.4196620499261046
-2.7703075247129485
-2.7219924160344062
-2.0159971439345132
-0.6281398117602227
0.3980296971362896
-0.7382579030940998
-1.2658318760068075
0.43379016499876644
0.5963356248061376
0.10320862769612398
-0.3580171207467131
-0.8606606490652315
-1.055642840506854
-1.3641914848747567
0.16888611879310744
-1.1261445261822405
-0.4786071206979372
-1.899577589606539
-1.4463714415562028
-0.7198133868530574
-1.413698063857844
-0.4160059736956149
0.8661709625974272
-0.13853384611876962
0.11113589171454621
-0.4124362835258606
-2.0099336838952144
-1.213559664007905
-1.091245427939042
-0.7105921717194724
0.6760856173306629
1.2050855068983588
1.6404943131849576
2.1863256026864137
1.105758006441792
2.0279324143908544
1.3386066623601136
-0.4194795425131759
0.045234501738513344
0.031739972611425485
1.1301944304057285
0.5211611984900621
0.05812444604737745
0.1446703535605942
-0.7474632732253222
-1.3758646355264303
-1.4160942267112784
1.2360183676822158
0.6488593931873168
1.8017779078864835
1.0354567507660515
0.5187464870698671
0.8551394867598547
0.4157330139833975
-1.751140001483385
-0.6642840920522985
0.9611794262451637
0.5010337167752639
2.018547259061994
2.742142554694791
1.270008112654554
1.1179241892781735
1.500249396990087
0.8901777782718863
0.995055311991057
0.11746280403810633
-0.09745700735956644
0.8579137557687667
-0.37830684071302745
-0.24259425382535313
-1.5118551986644118
-0.39147026180194133
-0.9257115598968356
-1.3221655588069163
-0.08490824340293283
-0.09918387703914178
0.2974636922348713
-0.34131807198987174
0.6353647657092997
0.14365600094938946
0.6070082248157803
0.4296904467124066
0.71025866850088
-0.0799293273799555
0.29189407850175697
-0.3663849289226483
-1.4079237293867588
-0.46298198144231495
0.8727627011045666
1.8314176742184534
0.903125655919625
-0.3023621768471044
0.5889073177867631
1.2717591090338782
1.2596093294772992
0.2887728215970857
-0.14801574654715222
0.6554257947802459
0.8422878230531157
1.520060684228404
0.2342249155774433
-0.2978130928739621
-0.8681142838742262
0.7055373376074399
-0.3489475874143552
-1.1932854698537796
0.2167909747501527
-0.6377696174915183
-0.24009551281713404
0.013825845061495035
-0.6651621790955025
-1.353449604224476
-1.3657605719150636
-0.6866238431450947
-0.9155912961575877
-0.12797470634440944
-0.3761621320108644
0.1536092638642466
0.4538644088843044
-0.703933705349396
-0.027234371600163843
-0.6551583708821307
-1.5122377766576804
-0.8201202955632917
-0.617425780069859
-0.23796681585772922
0.5923561899835541
-0.21555921657066016
-0.5807337487772242
0.8965769526066324
2.3276771472740876
1.1705268086008938
0.44547368839519386
0.18493460444405194
1.4065261557451572
0.28905803546052083
0.18418165467316103
0.3369832921736204
0.06918115964513166
0.6292361940789917
0.2673783450149378
0.43231987283112294
0.6442512412756942
1.2295648294642736
0.8720351496814791
1.4804621545697356
0.8871640655144887
1.2214272843932261
-0.39762219814817135
-0.32993064375245884
0.34539874925360836
-0.8668530788257098
-0.2481407084781902
-0.09240427960532938
0.4318146103256217
0.7811898183039466
0.7750099107066835
0.1381343815738977
1.073725945454698
0.5611217811120527
-0.7486545751675686
0.5899389387954524
-1.089485253283373
0.1705884203313645
-1.0661108809226854
-1.9073678379273904
-1.2326667828635567
-0.40482540393329103
-0.9726227204577493
0.07730395611838475
-0.3387122725759761
-0.27081090387290774
-0.062268246979215784
-0.5828914908261323
0.05682417243496499
-1.229618233996271
-0.7017282920802792
0.5918453514394446
-0.30492962253497935
-0.4286472962537934
-0.6723784300782041
-0.18513740695883368
1.2527690835716856
0.45314989309378817
1.3129917258300137
0.5172881532531313
-0.6473252732995315
-1.3317760183233474
-1.0743769036145157
-0.9608394860262829
-1.1293483105886364
-0.8931745280934104
0.4010813098095043
0.8203396132181102
1.817746743145064
0.8386373127081796
0.36592586256937876
1.7240242685163787
1.853137272836985
0.9055374985308878
0.20939068467587604
-0.8550460831523582
-0.0560407618561278
-1.3903047020119697
-0.5477320667361459
0.19736651598200258
-0.2436162447915748
-0.9441683777447378
-1.5139824274127092
-1.3275757690662058
-0.6016627158534055
-0.5843743015705557
-0.9688562552557074
-0.9056041817329151
0.28637054011798296
0.9163290006531917
0.04445318407068339
0.4458576041603477
-0.017437830683502437
0.5023043435907866
0.7175988462295679
0.2955536640906343
0.49916574588741863
-0.7170727616882129
-1.7240713332785536
-0.4739307107075073
0.33582763212931693
-0.60081835938928
0.18859069561373473
-0.912670580575046
-1.1308311298855442
-1.362873461201282
-0.4516450265907552
-0.670034398218097
-0.5912576066215702
-0.6078884777459441
-0.4463281245021116
-0.761273357937305
0.2554035158765238
-1.035998052217453
-0.16144320757953845
-0.3543948347604976
0.032408296693499344
-0.2811836825462063
0.09049934894188036
-0.13117661930445856
0.14223807475270903
1.0508602201909822
-1.1307192239756305
-0.44556132582583075
-0.7282621699798639
0.923393781512275
0.45180376297012714
-1.699672463763205
-2.5779010389413064
-2.299314534396822
-0.7592937377178879
0.20157257566086562
1.4723570960027044
0.8797913231153338
1.2064619339977958
1.0974586839533529
0.33595551627433323
0.9784117593101687
0.5401397180635473
0.2626721988303533
1.0930902359962238
1.579249307809011
-1.1455551842789033
-0.6195980478360212
-0.4238370159788103
-0.27069538525036624
-0.9060593123949443
-1.2168027928126917
-1.3724964502067145
-1.524494558525241
-0.9310291099913836
-1.8274859312790053
-1.5118251422865674
-1.6954558780819038
-1.0711344585824805
0.7555823961160298
0.4476537380508686
0.2478464054851326
0.3548381916101102
0.3297345692446454
0.8352377631434744
-0.19783253199491474
0.45671554669138464
0.9093177280518712
0.6889631425279736
2.2714081633621475
0.5876359410538007
-0.45923940660168
-0.7887203590747991
0.7304960134428143
-0.5679830301762052
-0.45581503456956857
-0.4138572299279719
-1.065099758688783
-1.6032027659646604
-1.4793510454218572
-1.7776884720554336
-0.09895338926326391
0.8637422158193583
1.3435797231458353
-0.5470197796402503
-0.9260387583485251
-1.0817864782548068
-1.9093491301381318
-1.151059950392428
0.15261317944219907
0.13107151218105548
-0.6822374368628079
-1.8421307989784002
-1.3772314113035773
0.09038933031711047
-0.1991801223479111
-0.4248470344683821
0.32636749984842794
0.20566245577782621
1.1536306757377845
0.7765542962040397
-0.2431665803476674
0.128909149268968
0.014448625693113393
0.5989034576215511
1.2554451016517083
0.39606922716398874
-0.1048941062482859
0.02152197835342823
-0.5518939341268605
-1.4360134052992137
0.43278971238844904
0.48423726637139053
0.7040797974166342
1.5222533298067844
-0.5618240816731608
0.21508693052248315
1.0283884015944695
-0.0427101042615574
-0.4226605743178423
-1.552343626559943
-0.1069955048939242
-0.6776144638389502
-0.7338367130277044
-0.028898940756032235
1.3547983273484119
1.7206058615338362
-0.20553718854458336
0.2499448594053505
0.10829861790090647
0.7124634055655287
-0.2914194550312356
-0.3113206306713829
2.2552754416797147
0.5609474078824302
0.8788890561218047
1.1760002657211364
1.7641267789165689
0.25344741006211324
1.7039628347296685
1.8008787713579697
2.0370834789898287
0.9146330238563637
0.8237803680811578
0.7831812792849571
0.978122013162392
0.6476704086909321
0.3276397964121909
0.004273740275281143
0.4341815872842668
0.3641594418790629
0.37135404699938446
0.20053470790404931
0.2298292903223914
0.3196490541776865
0.7202372118528583
0.5163560844007827
-0.9933188746797367
-2.310068783947479
-1.637958476034551
-0.23907377600842633
-0.567860480500946
-0.5537098802932223
0.317523699071149
1.1027141352891665
-0.4633781811842662
-0.1548306179126166
0.6993501393831334
0.3441082989549943
-0.9598460543730861
-1.2610006790375219
-0.14005491686272722
-0.31522435408450145
0.2445657632883166
-0.9997023343651144
-0.44116691714109163
-1.35161757469868
-1.264454548936914
-1.2345836796146343
0.6014407041167692
-0.2748716659215664
0.27184749059176966
-1.3336602881398372
-1.1336090434936819
-0.8373464753245927
-1.3984635393688858
-0.5147818175913408
-0.8993113949722424
-1.6102403550821596
-1.5197032577973006
-0.21598727888337713
0.12547694846322155
0.699806896787555
0.05915467024131449
-0.6629713222433351
0.17703170204617508
-0.025075894788852804
0.773785024590342
0.09854354948277952
-0.30033330643846445
-1.812504997160298
-1.3053005848638737
-1.7649548563949435
-2.3314504309121618
-0.8212765266913377
-1.6180825048068093
-1.2730202001293756
-2.078297455461591
0.15535481502812182
0.27972500103438025
0.48233118360123767
1.0501812895381355
-0.8482098248340195
0.007271762758296857
-0.43288253435173574
-1.712048964080005
-1.0612092064334357
-1.0857858699788825
-1.9865231922889648
-0.251683216376991
0.15156514780931885
1.1666052104023168
-0.04219977956893947
0.6071732548366499
0.2626974130757924
0.9501867148303108
-0.07828243871081736
0.9152089397305007
-0.35063975400484426
0.5356343827781894
0.374334733154622
0.2863818354682627
-1.1105271633138
-1.14398193135625
-0.4624195183203745
-1.124032427629551
-0.8728808559303071
-1.012412246963807
-0.3706900780520746
-0.4873525345733496
-2.135925925289336
-2.0139738808860472
-1.5604980334732819
-1.081045873697414
-1.0913016489300236
0.5533583620308706
0.21011725250354146
0.759585806829662
-0.10016724288681583
-1.0339252993139092
-1.2081282692186281
-0.2576237440127959
-0.4497820514299308
-1.465845460502717
-0.9712841269249306
-0.49001641783968763
-0.5464644298481928
-0.8071301282605555
-0.03309890966843812
-0.4489047614591136
-0.6206058062143932
-1.332164327211622
-0.5897759036874525
0.8261348838442009
-0.2627833349381623
-0.835751607762938
-0.6412805483801864
-0.28043661411689935
0.44846533331312
0.14574136894393325
-0.569345227826783
-1.889664956219514
-1.8722538142562517
-0.9266223280839515
0.11989012213868482
-0.7709110481095688
0.8545500041708528
-0.20618802968613736
0.7243952765981673
1.7988594905993756
1.4094766756146992
0.8408359450196634
0.6471610974868152
0.8645918077079326
-1.1595598248865608
-0.5803705153368562
0.4149096751386089
-0.39108225238525757
0.48870200783932377
0.2330938757744308
0.3684810642223485
-0.48406200144306955
-0.24819802110172554
-1.0761030793576407
-0.3360054899341653
-0.4590615542770634
-0.027287200582918114
-0.916650299955131
-0.02788741163471886
-0.305691666016355
-0.3072242827154483
-0.749254725855597
-0.5142356601394041
-0.8138358598109702
-1.2991812360072208
-1.9770448021599425
-2.0562603666013275
-3.052254311981716
-2.5575712883343726
-2.5751826896869154
0.2033364585744938
-0.8186188536790119
-0.2176119155551225
0.4099359761971426
1.391006251056167
0.9230251035242996
0.8988542346012096
1.406758762278278
1.394812400669619
1.7035022009290253
0.3296857734705145
-0.015957303841294998
-0.6804643432329981
-0.09441414938845621
-0.041085209573844414
0.35273324477785073
0.08622030696543537
0.18744538604105956
-1.0848808159176933
-0.3573513938873846
0.6445423121161842
0.25645591408692797
0.5227987259984541
-0.23939861033470583
0.7154143482403784
-1.8092233746793696
-2.6169681007200514
-0.2999662835498991
0.7701407799784397
-0.4914160547641378
1.0824131659352096
0.5830167448391722
0.9605979917233762
0.5081071197235584
0.46807915435969055
-0.7989778818462887
0.22172940148268883
1.0218030941483212
0.696273105473476
0.18853588108782987
-1.0147890142215183
-1.5154571275175748
-0.5046271873082616
-0.6263536939279511
-1.7261182784658642
0.022023301610710533
1.07967190327925
0.05773795234063121
-0.41709022918490246
-0.531506004302848
0.36010353355486385
-0.3167482841094229
-0.19098910000183789
-0.40194554545910455
0.7738816513381748
-0.2580867390353818
-0.1715223043671944
-0.03081300402142123
-0.7179254427900043
-1.1326164463245656
0.43517916369313725
-0.855652360179453
-0.5456910568150851
0.9448224946631831
0.3183691653027508
0.5869007070748054
0.8745789174657786
1.7886159122385044
0.6838248705747108
-0.6507688007058462
0.5895789224575374
-0.6866225295867234
-1.5069097577728305
-0.6334438779744109
-0.9180094011432192
-3.048342002906502
-4.156486063530468
-3.7859895418308795
-2.3417797221213728
-2.430829302285669
-1.943368919010862
-2.145698806804818
-0.17847190089517828
-0.7486290078089439
0.8389988770746319
0.9586818842772169
0.7082491351562957
0.19537244326293488
0.3429572532165987
-0.4273621335197708
-0.256261315216474
0.217155078790672
-0.6091441865793429
0.2283135494334971
1.6637157113888363
1.0495975171146028
0.36102790553229386
0.43452943192533516
0.5649382001707648
-0.9024846663264612
0.5326285542020488
-0.37372918166860625
-1.9672485112445361
-3.1565334002175733
-4.2522022204850645
-2.29000749842561
-2.114751827073502
-0.7851977954222019
-0.09868227655053757
1.0199321583762293
-0.6083173387977654
-0.10667984118035578
0.7751139235691238
-1.191392782665927
-0.7915975037731131
-0.4053051593552474
0.5730171537178129
1.0203798394488661
-0.1655028687038441
-2.0965932785980756
-1.1324224339927702
-0.15339163165175385
0.786884591922986
1.1652279764727385
0.6838596948567343
-1.0199663528362761
0.8721080694505986
-0.18811209391124237
0.31927273875830986
1.0533214276457235
0.8916322478424705
0.4253673907162724
1.2158157964961092
0.6507919689285573
-0.12983145866299423
0.04346466002720355
-0.23440589067620027
-0.7673006057524562
-0.30701911808647875
-1.2178696138304823
-2.0684281316674853
-0.5624461947602191
-0.49097380063318696
0.17666850239649567
-0.1010947748564254
0.3965698399868468
0.6754472151090094
-0.013419696743718429
0.5793039854249535
0.3485568947530143
-0.3030555661216837
-1.1406855052844502
-2.2046994683381556
-1.9178997067343013
-1.7850156558933752
-1.7387722084301265
-1.335547171480929
-1.0747858257904368
-0.8151290610044866
-2.126978587833796
-1.3927985660136208
-0.048562117719052195
-0.05429838919462787
-0.7821897688856952
0.18273877875127156
-0.7442150855413688
-0.6778865990823814
-0.18457789577395634
-1.4499901971249958
-2.1576721610421
-0.8228843283304742
-0.17408050859774088
-0.8910240341183707
-1.6211550557222918
-0.950142756533452
-0.28944492466464194
-0.8940796884497303
1.1354782952570641
0.30879372144589384
-0.2408954265003994
-0.821540250494641
-0.6551261576473556
-0.31139108015613715
-0.3959244783631898
0.09069352036644025
-0.46855145617814237
-0.7515875463551579
-0.7062886843523983
-0.4182156228823482
0.22286518627198018
-1.0182959347113847
0.23976953134991297
0.9040827158019554
1.0827317176487083
0.7566029325222005
0.2607897804209704
-0.08837722335434431
0.759711200019723
-0.3442524525688037
0.22789907826775366
-0.3183632815367402
-0.9052278775315372
0.21843815320339557
0.23868290526576563
1.6113349176981375
0.17399281836789068
-0.9543747200164701
-1.767083496667865
-0.8541473321227208
-0.8178195779109194
-1.6825926892340424
-1.316175252425984
-2.143854061547292
-1.7169347555492023
0.5489474251187292
0.19191786632300548
0.3118068904541476
1.392130559532751
0.8781865859207872
-0.7193183425848635
-0.7789950665035673
-2.2973336961504494
-1.3583701403185233
-1.0547410172852556
-0.8948112453015071
-0.24782095127002396
0.9993654371450438
0.7597859985039577
0.8715708692532469
1.0248815818750479
0.9863272963260069
1.2504469167446997
1.1572804021095602
1.2180861552040807
0.34237686569843195
0.7706969632999263
2.135228066630061
1.689815928342611
0.5229997825711266
-0.45420300088118815
-0.3147936558145096
0.4638735524013355
0.8844603212258328
0.6460267069648896
-0.6146019395349716
-1.2431933693643369
-1.1528233459141726
-0.06484837761106332
1.2929553497929789
0.7058053412767112
0.9610440147492971
0.9645573882261589
-0.12848374791716746
0.6148414595952312
1.0827361848086514
0.37516028520141875
0.9974552201723467
1.4516470774512857
0.37991884240648477
-0.3486807302360875
-0.5272186869954459
-0.005212132256152607
-0.7957879668328797
-1.7318851425350383
-0.3617727080167803
-0.7575158298014526
-1.7312981980692959
-0.3257990920083678
-0.4200346924302928
-0.8305084153245181
0.7084239596321151
1.5152739998030385
1.1422092147836418
0.2893761486765678
1.1359399676268027
1.9987506644986803
1.6249495198264479
0.3566967013975621
0.5970816536971284
0.6289707443165962
0.5931722179957929
0.3076896278528377
0.17052107416978657
0.27727747963361093
-0.15292387425694828
-0.643299441390896
1.0100654800732483
1.5530116154199334
1.3438779268867451
0.07259870482883832
-0.27920318662158733
-0.3103137327026647
-1.063292760764564
-1.5062209639070303
-0.5824226182297156
0.1803317754260467
0.19774556101538243
-0.6893214121200512
1.8741195140969988
2.3778290295201634
0.9258154122886999
0.8973604913619433
2.1557748417034706
0.9127283272642885
1.2699878084152907
2.1802746256516476
2.257782318689377
2.354742615995459
1.1062204818627797
1.5626773701698067
1.298222446860152
-0.36905301907069055
-0.9642491879247264
-0.8550845923214238
-0.1742915836882804
-0.07337782061797679
0.7098483821095696
1.0629353219163973
0.6506634747500886
0.38889132120072367
0.2839920233431833
0.5141222382095945
0.1647195887710639
-0.8719744584706214
-0.005254879287174996
0.4700037029784207
1.455529782824633
0.3816762153026401
-0.11813514626184535
-0.33966394242201764
-0.33974442743487687
-0.6469058937349857
-1.6539185987009393
-2.001404488210797
-0.49526889101531324
-0.3438932658740313
-0.618372636204833
-1.9745173046091433
-0.8485869876421213
0.8658556042338201
0.07660638075002932
-1.781387431011802
-1.1574356954327925
0.3313798970759402
-0.018060718853406932
-0.16377464768345845
0.5630060264249805
0.6232974782372325
0.2879926031662812
-0.9347287487775998
-0.42188003998460033
-0.34214878628029444
-0.8853804771206885
-0.40459985845565855
1.3113557318013573
1.085218471774169
0.8315407979215188
0.15330775303363048
-0.07684024878927323
0.07599058076467112
-0.523360624550428
-0.2488270379813668
-0.5006316015221466
-0.6574711792118861
0.08131704231763677
-1.1749573991137283
-0.41825506067410523
-0.15710040317427973
-1.171977691902303
-1.147259955353436
-0.738210635856388
0.17055927280941885
-0.8191563964298401
-0.10103908320389404
0.6598356353740972
0.4678056862662999
0.5440478342509064
1.7816207112723454
-0.01219875150645211
-0.2195798121728713
-0.3375299142817582
-0.7142844696765246
-1.8025153772544624
-2.5315427719988297
-1.9582164953858585
-0.7108532842480835
-0.39474024604549524
1.6583614551892074
2.0919099882274277
2.1259795002691915
0.632670980544919
