0.0
-0.49956777919262635
-0.7697214471876364
1.81515038077706
0.5466873707841187
-1.1697153535457723
-1.8053935478336256
-1.078624635079217
-2.4252879628994606
-1.3217608501621831
-2.010225113552042
-2.5513098732716255
-3.0626840583128474
-2.596353867448352
-1.9959060134117046
-1.5301760516220497
-2.0500584341866097
-3.0043468449075994
-2.406176606686629
-2.4266410545810655
-2.760512022183443
-2.8202682217082313
-3.7336599555466456
-3.918846250532435
-4.323267858924737
-4.461442015281483
-3.7169598236592094
-2.945111089366916
-2.0159529996011263
-0.5701774022621218
-1.7994454418263321
-1.5201272767288467
-1.646736687320787
-0.1995767192814177
-0.6074625814631254
-1.169974002215984
-1.8800239495604874
-2.2673923643525806
-1.8495402865566253
-1.7895272518921492
-0.026427419613723937
0.7657701740375348
0.20641226454082517
1.5173970689379017
1.7007321524149326
0.22463994164126722
1.0071806123761702
0.9541487749703189
-0.5032800328978889
-0.48223146233513997
1.4210753628830108
2.4485363755794034
3.4173646039815044
4.861386996837941
6.221743330168257
7.66430670343318
7.044098885034527
7.2259094856369686
5.516712475260594
5.280733917502746
5.5654339428084745
4.69306180950915
4.22162896884978
3.4895308571815473
0.6796623045705514
1.9644130141120026
1.9228732233177297
2.3469056968895146
2.272308804880355
1.5451399965252404
0.3220195960730279
-0.7813136774482109
-2.0263297533527362
-3.283858774011571
-4.175249646473036
-6.114308106208253
-6.006812783184643
-3.5408746875805757
-5.138190996883733
-1.131965440501567
-1.2313571888508594
-1.484609708916567
0.03514523454107509
-0.3271545860842059
-1.2666626705581037
-2.913936279565217
-1.8492681217093638
-0.9533565583541307
-1.3611023352136575
-1.2211135321899693
-0.937360243752855
-1.4075406502603722
-1.0313655596020583
-2.2139153558263023
-3.496549629517096
-2.6643134838370353
-3.05066474541413
-4.06471255410936
-5.1448913806197
-4.546513741584265
-3.6506415497257843
-3.5007474633842137
-3.3702143158706095
-3.477187192832389
-3.2123648342818893
-1.6256014492579254
-0.8098022894190431
1.6377655583457407
0.33873084832369527
-0.6613963006584714
-0.7983949132450551
0.9273476617695846
-0.8025228051224129
-0.6919692512140864
-0.446326135149598
-0.5174546579508001
-1.0295416861870008
-2.930188921922897
-2.175989609535894
-0.9508877861354107
-1.1924974160598338
0.2542758012661619
0.7537017458597807
-0.3025706130356226
-0.8556074428806479
-0.13122601552142277
0.84966687968649
1.7906031369097453
1.4260770887055076
2.1832437172760297
2.8156697123693193
2.8777790038193323
3.7550553042327453
3.798445920251403
2.499510764896407
2.66738470147808
2.599112074073541
2.551835739300978
2.251877341447433
2.021903210957312
1.5539958112136825
1.383429171505091
0.3990168339673849
0.04961286279172264
-0.5740867808196357
0.36436021874343927
0.0071160153349695
1.1346474656143075
0.921897212853607
0.06953576635818656
0.3186567836609969
1.8532636732449843
2.266869747552435
0.30656829437868327
-0.4578316392266419
-0.0011797991755625181
-0.8726391503205262
-1.2020468221078462
-2.7366510136213407
-4.834075877276223
-5.439952625889655
-4.964719131879143
-3.4053460732099956
-3.7080185834537476
-3.0518000409749546
-2.5386956238233194
-2.3873270741367527
-3.70162599784081
-4.135670636066325
-4.605697859620542
-3.0254530665703467
-2.6141011218091172
-1.3412990670223368
-2.596082432520837
-2.8413786898421756
-1.3863400847982146
-2.189923353824456
-2.8166268417177345
-2.3554419134961164
-1.9744575606826347
-2.064496836295622
-1.2249937171809573
-0.023588809696944716
-0.32541408138577865
0.18924410536471306
-1.4236212795261027
-2.971648537093868
-3.4120583556777073
-2.0778030481278047
-1.4548313845070489
-3.2279413806654187
-2.9440922042584003
-3.043536631102718
-2.3682672011251427
-3.1007099922902586
-4.385939331429439
-4.205655179926452
-2.8436768055938693
-1.2208498668587646
-1.325016788333382
-1.6147546554878056
-0.25547052089054567
-0.023001259799237173
0.34843109188213917
-0.18403272233512774
-1.7132742420526426
-1.4420169745203317
-3.2323121470663394
-3.27312461299926
-3.254902208922093
-1.5614877434362109
0.1756443354428428
1.2037174728083762
0.5447716822597939
-0.07247369121991525
1.2705551984995007
1.0865454248772304
1.1943319283396856
1.1084278246287071
0.3252599444390383
1.0631817484430512
0.8305435393436058
1.7249244777562494
1.186855905840329
3.228594683852337
4.696009617250827
5.25462796345438
6.0364960679050395
5.923172349831999
6.447521290132088
6.236518945094615
6.382788129669956
5.582135078230588
5.230280401484055
3.9248342367235347
3.393906848469825
2.931460034616986
3.5380841225172692
3.920493886384006
3.349093118858044
4.115187314577229
2.412223178832009
2.866173252174015
3.211253178669254
2.134500074760709
3.9537824546473943
3.1847669851931544
1.4568312230597873
0.28654143124000253
0.548049143371973
0.46936686985398673
0.4648539845318186
1.2914396133734294
0.06563370208278668
-0.6629454725531674
-0.3302888281676515
-1.4578751067259614
-0.6908636032107558
0.1441577228943327
0.47942095841427684
0.5552554439811226
-0.7760815472882017
-0.8725792451735501
-0.7401363092992927
-1.3444350136605927
-1.1365946352216545
-2.3215142350717115
-2.1690776290731133
-1.8076295383227403
-1.8961527743580615
-0.5647673738430299
-0.5321867397256557
1.0411392828701111
-0.5540283835299556
-1.1772311634669939
-0.6281581675145277
-1.5148510808794922
-2.1339548890889146
-1.9918498022848137
-3.0201975179089966
-2.691935449016244
-3.216548507561155
-4.7766788489751635
-3.3543546297733977
-2.4721068866497933
-2.4307221620608903
-4.234126722599992
-2.756877093888197
-2.9249245737524605
-2.368019730456387
-2.6238001836730946
-1.708566043054462
-1.481532542053821
-2.3838508682865793
-3.472538461477079
-1.739831580265094
-0.968496147018616
0.3258807673572606
0.17179429106879995
0.4152203753791066
1.7876425558190747
2.0210874313047316
1.743697401348942
0.8098728378659563
0.7546332830460991
1.8879413864550876
1.2612430459118937
2.2725647694898705
2.263009409455746
2.0299901685646295
2.769547480428682
3.1992374794984135
3.416255948891152
2.7242315998730455
3.0654223474615256
2.839994834856854
2.767175411242856
2.8974793244000283
1.9969133132773205
1.3756335678002842
1.2786489641910463
1.0541375182017356
-0.5191772695279576
0.538249582899977
-1.6970482721209168
-0.8108906902477998
-0.053155549076811165
1.6706593483218202
0.7069867077819469
-0.03598630389972729
1.001779939575802
2.2412241116775906
1.870568154558811
0.4862463255497316
-0.05485968502949136
-0.8128493139697609
-1.219436897956414
-0.7459003450733321
0.12354797822746658
0.5911921345900798
0.33072902467229354
0.5365816443140027
2.235498287363738
1.137044858906579
0.886896225950934
1.7777178810318794
1.9025630414259207
1.10986438733186
0.7136670566779162
2.188062830077213
2.108543234924708
0.8748054586721994
-0.015535097241410847
0.44443907774752645
0.2837685678030484
0.7205948606978474
-0.7688166611285396
-0.35353442593528195
-0.3488963276593478
-0.39802581930664144
0.2652892300789618
0.732881425482249
1.059280642679544
1.0399819035613347
1.255714665649006
1.7329376941386088
1.8748924777816334
1.1653663461446693
2.0503099250811223
1.9417973043167733
3.220968190544614
3.6194740976362905
3.1489527215672495
3.8387426182867275
2.915547874141715
1.645183412493028
0.3011150057575061
-0.08131279918774689
-1.2151683094127224
1.1126785495023666
-1.5448544357495262
-2.663765583931553
-2.9891102000576386
-3.1592095400699898
-1.6768449891849198
-1.993996647520209
-3.1191881580434018
-2.675202053203971
-3.2713961309217514
-3.7864900920855993
-3.7452340783732745
-4.936672158748518
-5.5276462397090915
-4.09892489758845
-4.288908635197622
-4.127722865634787
-3.1493288344090002
-3.3103696486590968
-3.6121410454222245
-2.4141140180389735
-1.1471147387027094
-1.6091466998129764
-0.7150619655974639
0.5965285361488507
0.7193560671041563
2.1811304250097714
2.903813615567294
3.3944540545368
3.0606383609053243
3.1133431689784175
2.6062447403385307
1.3596486174750428
1.5173215091267853
0.6768034478994958
-0.23226003968880787
-0.6580680144789571
-0.8881949957663176
-1.3143054806840024
-1.8247334757344988
-0.7483424061433517
0.605578827795407
0.20921205050976424
-0.8504649290494886
-1.2947578374062032
-2.573054363556032
-3.2723050355728818
-4.572753932796232
-6.234584553312062
-6.709601322106674
-7.595079759788611
-4.767099356663618
-2.8336986902652885
-2.481528929127791
-3.9942447692718974
-3.0641689456867844
-4.387123581923572
-4.813157074724195
-4.158063376720133
-4.610869147689722
-4.946804927509709
-4.811916523639146
-5.786026898837453
-5.439797151521746
-6.329303729672979
-5.217677494426222
-4.441881540741268
-5.082840508264164
-4.469588741646189
-4.336129088995759
-3.39614376726781
-2.713821687452743
-2.5023199133447904
-3.1743596468817663
-3.7000044504447036
-4.103698085827623
-2.9109682245277555
-3.857455791883549
-2.0287375109724004
-2.3664919642384765
-3.5041775781986435
-4.525009420429253
-4.7623016935974505
-2.5036884038289737
-2.310110586721452
-1.8735339665649626
-2.6907983924151626
-1.9759170634225722
-2.4161499955090684
-2.0455879253324434
-3.7548372710375073
-3.7684291097572835
-0.6140601474244082
-0.32982197646422157
-0.16426426238214914
0.3242576245539737
0.6968766718281658
0.5742383077905215
1.487992401466359
2.5829294606566306
1.8352824221029103
2.112822151209803
1.398682339457082
1.4271908137719294
1.1231317860871737
1.9280756402919195
1.2289802007602328
1.499099361517351
-0.5111781255360465
0.5923790747806188
0.8240912231638362
1.4873223337190162
1.364204569413703
0.1963248426975847
-1.4325031338355103
-0.20051349353564296
-1.0199521484682517
-1.3259479736171809
-0.1679769680155593
0.9178129091707493
-0.9228838097820053
-0.3665050857253767
-0.5563066276663072
-0.5421183034618284
-1.3640016649668456
-2.6268269520391336
-3.0190046164456565
-2.776606225810321
-2.5626892823423795
-3.3671323539206943
-1.6846791474811198
-2.0073473387863356
-2.3313078514201155
-1.3329845917518184
-2.2600603389793403
-1.9295174562466704
-1.3098465628008178
0.33448791642771525
2.737702413778487
2.2817318651545375
1.9736729867112641
2.9317156349872193
3.5930774851575533
4.530767080014455
4.921235820354492
4.080781768851866
2.1272758001602208
2.440753918937384
2.333772741284274
0.08638104265870294
-1.5398511752108763
-3.275953629949461
-1.5462627902615007
-0.5042320483187795
-0.6108619811674052
-1.6593320928892539
-1.8913229124352486
-2.6712217881158917
-1.6680834843109302
-2.3740212979037967
-2.5737094932636384
-3.847613116010105
-3.184607272718293
-2.5226508724027776
-3.703241848740537
-3.279932056171228
-2.234332017167656
-1.2477823640293697
-0.855511574359614
-0.5970779760978523
-0.35031279955404543
-0.6525025893040269
-0.2505452066886212
-0.4056142007563473
-2.1593862179614387
-3.174092863239956
-4.390620986423196
-5.45366055163241
-6.215221572058709
-6.373176305254801
-5.760053230173528
-6.623630856307235
-7.955399495458044
-6.1686764835462515
-6.2303187164797755
-5.415541012427185
-3.651250844523663
-3.79382117931591
-5.291672745641431
-5.419126630338909
-6.2542989206270025
-5.505980074376617
-4.262773795645954
-4.883545077548055
-4.305677346196368
-3.695597320366754
-5.220076237482702
-4.666394232149224
-4.0445756001867705
-4.553132307678807
-3.266434072584305
-2.2006653723167906
-1.7858923893620748
-1.6882998033777328
-2.219686788982968
-2.148251003026243
-1.8274670736849163
-1.8441637564755482
-2.6043829848849556
-4.561703793065177
-2.7467278542435034
-2.959781132174642
-4.1354863852611885
-4.415128258674499
-2.5439534799526644
-1.9207391298706427
-3.9731515908229538
-3.6871609746186644
-0.998407831245788
-0.6911461710291444
-2.045319685278037
-1.2330760754099495
-0.9853899498974109
-0.6662472940169613
-1.5171564727623676
-1.4675357968477918
-2.0008109751580707
-0.2142561384193979
-0.06688817292544941
1.1458789888993803
2.118741495218447
2.2074459128342028
2.0588929681984087
2.3911013580872016
1.9285668205547921
3.0679970990643928
2.4999481594938664
2.591029688418006
2.336622418309622
1.3590787439250598
0.46464169719944504
0.38569989752772255
0.4708462303975352
0.7183294479491426
1.4313998856589603
0.9988049670135289
2.6328086825443906
3.565795515078215
3.487862907081179
2.8492345713121416
2.7803843604912135
2.732684036002889
2.711686801657628
1.3768236498001936
3.0969556804381364
2.278983768760885
2.2436225707733373
2.44546604916813
1.8807351491015385
2.1921967096092563
3.064551382896924
3.9595979500207177
4.098334281992619
3.7417542427613077
3.579603641252653
4.854068307353817
5.801185344183645
5.452533512575011
2.7423442817327683
1.590707694782329
1.0794795377916815
0.42390277380693686
0.32449545226599263
0.6845944654588327
0.22310185077451494
1.889914678731262
0.47711199485853506
1.7052265399101372
0.6111805212046508
1.560926931201386
2.425450614339078
2.7690785963125757
3.9621238081718047
2.17266786764839
2.03476867033191
2.1420949114240138
2.401225873718595
1.6119260996827605
0.8147043498390533
1.3873627048174852
1.1610023974652257
-0.49360834395681186
-1.1748369505533671
-3.7373983608054893
-1.6897346725642677
-1.8940368376535823
-0.9673704141463424
-0.3222919199877847
1.2157720271420613
1.6672143988726447
1.2570927977959312
2.755416185980255
2.3144690552136753
2.5147625401882676
3.68385745143113
2.203846261794962
2.6066184152066008
2.197224151846986
5.407086906425063
4.971808200589874
3.3226708807582397
3.441322508940949
2.1720992532948085
4.117349417735297
4.41621524690791
4.231816489303258
2.587713080813778
2.9491136814904153
0.7238980034459837
1.8050537978833054
2.727834634995251
2.5957661674810106
3.528353518011611
4.114201520029705
3.3111544289244708
1.9589517934447764
1.9332594152565838
1.5820636626971463
0.6434538156929459
0.4169237114784387
0.18356569213709117
1.0286616539068048
0.6075621234754786
0.2231265100404639
1.0692166681561555
-1.0130321937715183
0.1419900448098143
0.6361810700600283
0.9875987246586055
0.942990342573776
0.9470244189809729
0.026648789140034962
-0.22059157453191522
-1.2743941331650017
-0.2797275503973423
0.48328968322353366
2.110441297470394
2.2166441832526083
0.2114337407115857
-0.5277333787621281
1.0406726486544027
1.8286606490359834
2.784063428365291
1.3972759114110558
-1.0105976003741102
-0.7520737201624148
0.30919757138488474
1.5927999640691473
-0.2992719609803148
-1.0149090208939695
-1.12454028105825
-2.2331947140366055
-2.7553334674843732
-2.4182362464752436
-3.68937637739275
-4.479031536149626
-4.334265305815189
-5.282604479485795
-2.57365047176873
-2.7956161591897417
-3.4993098007745047
-4.934339908221734
-5.684298722324084
-6.589622666649125
-7.690678512959241
-6.3670740728942326
-6.770563097880707
-6.373615675088036
-6.02218432456839
-6.084746313165461
-5.35237967775396
-5.950930834174132
-4.4622127934676925
-4.181172622733945
-4.735454228784128
-5.366276179348936
-5.121521867219017
-4.400739577341522
-5.569626365451645
-5.39876203762249
-4.417674153077749
-4.1639284723674574
-3.778874835531132
-3.484967897798692
-3.0807499840877117
-4.059645056103675
-4.223127819034002
-4.207929233241562
-2.223500265591491
-2.702560452496856
-3.9424255657895557
-2.9461011664721215
-2.611290268149934
-1.2732654784851747
-0.35673498898041167
-0.8755457105454678
-2.623626043520388
-1.8220023172466508
-1.4073161053572405
-0.9651064293768047
-0.7562608978439396
-0.7160857290730884
0.015615638193568843
0.9768531735257178
1.1467600046721962
1.0410163123044796
2.4234317313882006
2.8312526892944945
1.9073381556390658
0.037195299935116805
0.2646728902898189
-0.12233608893165157
-0.9976058115041545
0.4532289968884554
2.4591253273677207
1.8286077278911959
0.9212255473651885
2.4708103716285112
3.8331016475392254
4.2001049414232074
3.943799000034732
2.9574255034896964
2.3173098172842423
1.2795529392336302
0.4271476032583688
1.5645787528792823
1.1256125256754208
0.5194867728882173
0.26022620813948383
-1.6904404668549922
-0.4015244749794154
-0.7732838363067482
0.96085322913835
-0.6640653350412071
-1.4867698087287142
-1.2883316168971295
-0.6221707782679161
1.455686026034289
1.0356602357477758
0.6740089450154867
0.815711599282363
1.5352597765867568
1.79056955924319
2.970515263762045
4.145253474146366
3.8994402870383573
4.041370815362453
3.1873142634349896
2.928936535943095
4.326066241849772
4.60688085478376
4.35854764017365
4.755132380015059
5.3738329820028845
6.407026846556161
4.895635925197384
6.1505582993827606
5.777809282030498
4.1954878973261005
4.290203177363752
5.080271007252513
6.045178552837967
5.976708312091945
3.3162883707742017
3.064696845633622
3.8507736173490863
2.8454907703505485
3.3082279109745323
3.341326558755047
2.9262620179074528
3.431830936433663
4.598881374515245
4.986514069418087
4.825196556321619
5.965421254796847
5.3004468904902495
6.410506133152136
6.131962662727252
4.201958240062538
3.1160397698019735
2.9056161447634397
4.810706707726848
6.02118399760266
7.944382652239698
8.02510272234546
6.080920088600935
4.974483245950255
3.4739716726724916
3.9786631367207663
4.4864307312913185
3.1775160061886902
1.823880292323058
1.3078376975970836
1.7407652251461787
-0.266683563761259
0.6340322381631976
-0.10226413806813593
0.7092514979868129
2.0727914030149317
1.2256693831653622
2.4160382348047205
2.6769004908102456
3.881404602136446
3.9198387077293804
1.8436279980160273
3.1033569665037373
2.8506137068333457
3.4808856224886093
3.212290146594314
4.282147887872578
3.6633729624411404
3.5647013905112312
4.778243842131375
5.151092860162381
4.349879139548367
3.4007896852567225
2.901615807687982
2.700479913158009
3.4140076948716906
5.20420327839925
4.696368818933215
3.8460267648900643
2.7161948402752665
2.1955780049787106
3.2382159056496733
4.497955529751898
5.55267321834487
4.6679579574753465
5.038951287428272
4.689772974041472
4.809885514313478
4.199273112215716
3.6119870850715152
3.359500098712626
2.6243847339592796
4.317947843395817
4.678940130824309
3.9396648712696196
4.245598598006017
3.4980881288544583
4.106716914765935
5.612747070969308
4.766511016762949
4.0922486935393785
4.899771943086398
7.014072430126546
7.259347275963659
6.599370766680339
7.705183968257595
8.179381547653112
8.46926523596058
6.379220083884774
7.0050165516800895
6.109254902892252
5.204546705366326
5.592183283533839
5.411871441812229
4.955744203043761
6.750865734064698
6.649512112368632
6.452572715443378
6.813720324696954
7.1815968176138885
8.513402946104076
8.968217893867163
8.943486073676887
7.413364481013474
9.113925324446527
9.604416330978674
7.298596784109625
7.683277369918197
8.323667958272816
7.619952741204044
7.623736574213742
6.199062636984694
7.954861191686219
7.616166460251385
7.997060549887718
7.720688378103124
6.9468561677292335
6.863938794725998
6.094269043460942
5.727546658181766
4.597761310742046
4.584462910176962
1.1520284048349045
1.8323477951968168
1.4709634134843026
0.9539433277483097
1.718059355442322
2.1579820789068433
2.0165998301710393
1.9993756718143871
0.4331084466463664
0.8343461297530022
-0.09099688189733778
0.04216625550992001
-0.6823073116478786
-0.8546641185911951
-0.9582942385275941
-1.938617371857386
-1.780493392496058
-1.0108740011461481
-0.18405617224973372
0.11557943614613894
1.6392720568753318
0.6987987164747755
1.1704707673217762
0.6567297257562642
2.1625782505201046
0.866844037038461
1.8160212357598255
2.251393969445502
1.5868072051410227
2.511468715571189
2.3780498067457883
0.6750938793431461
0.3389526086330359
-2.666923045756163
-2.0574485173064936
-3.0890946975912286
-1.4842005969441046
1.2700498950338306
-0.16941424492918192
0.3516376485516402
2.436992041847724
3.6105151694898954
3.6981294023392453
3.3422691316760003
3.598729417620246
3.048785611270672
2.924303911841748
3.0469827304534256
2.6880585421200425
3.4398762528421956
2.5055865352866706
3.1302849321771244
3.6640137533517567
5.283489757824599
5.246735182528184
6.026417038606383
6.247769002450604
7.0787607834657535
5.981091156246653
6.094026702330789
6.101603462853781
7.188772298826474
7.577519341751092
7.312932059940058
6.7022286257800845
7.338092420373373
6.0939448060009145
3.8934998217946712
3.9641859499362324
2.693033028963688
3.2573840508985925
1.1074863794709486
-1.4130751399170394
-0.6951930906121793
-0.8692190434591468
-2.5177284671404747
-3.293035813654016
-1.7550628715238898
-0.46040283411490573
-0.5150294288912974
-2.601407899346761
-4.493110994203186
-3.9986507140569856
-4.272673013837839
-3.714880748191811
-4.589018121146665
-5.065278272274238
-3.631836105537842
-3.6966793415086934
-3.44922567528798
-2.614237542286906
-1.2564091689087105
-1.4233541102910796
-2.3640933062540075
-1.5640110821101325
0.033136570024851986
-1.0488705263309377
-1.8369193366291476
0.6311978886468592
-0.5657201787223456
-0.7376735720668011
-0.925960914458625
-0.5644312367639279
1.0049266320013313
0.864654484427938
0.33849131173999847
0.9885718133931598
0.6063412555721786
-0.3855973651214803
0.3467365349267149
2.2635497073309434
3.438346047282397
4.038906033312503
4.12807664771266
3.3461237628133627
1.9505907094999362
2.4624361332489184
2.4160743462945713
2.7899279310941187
2.456621219750259
2.8401697460896864
1.323273336416276
1.5396103183727514
0.49679786306804075
-0.9576284450178402
-0.882895362384302
-2.0252420101829056
-3.832899283628035
-3.5710634978685154
-3.893039418181774
-4.676922248709469
-4.0088115790004935
-3.3381978856148837
-2.8690825287362887
-4.494253561667785
-3.0531295903790845
-1.3963712085587552
-3.3810149916808285
-1.9876509769383075
-1.6909801062123473
-1.4458962339325203
-0.5067959635755558
-2.0002077627645045
-0.9334133334256776
-2.355548877822867
-3.880874234237396
-3.432710858515158
-0.8385483952343097
-0.2755368203280426
-0.8847424000629843
-0.7237474054855239
-0.23154149799164353
0.8795862651815256
0.3224294476545218
0.5355783157999745
-0.6097024366617803
-0.29364900739667454
0.7280467144409188
1.3836410821628848
0.7286849868740247
0.34494515040920987
-1.0795732736079637
-1.1272540801196
-1.9146448290427187
-2.4536613162007366
-3.637434658716864
-3.4210061642015788
-2.898197317966363
-3.4103178977735573
-2.5894208120814457
-3.146546024162297
-3.0704038674181273
-3.6663696203276834
-3.4856513105871225
-2.585665440874599
-2.909301650255202
-3.325494326428341
-2.8988380044012843
-3.0094577776650424
-3.1080752984241387
-4.043262655856884
-2.5430259309414347
-1.3725599630260266
-1.53606818219877
-4.116006598463818
-3.370233769364318
-2.6919847106108747
-3.1628152178197375
-4.024404646364589
-3.41096377458144
-4.283670578468298
-4.5614528224780315
-3.725671573097544
-3.6772573260377044
-2.7712747579643087
-2.49153679432462
-2.9136763339975853
-3.940699144529313
-1.6372056911343607
-2.814379152951074
-0.7263303761445171
-0.288789391910416
0.07519977148358586
0.7172551430619793
1.5935727256088994
2.1008367329679034
-0.3981180030313731
-0.7117684759858861
-0.27280244618783434
-1.6172820764517088
-0.5081275012227564
-2.2310922791537786
-1.1376273066891125
-1.7204242467641822
-2.8688772196629038
-1.466923220177252
-2.0931270136462574
-3.4548644071033014
-6.019799650411259
-7.201222964904311
-7.419415490270578
-7.281140148740518
-7.22504524756885
-6.821331637418366
-6.650912346103782
-5.819059458933466
-6.465870336966141
-6.415372513223103
-6.284475603176979
-6.7923509226771035
-5.859693818487237
-6.583228492910115
-6.486882930974328
-5.477979788977511
-3.960433530107658
-2.980085042345625
-2.6585201322705054
-1.2746365311991439
-2.2905271755270955
-1.3159890727192212
-2.2700452059293186
-3.090503067349367
-2.990092250529504
-1.9391959339630334
-0.7869769138765613
-0.9621853580500247
-0.9941776615506278
-1.1204902773572885
-1.9828777326484264
-0.6816389337299277
-1.1693877706254912
-0.9259229858441166
-0.9351689303222209
-1.0130203061531058
-0.7972329964474286
0.6615609604897361
2.0993410503867485
2.285741541274933
1.8002739803298309
0.47350610144875527
-0.5661163144388749
-1.3385686089288953
-0.7974169002130241
-0.37941034344185054
0.5313282014461773
1.1926593635007796
0.5553196142203563
-1.2885194194041016
-1.104802181545005
0.28199453416260306
-0.2412928953743274
-0.20096680312611423
0.8432698979550967
0.986720764386177
0.4038978665343303
-0.8436708473437706
1.217025130412442
3.667442854857306
3.9317517485673013
3.2427078189460223
3.618587414316929
2.6183778823912376
2.802213305613877
3.9895565250879836
4.399070834672485
4.381827938181663
4.62374609827569
3.0743234160131285
1.1144487608595561
0.43764706502657236
0.3572184730781712
-0.6724516878728434
-1.3883815623028477
-1.3874229734693762
0.5778751352865026
2.7568740889101635
3.1450775318621527
1.8507555340350272
2.141090800725284
1.8142881129297996
2.15054450704982
2.9945884240039824
3.7301040115414823
4.63520724467776
3.8391699433537125
4.32151845032501
3.074913390612116
2.905633986031308
1.025012183653926
0.6619426361853162
-0.23242658273946734
-1.5529862195076716
-1.2639681380948402
-1.4727782510131346
-2.0783651443743727
-2.0458243323491963
-0.3867419812941571
-0.5579722311391526
-1.9611309393930063
-0.4403821060284019
-0.6506759979320376
-0.7016727349741059
0.15981314572414174
0.8757594542545318
0.21337525515287553
-0.69933990799244
-1.2417199584940712
-1.023864636996537
-1.824682061834197
-3.5985847349539037
-4.519321975362852
-4.7057548445550825
-3.581889675121941
-3.2563347058514207
-3.115928983778562
-1.4703270216689492
-0.03209994289393636
0.27908054427085116
-1.0380064547744619
-2.2987742048751714
-2.6030389658189357
-3.60256162600453
-4.180537951800324
-4.937219101446757
-5.753041835181554
-6.01600780405884
-5.28416080071665
-3.966637424927469
-4.498185444030916
-5.6458474996950425
-5.763127753741974
-5.809038306945044
-6.706414491841199
-6.250673863405162
-6.112323839675434
-8.119468010450465
-7.300073437632432
-5.079788624130282
-3.1273381472316846
-4.353337714286565
-4.344951777453834
-3.5012233620767725
-2.921425482048439
-1.7936442207837098
-2.618959004976679
-3.1672919935669945
-3.557128613366912
-4.069559067241867
-3.8691653193135176
-4.241317527537434
-3.299419679407365
-2.428960933255597
-3.760076753432137
-5.650645856435894
-4.431738103474786
-5.427991467287076
-4.801639248473179
-5.65120991962522
-5.569631145579368
-5.678036641440852
-6.613879134451425
-5.663867591215656
-5.878313316336703
-6.434248493285244
-6.283462589565469
-5.131238782487051
-4.88613588587479
-5.154747931895404
-4.517885341426228
-5.417563014948827
-5.652050472269007
-6.052793191940164
-4.968360030748818
-4.339264629325437
-3.9477000212364595
-2.5239519727537387
-0.34415494572515476
0.2368535491293359
0.15152239711860493
0.08526914705171298
1.170498229108733
0.1974546618304137
1.246820971211436
0.3299223938494893
1.117492294537245
0.2993428359651775
-0.9365927816023618
-0.4525872432236294
-1.3911946270489526
-0.32566976430361516
-0.1673072763623544
-1.0108666767906982
-0.32181898909450724
-0.2249018060420405
-1.4261287303930383
-0.5684199634399557
0.25542301517439664
0.28507025320893076
3.147120604979883
2.1933915638769608
1.7198180832331436
-0.4650847233852974
-0.39029727073715115
1.758945601409574
1.88341019015297
1.4058917018806814
-0.16964325351605017
-0.6353214432867874
-2.0645363008952584
0.3741783595296303
-0.38840788092705014
-1.0218938245086626
-0.025603496405194492
0.6643423773299542
-0.5197186992129637
-0.6496407158086759
-2.1025700889080174
-1.9115252335917248
-3.0124702532791514
-3.3857084283514296
-4.296912115449603
-4.093104004411589
-3.500544512870258
-2.252587406136733
-1.0973329374693304
-2.609119083127257
-2.742933840700191
-2.641046882065536
-2.8358471350473833
-2.580381255526676
-4.632261831296985
-2.9244169023349356
-2.509907435885596
-2.713512660077459
-3.8252998070721214
-4.5627804969096575
-5.554206005090173
-4.944222156186696
-4.426048080685399
-5.447613024622515
-3.753251219599773
-3.3721147281071597
-2.940389564502975
-3.3342567746257408
-3.285605590759345
-1.4044273076549725
-1.4620168121613746
-0.2247761391692674
-1.8805177527773904
-0.3779970966344792
-1.257998648813666
-0.49740571378275167
0.22649252370581802
0.11633417328107637
-0.6984358986037116
-0.2878953098072823
-0.15971865639565896
-0.42362928762895513
0.6142524575165988
0.6300541175286155
3.248057010588016
2.5182665886674602
-0.1899782966612889
-0.1120375062425144
0.20052391720640403
-1.2038474686086909
-0.20643981084775656
1.0186894468851373
0.6369238253848353
0.34519034266371534
1.3619369585531251
1.5021227816202107
2.2559004693259137
3.715963125364586
3.785578711409153
5.484786082260352
3.3356018670662437
4.751966467646539
4.3134835394986775
3.831009089067111
4.099540551347169
4.0331005214575475
5.211818022501133
2.9632471726584964
2.821752647655476
2.9618337255258114
2.982890231817366
3.6991210499712994
4.0041030307771175
3.949146665202251
4.376994242821046
2.570931804718826
1.6526274516858135
-1.0584091801702447
-2.0354524033730224
-2.17523213608105
-1.0924605320657297
-1.3904646367809301
-1.7482505942701279
-1.6015953804312777
-3.0605974081523035
-3.228447199930063
-3.1806947029093036
-2.6266890653181947
-3.2197158790000495
-2.973728644052717
-3.7956946478117235
-3.932884766768014
-4.0929494367782056
-3.8668011662576447
-5.047732909281503
-5.178260662639062
-2.91996482412923
-1.9389684911100764
-1.641885478553518
-0.47752959380986976
-0.21584334535330185
-1.4820674261241937
0.4079487223079366
-0.7638389647088266
0.743904294173741
0.33687860300007266
0.2854719326405346
-0.6319727505604789
-0.741802940456094
-0.03559392387845138
-0.948925830457895
-1.0404936323381746
-0.2506901833620044
-0.5552925790030274
0.015715595438946905
-1.312707734352362
-1.7638769480547314
-3.553032430970949
-3.904202765207471
-3.537631291648854
-3.966299704224761
-4.919147506231475
-5.358284486491457
-5.861464821152658
-5.213161656866313
-5.362906127746001
-6.234627643462879
-6.408481933632746
-7.429112967115537
-5.942361622529673
-6.25411792194709
-7.325966980986803
-5.533858443989981
-4.679029845292194
-3.0191299699389593
-2.912374351265596
-1.824420006596831
-2.300626993643027
-2.164737813746156
0.7675400527013266
0.8341630115140866
0.21253979362083203
1.5423902302980457
4.909378404265278
5.562698127433777
4.856825626773671
3.6429526846883173
3.2181041595706787
3.538364608738971
4.279772082061284
4.836038045989811
4.933862972145624
6.68274566925306
5.789828406990603
5.5299998470545395
4.14946819195868
2.4937054285794784
2.2182675807142735
2.920131619611478
2.0869906685450568
2.316232005164092
2.576377771269993
0.21981403416362413
0.03219824743303756
0.6328471775220208
0.9530953444332426
2.585381473949917
3.4783700956536734
5.2058122182658435
3.58895832318661
3.6920031510119444
3.529919445778134
3.5347451001760586
5.2160116992845005
2.6843366255021754
1.3768294317794871
1.5080303162452118
2.273665073871785
1.320443464773808
1.9354667241090133
2.084312924058085
1.7901128836369946
0.7152432675251672
-1.0462195051492782
-1.7725542907395482
-1.2645787542287428
-0.35154153632085006
-0.441956693773997
-0.8603046763160767
-1.3569290693846932
-1.2806237981033008
-0.8828548657080386
0.39149807651766605
1.390207061511046
1.629215049138424
1.3927129751752505
1.6033440459397936
1.8165852579156327
1.9884007127138705
3.4303265048757874
3.7011523317009565
4.032649934343318
3.659774462196439
1.9957272908930377
2.1623940437310485
0.9166308279366289
-0.08866460515355994
0.31585423325259576
-0.8462191922039186
0.24552495628456208
-1.0018700996104257
-1.3801351218576914
-2.934306705948355
-3.43941668283413
-3.3694083829425208
-3.2387926368533257
-3.668894699181075
-4.275745865327202
-3.689308984144037
-3.2588388763514526
-4.746246345834254
-6.585415764965333
-6.357239396689084
-5.774735971377043
-5.016460732241382
-3.766403041839712
-4.953239811518043
-3.4565668623240033
-1.991396252972907
-2.2979011837299756
-0.6308809159740073
-0.3908599057528559
1.1681549315974291
2.5151778450302387
3.6238592481477196
2.7623161333376696
2.8872590509313674
2.580639504228407
2.3002765452691074
2.186529640057079
2.015787986677798
1.9216550122259153
2.1836781107577945
4.2087311262021965
2.204170830556642
1.0295383544746153
-1.1411762524159408
-2.931089905332973
-2.145333199019357
-2.133003384647072
-1.0375624306744118
-0.06555824935746125
1.0744547399239712
-0.20762949038822018
1.371409714360062
2.323327679980934
3.463055341433638
4.774869425765271
3.7871671344793305
1.6275756127970165
1.8593393574415715
1.393676797486048
1.613567700546643
0.1945663688843229
-0.5563988012565181
-0.1938465042148373
0.18439333608861075
1.1271639697381504
0.6775758485991797
0.6651035634521226
0.02408994716016135
-1.7822271872365714
-0.7042914225654436
-0.9155733832443163
-0.04276321978253912
0.3937959013305992
0.05631241214227581
-0.6717560400146434
-1.19505152979326
-2.133630505979215
-2.4283166542085435
-1.5097702587409416
-1.6818590704674343
-0.24675034294398457
-0.5758139421436632
-0.5259672066277186
-0.42541174108315677
-0.555639077691344
-1.0762167092611563
-3.685788725146328
-3.9892186186822847
-3.406960518517163
-4.253076861974444
-2.4515581971944833
-2.794948336656338
-3.083819385970523
-3.5479128029532214
-2.4919263630814057
-2.575477048947206
-1.7954499973139202
-2.9635218943950283
-3.5823675343618064
-2.754543079937955
-1.4398171014366388
-2.044807377099151
-1.8253031355016416
-1.8552541243330212
-2.9736702239448194
-2.8842306049602984
-3.801431736043355
-4.876818470967938
-4.481754866039442
-3.4895756604041486
-4.871395093446304
-4.440393905743534
-4.738645152519931
-4.970365183007368
-6.241283353219029
-6.375501499240254
-7.900310898481564
-7.915716368634704
-7.118840351913061
-7.140813454038459
-6.770545416884845
-6.033257166297807
-6.875143278650964
-7.87370849375694
-9.059067266552137
-8.178326187730116
-6.928107206133269
-6.795307610133943
-5.756673910269969
-5.041928348855385
-5.348070854223579
-5.627827651806743
-4.059408708510785
-3.350743566802667
-3.4634278493669997
-3.567522346076274
-1.9628827009696732
-0.02928984069507387
1.1004992332814327
2.6093984025018178
1.1542397211352975
1.1635305150951327
2.0299270405086345
1.2033129845942863
1.785457779616095
2.3425295124586287
3.8090020876218396
3.516744709231996
2.6167737254492542
3.810487255239537
5.04633126015485
4.776146090201948
4.43873707444019
4.083300985493483
4.800965747271565
5.036324652438206
6.690659403795656
7.352195709072011
6.43913628820251
6.325842569273139
5.423808452808857
6.140199195312393
3.8227987863427044
3.4166712385579845
3.96627553495823
3.191808500388493
5.42214713496804
5.635517737985474
5.496989547093188
5.149606255298713
5.0344874368031185
4.192107620990607
4.209342747758173
5.159186491321343
5.774405013625997
5.361121027700921
5.35080686209684
3.1621993075239248
0.4216232032084434
0.5566133495417613
0.7705266167885212
-0.660396694730279
-3.619432456851148
-3.3258401436299136
-3.7740410418806825
-3.5381529257650084
-3.626351963734541
-3.827023379996211
-2.6697699389535883
-2.3791047060398056
-3.163733171427453
-4.402156208376388
-4.569543926575644
-4.796398156407026
-4.112806678622362
-4.594798372813634
-3.1739229073543362
-3.58639630756145
-1.8717860520645946
-1.5485115251730648
-3.1163284229017614
-2.5606736322528265
-2.090421520160537
-3.000269809110232
-2.676905458849344
-2.967711814976299
-3.280892269191364
-2.922938223872063
-3.0710512792974227
-3.263238846020284
-2.393667206402206
-1.890001065791546
-2.290395031669612
-2.5528346216852804
-2.6581268065284975
-1.7592545591803794
-3.6510616272303467
-3.691099101978382
-4.077798618347696
-2.934347408812618
-4.144099530962439
-3.8680845643233335
-5.940801483384042
-5.332173043036269
-5.027462470650169
-5.2747891338191515
-6.64015066632468
-4.64609090591323
-4.516750676148651
-5.627166298109177
-5.633948340913577
-6.2852976364282656
-4.504807862172391
-4.234854717133904
-3.6824551682944655
-3.2787690973141177
-2.603077107143435
-1.345415249761595
-2.181340579132831
-1.175790068977761
-0.38304065543407306
-0.7491584740741224
-0.1502333532847191
2.3386294737070004
1.2313055694260089
0.9930143554029436
0.4574038892828718
-0.9585529515319922
-1.1538861550700974
-1.1248126348903742
-1.1236803199033274
-0.8896599427209224
-0.1926129185026043
-1.0795577289502187
-0.7973850922240067
-0.9565677563655149
0.5793683510974467
1.1571393823676406
0.6137202567333745
2.0540142978365337
1.0243967743233402
2.133728486346035
0.6667199988312023
1.3187281569671079
2.2671527457565483
2.7856815780040387
2.4261603889474306
3.3686948006431203
4.030461500375713
3.1869187358574074
2.727650962932072
3.0328485939399243
3.202195275882265
1.9943430200082488
2.48953156552221
3.9369555612851945
3.2771650081423913
2.981528507435863
3.3519254315742244
2.5665462942287784
1.7697226855276766
-0.10030213639085538
0.386681606557244
-0.2623566753676346
-0.8622096606144012
-0.5616406909701659
0.08469832231909358
-1.6504784583391108
-0.6635740731768509
-1.8958170235210394
-1.0341872149608837
-1.6805782903611075
-2.126395579903345
-1.9982525939292377
-1.6908985359713116
-2.114772826295913
-1.3948796572536721
-0.2899816577891412
1.458620000636756
1.695053776631611
1.1851080166911379
0.1397979763320294
-0.3687719442401598
-1.4887593920693203
-1.7528284016773827
-2.784262444005335
-4.214583655364324
-3.0243981607908683
-3.560433511579435
-2.407328773937038
-1.6799360945840507
-0.1852089408548265
-0.34782493063498
-1.5555917925023526
-2.098163825936371
-2.4748455021207887
-2.202551090747496
-0.710782901327415
0.30929251564654875
1.046994478914496
0.8979873970570235
0.6413548908185165
0.6869055662214347
0.5586009444736636
0.6529661990958013
0.8488606179367271
0.7467951436860758
2.825333573121386
1.894605101214412
1.5068658092133003
2.1625764499765845
4.5466405293739545
3.80106192354126
4.169049551837834
4.906582386271242
4.322062058449615
3.576598803026302
1.8074691166096502
0.06995636647697961
-0.6469083771120083
-0.42989208899723524
-0.5589352833855101
-0.9882231315548087
-1.716223129849562
-2.4411168907580776
-1.8158413037718542
-1.9822251282007846
-2.2630098128267764
-2.866510979507784
-2.8003112864110324
-3.3380098521163895
-3.241869463371922
-2.751437753850344
-3.266068813090966
-2.3621908019233784
-3.181727260111184
-3.878628336856971
-2.978859317224337
-2.5293947328412596
-1.9569917182371999
-3.014706564576762
-2.950736418106141
-1.9028047042808263
-1.8604923769751502
-1.6440891845021384
-2.0398758142800895
-1.2058090420527703
-0.9835283821048331
0.5248653125868433
0.19329095537826185
-1.2970483749596333
-0.13396826778522075
1.8056298768834398
0.8815744158274864
0.4339963394446879
0.925568958778469
0.9624325074304753
0.41348942335191896
-0.10774316964212745
0.17773179438920844
0.4308110780826193
2.215041509427006
3.3858148333477973
1.4715027230801798
1.232556988217808
0.09177046519117579
1.9916743534727785
2.0841426350371623
0.4222395947205141
-1.18135311218245
-2.0197282500240363
-1.9292927487916856
-1.9446148638616654
-3.1092672684240545
-3.428983818445556
-2.3192998124884077
-1.8411466345168446
-2.576754213284591
-2.881792884548443
-1.8178538588783169
-2.7135717315682033
-3.6066874411898193
-2.8716566343445513
-3.0331728687177293
-2.6393823154625364
-3.9436672046127854
-4.619393695597829
-2.9596081282714
-3.6039019261487852
-2.359912514662559
-3.1839803125837047
-2.5525527606541094
-3.8462818583372624
-3.6895353446032293
-2.5850018930215324
-3.890862643447067
-4.052091381066957
-6.26460346996751
-5.516571308393411
-5.636665120979143
-6.353583079816334
-6.952663764341407
-5.571235262706989
-6.3062406069567665
-5.957755913472957
-6.176122345028165
-6.2621853980568964
-6.83815287419137
-6.60262658010777
-6.5697929712239675
-5.808151672093888
-5.874061314999571
-4.914827096950881
-4.663830578428488
-4.964631288670652
-5.717935771902509
-2.733436726070405
-2.4182802162713295
-2.57914327297781
-1.4837915198386946
-2.7530702366393007
-2.5373331381982838
-1.7413583113382414
-0.991525120108037
-2.0662145408743884
-1.6202150224310805
-2.8054591211127615
-1.2401688439356024
-0.5134744805408054
-1.9421883510975486
-1.4278638522676517
0.3663114182603377
-0.0960311024194071
1.019510539210804
0.5964535243868827
-1.0911023114830114
-0.06919561094427948
-2.4380931212402035
-3.0477363956322545
-2.6866553548757968
-3.2134855070311854
-3.4596974244079206
-3.26332950299515
-2.9114740494252898
-2.2976609114471693
-3.0496017271573153
-0.8032760058502126
-1.406020371002654
-0.07567150913421972
-0.4424693332371863
0.08600917988636128
-0.5623756327156636
0.22877159334712932
0.046526336662770076
1.093116606117689
1.0576192437345158
-0.30594105319852927
0.17724905683008457
-1.044464078165459
-1.473701022242576
-0.17853896309770595
-1.3062197627406817
-1.3657294139158367
-1.6586975019505061
-2.5547920975720677
-1.9139423682811756
-1.1174072897765794
-0.7820745885281551
0.6203224464319026
1.4281463137119148
0.7310683142221295
0.5796487170452072
0.10169707306936979
0.6309896302463298
0.9602063517157338
-0.13963114368224044
1.5043456483248847
1.522038013038486
1.5628026825293655
0.9205938398368254
-0.5199929115737353
-2.305464046366497
-1.1656702215203156
0.2387706711944663
0.8483110722166344
0.5030091334742961
-0.9984339923301823
0.6100663792250933
-0.0944714380118941
-0.10941030159164278
0.7322140190629886
-0.8494531322905503
-1.0187969582499103
-0.41867081610814005
-1.284472481709112
0.36475152543036693
-0.025738467940099763
-0.27894516407312697
0.7860093770352412
-0.010467442750055928
0.8121534788577988
-0.13319175051146043
0.6844658427758654
-0.10087168478926442
-0.27575358526066884
-3.3032047366878157
-4.641112374764883
-4.7111223456243865
-4.208845002866601
-3.5242436670951363
-2.7155379002805056
-1.1236991383099368
-2.5514251213119388
-2.651109238397263
-2.102819894641765
-0.4638633675757926
0.9741316251679901
1.4840281686767374
1.4000064132152028
0.16124209026216488
-0.653165278389532
-0.46394131942448397
0.24341715469912908
0.6178967118030311
-0.33625100629865545
-0.7427856660517691
-0.5469563678226785
0.1077335845022126
-0.2008033983735645
0.5174000256071288
-0.5580965121233376
0.33316068308942726
-0.4587523069144248
-0.5728608084975406
-1.3219346336052509
-0.7449478853476953
-0.38788388503826676
-2.278131569636503
-2.5052153754687967
-3.6626655984225684
-0.9959740776728503
0.44561707339803724
-0.6709986622675129
-0.23138234669450655
-0.3735913473280977
-1.287208389139665
-1.2722556384431547
0.32856563351412305
-1.186850770408356
0.12396065638605584
1.4075884359564905
1.167543789812192
1.3599614103183528
1.698605740083236
2.7144441508702934
1.8771938728227922
0.018886814022321258
1.6077836670105607
1.265864500454776
1.5720552157127863
2.744352867729972
2.502768259446073
2.411079908298473
3.3443403069534416
2.6060272806168934
3.4464576345075826
1.526271929043044
2.3942778836028373
1.992463919864188
3.2584346132311532
3.7157234931410956
3.0471746458345486
2.6783714304941646
0.8231967445613182
0.5826519879382216
1.0118065905183218
1.2479380725981448
0.7962425598247606
0.19233738624760544
-0.21113449594310746
-0.7911342223052977
-0.38976376503672455
-1.0738874325263894
-0.06852900878805618
1.126803433591674
0.2010320075568842
0.3761968110120968
-0.19492576875065337
0.8539301425788504
1.1855681988764855
0.845468308610241
0.19638905777192597
-0.5932424944906386
-0.40251786944597473
-1.608322515251262
-1.4244701523029621
-0.9415195287793943
-2.6133929375838716
-1.5413124258899298
-1.4265681367654088
-0.24986059882601902
0.3001289854175507
0.45689395822961126
2.6917450938161838
3.7535912400643574
3.891504885145989
2.56110218971416
3.048781542842882
1.4497154553006348
1.4071195864906698
0.19802562569976012
-0.11490274153332108
0.7923244364794848
0.3469701751317271
0.500304411741305
-1.2558107193646149
-2.447046766508384
-2.489359016662612
-2.738259066597009
-1.6968085182742516
-1.4208785754479203
-2.8779704311936594
-1.458578567249087
-0.3223129198270773
-0.7715474021832721
-1.7324668256095885
-1.9837682890954786
-1.52204823273855
0.001159661815339913
-0.5740006120021315
-0.8772086881212683
-1.2375598453637855
0.3026505485497534
2.238957780891791
2.8039332696822576
1.0290920358508084
-0.327883144069424
1.0506714683713874
1.7495840608292557
0.8342616421243717
0.38321326719141924
0.5582198371654615
0.9762805770693532
1.5432417391608835
1.831168507777241
1.3144293337803272
3.6238917898027654
4.528864246445363
4.646330025200637
2.041775227124327
0.5559986780747073
-0.1163747859012019
0.10287931999269695
1.8960281392285336
1.642104647098694
3.0574867384188704
1.994448396782837
2.129976076273323
2.5032272605363484
2.797374649061769
3.3998911378729595
4.587867875089804
3.9885825787852567
4.298407699335564
3.087869262826719
2.243425131949965
2.8570272386107094
3.1449644242125365
4.708290682071541
3.8192754101724313
4.95070356652468
5.234306782898012
6.868046009088224
5.562097661135279
4.846969300698568
4.559609682967687
3.6943949251993082
4.043726216977309
3.3182991050280553
3.3058688089458457
3.379564236177895
2.278223198536739
3.3822872460911397
3.73938048450012
3.5156236543430186
2.753342483277296
2.992517570955376
4.963430644285606
5.4851898288534064
4.53429168527698
6.210023187664055
7.295340795173987
6.9701519194131905
5.914841761477602
4.735410965399714
5.5182637246468405
5.72921397945154
4.514955449921945
3.151555463513078
4.131635022645897
4.430881688771071
3.6639743210548565
4.2468034347771875
2.224234503849303
1.1782458738683586
-0.2858402305705817
-0.3742048696240168
0.4924958733296039
0.9626097262539816
0.9358191286071369
-0.07016535530254384
-0.0324953552166059
0.3396575520118477
0.09716276859548265
1.0200441948160868
0.5209049395373931
1.7384895919469427
1.555906273108994
1.2813189930502626
1.3959986766165804
1.4459691372102377
1.3553841541079414
0.11016963050785451
0.601896819264253
1.1053604634453529
1.076323552671413
0.7723038943954289
1.8511376292532133
0.755178588968342
0.62951877322623
-0.1446501735814824
0.5498331926675151
0.22876007549001826
0.5393118789315642
0.14198571437464225
-0.9597874520592142
-1.2703717294304275
0.6352757590496939
1.1260438394733503
2.4538163078011577
3.3613677153658945
2.893367982880389
2.472868483200898
3.515602317304292
2.8987121220945893
3.540045627886576
2.8281489418668646
4.198515768405431
3.43471096711006
2.431301522489772
1.332956855459778
1.1119389176186827
0.11653763058520092
0.7372648902286261
0.4892891582088098
1.1323721953016757
2.0450920857875166
3.7399275793715008
2.4262106589443007
2.6091790428606454
3.06519686335707
2.5712740316021923
3.7561556284672553
5.7922211046727625
4.567541408311382
5.7675836360153925
6.407619079454708
7.11379622884971
6.560351635548092
6.135480873029325
5.833839100681645
4.855357719553578
5.267799224393859
5.11673785822971
5.183200931013919
6.091587490978752
3.9360297065201877
3.65910474851946
3.7295026112326015
3.5735327767045497
3.417133557802458
1.377887516970619
-0.027833708333010306
0.42957752051913684
-0.9589395043519457
-1.6687278664809302
0.3921098713440656
1.0268388890187925
1.1315445768967582
0.3859091047350737
1.8886921411285138
2.202767150540731
1.0879527382425727
1.6959897072212726
1.1698036423968228
0.48985682149043813
0.5880186267871972
0.2665326884830933
-0.004339819499342229
-0.1637066715656128
0.8565790331807039
0.688625124572386
0.16953498407015002
0.6282104011148195
0.1142153468561533
1.0083863755739915
1.786775750569901
2.165244335229221
3.2959702325361233
2.7425572204619466
2.035221760642247
4.183711422243501
3.7382506257042856
3.4589331613321277
3.0396938301280043
2.5901226296180324
2.6080445047050307
1.6960943054035804
2.173918362880861
1.274934693613194
0.393696535653479
0.3380860890288473
-0.463875873820249
-1.4641149188454663
-1.815023113321997
-0.6369085350158543
-0.09426184393854145
-1.7983822527154825
-2.2170616386026833
-2.1758009554554714
-3.2190472334784954
-4.274049834306258
-5.046506860545807
-3.935723265750082
-3.4653625176700014
-4.6718827650409285
-4.431624380508039
-5.215789840882564
-4.189461422675968
-1.343948368214219
-1.5853984223712445
-1.5855215869151855
-2.5356752280073147
-3.023935444778202
-4.785187890660725
-2.1876205615972575
-0.9451901361192282
-1.1540518660487724
-0.2404918727756886
0.4317222137257819
0.16619168385519473
1.8121623551969817
1.1394731861692533
1.6697306238535776
0.0058782139084135945
-0.6510932070807929
-0.34279147357793294
-0.8540568970147324
0.17966000153278835
-0.4809394874537929
-0.12286049223785965
-2.50722984265289
-1.0523810718774735
-0.888702018238403
-2.7844202646881264
-3.055709760309431
-1.9321520400253551
-2.7195089355284394
-1.5462033957663301
-1.5652898623007276
-1.6492448580360204
-1.835763033930478
-1.8895387224115174
-0.4571423103323522
-1.3629035165999048
-2.6253086348153833
-4.338856479479859
-4.737843257185159
-5.5641844286316
-6.052413766402992
-6.811351802086322
-6.060054347707545
-5.227436050987958
-3.5447441826226727
-3.314423999385143
-2.442420770138845
-2.7314051838951916
-3.2794304021942233
-3.6097813160168726
-4.17935670159211
-1.913551388964669
-3.414311958744513
-2.3865013190600863
-0.4211968788597804
-0.9878758852090832
0.4358552681817937
0.08409081996763673
-1.2947427722913283
-0.31814415502230786
-0.8348675389893252
-1.922865949932425
-1.1233972200588433
-0.1296512265577978
-0.9189781422815384
-1.3944931499596493
-1.0082798768088548
-0.3968663274096563
-0.7080811639945802
-0.6256843946764185
-2.0989383512624133
-1.0529797882660847
-1.851934332595499
-2.030532668028577
-0.6237383438889578
-1.619557789889352
-1.4528029089109464
-2.4057882999489015
-1.8057431872458536
-0.24597213595191422
0.09570773586542666
1.2017727408623753
0.31119588783837515
0.09691772379312077
-0.0470786402709182
1.0026316935415092
0.9485570901471561
-0.012473343139943943
-0.4842146818696932
-2.3441839603133077
-3.3053186963134173
-3.0777312673023824
-4.073986403540796
-4.428325009736086
-5.098892664678015
-3.948320829396672
-3.0203661616869275
-4.94530597434758
-5.016677124409087
-5.0160734182779905
-6.113650805776558
-6.173196067022264
-6.425042525334904
-7.287222889774534
-8.628160182840253
-8.056694282217745
-8.327134046636031
-8.479456014564597
-8.516953388489348
-7.088540067551541
-5.931023030764856
-7.446957003444295
-7.106178053850563
-7.230464936168617
-7.218339779401137
-6.544046712403082
-4.919597268076169
-3.523881963017906
-2.0147117054659365
-3.2043934489345887
-3.964462124621761
-3.501172486786589
-2.6834646636204567
-2.38771351247907
-1.3402919079224809
-0.9828785355430024
-2.050470706192659
-0.5248363340839686
-0.28503405321185776
0.3487178594994478
2.1119990356512526
1.4735124631896812
1.4479118096526113
0.8116804239774005
-0.5735615279687201
0.4596584839592538
0.42020493549388993
0.876836902360378
-0.8731515371829359
0.37115274356790806
-0.21447534734041812
-1.507909352835808
-2.6585359684322323
-3.590526769981552
-1.8815276753894905
-1.0669795626954421
1.463408525609004
1.490470676388258
0.47152975586085033
1.8388657629362792
3.6803922955419663
4.321955381453398
2.138696273987148
3.3959988072019014
3.191203517182673
3.805919587403905
4.861404554900712
3.6037535134574914
4.044313581100853
2.7795053628075945
1.7946241573916364
-0.39779666097851274
1.379588724324091
1.7557538019611192
1.9145423922040965
0.8689249784906976
-1.0231255011961446
-0.4195690630880341
-1.5106405127607234
-3.8831448111600095
-4.721472402383836
-5.923343546187706
-6.129958253379674
-5.543555787244447
-4.4100596970911985
-2.0514197954183544
-1.5483165810311752
-0.7779865222500206
-1.9319701429068699
-2.9214596770982513
-0.711218260572472
-1.7831848615042891
-1.9560773675455994
-0.37974919177961847
-1.6149744103542514
-1.792193855277287
-0.7739222541688634
-1.2109268368238069
0.029301209229724373
1.05436630777253
-0.3646022146430667
0.8791634166572534
1.2354255439313666
-1.209635615530257
-0.15985879009111773
-0.7561185093179251
-0.6429438122515264
-0.9828761353327864
-0.514612308751887
0.1095405519473722
-0.09708639213161982
-0.8214781759749237
-0.8327734421619029
-0.31943894987238686
-0.9630207933009542
-0.33580149497298534
-0.48014026776105
-1.289437163348614
-0.8214129801141591
-0.17753254794017786
1.3884630137483152
2.7699865350546493
2.129490374684276
1.2637029688486217
0.8397120260917181
1.5164584210049965
1.6308449519947594
0.9813390445270503
2.183383976907762
1.2544821217038706
2.762940877094554
2.336729602848357
2.3608332745306386
2.0260730511646288
2.547995423385476
2.644064300803833
3.3529936940005327
4.474846869822725
4.956587532776028
4.952687719957402
4.630516270314699
5.972466262134343
5.031041233024367
4.375791731718592
5.184918686777236
6.04359230189053
4.558452629575329
3.7094083701456984
3.559563230127148
4.0151241028733775
4.284211774959596
3.4148054857452905
4.0606330246532725
3.7567598921765173
2.978055683673135
2.3351603977030275
2.653450495801452
1.3365330151674382
1.082829059595578
0.7860535020423688
1.7587557851239666
2.2200164464236494
2.3509108845956974
3.5960686621413824
3.176761822625698
3.358390665213154
3.5098653132296356
4.4946907057662004
3.4859857946315076
2.395704959902872
3.304203598122022
1.7084036172695536
2.34609756944931
0.9810627316406044
1.8812906361329316
2.1643095522697213
0.758086188350337
2.2516300965057034
3.4024874911220087
1.2597798729064116
1.8009105361292674
0.20391905981704364
-1.490717746602195
-0.8674748095333448
-0.5543826055823633
-0.5741617328725367
-1.5401288579791432
-0.8269307889627061
-1.0989091262778998
-3.0951976210658536
-3.9813369690930465
-2.807003101610953
-4.339955164479032
-3.873218049417184
-4.4275627657057015
-3.130020492576798
-3.8368346073665753
-2.912497394859137
-2.9857889059206775
-2.5749019212397144
-2.020663963211148
-1.4013117108215207
-0.24636658397051076
-0.3202952959352195
1.125571207206866
0.45628272623906513
-1.702639437420095
-1.8673769729862397
0.048014262467843155
1.2940951429698937
0.7194839023456083
0.5602113112866454
1.5804523015949337
1.564597118542776
3.179636930720731
4.517123798832277
4.678614125985994
3.976780173963317
3.7537508413946643
3.7189208493745545
4.2360091080356685
4.698813747465483
4.307340259673242
5.359165036242379
5.3372749392078225
3.8446639427759273
4.433961117815387
4.359424453029929
3.705227054878536
3.4818073020577773
3.3606730532802267
2.270943116082643
-0.29123555454038397
-0.2508625044575392
0.6918052841238632
1.3623599795950825
2.4917323356171055
3.879502785351741
2.9212827307109475
1.8595189684349904
1.2059638020775627
-1.6486114769931837
-0.5606328445191145
-0.7780199348133332
-2.9564059569472207
-3.4072492215948333
-3.5539617061182573
-3.2973636792822547
-2.5347809638606233
-4.5359944015030225
-4.135149753955008
-4.295326422104493
-5.117246614429419
-4.607195343270142
-2.6536427877080015
-3.026176019412569
-2.38873840007263
-1.990526394591537
-2.5506348862436607
-2.7036850424285217
-2.572696640917632
-2.9547868131408905
-2.0863229379988257
-0.796653276220245
0.6133833616680582
-0.41998964151986484
-1.2767108858006333
1.083956364873245
1.403824903846424
1.3042780023136666
1.0296781113455138
-0.4014710883406283
-1.9677881540352191
-2.937551845631454
-2.5092386010509724
-2.0689935217174735
-1.7088266739686173
-1.3529610750794296
-1.2071509276421089
-1.4166408058636333
-1.1176719735644123
-1.1104618849234353
-2.1596654814855167
-2.2035901718258954
-2.257846056185656
-0.32273302192716496
1.322466996363398
0.910218014481916
-0.0677581633445451
-1.5584344238559154
-0.6108252960928084
0.9372482457465257
1.291326415496306
1.8434347587824802
2.5783121403972262
3.443878894144839
1.934582635721042
2.175170878169141
2.248215816167778
3.746524306594053
4.624235196774005
3.2643135446276648
4.675226312265143
4.818494272551313
4.611221995941541
3.7284074106663168
2.799896912169235
1.7749627575236255
1.703362158221146
-0.06186168068984413
0.25844895203261287
2.3135288459116166
2.2604970408199927
1.6928562899224957
1.3234048610858047
1.7146073195230738
0.8091766259985743
1.1368535120855148
0.9374703926048695
1.8117925441925973
-0.05601309345745197
1.2904333541911355
1.065282050133629
2.5386343577267887
3.1174070163709233
1.887363378714858
1.8067882175948389
2.5526034271274454
2.952546064383952
-0.2946391225157915
-0.3403370524013152
-0.7166053761006538
-1.304862474035717
-0.7307194037802557
-2.044086590799897
-4.0754672456065135
-4.655904464575708
-4.898107443799787
-2.9919218735267306
-4.44744436582966
-3.789861184814681
-2.532925264419806
-1.5787503462059487
-0.9299002298712925
-0.2598057791705136
1.3122397463279007
1.3322834448177234
2.6536867285870613
-1.3020119945804685
-1.004621996797848
-0.08486155448708188
-1.9632354063821813
-2.402528710400177
-1.0243940694485438
-1.4657753690719888
-2.4269246451753363
-2.4069567125718803
-2.4592382393505323
-2.2604442910184868
-3.324561774321866
-4.24747031373683
-4.8419153552890535
-7.154805780877428
-6.197779028349861
-5.495980656681456
-4.78876499732023
-5.347434679909028
-5.4900598749838245
-3.171971188483999
-3.452515751494389
-3.8321120578053227
-5.120023599356531
-5.114520660281605
-5.410697047038826
-4.236502470232349
-3.910365184677767
-4.168239937423011
-5.313403064813975
-4.9846444023849
-3.3404502300559016
-2.665167964683785
-2.661804692648385
-1.1112477878888667
-1.084385831752394
-1.752550305296671
-1.2521634110444386
-1.9296706837101092
-1.8365942013754322
-2.543004391833351
-3.7524599163787387
-3.665539860658567
-4.153411655634767
-3.795863008037683
-2.8530882741148935
-1.9481809115060684
-2.3870387824389585
-2.395842028109622
-3.2632297246448223
-1.7284693553735324
-0.1719374515615111
0.5485955792623634
0.28695893737706113
-0.7855974092319282
-0.024627771882108823
0.0027895342995415753
-0.067766781924787
0.1007318469091805
1.3179324315672059
1.057294597379622
1.7874197346034078
2.0437211841410408
2.3777509658886027
1.6665297322978114
1.164472834263521
1.0324266091879435
0.3921215453274898
2.1344222435867666
2.648690207084886
2.8727023858105443
3.1946152122383573
2.9870717927514048
1.5978915927248496
0.35829976438563077
0.9551273309711377
0.8612831764240928
-0.2918348742908784
-0.3214381517244794
1.4433612716122257
0.3118113878426238
1.0261813972788902
0.21460263538605473
-0.5043635738748999
-0.9876775383418293
-1.805233169658834
-1.9436492435464996
-2.164895419997637
-1.1876546557833567
-1.519614730622556
