0.0
0.9184874680235494
0.053310376767049694
1.1281731424661063
0.25011620392316525
0.7649797860065433
0.5064261564391854
-0.9423815801676563
-1.8874768080734818
-1.6942435296666094
-2.072964501143633
-2.2129237436915754
-1.865774193700005
-3.064722096325906
-1.864585664735855
-1.755915365673712
-0.6441504566194569
-0.2336783474486418
0.41122004086928343
-0.680953837771903
-0.9622458274529835
1.0618253155168205
0.4222104416552817
0.6498238085601491
-0.4693045540023123
-0.7071193307857151
-0.7848562618722111
0.9569544561135759
1.8283594073503369
1.872753492290613
0.20198079257492163
0.07339614674028756
-0.8339046807661297
-2.140803224825346
-1.7855522731868958
-1.2753928217559107
-0.7891220506867229
-1.5172635037912436
-1.0214640925121836
-2.1582045468940096
-1.6101891844230365
-1.7186631130847427
-0.5016094815831029
-0.4680129945412345
-0.14580367840884687
-1.0908330459020297
-2.154179236866991
-1.5030176136320004
-1.2005151923711512
0.07931016852134223
1.0527791964294333
1.321155103126649
0.24237726783544455
0.16610535067771168
0.024691457568679902
0.03380959585324875
-0.3502362260315853
-0.4610273864903084
0.020488064798791394
-0.5511655672602112
0.5232902460298026
0.23762656486386163
-0.812516535972905
-1.4266443937023903
-0.8021268365519509
-1.1405666973932642
-1.0799219269803686
-1.4421382695855904
-1.3370259334629648
-1.185759482555078
-0.45285307898055427
-2.526016362018234
0.025300357936837103
-0.294259406014536
0.16379849944624914
1.4876896875877457
-0.15384300306390064
0.21108206401652202
-0.8758613769374824
-0.8736136827924234
-0.41950645737011194
0.1442233377514184
0.36807471235004546
-0.41045987602005385
0.5245428572121709
-0.5022617377965239
0.0031181403868786872
1.1240479478407457
1.4063013814776626
-0.19669896932626973
-0.6702908882341373
-0.680665298039954
-1.1460237641767534
-0.9496595970000724
-1.6044874244034315
-1.3254025877128393
-1.5343164650022239
-0.7068629239604812
-1.510065387341017
-0.3779045892947388
-0.38279423889079733
-0.3803318453314847
0.1829505370955968
-0.7377502031002514
-0.11805322968937322
0.4273466963681137
1.0632697835490794
0.7685808221662989
-1.030403164808685
0.15099214629854357
0.07373694182659749
0.8609334104407415
0.13343795229523822
0.30053989037438056
1.2919998025901325
0.7335306031002399
0.734630505016113
-0.5557827122001268
0.17832895723800066
0.2815781140329617
-2.0406589155478483
-1.1161129221008776
-1.004863097446619
-1.0187084064824279
-0.9109379442626382
-0.9748288165332659
-0.8056891870506625
-0.7505343095157799
-2.1118814843765477
-1.2590726667244674
1.246973595476398
1.0645046763706136
0.05159407519097525
-1.2073996770434652
-1.67273469730111
0.8098286896701214
1.1170514119139512
-0.2563996068045743
-0.64139528396899
-0.025184824097794024
0.0440595875953184
0.4440874867147497
-0.27370704238166566
0.010458866174606387
-0.7240070043179941
-0.18071994945124673
0.15851145227868138
0.361056039198611
0.7420829443021317
-0.10370850992475696
-0.5968033068509375
-0.8304072071155149
0.07964196571405446
-1.3269502614266036
-1.945611699154443
-0.7466401717809823
-1.6155956709932437
-1.5798077553403969
0.8521918042368661
1.1260262206702525
1.5095756766373232
-0.4583438815562606
0.5235042381057899
0.8384667183730998
-0.6889704738845034
-0.9776286592776566
-0.7407831032977992
-1.851319129807468
-0.3969653597356664
0.3595277840367529
-1.4596452890514007
-2.1386104419328795
0.6954322274971432
0.5238673900955769
0.6213906128950816
0.17481492351549188
-1.3081487949743553
-1.3561640082598454
-1.3088852774366815
-1.5557165354684088
-0.502882282543303
-0.2868372432632258
0.46721918864458944
0.7027479127872109
-0.6637869768470485
-0.3528424209296226
-1.0418123557694592
-1.262689256368446
-0.4278446203735433
-1.6903994035796115
-0.3021934185784934
0.2902272585758818
-1.0707287344322691
-2.1924168676880065
-0.07085291260477478
-0.953750074124943
-0.6193098929335599
0.220434141373795
0.03771889393852773
-0.5449477611213931
-0.7367140521049623
-0.6797785178188371
-0.02138890612944505
0.5713251396940434
-0.5550280197205074
-0.48184472163711567
0.7001766713899072
0.19318434624164305
0.7665147906038591
0.9874884048023282
2.542110458332578
1.9375492114451818
0.9901634092134677
0.5978169765625838
0.5058757675775563
-0.40332290075945154
0.2741900928535168
0.9897786028636835
0.7014570476872927
0.523064484489802
0.7618888175004328
0.8742399865048512
0.9502850223288218
0.14785430237123953
1.6024090466032752
0.8333692551121693
-0.2948461449848711
-0.5468601804133668
-0.9651827252512998
-0.06304721609645017
0.889006312086476
1.4650145336635645
-0.12348671044644301
-1.0706247956834782
-0.7443992389231125
-0.6428833345406766
1.1830347420097393
-0.25001622459028017
0.47037983422529284
1.0985822051006962
0.017425065915682936
-1.3551194158330406
-1.596808522080339
-1.4575397065747875
0.12396255144225679
-1.055666254848801
-0.6376117227483338
1.1582032782675398
1.1051970334003385
1.1454539876758472
0.7413356970065341
1.1123121471357311
1.5628318729353503
1.3060573684220365
2.1699199574814245
1.743980583744617
0.9956099948427329
1.1839358800540123
-0.19959562575722384
0.7238714674609443
0.5070850238346977
1.6967017704532308
1.6135949630045707
0.023296100704372408
0.043398662919936784
-0.6520776561074946
-0.4200002723990933
-0.016460983489812592
0.21737375933257003
0.11684562959266728
0.47264945705972444
-0.1249025526676322
0.6499731426090729
-0.11877180828793721
0.7285871414912688
0.5311350058833808
0.28491121177127204
0.10759505295361704
0.6900662478336596
1.7063550610478706
1.27659510091225
-0.00237375656451487
0.1676683207337536
-0.08066305201543478
0.11395183448275513
0.5689419560191136
0.23630407193005148
0.3007364254717542
0.19024699586495608
-0.39054757216248903
-0.18704534413805307
-1.6370375293336359
0.44347093130047316
1.271250031023603
-0.2616681829568861
1.1311149089575212
-0.19977692206336115
-0.8412209540942441
-0.8433319090590233
-2.289377013027958
-0.903096216292896
0.8660261380681676
-0.8297954316087229
0.2562910691984007
1.1430218727817216
-0.6541062072923279
-0.9087934777982881
-0.8809632544632311
-0.28641545267851604
-0.6256834948529401
-0.02068631486056829
-1.3593936295607387
-0.25801203865513234
1.399523792610404
0.7189938573456941
0.35688508577205724
-0.5669575526762847
-1.1211399865334368
-1.6449275723768908
-0.9073307544146477
-1.62336858602498
-1.2898363962975956
-1.1210697719198086
-0.24698415723237543
-0.14629888881374162
-0.910388986586943
-0.7821639499374982
0.6888848335959148
0.43906869210910826
-0.6549017122498008
0.6868633975181566
0.8862862549540077
-0.3655537153756785
-0.6100825774995967
0.22978433796752185
0.04210314067871791
1.350411073589363
-0.11974322993872401
0.1375209906336046
-2.6344720555294456
-1.6446032985927985
-1.7111790635131032
-1.3862049564058634
-0.1975844806397844
0.9081232969291744
2.0582531758716223
1.3042748163905782
0.7453067278924205
0.49396755563430383
-1.513268274757933
-1.712620102859472
-2.3776359635574393
-2.3295126359151785
-1.0800637591779054
-0.44763786115675575
-1.3072920875365974
0.6374103972526131
0.13821186152248374
-0.775041498069241
0.08542008187080335
-0.42274674816759783
0.20408978385405646
1.2299911566966255
-1.2112834846060418
-0.4797601474484817
0.37197253996736573
0.574073274486511
-0.16301576763035225
-0.3253266965531484
-0.6842421264549017
-0.5628000196412946
0.32353617626255793
-0.2655868025581028
0.5371947323821789
0.06689117213302342
-0.49897060100044616
0.8873667505929457
-0.7046310516087644
1.2231820855476232
0.4497102107158427
0.02196382947380089
-1.0138779978689194
-0.8895625031435994
-0.5401041915837884
-0.23434622171482578
0.368472253142404
1.2960538646894142
-0.30362120295702155
-1.3132787751632404
-0.6146141395480329
0.4644177582041315
0.6540699447811679
0.07599705427348663
-0.22324987470918528
-0.24969082136431198
-1.4474996755432599
0.1632579840991014
-0.357809379768415
-0.3118083106592748
-0.23335933850388696
-0.34114759525457483
-1.0876835867317185
-0.44766464912231924
-0.5034344120940539
0.2659060290734435
1.6111103132645757
0.5488335002459286
1.4731758914288182
1.8894604216464297
1.5215864152420857
0.9322209473373109
-0.07098300306838827
-0.786417704207298
-0.6071452761919067
-0.3896464568162333
0.2726214590634256
0.2539357973502843
0.9013002278823552
-0.24558934008851896
0.1745343802226996
-0.45704362606599896
-0.005280642065992564
-0.008949480977472168
0.8919936667531927
1.152624032719395
-0.1125668129837126
-1.0923701277033573
-1.9525308800783328
-2.389604543326386
-1.7652265427706322
-1.0534412755411922
-0.154303521829866
0.36183977709903953
-0.5991803755436576
-0.8967832584497374
-1.410099507769452
-0.2990775020818921
-0.3190586273548233
0.06497845225131345
-0.3823282390783452
0.5028245901905478
-0.08758500744288886
1.5327906212326994
-0.877133573238041
0.5616091572307536
0.31997220746031324
1.2302825725801139
0.29024648561438016
-0.2281874290187733
-0.9375220731916267
0.5892887726292119
0.2459728145666391
-2.6327537762643276
-1.364840476314167
-0.4244613675712562
0.6664575132928147
-0.39093102011729486
0.7470340955311044
1.29121515701758
0.33478244844936056
0.16059325706502928
0.6559671995019334
-0.31045158372275017
-1.3892184119625386
-1.6003691782297051
1.0359470950139547
0.224810561729136
0.8020085830480131
1.878902383593478
1.7232011150067932
0.6065256600062964
0.29896830298025473
-0.2766835408410559
-1.1906702194997592
-0.403583469453641
-0.1337656251469378
0.9497450681940006
0.3784390394171636
-0.4427760627780094
-0.4673559850524198
-0.09330126172083741
-0.47619854066588635
-1.1781751012379875
0.06194153059840414
0.16171513976051444
0.41549236615813934
0.4838502513812483
1.755376932403865
0.8227902001532496
0.913091492618252
0.837642756414595
-0.3617979581740297
0.1835086676799903
-1.1650707427710072
-0.8283946768968065
-0.24147642672676356
-0.7600423286510121
0.7474925588829358
1.8927461615891867
1.581238061414089
0.6367231195339285
0.3860950699393848
0.2817990462086324
1.3042235472397463
1.3686042417542224
0.7326222561457781
1.2793210160481843
0.3833578563842666
0.8789595572308604
0.23725770746466504
-0.842716949732863
-0.20504961616524836
-0.6825110040099761
0.4202553548926228
0.8681084144728461
0.2466194158197792
-1.5355798157682392
-1.002931398892376
-0.9964084558989035
-1.8919145588133552
-1.1767683513396032
0.7807093637275371
-0.5273799833210221
-0.4086161517744046
-0.8779617714254176
-0.32683854104272764
-0.4634436667129417
0.44861437360923817
-0.9872766524151988
-1.1061244700068036
-2.043537895720821
-2.20246926093409
-2.0668886149134247
-1.3658112847207942
0.8130651089585613
-0.6357150474186134
0.16533913737582193
-0.6352748349513633
0.5105268562516061
0.19598760560660777
-0.6131035683210191
0.25712267408081224
0.21299991017697695
0.20453629912764654
-0.41867839749714286
-0.44640995058799304
-0.49418463968493676
0.022246475657621494
-0.5176412442828974
-0.14129388153114075
-0.42503691301901236
0.17055951050534987
1.5422204461719884
0.9530890704251267
-0.6599924422753154
-0.09125268498240934
-0.5252927568224128
-0.3270064018419441
-1.2628771092613773
-1.1828700203530504
-1.0630018198047761
-0.6089118652809544
-0.5656273141465871
-0.9690304308262326
-2.466894963901532
-2.2135498577007144
-1.0507522116616876
-0.16527363373965948
-0.21188825669512273
0.3243162516696249
-0.028861399006730515
-0.9963970720554762
-1.1940278740352157
-1.1009072715005996
0.15403809971629667
0.7049375529931119
-0.5913192134140582
-0.2769937597008891
-0.6640881535360669
-0.19520827085803638
0.4911336540199318
0.0034459889623788403
0.2868829409523911
0.28599720012054103
1.4225787076686474
1.997139906008863
2.1316480365892048
2.329067907182784
1.610224518379318
1.9006114979316056
2.507922579348591
0.2170255105584431
-0.2220018748701006
-0.046035629655246366
0.7743450560364404
0.4104150314863278
1.1737511970053462
0.5865336116766129
-0.35849077921112615
-0.7879179922951594
1.2453872204464682
2.2563021895857918
0.9093219963773254
0.41459621384244394
0.8327176160993248
-0.006255657727674474
0.08713911856620746
0.5079099130762604
3.050099546243367
2.3670869652966235
0.8855971186202326
0.4278016379089057
0.47852177750891933
0.9283744668652496
0.3776566502124866
-0.16820096927088418
0.4983682455167533
1.9981403588335631
1.4235084684053891
1.423890446266238
1.6984979062691405
1.6721518713074603
1.2669811352599911
0.6777902487261729
0.36073424636396856
-0.30545219178581307
-0.3669988760295926
-0.38562947109476126
-0.8710861824475237
0.1227642342948427
-0.8921142631884762
-0.7498994405947992
-0.3153974314601087
-0.512257459153644
0.9325821048504652
1.4753896281826482
1.139405298489224
0.8325362315349573
1.1439682115911154
1.5772687513176977
0.9309497778068325
1.8573338191127982
0.618053505716488
1.0870910341774849
1.2028021875031663
0.41492654735714013
0.4158581551229572
-0.29279864196249084
0.5874260896524675
0.16255217538321728
-0.0436472441337864
0.15160828042251964
-0.35676663022886557
0.24248268738589215
-0.17482228326181404
0.47700842261104826
0.8570046113167381
1.3637438716059462
1.3756241145951122
-0.5816449381064513
-0.524266141158588
-0.28727790525558217
0.7200583424612859
-0.2657848001929874
-0.9453615694232442
0.6395236325539944
-0.5569103712440593
-0.3367978910398473
-0.04164682985761062
1.933326355007454
1.262554650582127
0.2289234141497188
0.050453490433673545
-0.044120311519123184
-0.7717790179783425
0.4972470503899823
0.09010977370945959
0.4645177631630911
-0.7176686218272725
0.9742688291719115
0.6724682041729191
0.1919022017241177
-0.9989065005914797
-2.0464286585322053
-1.0329756518247037
-1.1555295121905629
-0.1925421288701688
0.11468284233255821
0.7410821888559798
1.2241168888842386
0.9731853351530139
0.27160480133160825
0.8565096885892378
-1.0734172559394806
0.7558087340551792
0.4926061280037176
-0.7713710649092869
-1.117530741243978
-1.0263409455112902
-0.3886352229320283
-0.5704588192738961
-0.3369308207581407
-0.6030725553016104
-0.4146308382430899
-1.1938789175971336
-0.49840133673024
0.13841944644648632
0.8011156500008696
2.3901100914405147
0.2899140593719712
1.358399845108004
0.029746767323265297
1.165022254846941
0.6491699882717007
1.01755272714412
0.5343375138775647
0.46291941433626393
-0.46448492966008614
-0.5949452526894655
0.6562210898943853
0.46291216841046123
0.43778437971766493
-0.19166800149085267
1.6236778055399987
2.5301532066278134
1.2300348328243014
-0.0710909279682708
-0.19053798688981027
-0.936734169012921
-1.1785588262952704
-0.5908972577489082
-0.18937044802339031
-0.013146300994371921
0.6035095502536618
1.1547003728285512
0.260158695299687
-0.5803232524165634
0.07508818717274224
0.20423854225060087
-0.8923681510408046
-1.3043439869912727
-0.8619612242466137
-2.016384165336902
-0.8959261902854978
0.8239585676533918
1.2569998654978762
0.24235733406525597
0.6338854891492958
0.8133884163970556
0.14415331928089792
-0.08785564014425423
0.5263658116038834
-0.5977923719155575
-2.388763670821663
-1.0596408352147917
-0.47183700797580824
-0.301700312297734
-0.4921844525044051
0.06072490349484108
1.3518951148967053
-0.3325341252474183
0.32190263637959105
-0.15612187093748497
0.32871833665772665
-0.06648659126065477
0.9306603908930615
0.6939037391122962
0.20250570874879298
0.18382757379008896
1.801161165457873
0.3885085959349498
0.6621338650562449
0.4393752242045458
0.7402378734707926
1.2690866440490198
0.4293189708961229
-0.7093708081280278
-1.1299184706729102
0.4197479407816184
1.18278386701631
0.4452361337515538
0.7280082436734452
1.772063709179733
0.08795519949928346
0.06391195555743093
-0.4583045431845275
-0.48102601183872634
-1.2188880588013673
0.28745858483472764
0.002074564120455216
1.3607272139886706
0.6119145601937455
-0.35510552446774574
0.5344010417599454
0.1967138581300272
0.011353044380515473
-0.4134485934892559
0.5184973706932726
-1.6157987230236472
0.290247578677101
-0.6219360512652397
1.4682766681256287
0.3524549005293033
-0.617711249968566
-0.2852561007744333
-1.5870687823363199
-1.9683690850622668
-2.440437007421102
-2.444025804445158
-1.4240194678891216
-1.6889308961813525
0.7531665292112123
0.8297663192697513
0.4182244785191527
-0.053832870890495606
-0.00424995978216311
0.8997682615803178
1.2511500550653074
0.3990105948566566
0.04482044889178238
0.19226248331784218
-0.413790288233716
0.01528540623580571
1.722933342159511
1.0441610954029201
0.16966620875465915
0.7492971808582953
1.1265896068616523
0.5393454875515942
0.7625462761312551
1.1864320977193947
0.07555652477679395
0.3609681467378435
1.2415820054005218
0.9504424377352392
1.245179085444267
0.7660595460735901
-0.7017964412258174
-0.3572161078195131
-1.0276386848163042
-0.7533921333981612
0.8082317054526549
0.7159325559613795
0.21738678090782507
1.4463769645173286
1.4627106034337152
-0.213767599977995
-0.8529278224575232
-0.5779546943651566
-1.001455332581264
-1.850848975975056
-0.555099126703673
-1.859873137017187
-1.8631193035545308
0.565257561148451
1.0784364374687003
0.6632843254540506
-0.29924994971118096
-0.3647486090103533
-0.6256746564584494
-0.7378391448292267
1.0322764528397912
0.19736915573229807
-0.09920727100035068
-1.7597306994500932
-1.566349213203182
-0.5900959334907002
-0.4992195856726751
-1.100731178457309
0.5979192149110436
1.5571957937949983
1.337544753326786
1.8615836722061887
1.4225365598151753
1.1482241807133968
0.7155618822287578
0.9341659922504825
-1.093109275753488
0.03202829914844482
-1.3295057309132186
-0.8155794435097319
-1.2599749103220468
-1.456289270907219
-2.001625104143596
-2.0948970118089676
-0.3736764709942985
0.7772980059493244
-0.3435834835863243
0.03701945278858494
0.27919167869302086
0.8899727058950349
1.5382917587216147
1.957147319987183
1.6539992714490126
2.966187815666096
1.4425128972551637
1.3764683222643
0.5372088431912239
-0.29990627717250196
-0.2984432344151467
-1.598395488641266
-0.20983176547085056
-1.4352856440811168
-0.35935136698197945
0.08869143409877236
1.3221129553574231
1.9858393587235803
1.440874969336867
-0.07641022041281445
0.8539257353860197
1.4505185196580124
1.0621970629983672
1.1629535971403913
1.7055841059554573
0.13239044470121647
0.003466747260498039
-0.8494143893417401
-0.3827450374297503
-1.0899085517679599
-0.0344958972698543
-0.21318046583135647
1.0696211476819226
2.1427504155211174
1.5173659317837482
2.2522188942238284
0.549741705395694
-0.7586714606902492
-1.1274197134985666
0.6627173871875572
2.223187388995447
2.630349730383305
1.4025328451770882
1.0086756430682007
0.042541467331031674
-0.1020971198401967
-0.10828050852692171
-0.7913361299292069
-2.2973738884125194
-1.5951357437426283
-0.050649742017847804
-0.08675332263395272
0.2016787763216575
-0.05254671168493413
0.7149086641952471
1.0167255255327283
1.8012417472470474
1.0617924919912411
0.7015146538213506
0.705793773033538
0.74917123095169
0.11855255334293638
-0.6962285726486882
-0.38694522068461507
0.12012632942043476
0.9353202211702312
1.3762557472249144
0.5242551751589658
0.911068153154034
0.8876991284613067
0.4535885397681838
0.7903541181351115
0.5766965137541402
1.7503309472626776
1.6181397723863014
1.1674645962588317
0.019447533414176182
-0.5863949729534228
-0.9725191962655009
-2.2134421433341935
-0.5701414407129162
-1.5290820369618436
-0.18903362421539055
-0.11755327553604974
-0.8342082618335482
-1.206381692926537
-0.9105661736300373
-0.7386927318341816
-1.9605521086351305
-0.5616257997945311
0.5177351433496025
0.21145641458498346
-0.05625525912335902
-1.3059556258825242
-0.7249769360122829
-0.2616869604995149
-0.09274768772041517
0.6846373666109029
0.07287996994156098
0.08128641792582111
-0.2954199927051963
1.008354642714711
0.8262159372552411
-0.000850189517396932
0.3750663374160199
0.20045625561463074
0.3794109855404457
1.0781869717684958
0.5740211448575586
0.6248155016943261
1.0670919236910146
-1.293158115797412
-2.1504291388297805
-1.5649741419933405
-1.886318530551831
-1.0492600283756222
-0.11368857367959881
0.2978377654340162
0.07088894326161538
-0.42329615466847986
0.0504562463738529
1.220398004718647
1.9491588054633868
2.300923095652209
0.702688150059834
0.7880965837102921
-0.4496141952201411
-0.5167466897612109
-0.9522219842995099
-0.955645151119761
-0.7931711030713929
0.19715085736974935
0.5345455117313367
0.9838122936205158
-0.013991150188829071
0.7044587417068026
-0.07890081216534008
0.9397830598803497
-1.1952098787160448
-1.681840242489464
0.07283016991311361
1.3385643387407677
1.729609133632964
1.1229074915339965
0.46196281355496593
0.7562608546898725
-0.02788834921950295
-0.9250693680269134
1.8451520370600192
0.7503906718924594
2.086364410557663
1.2230962195544863
1.356923841533634
0.8502945587441907
1.378676433092003
0.4422431435996387
1.9314645790179186
2.3174502390476674
0.9990515349867427
1.179685129132653
1.4089114118716872
0.9009483027825647
0.935568091281249
0.009334127858578845
0.7070660920037499
0.3490371032323693
0.7489412928075366
0.29588194978018045
0.2986218459657086
-0.035385298197947085
0.8202387497439811
0.414422312178014
1.559195034309274
2.718390860602515
2.513664511543402
1.639948335074248
0.6587080139169479
-1.3137921091347458
-1.3350881130287107
-0.687049153153952
-0.41686426168634483
0.13682013817738561
0.6395430296129765
-1.6134663918797327
-0.8081371938954384
0.04802816515068091
-0.7523176992265728
0.5819737002987301
0.4269021169855868
-1.385776549540979
-1.491553641443511
-1.2118220484157005
-1.1188700398509397
-1.1178918313481097
-0.4550915191269846
-1.089467307694344
-1.4914978382187003
-1.5366032739907831
-1.01932119527619
-1.7941649656488785
-2.6110860180836104
-2.2947833524097327
-1.5306709446268192
-1.1002307153000526
1.2189132507265248
1.0767620776100237
1.5498738285013858
1.3260996266813903
0.2931689904461123
-0.035683713911962414
0.4620989923080812
-0.8043034793042346
-0.8076671590675938
-0.7629687592525705
0.3956667885500818
1.4519535544691327
0.3112871327239557
0.769410661847493
0.43853835406615416
0.3321729099539784
0.30987733644272875
1.0737599036440733
1.0541255747285603
1.7983202342757072
0.8434918044149621
1.5824114552486022
1.4208309319181245
1.405938344124439
0.6894926270155993
0.6775996297967517
1.3659273480403673
-0.2509460672349091
0.8656420889636134
-0.27456479673466444
-1.2485261969767065
-0.5387729015656674
-0.0357591438805432
-0.45779334755731
-1.2855031794048788
0.37978794490322354
-0.9319929616534716
-0.9848570025149885
-0.22626684146187315
1.4838083310200119
0.7747760508390684
-0.1595128479801708
0.38954165946121694
0.5354523408951378
1.674591617808459
-0.0823055039578654
-2.329586953211616
-1.3476206799609831
-1.4939998412288413
-2.373470023585471
-0.07750599254997231
0.3389629147365709
-0.2938369013669055
-0.3636570089971287
1.4754969944162353
1.416994256647004
1.1614964100493428
-0.40538639460978765
-1.0979599759295215
-1.2996654484234342
-1.5839601385282034
-1.2393714193887324
0.010617176112220267
-0.5648907271130944
0.5817195433578765
0.5807054197134234
-0.46159972149325335
-0.5422983570719916
-0.6279083492768968
-1.732822736445532
-1.2577972448988484
-0.11254038887224899
0.6570468689058679
0.16727211479934093
-0.15967349453719765
1.4544800884111355
1.0983362835067307
1.525498491890703
1.6078918957830457
-0.04752208882708599
0.6286545211473937
-0.14493786374196027
-0.5756537803073181
-0.2552707655626667
-1.3227981455566804
-0.7097688950777751
-0.5166854023107834
-1.4858088904792537
-0.7318685853648798
-0.9581875529125854
-0.8796073079887466
-0.46557415763367016
0.24570444063508365
1.075850874611314
1.818083669741587
0.6064845609889272
1.6444901844120168
1.7955796254559713
0.11831620630547285
-0.4702190512912706
-0.2239415686507445
-0.8007955166906275
-0.08310148214836234
0.8396884340781675
0.32863556628976687
0.21902617048024228
-0.3057903468253619
-0.5536015848608925
-1.4776980927871795
-3.000454389268588
-2.1325017548442475
-1.3971731956063582
-1.0191244718275247
0.12426345044719415
-0.8032358089825611
-0.5054861503641686
-0.9196181543070328
-2.265095597827383
-0.6185211227029349
-0.04996172729509686
0.034748737270384814
-0.78361437532283
0.5389579637478253
-1.0523605418738275
-0.6219239043266506
-1.8018459627907644
-0.9372179897731425
-0.04616682118529819
-0.4109803738853643
0.17824034232747635
-0.7444242302594327
-1.2284975211716744
-0.5525174995307327
-1.1215231092614537
-1.4651147507751563
-1.8479283256342722
-2.2153592483413074
-1.1907137011670197
0.40826855175506815
0.4022685769405735
0.3439236155046557
-0.8805167656632102
-0.5963980131379921
0.2662159461920331
-0.7531315321260073
0.9964945217555117
0.09440951773854928
-0.2933100964117726
0.3154703754004179
-1.7531188165168705
-0.7312968172388092
-1.9249871040502577
-1.5523045526297041
-0.3094042200632931
-1.172910392159414
0.26274422966551075
0.4232206198156188
-0.384922438966227
0.04937607913781367
-1.2787477138883139
0.1454228749068464
0.5719261787086912
1.2262717755884491
-0.659323712231929
-0.49000035358206223
-0.026112814116574457
0.4515896516994745
0.349731755292305
1.3427943969529086
0.738256595443428
1.4733071924581695
0.7123653327694789
0.6839623833039781
0.60786456329199
1.056672057638719
0.9683727606288269
-0.0871594019468177
-0.5636003078617681
0.3907844933022194
0.6707344619984373
1.6974084392401305
1.737971058513916
1.4782565957826639
0.9027099928747513
0.5926603149752552
-1.5838920094918478
-0.8484969423567449
-0.48272463833797025
0.007037255040231366
-0.4936313681503683
0.8994863677230311
0.6449093869865409
0.39192082317457283
-0.01055802792643129
-0.3572176135184215
0.45840745087385854
1.4179071550871032
1.01993460551779
-0.8928168452331462
-1.1154254557258327
-1.659801961570164
-1.8530646988948742
-1.8279499639852328
-0.862928872286777
0.048467846338316856
0.39369473800239757
0.6492646795478163
-0.25438080503486193
1.0147770500237128
0.8408716487500771
-0.9723112343136288
-0.6174796868697159
-0.44519900868082507
0.7302537396071562
0.9460541189821292
0.6147107772666663
0.02546046616404246
-0.5282592040389745
0.7461356255174987
1.5753266626708529
2.085404640584422
2.231954019893555
0.31429993684973145
-0.9667082833807024
-0.9765507251930854
0.805877280454354
0.3786287464050943
-0.318758996885868
0.1724364726383818
0.06870713274659544
0.37872182741284643
-0.36421400000495546
0.7227620510976964
-0.6279313598538439
0.5027736644873357
0.6756695240745434
0.8531748681994087
0.5346592934276289
-2.912298782547901
-2.2021045328790003
-1.6691410279660193
-1.3402909812265211
-1.866737342923763
-1.141028583765062
-0.16646511219683155
0.7512128998456938
0.46788171047337496
0.32552187459976156
0.10859896254336711
-0.12225799738037083
-0.3778081423896898
-0.6699510579862675
-0.12060693026771008
0.47178053453849583
0.5907925275123843
1.327573916017874
-0.3769637798526996
-0.7046886696288762
-1.2593522256678311
-0.5541970443946925
0.045280393270357946
1.6019716993967943
0.5669876240641434
-0.6333791603455113
1.0651935295999628
0.9970090032398529
0.8276537386759841
0.847610965713937
0.5017109018543582
-0.005392276022592818
-0.9271581305456231
-0.476614407654476
-0.5403471406677522
-0.8803113545689787
-0.04285924999349483
-1.634754804329339
-1.7379531971785358
-1.3024121968818512
-0.24479327406782037
0.6761883469393052
3.09486604006547
0.6230152592406629
0.7040077579341013
0.19241960769708524
0.018745183150800884
-0.5969631745966307
-1.25200946020433
-0.9791044319975142
-0.3522538661439647
-0.6836464349570635
-0.1382992093585924
-1.739551106254641
-1.289898543610199
-0.6539220946670693
-0.8464979610201626
-0.29038053980016826
1.8072718641602512
0.7594280944986385
0.48506016289270204
1.6507487235529248
0.8817361597201799
-0.7412843159855862
-0.916185534268623
-1.016844569198738
0.08075121387048871
0.5950135437691904
0.1985118984300499
-0.4404348932469454
-1.4179683021204121
-0.283633065937968
-0.9363617286933029
-0.6774323913469857
-0.11305947842367947
-1.4680924326642135
-1.1766487876468636
-0.6363623740447071
-0.2178594337217144
-0.3855379574229396
-0.7188265938531381
-0.27277935462266817
-1.4023853840926317
0.30053716866238744
1.07967322697251
1.5645428317732653
0.66571690308842
0.5895439676629661
-0.26588001767158265
-0.04605981587857401
-0.5952635181155075
0.5022751051075214
-0.9478282050307222
-0.5009143800015953
0.6666907586997701
0.38229826615347345
0.022709388042241055
-0.33132281299297583
0.3203897837357532
-0.4198255794983832
-0.5911860096196312
-0.3094586074658041
-0.15001030783927127
-0.218731247688485
-0.8223823990249955
-1.3157565170416148
0.3408510127149634
-0.5896612629118445
-2.0216265453705224
-1.5230339506822999
-0.9353031534453662
-1.3264593163564187
-2.0815997283130225
-1.5906786336071506
-1.7395881306562997
-0.3803770403659658
-1.683663405071551
-0.7161386931268658
-0.6922560294948275
-1.2067900048094462
-1.0038501789927776
0.04838295647670629
0.025119477272034785
-0.5541259653763864
-1.4482545871164634
-2.3102238108363164
-1.4922422821184402
-0.3609476208741893
-0.3825839757026117
-0.471446761135192
1.7837995897658696
0.4836376124163096
-0.43675929830775057
0.09723396939593447
-0.12180936626317933
0.04464468419673969
-0.23254357634283432
-1.0431803994980005
-0.4665291066571686
0.17084214210095455
-0.22844580820779217
1.0207697557306776
1.524407272302909
0.5439117066695821
0.845115461808289
0.4916804138731933
-0.40205224066402995
0.24670453881390828
-0.13887140980439813
-1.315795063054063
-0.9031000485706276
-0.22307377874589823
0.9380588237469724
1.036820460853741
0.9258232806767498
2.123508346881937
1.40466800396233
0.6781204750223967
-0.2607064474778222
-0.7089702593188276
-1.0019924512011702
0.5913808105565105
-1.6919407968386952
-0.8495124689739344
-0.5364898839153335
-1.123207789725155
-0.7729034043629868
-0.24520476946204722
-1.5166329212873528
-1.7870210786151903
-1.2718748372884547
-0.9259683217808043
-0.7057765968750416
0.12466699284911835
-0.45413195978305754
-0.5899378241414366
0.8427723661731308
-0.12239592352927292
1.1519939195928635
-0.705735314382172
-1.6097396638928165
-1.0239329077522057
-0.8388018646840361
-0.7167930091992671
0.8892577313599894
0.7765913004876462
2.380645586950583
0.5455498185159906
0.443151862209156
-1.1673426903582689
-1.0868059175338172
-0.7101202238448074
-0.14668472431338075
0.6457956154466674
-0.7056662089188798
-1.5158415011089403
-2.350109946662929
-0.2050846267159614
0.4168625652861893
0.0273301945548107
-0.24789489464298398
-0.0820583460102709
-1.2849791092385683
-0.3440216879243988
-1.1105366222935233
-0.4324727757976474
-0.362084929088583
2.265088783230075
1.496784448264463
1.1041744761538725
0.23732608652103784
1.6407982797137888
1.439924966288729
0.5178379745373008
0.1802296374407136
0.7631063472672005
-0.705984140373743
-1.3681053132392382
-0.9606169581346867
0.0591901389795563
-0.24684102740589473
-0.7651279013682305
-0.5782554567684829
-0.38697330223855386
-0.07853915371377423
0.6827775200305544
1.259666851870864
2.1829710796820865
0.9884669345072459
0.04659274494341334
0.8701500759096047
-0.8291809470999456
-1.193384869540839
-1.016036913527257
-0.9820975180792908
-0.23518320063464895
0.4477257328241162
0.29992737573406
0.8658062546411084
-0.30378148621649537
-1.2813930135122154
-0.9570979180265595
-0.8057863401062506
-0.40175015341829673
0.8220086351199247
0.6062489879264356
0.7795551762280447
0.8642416062472486
-0.6391542060879409
1.2970510026923374
0.24516502257043377
0.5530202845139809
0.6950101577715919
-0.5474602985332216
-0.786288766532014
-1.456600127422935
-0.48670031094318167
0.23511848107680136
0.22595262314986225
-0.7679802190251348
-0.917239660947076
-1.0970979664252163
-0.17911774056974955
-0.12266520113742485
-0.6992128502381797
-0.82975412136653
-0.5890873448273768
0.9878418350197059
0.2045630757662197
-0.3180122694665518
-0.7753897923066481
-0.24910143916966904
0.45726165254223633
0.07571872245264438
1.0912308965541002
0.1555701202881271
-0.5234781714357222
-0.6061824027675603
-1.0399067675583846
-0.4154813516592884
0.21471549428559822
0.1107004006117778
0.3569847029339424
0.8123388181224552
-1.146515655122001
-1.1894098884632902
0.3042743010711469
1.0273810908575136
0.5308607667414226
-0.5189966233353552
1.047411708576265
-0.048167241772808275
0.8357680431744237
-1.0206123060488637
-0.20731983955863406
-1.0061342231315162
-1.3016531701613696
-1.0067723706573326
-1.9704333599439277
-1.4589318834856668
-1.287151700990861
-0.9040533329328619
-2.006278865804225
-0.7435334812072384
0.3752585776710843
1.6575052307218319
2.1781993812957547
1.7036395116327894
0.8791290667625292
-0.12185089641413077
1.3053849519311085
0.6687447748668462
-0.2820927314191718
0.7618972969275832
0.5045483509909405
-0.6018771303055779
-0.9143188306881782
-0.558228746725144
-0.5303538648950328
-1.8170613404516078
-2.309368343683954
-3.027331406738354
-0.7861461229983027
-1.005137728880057
-0.31210355931740785
-1.8577816119193147
-2.1743918126161224
-1.0544154878052405
-2.3535455526096603
-2.406108370399461
-0.5342460992073363
0.433240164179128
0.38345401917081934
0.5649629392895165
-0.16247480009558862
-0.8526198478804046
0.14959452605328497
-0.21903261637455013
0.8465293415850423
0.0581666770072099
1.0247558700249728
0.35917554944101887
0.06610910317057578
0.179108617409266
-0.25876482084048824
0.7850912922807747
0.42115236879206935
-0.2612360078615604
-0.34360682065343734
-0.34609541187547666
0.8556443164174795
0.8719913530905681
0.6564955567101025
0.4036591937191697
0.015318213262739605
0.5340185724836779
0.6246088234273556
1.2644713429644407
0.7835842900011387
-2.5337910061178666
-2.631157032351769
-0.522950337405226
-1.2541577366520467
-0.24945646683424255
-0.9672586436763971
0.3540611188060002
0.023377251382522612
-1.1466344525745744
-1.9247987588396733
-1.0714056365173916
1.2258049857789426
-0.7706296596149211
-1.5895108500047632
-1.751188532956461
-2.4530503920129854
-1.8623432878823545
-1.7884608299145615
-1.8967479991840845
-0.9881440277816751
-1.3213547820648783
-0.5895510686285601
-2.202954202483509
-0.800455372347368
-1.1744738895554125
-0.5368645005377447
-0.2501641222946846
0.10597533242426532
0.9524497782357532
0.48799745675405337
0.5268617487151913
0.38387983088396177
0.4204256865657442
0.4837736494901357
-0.25022353848283213
0.12719853900117936
0.7567291889595795
-0.5674890702719442
0.7571430815196564
0.8459023331214717
0.18503421624319333
0.2842259015107584
-1.1906302968525653
-0.6507573534163186
0.5641925144596014
1.3396287374333902
0.9613693482511858
-0.33436361859061514
-1.2473353622275218
-1.3781913729346207
-1.5789156924147132
-1.564948464904153
-1.7981234989736417
-1.4468409729316898
-0.297830778427184
0.477465109307589
2.3063240278005677
0.5149364831203693
-0.23912302800430646
-1.354977203969387
-0.8144556058303201
0.992430981809546
1.9630896470176233
0.7689996457433279
1.943387126798758
1.1366292438926775
1.614155271926855
0.6286124921848943
0.6424791393022574
0.6334635974656436
0.8391329754041785
-0.9140097894341196
-0.11188240226121762
-0.7997655001529447
-0.17464507276154592
1.7964484536058987
1.2361221472772628
0.5353769149631467
-0.1778837916840775
0.6611844514704193
-1.7462169555544516
0.7352306869212695
-0.488461444534786
-0.12990403159844344
-0.061261239770507514
-1.315423823805641
-1.2915319975517203
0.06331563121581661
-1.4205301987429944
-1.5489411303422291
-0.283590621634928
-0.8216659264685692
-0.1771699557895809
-1.463900753660833
-1.0024538768508728
0.8430767100701912
0.8289706845605638
-0.7741928538853028
-0.6633830782557655
-1.5601944236923877
-2.0436993668844057
-1.7233864686561586
0.7358382131436141
0.4432792124737399
1.6127287530303798
0.8843870835265559
0.2294051172114213
-0.9027003503634059
-0.5613255051251159
-1.2037584152639969
-0.6434169609587627
-0.806542495514679
-1.176759291826062
-1.143555519350564
0.4639405730801066
-0.44796412137014274
0.7068067106693131
-0.6531699816563201
0.7764475510365899
1.9253568566651376
0.9039657476848822
0.33621131956902905
-0.2932075372271374
-0.10228801009181909
-0.42981348927957697
0.9307956584759784
0.0019036739032405325
-0.29583601145224
-2.114178698824309
-2.7226624717400862
-2.49368274762067
-0.09747746810464802
1.207786919223056
-0.07169398242665699
-2.115611943749672
-2.1975586072274176
-1.6848276193545664
-0.34707999672205336
-1.7858948430091544
-1.0344098352048938
0.08377818817555083
0.007044329622888035
0.4418649103801018
0.33283800288694254
-0.0013022302329021018
0.10715870823740434
-0.5872661379453703
-0.6213513913288842
-0.44354084124486104
-0.4024261307782808
-0.7620911616461765
0.055691701500954593
0.43458577628180817
0.6998920061303533
-0.1368205378591983
1.1952733374091242
0.9417024911015702
1.05936339402481
1.2637343463028627
-0.07901665803752077
-0.9363651317985671
-1.520147991675901
-1.6245681968493701
-1.2686899574766526
-0.7295472195782778
0.11931904589798106
-0.412451481194915
-0.21482513633092776
-2.5048884650213505
-2.0176616451342637
-1.2647314076198102
-1.0251289381284745
-1.5727649858245245
0.366273231309447
0.7239734171558971
1.2298192073665333
1.2324876631234323
1.4391852951036
-0.9107723305955375
-0.22408113406670999
-0.7849162170259787
-0.29107263678051665
-0.1818532527279882
-2.5089905082853114
-1.646764032080089
-1.0524744212851789
-1.1368811472524412
-1.8312573723438605
-1.7510524212369372
-1.6416966945295712
-0.7762606016475507
-0.5760302352277753
-0.21881975648333088
-0.5382564112517463
-1.020902179551323
0.3730585728025219
0.14739747421066438
-0.38329729833742276
-0.12201648903180079
0.1545309343541911
-1.2017458691489014
-0.2491442660511048
-0.8646223872227183
1.2683990935246836
1.834449340495623
2.265588920875281
0.09696873271192262
1.2915710936560698
1.6448911539352555
1.5724949719813328
1.072783300922844
0.8128764323685362
0.38739294709752936
0.33753202294587203
0.6406660104973186
1.2418148572393284
0.6284263962868706
0.5635696534525398
0.5153449566456323
0.25643354013063313
0.9426165364697634
1.3961721701818248
1.9554018034957843
1.64108939204513
0.5979534577221249
0.013213879331318651
0.7554747409487039
0.8589370027722153
0.5669658157057718
0.055643738180584254
1.0047507285243116
1.1730616344028089
-0.4309807151329307
-0.14850771530821755
-0.2420907015088717
1.9642015268629724
0.717011602541473
0.48386026724788295
1.065302369978963
0.64298361343341
0.0922909418820371
-0.09864081294607926
0.43943466487551897
1.1212278038146988
1.0021726891913834
0.7325271104981723
0.4877727476481095
0.00925215217101194
0.792276456854678
0.039208487421043506
-0.13609013974104425
-0.7728560897647249
-0.6638972486714056
-0.7661487507534502
0.4476531398408311
0.08028703760623697
-0.09681926180283595
0.43187948120798303
0.12641571065282803
-0.3219228404001277
-1.76569100155853
-0.8137412654979156
1.0295161136529634
0.5165989871429165
-0.554620601490293
-0.5574273087084588
-0.17880674311123582
-0.07550483787486051
-0.001417121104688085
1.262095059823113
0.62509464927767
0.47722401347086574
1.9040395576061178
1.6577983214882221
2.5693407522107052
1.9865970414698186
2.443261692450614
1.1554943611373083
1.8025604157318211
0.8385387771728544
0.691304394355075
0.9933792368346959
0.44511631672500646
0.6468476762081848
-0.1533966350446944
0.11884413451070157
1.5072557388094627
-0.5010225021473873
-0.07437937171340321
-0.3952640574795587
-0.3411852023550646
-0.005300402315222524
-0.7997129320786286
-0.23485439999315738
0.7939952041865245
-0.13388019710866028
2.2446660465468615
1.7922909109105432
1.595875869342314
1.6994027276826793
1.7529847627583162
1.6087917270359906
1.2086831322684652
0.5766443829888149
1.8401172801160097
1.734471247011253
1.102253061508087
0.46836639938543634
0.4263167448571842
0.9670535988988471
1.5388204191899404
0.5038661089595395
-1.194445086775686
0.981447325640847
-0.3669185912094271
-0.5235281486923145
-0.19625302604537515
0.8653270706013404
0.4346944109161226
1.0274824726212661
1.4888439525598225
1.7804405455557768
1.2715999663811761
-0.8778255538311692
-0.9671142113587194
-0.6897414553866117
-0.20464143806004703
1.3447320517666925
1.0501604197058503
0.12065350978678258
0.12806167717776587
-0.6463330966839099
-0.5111384867465012
-0.8464854121107525
-1.552556291879185
0.2213539715486803
-0.26666973074619693
-2.0296410470184387
-0.4788159998410014
-0.15379952195758487
0.44018814329226574
-0.017458968354687826
1.2282971153837947
0.8882440555023007
1.4336016266458755
1.3916615432337156
1.2417142947170958
0.8018373482492412
0.5996705812965748
0.8683870896134471
1.2607748267652656
0.9080872004747932
-0.20201518103878724
-0.011779762889789894
-0.36673935291853577
0.5353994938089661
1.6007835707448166
2.2050813826346167
2.002642551096271
0.1344918850092771
-0.19831922968431903
-1.4301877110142394
0.41870812868934093
0.5519104031771583
0.740558629345796
0.3791883680038951
-0.35178454194548825
0.7687768119951344
1.4448576631177121
1.7260326808313717
1.1493302995684536
0.17469686362838338
0.0352855631909777
1.191450387989775
0.19452282301368903
0.005789023562798257
-0.9639470384377398
-0.29836022235414217
0.07169463282158717
0.10634381780320662
1.2343793265769276
-0.2116609718165277
-0.7297601814720096
-1.6193282285670303
-0.6471537540618677
-0.41861031437892604
-1.5285046385427428
-0.3713093855832501
-0.43650966505457756
-1.1623592448174342
0.8866251418700575
3.07996109199014
3.1645318172146353
1.985899831500818
1.1774104843054187
0.7946052290451826
1.0580980757201843
2.125256277515513
1.7549935296306458
1.7161626791856932
0.8532502952843182
1.2212140365257742
0.7053695065752641
-0.18675647527531108
0.5956853958850687
1.4468752844552608
0.6903364209088747
0.3697942212039106
0.24344214566685507
0.23685159334371503
0.3299594888346954
1.1359868225066918
-0.7690328982838487
-0.717070832023382
-1.699980093373553
-2.2133346816090915
-1.7442306138399637
-0.604879543387757
-1.1259320704717761
-1.57957562637901
-0.5672216508327347
-0.6807404114946762
-1.5800343831379258
-1.224887091805177
-0.5873035659764434
-0.03129604023891169
0.11741121881396158
0.7459681913268855
-0.006433488432401935
-0.6289832046314073
-1.033502289034011
0.3854283243006245
1.7430808943459994
1.4163993288922359
1.0463616731981726
0.3888189442506418
0.5628399357375721
0.13482778557486677
0.4596850592052709
-1.162161841085759
-0.47907637096656824
-0.5998973837453232
-0.96196960494966
-2.215677313942037
-1.3223992872444865
-0.7583884199093424
-0.3423740569611629
-1.0437152440181678
-0.76899673097551
-1.367440605883476
0.40224733549124503
-1.1035061720223431
-0.49825842842989587
-0.6179781982194142
-0.9682802716989432
-0.8029775516396517
-0.929788517956748
-0.9131917217294873
-0.6707051315529603
-0.27169805449277307
-0.4547059954635244
0.24105761287512462
-0.6965269868096098
-0.8261850796165295
-0.7348908846240467
-1.4404511704135883
-1.6367544159031815
-0.843541335219593
-1.4772756192531291
-1.2834042345754804
-1.295331402250118
-0.49144474989152453
0.13506919334883064
0.6576048611985474
1.1862379454127465
0.18493239828054842
0.7337288583563031
0.9568275090763112
0.42073028934169476
0.32207148580883244
-1.11198603441673
0.036685069169347884
-0.2634763303704961
0.07687796008258933
-0.6155400897541021
-0.1182122464692238
-0.07985928866823677
-0.12007821249133399
-0.7816661951717827
0.16976129061860518
0.3279718997998907
-0.12280627815823103
0.3535899070441684
0.7591988186341119
-0.3181354818688631
0.5344209026669255
1.4227792171188054
0.5007626657982875
1.042026774821842
2.4762646744850088
2.6853774822247614
1.220468707366461
1.4300685220935254
1.1161509299271395
0.7270171029414367
0.3732869263452335
-0.33067606994367327
-0.9082240560216668
-1.5443579469277373
0.004765048442914893
0.7676069292974538
1.1520147802488498
1.1610751691111718
1.2555474117890213
1.1359958420947365
-0.11574924647109189
-0.8111204332255251
0.26248597458525535
1.3089231447353935
0.6641393777966339
1.6844381025377182
2.9364652221704275
1.6867400511966504
-0.09610401395528503
0.5171935505871876
-1.97965007397234
-1.7259207975924824
-1.451452814864044
0.18314552631660522
0.6081141746594003
0.6696129189493922
0.380838084899918
-0.42684982037797436
0.5528809477033453
-0.22144478372171592
-1.0589779121594944
-1.1712615711903274
-0.39247681588358346
0.2885179740300039
-0.9503440660494523
-0.5915353997432709
-0.6078766946435185
0.033502514522554455
-0.989911867818503
-1.7852110180171779
-0.8861741940231168
-0.2665413235055395
0.16407378428824146
0.6727088603634702
0.6446067948552052
-0.9944275215771168
0.3165159278422615
0.3360028762561989
-0.35123623225194717
-0.27852750789448627
0.0894501255354209
-0.09567166628421772
-0.13259875693705467
-0.624444692493251
-0.5832512850768852
-0.2974169848177796
-0.27970480170531525
0.40374009243347675
-0.26163778844726776
0.48994902488275544
0.7051095373416618
1.1362969270874816
2.3698213293389307
0.558372640296749
1.8211611818480373
1.184224645796884
-0.3604154532483727
-1.201082242783033
-1.2639446655612903
-1.0159965929763548
-1.907049286592455
-1.5953129813236981
-1.5717107347062604
-0.913661863711883
-0.19409020619980616
0.312827762283975
0.8881546046188313
-0.27453824647017755
-0.22099910272759132
-0.6934918245362117
-0.6589575071737303
-0.5591956472112332
-0.8225387191180257
-0.4993395417098059
-0.4743890977438722
-0.4092108708237776
0.22744048665282302
1.1187308093417168
0.05708774370035047
0.47929024531632797
-1.1107310697495685
-0.6275019253014805
-0.926463473527853
0.26301721070319417
0.11689418395849066
-0.6918803705725788
-0.7392521010427404
-0.15433516222168722
0.017354294115744406
0.5400251628150504
-0.2920123446470174
0.166461945561057
0.8567463331192084
0.03667937104919651
-0.9065207515772749
-1.0492001664959771
-0.8214992068712187
-1.35774551579671
-0.8372491439527463
-0.32377861957882514
0.9563921582612559
-0.07690378088400948
-0.10558311418278926
-1.0470938765506028
0.744318812273808
1.3402656783001499
1.4487749472439162
0.6600291243937483
0.3245831582413129
0.6455577840229395
0.34281397471619623
-0.1629351878995412
1.510438538968529
1.586492069580769
-0.6296295049828943
-0.08339610043617099
1.4175965532899504
0.349415824034016
1.850775598190662
1.7071207115670457
0.7640055687299476
-0.5276269196073335
-0.1241568608072573
0.2351720884621033
0.42259486977209026
1.0906646327932759
0.801092005104289
1.3265948638594656
0.505816608697788
0.6298523394167173
0.9187953722314623
0.7941012981771474
0.8281784394980343
0.014348984011882672
-0.07471038611728564
0.6045986237586668
0.8905835045340841
1.013837146195315
0.26545691315083914
0.8770260374786097
0.020790727228696904
0.2505773895753188
0.5767162888617609
-0.09925419479514602
0.641629798461024
0.9800548911977087
0.12423398648537021
-0.6823214589977548
-2.0881380898435897
-1.1534121874105132
-0.6037871128213628
-1.0073975204177223
-0.46829834399895537
-0.9451377311481431
-1.401315782699572
-0.8309256821943708
-0.23578918646291286
0.18449557276725062
0.1506760110987752
0.6099064053007657
0.6669059164796158
-0.9519842461081405
0.6884607268469978
-1.3465453024191656
0.7935796433270691
0.8894214646465206
0.5155812531446449
1.9788039653940692
1.4284403275927395
0.33753686369187125
-0.43696975069314775
0.6760554592004782
-0.30260377719902254
1.5221157180126115
-0.7105991856093781
-0.7707753577801157
-0.7845927058770098
0.047510839971196234
0.8178238814660319
-0.12388413687203666
-0.577700856309904
-0.37181944706772074
-1.4204752651267605
-0.37077591775325375
0.5476927179254345
0.23631903661727466
-0.7430834433139131
-0.09149045281588047
0.39412209074669524
0.16762014006613607
-0.0698183774234444
-0.783369479338584
-1.829085442239263
-1.4546278959107128
-0.47305145249750447
-0.9037870445395932
-0.5520024599998044
-1.7676628692946998
-1.5315658156623422
-0.6220033028157146
0.6608411385095396
0.7301665823108241
0.9222820559021447
-0.030660023651061234
-1.206477830042501
-1.999170053038766
-2.0684553150498775
-1.1431001200909272
-0.7992693548596126
-0.3680513768352801
0.2590275877074414
1.12235523586334
1.5946237200954907
0.8773056116690949
1.6375375798591165
0.7970808877609034
0.9261036133664285
0.02090722528344165
0.6746493491300798
1.5641720764755602
1.9567850426471247
0.05671505205222867
-0.40474097275118476
-0.9295266206165621
0.07870447530718694
0.6469831852234318
0.7775742706705469
0.7067021393705049
0.3583297827422769
-0.14181997285336656
-1.6869309337244127
-1.1102170146907442
0.4836327225261722
-0.40324846262503
-1.282191118874857
-1.2349938082987815
-0.9052628935468269
0.27742074308623693
-0.025105364295155613
1.615240431631177
1.6685110885576786
0.258761205442958
-1.3808115773386036
-1.1039435382209783
0.7482526914445525
0.685723015351183
0.9917801045832203
-0.9516660212884724
-1.0207327905670336
-0.29936095835699045
0.9226531613748671
1.3296438836666944
2.0049859903515435
2.661073934393908
0.2659774325545903
-0.04657568903699916
-0.20456353254605597
0.3242013802283391
-0.841749900647383
-0.10735559036742337
0.1846601479748343
-0.43286585425663293
0.4344817863557718
-0.9564048145842506
-1.710624751157487
-0.5917797083583498
-0.9956699451886964
-0.9158740615132415
0.15517167564027526
0.31592976904260756
-0.4173867066390685
-0.9078424253831334
-1.05550115326198
0.17707277214988235
2.2278275486816317
0.11229291787676351
0.07349965335164946
0.19651927262321434
-0.16365569215394835
-0.6150920801684671
-0.8084533914198755
0.560262309626953
-0.1945161639395332
0.3963509218636967
1.7461594507332472
1.0313812939971667
0.40664337468625034
-0.11210029094178545
-0.2099947558552298
0.3212358563123388
-0.6051209316724933
0.4708518058099197
0.8916418583991322
0.9422402378959013
0.4170915608234844
0.32483804918169207
2.330086176434922
2.4599749221242035
1.6426277598357117
0.17477008143998388
0.04443283565640548
0.3586659740557208
-0.3126460269156942
1.0176443105989101
-0.45236630319169135
-1.4856224112851375
-1.7424247348837254
-1.1201490995428263
-1.1417548847276104
-1.12933019075339
0.6909748477774362
0.3335754664333708
0.2926214053896245
1.259637792199427
0.42133772430295163
0.5059003752412577
-0.33645304967475925
-0.06545988775290368
-0.583719524045337
-0.4411369476945797
-0.7371962749320753
-1.04386877622101
-0.785762662265241
-0.21508512532432839
-0.7125046924202358
-1.0182297644805158
0.3826362469886486
1.0198005199638156
1.7578609086067125
0.820432104385083
1.241013038946912
0.5308592215531814
-0.07654952353795633
-0.6484117527220687
-0.3376183970240481
-0.9899250497184853
-0.6331586629043048
-0.48206329285655625
1.099685125304222
0.1021486589157519
-0.22520668471927058
0.1644931071580779
1.3496456217074844
0.9048434594255064
0.5774234377400455
1.2650884184674334
0.8465910095374314
-0.5497916335392221
-0.3085326921645623
-1.669435941263418
-1.5576331638828769
-0.5783115991961407
-0.8582211051966558
-1.4250708330620028
-1.0347054953827408
-2.6823595911619456
-1.1624183150352856
-0.9979277264247997
0.07248234066059328
0.4594536024449248
-0.6058909620872316
-0.1108564995089395
0.019628107380130266
0.24549208753357077
0.6344375064496138
0.8269592068300108
0.5639140554213589
0.06345158624731354
0.6548671816286804
-1.8511054152923456
-1.071025343959396
-1.0335514912795138
-0.05531615368666659
0.1695563547400305
0.7496745842222429
-0.21410041858267598
0.6829896893847975
0.4567390448065831
-0.5612339041698071
-0.2910943896398762
-0.11429303107117575
-1.2809592387762778
0.969968541176393
0.5699415603767994
0.519817705783554
0.19579035312935328
-0.18135238506352103
-0.3759150068713851
1.573819538515898
1.141328831922256
0.10144539912419878
0.033355528452593756
0.950542449552825
0.8312403506593027
0.8293364765562187
-0.18886174846396936
-1.070105356394645
-0.9258462626942401
-1.3518147217058016
-0.712416381652688
-0.2272092595258168
-0.37626410615191236
-1.5715177915922134
-0.8050096083680045
-0.9103298507856958
-0.6014809403323111
-0.6618526667864569
0.39996352018900805
0.26337631986738785
1.284923614974708
1.1221555322105319
0.7386353976834694
-0.40016998596805964
0.3903329008017766
-0.540348079549865
0.05436262630323703
-0.14436437163245336
-1.0212409418040997
-0.5102285497787348
-0.9829593543029473
-0.45094582704267794
0.1407617397538815
0.611425573612551
-0.05368883031142535
-0.41728365526471967
-0.27333559325626755
-0.9729099073512223
-0.9216527974206087
-0.3545608030976355
0.6861910093526657
0.1255686797894039
-1.5792091469389127
-0.80667675478721
0.5237822428916934
0.25349526268223854
0.38155213794074816
0.7126041127055754
1.084167640331676
0.7798471292422335
1.64824503723078
0.009681279095995927
0.6736502197336882
-0.5739990045867525
-0.6868351675639046
0.5150199506918314
2.0248932863022655
0.3749657583933449
1.0168121866088207
0.805220212751341
0.01120375940279697
0.8379627775303582
2.138930803296138
2.2165125355136017
1.4136347249026904
0.7695282520628837
0.8322863710099939
0.6563651410768693
0.09164832000000876
-0.165488751749126
-0.47572192316202233
-0.3573183367384574
-0.8097226725467748
-1.046279141210692
0.08342093517845396
0.5121307139169776
1.173234305166515
0.040281363931847176
0.009474778206288156
0.8649600763811393
0.4309983766222298
0.26759340758609984
0.1108191549692997
0.792466861730835
-0.5341127857614661
-0.11822557744778212
0.3505999757334693
0.012533113315371464
-0.022963056839646223
-0.902716243880556
0.21780967144666408
0.6373345511263656
1.119715299933614
1.2973213796891585
-0.3532323541776401
-0.6818427474161352
-0.43034737557007524
0.31976945089590314
-0.43797248828988006
-0.6902863327488564
-1.455210846293207
-0.555392548709309
0.37907689834948777
-0.325015515425425
-1.7294420781344688
-2.496105950658954
-1.6431787905959439
-1.9179384865310647
-0.6995157594280881
-0.15447035029544004
0.10821255411891101
-0.47934246405765585
-0.3279382218136319
-0.4104033383020049
-0.7246673659527076
-0.9892991828238722
-0.2241059304710949
1.3112297542191294
1.7192261582477841
-0.05960080131926149
0.5341192268049028
-0.5768581700606599
-0.7621386514425116
-0.7154598854953177
-0.9110390634177535
-0.41128427403681866
0.32318397190869297
-0.054012778186993404
0.1855479491650726
0.45081661560724184
0.8844196565861576
1.938852750660366
1.1011461285532278
0.20694952500922517
0.5637468207506191
2.0389575031728047
2.3035048762944585
-0.11649361936978765
0.02859539409614098
0.5388951199472382
-0.34406096057974095
0.19226502626839495
0.028172111519638054
1.05793242755675
0.2955205001183344
1.3975964603347524
0.5458089620360113
-0.745283921945268
1.6438236747536434
0.07158087764174406
1.2025436412370898
0.624096482449084
0.3410656284543589
1.3069158935759202
1.172522543847195
2.6902983857720644
1.892157365260368
2.6028038944494902
1.99884548844812
2.2174335473175253
1.5525331590216631
0.1237846157299774
0.7605660304306234
0.07064974689799644
-0.4027380898658105
-0.3199569982296124
0.14505485296373324
0.08413055866814473
1.7878690279635179
0.7835832722970975
0.16904269731876714
-0.32582857022708583
0.6798904253445818
1.6313490339514425
1.864943785449764
1.6899947179845474
1.5031361903338072
2.060954422371041
1.5790902924847297
2.1564978346075265
1.4809060082382042
-0.16752098628288678
-0.5948575251702213
-0.5696241369343541
-1.2089393641893174
-2.541116405337566
-1.0647383520340923
-0.2990050111793838
0.18447304604321876
0.27291997745137797
-0.9719640293289843
-0.19575321989638744
0.2667496730648234
0.8947228962904155
-0.293169855744397
-0.4377595866139857
0.48415406990148485
-1.0825466102940817
-0.4562657349171391
1.1009941152014429
2.020332372909507
1.317592080483164
1.7119879390828896
1.553969416226649
0.9145164077484057
1.0861816137220182
1.6715107843500459
1.1703379886182175
0.7195141125876033
0.3774868026758328
-0.0014973820765684376
-0.04197865194729972
0.02173739235863506
0.2602329470849056
0.12390132371904494
0.6535683966848334
0.7803765474429816
1.2007794307219808
0.4488255682960685
1.1334241193182475
0.5560166428156977
0.034150207421949685
0.1678706274929725
0.010152022781232423
1.3066012584083686
0.6645257129816211
1.0414128592156127
1.476799904830383
0.8396178941273343
1.483509055882645
0.013564342556362532
0.18203887832583532
0.2931727965355957
-0.6408779419032852
-1.02271686143921
-0.8939725645776498
-0.1357282956343934
-0.08451167959546405
-0.8392906115381746
-0.5475452913754697
-0.07320460612237382
1.2565653497192417
-0.798857939660934
-1.767785195114744
-0.14385119323664686
1.0804642264724234
0.045967507406514375
0.39310544026652894
0.8572274258678544
0.3884634372534649
2.3194407443033165
1.684717113529045
0.2006848644381216
-0.36469440106851025
0.17258093540138122
-0.7138740758461376
-1.7812545422616424
-1.2149867602358977
-0.0432747397395696
-0.23942757496492598
-0.2312580759980254
-0.046044298794670147
0.5273682679740679
1.1697716981145554
0.6672740124057539
1.433272605653454
1.93761521712017
1.5619452835561587
2.9435568040582263
1.8282252113276325
0.24553403153600512
1.191187937113158
0.18858630495073378
0.9042565280787532
0.7979896179859856
0.6964932293293954
0.5381853936329335
1.2129965540344372
1.4189990923082167
1.2239863792742958
0.6170589224050826
-0.1602114455929166
-0.6047047663454093
-0.3860247713774388
0.6990039529971435
0.7743576386835609
-0.8711294618637554
-2.0542951153367865
-0.7787449315658336
-0.8725844284542463
-0.6035070631916482
-1.2055495892482064
-0.6089105135204728
1.183418964506081
0.6409484104220793
0.7441860085874948
0.29294153060546024
-0.027374623122334775
-0.6778491616725909
0.6008115258524339
0.36068597465391483
1.5814593267185364
1.0910123822032194
-0.44793961592237824
-0.43125240587128877
0.14319176994892552
0.31857253689728876
-1.4497720965778669
-0.5031563050618164
-0.6759014905028566
-0.5581558846694675
0.28842399862967666
0.8648111236631886
1.2521496229636926
1.593272857949643
2.0719569883974374
1.0899762803488433
0.4306258682715255
0.10596261734922996
-0.5766596801842063
1.2007208074061366
0.20955987259060993
-0.04046005396219482
0.5401537199602001
1.0176427969028372
0.5837213669181242
-0.7451030338891096
-0.5501142145227939
-1.2330927207142122
-0.4808477933936204
0.54425781609149
-0.2763622935855259
0.04599787672332441
1.1977133982826
0.6600234180466387
-0.0983681117862781
-1.509204596610747
-1.3283991172968639
-1.8482297552538358
0.41186188051018
0.6549825772504273
-0.1811953910772584
1.1278791463309616
1.1735813181529526
0.5700295163532738
-0.6277482007906365
0.65702641759596
-0.09798117822202479
-0.7823776242606075
-1.0781370311102993
1.2834258065354303
0.36603092207047744
2.003614669726864
1.42389847002809
0.0005779513499786781
-0.0880131219344335
-0.8358905990340246
-1.8880511157450366
-1.7587945852851021
0.708340323770629
-0.21863812926110804
0.06121528432736034
0.24113798669437575
-0.708829718299744
-0.37386823576788863
-1.8658323556332188
-2.104772733333236
-0.9795888907580719
0.437065567661094
0.5172146462724175
-1.3872514521037878
0.20375954331939378
-0.0020108940513332285
-0.7014722902841998
-0.6247022076289854
-1.0684655911825611
0.02511090079471586
1.089592226307891
-0.5858712225365419
-0.43223146661443657
-0.31672850937231256
-1.0405609822144228
-0.565376892393557
0.07095569540563508
0.5280001207319582
0.4368319955168537
-0.11822077845211279
-0.6220144095043323
-1.7391024178208037
-1.1333742212861848
-0.5318893483855069
0.4635612943032008
1.3127382439197406
0.988907777056676
2.1218800942835863
0.9405268629320495
0.555564685647572
0.10514046902049236
0.73130993910558
0.9577665681224087
2.622101122409946
1.210918245642692
0.44665139050250624
0.4304192333526027
0.7082572395715784
-1.6152471874128742
