0.0
0.11246187061809437
1.3049423582788995
1.7244051247423169
1.3655142797474507
1.4017381910167988
2.08953167213247
2.1574464545953607
1.917829453880506
1.1681546298542975
1.2921998382010342
0.8352056249863362
1.4189060941407405
0.271406538719811
1.4790118552201372
1.3074205589273522
-0.0797954829152838
0.15614155128282428
0.42968018231862615
-0.012788519139487267
-0.704563493644884
-1.1821517721775487
-0.24345528698445384
0.017862951848237163
-0.39037299978715967
-0.8589329809361342
-0.3637718421149896
-0.6849371153589319
0.496872563947355
0.7570497884911048
-0.32514042929350606
-1.3793418792159677
-0.3731270928040796
0.27365432639325116
0.9596089968320858
-0.2970709452517962
-1.0383273731124734
-0.9735923385319813
-0.8176191871551919
1.3194210575043828
0.33666694714652234
-0.43622535355263475
-1.7803850071935647
-0.6538973896938881
1.017161276432042
0.4955192047491415
0.8270832016812977
1.2717112633470045
0.26175289638594085
1.0885270228316257
-0.3729275964745121
-1.6383092356667146
-1.4865477158343814
-1.1371930809648847
-1.1553552650063792
-1.0509953615968017
-0.5877685877719134
0.7070548285512486
0.051613942312638786
0.1450823193923964
0.11074216766519264
0.035458603327300234
1.3037737021350309
0.5972888634807956
2.392316303852231
1.300856339586644
0.140605587484657
0.6812874749764017
1.3006779314818988
0.5122341279519668
0.9899085072124906
-1.0286268041009508
1.9303204394733224
1.924172730515612
3.055257555337396
1.2229643000334844
0.5333005974645348
-1.1224639529930842
-1.1985408721771156
0.03017148678126394
0.004241647211148322
0.31188717196021265
-0.20266221065880058
-0.14871094706632082
-0.4384158961300776
-1.3288063704194384
-2.435933446070672
-2.3662265095965815
-1.6331388387744754
-1.9011497901807426
-1.8133031542349531
-1.2645505733715938
-1.1887693384633446
-1.6638075880223755
-0.9906563171540763
-0.5868946496170462
-1.9648841699274673
-1.712802222648933
-0.7165408670253888
0.28828325553604084
0.46342892990216245
1.2401697089824153
0.3778273005471546
2.0017019504085627
3.072161519825494
0.5072655821347215
0.2682267679729254
-0.36676955764013663
0.6750546701480383
-0.1470741965949087
1.010949804219687
0.41532786254371756
-0.24220569035566406
0.16060717993479157
-0.3823190044103433
0.11069033836217998
0.9696247693534895
0.23310122903332703
1.3489287450554903
0.032070543925259515
-0.7024414734336175
0.11015732264487514
-0.5508927810726757
0.8182604613087908
0.2952121731356341
0.7315063569246072
0.47792888717232723
-1.0830822872830894
-0.05478051322031988
-1.1792104616969659
-2.1795579467892945
-0.1945213553667337
0.6591633355158124
-0.17798339935893653
-0.12171509540512099
-0.3143535106751635
-1.4658588848703693
-0.5963013810366256
0.9170400291517563
0.040668133419001516
-0.09904850475393015
-0.8659963679099005
-0.5204508036789319
-0.0926368252208046
-0.6095791146132169
-0.8330020228189898
-0.20116445304399727
-0.9507953479137188
-0.2934301143172186
1.0619920747010712
0.6399467662222437
-0.018627101830751364
-0.6044556138559929
-0.6645822758690343
-1.482316288247692
0.005958947541463257
0.34973921207606784
0.1313500572771711
0.38409279284559805
-0.02039837540404172
0.9197896749015156
0.5113388899993458
0.19035199669695363
-2.0916702780200085
-2.297238736433905
-0.41734818341506186
0.9325331291058361
0.14396408697916
1.1290584171522091
0.6265641183737839
1.4318903642777958
0.95373041353606
0.3605268186636573
0.31857116416800446
-0.8302015044363491
-1.7319694251868323
-0.6449631840062421
1.9263619769251907
1.5239303000039015
1.1611602613191234
-0.3965405087322994
0.35301301725070133
0.06065674699198655
0.31583988908389937
0.5649591380221386
-0.5761510382567094
-0.808652188417499
-2.385382930425835
-1.2545784026593712
-1.9593198526028788
-1.4972998654052458
-1.1700328875945536
-1.2395083475408701
-0.8259109412874222
-0.31020082012341
-0.5960269801673646
-1.2834820990881726
-0.3033439738613584
-0.5078839867649217
0.3830216661211809
0.7392877360666065
-0.21664891593597518
0.21963351788610772
-0.7128861509817777
0.5717596584589129
1.244802777415935
-0.03967934045906202
-0.8160412377028775
-0.8113452106797212
0.12557008618999707
-0.25956729480854446
-0.9337255778190787
-1.160082804662453
-0.48553529103847626
-2.056801870346048
-1.8605485034200377
0.06495474547129204
0.2676675402062911
0.9805313885943013
0.41319942641970464
-0.6669617771407741
0.23296341169476015
2.1305185480052775
1.239329121264958
1.4904650353634694
1.0822965577998491
1.5521406425400026
-0.31867181465612904
-0.20949317446961413
-0.08257571403187858
-0.19556865947420904
0.8684415424237584
0.05196603804443084
-0.34671306508781224
0.7010280561079756
0.20933377416328058
-0.2893582770370129
-0.19803537608578214
-1.1151804736736746
-0.4906709223423489
-0.33033204673938227
0.13722241548129044
0.42352359700904213
-0.6538047541212335
0.3349681585151795
-0.8550977094908582
0.1023869710822489
0.37252692414877225
-0.007146315220828384
0.5299617961829824
-0.01407538349520697
0.09850399241475094
0.7858365627255726
1.8135742608379601
1.7388510278378209
0.8512214314767302
1.3294322789046127
0.03768911035867542
-0.4735276350483557
-0.9950347529214282
-0.7383010270040112
-1.9113061866854832
-1.565599224919158
-0.3647681838399781
0.4744526217173157
0.14932207156851351
0.45147478284173576
-0.05670898481868439
1.1746858123781356
1.4251753141991081
0.6459424573259868
0.533376680280483
-0.5580401345045086
0.8777376795949186
0.9274901529585224
-0.6953718942281971
-0.35277876533373753
-0.9351849300456695
-2.249659481234102
-0.9496075450002748
-0.1429043362964696
-1.2599005595298445
-1.3834242144970823
-1.4510961652274792
-1.023689726961589
0.561684227410422
-0.4655237222412085
-0.06954579799971708
1.115336041813298
0.8835994216415439
1.4155032828947194
0.4650859616960322
0.6434719623085089
0.6414048331585316
1.4135675962297432
1.2163966442274028
-0.35802967364933497
-1.4910439449686257
0.08958066724844524
-0.05136040795583869
-0.2934259310658284
0.02229705257798506
0.7175223675152469
0.7948298787918312
-0.4201357161340375
-1.1258446023277529
-1.048191656515274
-0.45922449354623335
-0.3956539608073639
-0.616233773338849
-0.7014989060731098
-0.0326739604358548
-1.4975228552497208
-0.8231490077484206
-0.002508410046799109
0.6516482929605698
0.3210613064664027
-0.7535799747984334
-0.718179161865733
0.08230224297895491
-1.2409245517209984
-0.9638759194399378
-1.2492771909977114
-0.2494814300682201
0.9910733400274891
0.6276785835273071
1.5080223245979816
0.46791200031917807
0.4594331612770252
1.793687064033918
0.17417294307624875
-0.4638600750412818
0.4537951958885261
1.5090779096870046
-0.12717532090489908
-1.0301783104012294
-2.242939363262867
-1.6602265021489337
-0.9842872657017604
-1.1788115697211774
-0.6525007641690184
0.7356585960838758
-0.6167946209664528
0.1528014149900355
-1.333662922464732
-2.3358375228110795
-1.2213931619715894
-0.761472018258695
-0.11917769217777086
0.2546432405863166
1.9435202194956565
1.986101877240673
0.6064144788412681
0.8552104551168485
-1.1129140718672503
-0.31954140924313473
0.5820484892872987
0.8748206631069236
-0.4261411343039758
-0.42034207644273275
0.9350168365746006
-0.1711255495554292
-0.45360480676813286
-0.6984584725118056
0.05041440891895872
-0.02249633517610991
-1.2463957708759252
0.4974039993351983
1.5496414685425677
2.1018389344308157
0.9968818398278351
-0.3910297805563818
-0.6367708540030187
0.5252110842840274
-1.3579808719585253
-0.692644061454406
-0.130980281345771
-0.4855879502380661
-1.4451348473798349
0.28928601255679165
0.0697122409131556
-0.9203779345308123
0.4813268851875149
1.507412014441251
1.358741378614974
0.8670786574793123
0.7071631328220863
1.8944609628416054
0.7178913000463081
-1.2907807262459954
0.8214481836791838
0.24292323142568178
0.4549932674865586
-0.04983587160075627
0.39336738376079083
-0.6043192926651567
-0.10480346332819682
1.3790292873158512
2.225897408313043
1.5260082349067356
2.511404374359204
2.028106760228189
0.2218581021510879
0.4318177419536561
-0.39181535683106683
0.07475852076257944
2.2412910016065943
1.9092394982186136
1.1400155475681066
1.6464209565040526
1.9602662729643645
1.0250195692302102
1.1062643708588145
1.1715966115510807
1.32209705863753
1.94937091157133
0.7391903683080581
1.036538672917659
2.1089210789524255
1.0949404710568007
-0.22560647363696662
-1.0930642107815376
-1.099247219345902
-0.05746425357065116
-0.6719357734286191
0.07700604165458744
-0.8379374556062806
-1.1107595767700162
-1.3674620018741699
0.8523876262520774
1.0266839788011017
0.017154736759618525
-0.49712077161962476
-0.9598896813540267
-0.24350861789550166
1.718435109821605
1.6018784450246164
0.9575974846245627
0.3301227890304954
0.9683659553909851
0.13932050924703984
-0.5629970157906231
0.42430750392744043
0.6994728472381038
1.2874116643482596
2.4215479016699613
1.1213614704144876
-0.6896636521743775
-0.05383388314355217
0.9202988500382053
0.46066380263078144
0.7296452307639655
0.6790623899796357
1.2066280244099392
0.92888664094471
0.23003170219559363
0.02092365952755537
-0.20457684650373195
-2.008493942897056
-1.8488523155223
-1.2327975341329083
-0.1382105124660839
-1.7188028310634649
0.06837429653968405
0.5431877719823812
1.6773788509064838
0.6173552252339105
-0.9496244367591437
-0.3530712388844427
-0.5176134485506098
-0.4297606042656392
-0.951961959813734
-0.7748011262806983
-0.2577671378038848
-0.5516083083894054
1.4603625711518338
1.2862165669403047
-0.06195658079075249
0.6694621104835536
-0.12806821139543764
-0.3099136905806805
0.10207665110207009
-0.18550951852483655
0.18316844979700894
0.5943380648932531
0.029885905176598344
1.957577395628879e-5
-0.23008695775733834
0.5139446400579957
0.2541773275991175
1.069015931458979
-0.46080463065468125
-0.3406591614014229
-0.06594069464942809
-0.2745803398492475
-0.8090475720006178
-0.14975874799736213
-0.09054896729586365
0.07209262950347897
1.0394996422726144
0.5871392136258773
1.40536139843797
0.34830434732683696
-1.8335210916291125
-0.7359630173255287
-0.6304898738829565
-0.025106068863734107
-0.5181150679399559
-0.5461202461647741
0.44666592421827755
-1.7709261292691054
-0.9578148871776422
-0.7540628796349582
-0.054128678043878886
0.18685912176328037
0.4052778260640086
-0.12702186408104774
-0.5862042360043518
-1.0722633644227355
0.14593886523629607
-0.4411986780305818
0.3359546960174257
1.671516146133913
2.3244959056998917
2.238948151196056
1.9949413934865246
-0.10655749781732887
-0.35631669074707584
-0.9345982172106038
0.4719400225700933
0.4804859459690194
1.2672011436224173
0.36290858759276345
-0.6322061695477545
-0.3620363481955924
-0.0010091103718117174
-0.24928286066574898
-1.0039406900901755
-2.1920346648615103
-0.4384326928617456
-1.199828656072937
-2.148983407989711
-0.5895716509121707
-0.6931738535357999
-0.06802115207031471
-1.2854807024351513
-1.3390045199571894
-0.40655899743624385
-0.6286635746717778
-1.1808210933499963
-1.3376217165536648
-1.3989752793137997
-1.3013370490530562
-1.2406996552090839
-0.4208374023150454
-1.4472590843960211
-1.4349612840614334
-0.9855665508378635
-0.29365313000727805
1.571810159634304
0.9902617009612189
1.385348751374095
0.29164193366804003
-0.400438080228009
0.7412254041432254
-0.3019004584344598
0.34438040712279505
0.39821913516989527
0.3216407439918762
0.52034618675971
0.41209902969325
-0.3361238541191001
-0.35096072949519647
0.18486087934978312
1.708907172523306
2.5012492184504405
-0.4770485104042829
-0.6975597195067174
-0.5497785177651617
-0.7129854399000272
-1.0357981051348555
-0.31959638132522605
0.29899469633240777
0.8388918200908992
0.6902756511723511
0.9737818205661233
0.6296012642576706
-0.02841948655692602
-1.2475431811030218
-0.46077882020758615
0.6239212865058372
1.139757109740774
1.2086004340661702
0.05060468179549801
-0.755296250805959
-1.5671633192646273
-0.27838280608141597
-1.1715947917213545
-1.0413640819738859
-0.11358276398831725
0.34196462147628365
1.167626651094561
0.37188130307321365
-0.18184329792583806
0.49454320957889203
2.460485570394491
2.3962737730700163
1.8735803877266535
0.08002384120238218
-1.5592251419200327
-1.6069366883720066
0.24761186576627767
-0.09227119925322418
-0.822712546475979
0.7000020659038809
1.0297563909627183
1.1852455098307209
0.15766191242500088
-0.9455662522321718
-1.377987202532767
-1.113203879678002
-0.6227023681984314
0.22514755252608187
-0.1706267256021508
-0.5198325801317606
-0.21870650398209163
0.43153015559473507
1.3949675996678563
3.0470962447639316
1.0236780587741032
0.6836384388210137
-0.38307528280693326
-1.2105993794823238
-0.035996980652062034
-1.084646790116064
-1.2015399990653834
-0.47830263794617767
0.4571834060082586
0.8668356225111629
0.41460230121158814
1.8513811443439985
2.9550663899267984
2.6975698244834208
1.1717687225867564
1.1602768683796472
0.33439766848868646
0.03511837074762639
-1.0706090094374103
-0.8860015266037912
1.5500883114985935
1.8654643781721034
1.5899603568946068
-0.1299435406568697
-0.22234047629576423
-0.27236081518488064
-0.9111440473456325
0.14422394502111402
-1.7512307973047658
0.13248990731330224
0.38965903370074784
0.26261526787240547
1.1122382829566313
0.08652846019026175
-0.6074224036889785
-0.3190097325750379
0.4120528499173608
-0.1467505429173564
-1.1040727555237704
-1.7661196218675614
0.484262544288802
-0.01647474179503089
0.760532112732478
-0.4587763582010827
-1.2261877633748859
0.20735271579480855
-0.2601977054026594
0.14607628890703228
0.8482948277062925
-0.06630772307209509
-0.6828921318675764
0.3551396300089277
0.027137491487332716
-1.425843358527608
1.023049258633049
1.5010771317424603
0.45638351674315025
1.0016455460594536
1.628662679645207
0.5755890146373098
0.014056474210192793
-0.498703996283566
-1.4618035049754565
-1.9518596901326761
-1.099380165629384
0.2714127233748676
-0.8622926345027782
-0.04115012756166536
0.15038309409663647
1.5633896907635592
0.6131650308481107
0.18820197493922158
1.2299070933337477
1.1929537870125102
1.0269316291922876
0.7669932330074218
1.0660966551551936
1.0179249795301781
-0.9974526174853843
0.032873702378462155
-0.09476190435993356
1.0019978971999102
0.26651022849395656
0.06850115175919637
-0.026653074894592496
-0.6010188185910672
-0.2632630273212642
0.2667858355498456
1.1306771972115124
0.6991901869244816
1.5628317362418334
1.3487826703107468
0.8614919490735028
1.7163770473370659
-0.029479593099076808
0.270723336328053
1.1663981099040284
0.5130459169621466
-0.005070805235103629
0.19392205450240838
0.03361676662272989
-0.22581137903465928
0.36893872215960494
-0.07196199494209746
-0.005119419738967193
-0.04850216174783835
0.7772260788382985
-0.29451774864679753
-0.5033266793971846
-0.2856330641123832
-1.2314589270976766
-0.971201932968752
-1.5072581985459947
-0.7551173004965227
0.16979400059782387
-1.1099958014810214
-1.0025361603162046
-0.7957761066868166
0.6693486619919149
-0.03464864241976065
-0.09129788002883027
-0.5363535665986059
0.5817993297477951
0.8190387282562763
2.2849142892466574
2.7792690484142777
1.2996338763753852
1.1429821013278136
0.43978133768537253
-0.3280851539801555
1.4286395370672589
1.7862986363750026
1.337317477232492
1.0553072135556565
0.3208880912632023
-1.9219848844571277
-1.7821352768591758
-0.48093561079615155
-0.9849817049603219
-1.7921108361011422
-0.1909864778348
-0.5139122459707459
1.7535519725223923
1.5159457667584029
-0.33937305813963314
-0.08511656351169973
0.9317857434804588
-0.10222418909797844
-0.10576106848219463
0.7688599956183078
0.6079124645162749
1.3178925668450843
0.6411394361394992
-0.4268966451518772
-1.8219996128048777
-0.5257668021310277
-0.6042360010980752
0.3452376903049537
-0.09238095681727593
-0.7675296157861605
-1.520511277846146
-1.356797713747829
-0.7046936502016152
0.5872430601525
-0.5957744991843219
-0.2700133373704344
0.4671566168789436
-0.3323198241652698
0.692479354102848
-0.21325768081843705
0.2792558446853184
0.7304763204145082
1.3150408415564252
1.053200749556267
0.7460088309010153
-0.007075344868748709
-0.3639190756639756
-0.6165620290047514
-0.1257345337058719
0.3863343220214558
0.9684366537382122
0.021234313799716957
-1.0388933394283533
-1.6381811155577894
-0.904337484796503
-1.235476712837448
-0.4239413423922343
-0.29975462320102
-0.03174236170049638
-0.43492343517088605
-0.17847551996898314
0.9673611625035498
1.3334111062329086
0.6386908379892109
0.22726231089936755
-0.8570241793095965
-0.6353067417938265
0.4082205375417
-1.1543372413372723
-1.8670598713011382
-0.833438624541769
-0.8928806780077783
-0.5940692791284528
-0.38330299018831043
-1.1282728595883678
0.40183116053713547
0.5156977070200628
0.4635737820384013
0.7264725181059777
-1.661301831942334
-2.111358675025847
-1.4808620664541952
-1.204374543863665
-0.13464886483803284
-0.08593825116535787
-1.0402163722952689
-0.7113146608334088
-1.0029614485476743
0.030521692863611647
1.3433349365082061
0.1800657146814545
-0.6840840477388155
-0.15255623232641916
1.5125139165700772
0.7123707361790668
1.3727480444451634
2.2605579642741254
1.558019719774435
0.8114381681775545
1.7599445290707356
0.5595181007513544
1.23830250748533
1.3488341252639016
0.8055859147746125
1.8453163321032033
1.1692764393055688
0.4693145558712731
-0.21679712969472492
0.028405181498215762
-0.38867427170372193
0.28551979498283975
0.9923253910300265
0.39418074713677537
-0.8812114394180472
-0.3899255083339409
-0.32926688332833876
0.4472450589455613
0.2927819830968271
0.4169554929998824
1.0201185733892095
1.353020592843451
1.135771266153576
0.7367988981072106
0.23684825850380603
-0.5404515149840631
1.5243693986523927
-0.13335543472278324
0.984905603257733
0.3357169760200456
1.083494566335207
1.0144695870216218
0.8956999142340062
0.39709115950546153
-0.34329821000692706
0.845944470877501
1.4399101199110296
0.872389277113534
1.0818815079815358
-0.38190225682833323
-0.6886283338627295
-0.40553154617563125
0.6883543904418125
2.0683286099394764
1.640016859563334
1.6342649645158107
1.2087858312135067
-0.18740908791032646
-0.6951183990001716
0.44599722039821027
-0.15855468951488635
-1.0461880787329263
-0.40079587665113003
-0.466469372767674
-2.2587895623453185
-2.94893477432746
-2.206540626055008
-0.20193056591353545
0.11315073673705303
0.9767462319222463
0.4388983773025465
1.48900116578268
0.20705636215338266
1.6177585482303272
0.7795140523088717
0.29079005176583633
-0.8469896758662084
-0.1363949437055653
-0.8638974925938971
-0.5615173864800902
0.9124805947362635
0.12352230979968462
-0.4505072805740574
-0.22835273806917572
0.3864965379308508
-0.4306100214150732
-1.4865148651153923
-0.41773990460574484
-0.36506997489631016
-0.62023812959166
-1.5596936541580217
-2.413290053234607
-1.7775412215543063
-2.039663315210764
-0.602552399133776
0.31197158673598424
0.33685667202921116
0.04650106691130532
-0.28434220689062084
0.22576512108491278
0.4364276053680346
0.8387065101472687
-0.5387278973161992
0.8844515916241349
1.127305841447183
0.008008999395372467
0.4668321069550743
-1.1417512459111652
-1.2532885321037255
0.10680378456263236
-0.11290350543925905
1.1362213209462872
1.4070012857047525
0.6470858117354401
0.6691797808188408
0.18540051060277007
0.8477626111174177
-0.012150983183086925
1.0238116603722143
0.8700891110362697
-0.7698783638402563
-0.9195401407055371
0.279244916775592
-0.9605950186621279
0.7442404981817419
-0.19566989028905157
-0.16738395093474243
-0.20027614827855345
-0.5749860904162079
-0.7581876982294034
-1.195923301472516
-1.759647125341393
-1.0915022874814067
-0.22980345749047726
0.6411352835888675
0.6504742304567468
-0.6332039314514185
0.4677829267587798
0.7949584754696254
2.4401601071980545
2.3188610161989103
0.6826471215660761
-0.13113156554038047
0.3120028985791186
-0.583942676953779
-0.7185069992576513
-0.9844917081267707
-1.6938399688081678
-1.242407375613077
-0.6907737328678074
-0.871580481235584
0.2163357564925903
-1.34192300572013
-0.4340501471794753
-0.3615596827651352
-0.48755246983571254
-0.018640865725401634
-0.9307773171389366
-1.6859330211153098
-1.4923847216773853
-0.654049641247221
-1.1790087178362458
-0.6927570948306976
-1.5200022970031484
-1.16129864753195
-1.6395739003809553
-0.1232147714953819
1.7503333909569958
1.336052322324713
0.4555762804326862
0.913829302961895
0.5455716723338133
-0.43127054595800923
0.5663070863090683
0.005219113435509546
-0.7307349804209825
0.3031449233239001
-0.41803748505923977
0.07100567365713967
2.200491614554353
1.8351166949988578
1.815377916114961
0.9497998260072692
1.3377804861609857
1.65883420528029
1.7482085735529416
1.316375279815419
0.7516261929476703
0.8885586277057501
0.6163187103072041
0.5045854544997395
1.169762680434811
0.9439255272548559
1.7646157567192178
0.7078407786244498
0.4744428663443262
1.1299383327166275
1.1890046628261755
-0.3030776054531649
-0.5582144383554981
-0.827816516976562
-0.8945583907672507
0.2644230686275253
-0.38305503665474955
0.3664122322852119
-0.3709243655482344
-0.4800175314318555
0.04383649348538779
0.2158372954405959
-1.0239395779192872
-1.029426210581907
-0.3190207053891095
-0.30934052688912883
0.7927020091967664
1.0386530740438713
0.4112661793390341
0.9329446908426451
1.7844060716934935
1.2046481619528886
-0.001453475883937884
1.8232593974740445
1.6280192562841838
1.9697907631357847
1.9242527536426286
1.2519043288203364
1.4541699780323067
0.6749639779451366
-0.207418017077121
0.8257735574531084
0.19626239694931363
-0.5486053425689356
-0.4189989052811687
-0.879958314672364
-1.1187607869617444
0.3883604105448366
1.5781760363740465
0.501648359827816
0.3948882205609993
-1.2391286105629593
-0.44275036778548693
-1.1227308444398085
-1.627984307616411
-1.6353909865940668
-0.7097587418668894
-0.6710537314132726
-1.0627131797425173
0.6374192726731236
0.44052191137158303
-0.5717793183636651
-1.9993512205645778
-1.4145839237160365
-0.5028716751218898
0.00877595705501441
1.2003675102362092
-0.31521779901344227
-1.822619038187216
-1.4992621442093679
-0.5902607853955096
-0.03670034028555244
1.9467417070532003
0.864908154907191
0.8487549038685258
-0.24781359872978612
-0.9364767191741609
-0.6721195872832747
0.913426396378119
2.0995058931103254
0.022518066349135335
-0.3115901198181229
-0.06207458831445117
0.5826055628142031
1.7093329287133034
1.8581011972890844
1.306713494768447
0.3653080554497646
-1.423465769457982
-1.3189458071095501
-1.9511885426413653
-1.8257147555487694
-0.7342143592868586
-0.4596893800791586
0.17477461301072422
1.0616907277074912
-0.9354970415455236
-0.36486673625613897
-0.06516832657864396
-0.5120510225616866
-1.1208382880381345
-2.365032269300084
-2.242897119675753
-1.809198227806511
-1.2237499828505867
-1.5293786239195106
-0.6948587895960538
0.7760587870122069
0.1263296060669955
-0.48440771580494235
-0.7701470100971438
0.736536173666467
0.9689746297910826
1.0633632991345665
0.3427810901399514
0.3554356741308678
-0.6401412917423874
-0.07757083425772411
-1.2440671576558056
-2.0938197861979724
-1.5691679173815203
-1.551071147201565
-1.3000357719915376
-1.5853099388636906
-1.4074040301981978
-0.9893296278824152
-2.115545370950074
-0.009403761005503386
0.15231952243154248
0.5104174654681726
-0.07700554822294912
-0.3549619739920885
1.8263142327353898
2.655674141634175
3.9481692549366896
2.7215338556026274
0.9298207739045545
1.2287396212442954
-0.21350655974205457
-0.8609642416676403
-0.3666464650262341
-0.3023981216942442
0.2233090379834632
0.3301986357316832
-0.3750686586719211
-0.8911037968014055
-1.222971483995114
-1.5411408580763601
-1.4716449889081498
-1.3256234611674194
-0.43419201854774014
1.5432909903424163
1.2758006920405105
2.5611381082503106
1.629390287771476
1.6946493153547364
0.3090007678458087
1.3261176372855097
1.537315212435457
1.08704553553869
-0.6202560423369657
-0.8526409552956123
1.1732402976078358
1.1184346343145628
-1.5397933156164763
-1.0068989123278547
-1.054611516591963
-0.8424628740683675
-0.3231471645943882
-1.1837191930015962
0.11656779437026413
-0.499581885222512
-0.39286852767116537
-0.36654759396767944
-1.3094835483469527
-0.9833657262526616
-0.4525239729009859
-0.20854323967484095
0.5137718105899817
1.1390696383882193
0.3732251744955208
0.054254237191431236
0.47363978009659446
0.2756247918640089
-0.3427684210989078
0.028608567199538
-0.7061064475580301
-2.3785595428554607
-1.5647176081122816
-2.1042833201125495
-2.2611425934798906
-1.9880766475088527
0.15065913800853314
0.6637207252343144
0.7039879229361171
0.32788985983878405
1.8400135031563574
1.7719677481093778
0.6064786272360305
1.8250195207739597
2.2697547984598097
0.3319949767353648
1.2875871393382068
0.9435726227752277
0.5975352662626386
0.9207080689876639
0.3454104086508728
0.24964642602328205
-0.5248116636902304
-0.6318458959715412
-0.8017848415170635
0.09876562518246665
0.8051606881698472
-0.8869508845525288
-1.0413194607314926
-0.5772618822671189
-1.1671043700601105
-0.3859655685276253
1.3047371476995109
0.2142013653095231
-0.4645356526924618
-0.7650395560218134
-0.5380693179857102
-0.8975082661733333
-0.018751425637863757
-0.16967208593295086
0.871466530468915
0.5448699818522055
0.033561780334229935
1.6476354485970126
1.0063637596067896
1.8400961446338988
1.4723131848874293
0.8160424221448719
2.1342320248582993
-0.5084186023888836
0.16513306768836175
-1.123231251250922
-0.8077553625679001
-0.08452657602704106
0.21928260340781225
0.06967128383876006
0.07340842794775224
-0.5027949398581792
-1.1175371179232754
0.518029579195913
0.6082566295925305
-1.0183475813050955
-0.4284360277105492
-0.408749091254007
-0.9406542773120733
-0.6474849755552994
0.5820452995165913
0.13772479970930745
-1.360295961347544
0.035468976229551634
1.1586169042125183
0.8999329591336875
0.6254762263059223
-0.07354491033607582
-1.392664627306736
-0.6633009423440285
-1.112469677982271
0.7716769246564221
0.5973711623166044
0.4425512131427472
-1.082890405931035
-0.6109468789713579
1.3779232665534404
-0.2606559096103238
-0.4574786196813437
0.8458821911616067
0.8493118413624926
0.736466183421798
0.9450074992075747
1.5253571026033486
1.5418769466519688
-0.2933975224103513
0.8953252250225683
0.6614352667858633
1.9698791340645898
0.7266614227971697
0.775478710174902
-0.24604119189317936
-0.21915047960837508
-0.5710406908253255
-1.9508621439027454
0.35227946728934206
-1.0404044718228025
-1.7540025429781738
-2.2979358585227296
-1.650150976031612
-1.4040829619780628
-1.4463860832616278
-2.138388205722385
-1.4771193472515625
-0.15915326894186194
0.46430973498164096
-0.42094688895627796
-0.8961137070470798
-0.7567174708669901
0.17184534274313956
-0.7749414230164906
-0.8510235132063211
-2.1461077634297694
-2.165012062810327
-1.3779098300289565
-1.187469680912213
-2.03629356404922
-0.6329819072721734
-0.2575953890981775
-0.6686472078532875
-1.3626128183568267
-1.2681488947215378
-1.3839777032811214
-1.02891067737434
-0.47985717926400606
-0.9060740722771138
-0.996029023205352
-0.2158029891065896
0.5967640285813391
-0.3631836534733561
0.5148691239607254
0.5180196380628483
-0.5558805455323681
0.7289417646925982
-0.5156591698273814
0.6621252035613528
0.8778587290299372
0.036787399593523555
-1.1398038430123996
-0.12550948957604588
-1.0235714178202497
-0.20005045355605472
-0.6563202418326322
0.4775710203587933
-0.29446389013273194
0.5139384365952233
0.20068082969114062
0.06267689237380258
0.5107549665761961
0.5805554301563568
-0.20553985098369187
-0.7552363668322809
0.5953504170660103
0.9057198533613776
1.0964456735488186
0.8444099098875775
-0.15901068573156443
0.5365161940991985
1.260317953035131
1.4964913086969405
0.8597930596458603
1.2437391755851805
1.4542969905980383
0.32151841027406647
-0.43092725539583654
-1.0871329439208215
-0.345199934505032
0.4515223872437366
0.7539881376943174
1.91231998191174
-0.2598496477827281
-0.03213125680084877
-1.2439426979442398
-1.0748280071621996
0.8164341244468301
0.7932759260813812
-0.05961557600149561
-0.21903678163226567
-0.10491928147997809
0.06531083174280468
0.3553191628045538
-0.0384829131414091
0.030811737172761797
0.6181081666444439
1.0073798058035244
0.44316340377969965
0.7728231747995988
0.5165950755746341
0.6829115288976186
0.8531942353387485
0.49569925915479246
1.0704030568167198
1.5193015932795086
0.12781161766643842
0.32331885574310926
1.2420224353837013
1.6101918977619947
2.755162886792014
3.748673004783752
3.0474760648806303
0.7681724475030857
-0.2502220648163622
0.8085657133695263
0.7835884899369456
-0.6703264914337195
0.13142426802229895
-0.41289109190887624
-0.8715889109699715
-0.977733094775434
-0.056927868627624584
0.6021080887683865
-0.17053170257781314
0.3683022950172451
-0.06976016561410148
-0.27274006245522253
-0.013575612211826474
0.26014417593484673
2.21952961768426
1.1275405134890955
0.8455876689920248
-0.2596711704115482
-0.5028386418015774
-0.3321941606827053
0.34934428424164937
-0.1409853439796832
0.03059712060256936
-1.2441706980605627
-1.5665673449257937
-2.1968873373783
-2.2196557371996817
-0.49710381389748215
-0.4181562232098923
-1.6741719662095211
-0.5376265198760218
0.2463189995501619
-0.39484520606451046
0.772569457484218
0.5735467123612226
-0.35612203028472944
-0.7879715680454537
-0.40363552576908757
-0.04950420276260176
0.3529718073195999
0.29404836831446673
0.001904103315455187
0.7712380872769288
-0.8780557626654483
-0.6994337387817479
-0.2657608400968176
-0.7455470718388543
-0.46488869321568427
0.7148599648160086
1.848874415814405
-0.3943783279263441
0.014902252980603964
0.5393711135049266
0.09292553764293314
0.1261505248473615
0.2039131745878833
0.21881651277625375
-0.4132085049337581
0.3860414320564274
-1.2300669406584093
0.17407413078507677
-1.8963096072311032
-0.9844407807996345
-2.233394310840425
-0.540635783290393
0.2623783414322841
-0.20692053557519335
-1.1210906283241728
-0.4397895531182157
-1.0933395711900202
-1.374483301024716
-0.7386269811258468
-1.4870178703533614
-2.100387188800097
-0.6584395591827301
0.15082930039443473
-0.8734169882467051
-0.5486655715671522
1.4640291973099202
1.5164533326246294
0.18568754194097353
0.17501934739188674
-0.37231611970398265
-0.2220938892408892
-0.5331596166555713
-0.9736266854984501
-0.6408774254584114
-0.40187983605453736
-1.8065922711995133
-2.3389160777034004
-0.30252639003395687
-0.4979570471135938
0.4908996736988867
-0.4373044872898185
-0.12084629306671141
-0.5561406491899699
0.4886712291383019
0.7046334267588081
0.6809611741241844
-0.7755182344116489
-0.5482456242260612
-0.4106165278090282
-0.9360393422957582
-0.735292510991387
1.9887080126890946
0.5820950497167832
0.6107242398260828
-0.8319422815096396
-0.15121627821862774
-1.2044316542599476
-1.20090333242856
-0.41253453575760624
1.2855468285195073
-0.3246668125430527
-0.11293849364772698
0.4207598668245294
0.4298265327929423
-0.8314348063071844
-1.9520784690541404
-1.3523028040603142
-0.8672446690733405
-1.0984786351171034
-0.5393151808561146
-0.02753322538310339
-0.935544160091347
-1.2863555167248357
0.19043875810490435
-1.0391818072867578
-1.725549852853037
-1.8712803533475422
-1.113956689197477
-0.5810745540693194
-0.5547594622036016
0.4350682728666986
0.31615023398434017
-1.1769781719562078
0.021661522107181433
-0.6937151092397817
-1.0506908366682899
-0.10375585221484468
0.18213199102092464
-0.7617269410796967
-0.387648685302938
-0.2647929088982531
1.340910499893525
0.245542688102174
0.5260684396552029
0.8858185981940566
1.3775456664404855
0.8655716963252359
-1.1222291840789351
-1.2679123320317873
0.2833981201232313
0.8595111527686811
0.6548160012747714
0.19036473499689094
0.25518304638024175
0.30612646127927257
-0.35459081706264756
0.5859561405133975
-0.952469493412348
-0.8188901593375516
-0.05560151165071123
-1.2525840342417023
-0.11292067425692093
-0.17548931076144575
0.10182692908655533
-0.004917896959503759
-2.0477433683913517
-2.4088490584138262
-1.3990744802941488
-0.6341592304382729
-2.015658322872909
0.8029324398930087
0.9021443650031278
1.0854319603206048
-0.3408439144160268
0.09535028518313195
0.8533859052465086
1.277720505353356
0.2648418036487926
0.8234991784504432
1.3058486941464205
0.39393315367510945
1.2822617308356197
-0.9643250572604969
0.5541927876448066
1.2154337046846941
0.7797909412469723
0.4066970174211409
1.0873158028893617
0.7965220474939182
1.2206933193842253
0.6279419577723934
1.5065264975664048
-0.29515692634831014
-1.1041639016526446
-0.6073480162211775
-0.521980037685213
-0.7537391096164645
-0.3262923442012118
-0.12759008431590516
-0.7152186071494109
-0.056371306989308534
-0.8774662060896199
-1.245044208499194
-0.18540390586159988
-0.29814915784325235
-0.35621883896459416
0.2939105698418154
-1.007037769280193
-1.070092205281053
-3.0072808883211506
-2.4504271033913496
-1.053082474728483
-0.6838416608929572
-0.757865497414851
0.3602323151116871
0.7831075531182858
-0.11255275151297171
-2.073614053185996
-0.6698783664408621
-0.5373462433398721
-2.0570892373984453
-1.4360725235437823
-0.5192504367600117
-0.2634510989546518
0.08997781176932958
1.4186307502651105
0.9309870948535467
0.8660090030373795
0.9857211961538582
-0.7645073112445913
-0.1611623073074903
0.6277537412514523
1.489737274718411
0.6807754290388968
-0.10935980298008105
0.03385842972983827
-0.6941461550616542
-1.0529090460953303
-0.7053637569948056
1.1360916391021842
1.2562073095807467
2.7967661764287013
0.9532587315531533
0.5858824431737498
0.20570535364396839
-0.26409483275529405
-0.060025311231811984
-0.5611370512215987
-1.1273391309735012
-0.955105111572185
-1.500374548600409
-0.19033099791964772
0.8226686544806161
0.18046467036712377
-0.45939914184534747
-0.596702410654793
1.2264027438649518
1.7738498486939371
1.2807120329096349
0.6075606649803472
0.580581847922605
-0.6241327506570522
-1.0458482353132366
-0.9097463082329141
0.41529641119429195
-1.0401994198897189
-0.4291382498860586
0.6345887437613775
0.4599476055318458
-0.21033910478205198
2.075994015832399
1.450478541034522
2.054262650304362
2.2903765143298678
1.657050658314839
2.2906729046699423
0.6183820772639164
0.45718649807844747
-0.691330645114281
-1.1341282975065403
-1.7200356847344505
-1.2417182709884533
-2.4044402692999913
-1.5833267941061249
-1.4676798244677627
-1.6718841015816712
-0.05817089239309875
-1.5534764649905428
-0.6571452669641595
-0.3557844258303734
-0.5259775803040467
0.44760144958219805
0.826216534399499
0.3985385028945815
-0.06720309207004885
-1.0581045532674778
-0.6282760646565051
0.06173308690245872
0.04772514810796112
-0.6200464410162252
1.8861389848780004
1.9446006770540698
0.9889768671613197
-1.948795628057064
-2.4804805775337213
-1.081848548626073
-1.8283080582236035
-1.4566164683102054
-2.4034200667596175
-3.1780018029463064
-1.3662548481899988
-0.6152296478967865
-0.6496225745142651
-0.31366518329781234
0.39412834992525936
1.01986018568246
-0.73830931710125
0.650939186380705
0.5608890212553038
-0.927679843586562
-0.26135990467435904
-0.9606055272503844
-0.2888085838213781
0.6821573900956109
-0.41818096256701803
-0.2777239753917104
-0.885984106376247
0.44770666865712555
0.3436925066894347
-0.5797419062404794
0.5325007336992286
0.7709512878969859
0.5922610774925114
0.634125443483507
0.7057024179289043
0.8303238906340965
0.3606698233960657
-0.4557772266426072
0.17154102477284722
0.14759173303320747
0.09778158283521518
0.1623290326961254
-0.467461401620609
-1.122652295173044
-0.18945495933315812
-0.33792891893525956
-0.4603078456786388
0.26542091138330814
0.3705129046877481
-0.6034667178119629
-1.8034151248325778
-1.8610946407541313
-1.1730294469216525
-0.5544776388253716
-0.1436045987483259
-0.6466899584197308
1.7388982134225357
1.2758938110803666
-0.3457980595308413
-0.7132597261062202
-1.131255100150707
-0.3032599892870316
-0.023337783421201803
-0.2045640254469032
1.0885558794484693
0.5497892915091256
-0.5050609794932225
-0.02466869753493872
-1.5779101374720161
-1.1321662385222215
-1.0560818953816125
-0.16396011242871733
0.9390499301195283
0.21909755107994686
0.9967462827610151
1.1305926171656064
-0.6249589821263761
-1.0916284164065855
-0.8858839620664067
-0.7059795129586711
-0.27596934734637113
-0.6912318105862129
-0.5120353949359007
-2.4299269961912424
-2.1959712698232137
-0.7999849097893226
0.11829188783136696
0.24911292746523128
-0.7183709578533024
-1.422779405546174
0.46024912363082027
1.6640543111222126
2.332194397139168
1.5394973866573494
0.5826494273501809
-0.5171964912836211
-1.1565697556567134
0.7014763519119207
0.12561340170747892
-0.05917360539580599
1.0754505707131747
0.8446392082456424
1.379339476907536
0.9082979853931629
0.5388302449316679
-1.1276624897503467
-0.9435792315275756
1.1890485181544148
0.9059733317592729
-1.001660968762347
2.1192526452779035
1.1035001850787969
0.2094299414738977
0.05989468408373991
1.091130527378541
0.07320391384223562
-1.3783053990269258
-0.38456310919290887
-0.7075115314466478
-1.300140787310348
-1.5486196088422168
-0.10975906798163132
0.34045573311607785
0.4249781153439721
0.493722336376524
0.19307543489710974
-0.40669473844055376
-0.16095852906833466
-0.07006903553023791
0.06022867822039657
0.566940624088076
1.3286910378341625
0.6540370153497665
0.8338226429497175
1.3402258953559607
0.4650523665102262
-0.11025149474768246
0.5031675791275068
0.5331551266647776
0.5525560444733546
0.602833008333548
1.0573439386308245
2.022717665803663
1.0159382606229002
0.8467814744046442
-0.38557495939555597
-0.8430605307206593
-2.3531576429303076
-2.466713672851689
-1.782713097583579
-0.6616719169533501
0.5992336181681279
0.8833377475743969
0.7633886845883164
-0.722677554506968
-0.8699637770752959
-1.0435544267290195
-1.5664602353151176
-1.577476078962617
-1.8008931881222012
-0.9045693155454514
-0.16759650816082972
0.7937942748439671
0.19484337694258955
1.4146011696801326
0.9542996915033294
1.4555613028892136
2.1596377159139055
-0.41758965031548545
1.4567333235107678
1.572743545310193
1.6970963312516438
1.3709460693046376
-0.5392399244538355
0.7881622921332097
0.9976452878256847
0.11578409951943242
0.6055823418314904
0.8239836824872725
0.7710618112296563
-0.29230212098410224
0.06120595890887638
-0.10432372274853213
-2.1435287329896
-1.6263546000866262
-1.9592098739671646
-0.33069591669079873
1.4467910812171145
1.0040760011548504
0.2954721335312016
-0.24591127794006118
2.3082482063987997
0.5443491348007506
1.5407221065826753
0.6449934414874051
-0.5928575504630945
0.014852200953135913
0.3928469810749031
0.7732323433696091
1.5836356387232386
1.9928734191084594
2.219019632912254
0.3123535542993239
0.2133379073500028
-0.13222055508686315
0.11333264040438304
-0.3833987717208823
-0.9121343821731417
-1.5136903422884054
-0.021301699496457382
0.20107452708782747
-0.8725410958871578
0.4490109447723861
0.4607181857417214
-1.0140144702840732
-0.6841848409414291
-1.258596043742464
-1.0126274574394873
-1.0848178806231596
-0.6508740517896534
-1.227806923563674
-1.3824525522759745
-1.8739795008777724
-1.3133843580974818
-1.6171876975794814
-0.9300366682839271
-1.4782253580844096
0.04780656913500683
0.8293035735812021
-0.39674793139559095
-0.7295973639502722
-0.9978004187617202
-0.13759684828573904
0.2886575203260001
0.2691130685109386
-0.34670661498484695
0.578934114768169
0.05373474982045588
-0.4038718175932321
0.1135455106533633
0.1825517982423502
-0.22812450316813038
0.4266487469468275
0.7531500137290252
0.6178314481844045
0.20957364320389785
-0.6760605627738824
-0.4026456610753522
-0.0038049280166578756
0.5254548442458098
-0.9098264872211026
1.058054131363304
0.6893670354472193
0.88831349421692
0.9878983754396722
-0.3624703028823611
-0.4554373315847511
0.27658308579823826
-0.32558286025481886
-0.5216733459414843
-0.0015760834143976332
0.16567927371848395
0.06444226028694394
0.16917739533591827
1.0445641917858186
1.4803564558276159
0.0876772690335
1.2947568554967228
0.10658376697347739
-0.16435216365033106
-0.719880657566359
0.4250211829178099
0.3039273105880797
0.40655783467325307
-0.18890738883827843
-0.15518511937442475
0.29274772740696886
1.1754471861058966
1.7771007653102604
0.2668716828857023
0.09764867052159246
0.09384075732458579
-0.554573752418827
-0.8729763063107917
0.9132889811787055
0.4326751096730763
-0.14261005837506757
-0.4773514090829786
-0.24646700801174215
-0.6136864206775773
-0.2830914193529719
-0.8356359358476242
-0.2935338941363599
1.0582754393322675
0.8972897382998789
1.448951721655028
1.3095921695051975
0.699155915084857
1.4039858005697787
0.5009667683033459
0.25790838665919685
-0.0714326810455292
-0.4989872778882419
-1.370712929675098
-0.8886645397535977
-1.4702008635105825
0.3233191087991925
-0.8116899402688729
-0.9006278883259239
-1.1752339967090888
0.4258929345017165
0.6485267195580413
-0.12578994281605632
-0.3447223871846023
3.293472456211699e-5
1.162554427711031
2.1272199737965276
1.8215501351755568
1.376055505013148
3.1907361999749697
1.5027344187409957
0.35891979822455145
0.23630763324162485
2.065544716722856
0.5923877769550288
-0.933691133457873
-0.9885124858038101
0.4281954190155051
0.29060063406898057
-1.0363307377828572
0.41557186358859083
0.10286684351657613
0.27140253625819233
0.8391775719266178
-0.32384783974695475
-1.9824769093238062
-0.7631627371256477
-0.14124003943139826
0.3073140399694469
0.09249952683572248
-0.655362504146093
-1.034075529086098
0.3183297021532877
0.33577322301806334
0.11886773801131523
-1.346976497714606
-0.5690590114044402
-0.35441853188455746
-0.20097989273586628
0.428486287454678
1.3549681791407064
0.3550555784490172
1.41554337626519
1.1840451312325089
0.6285477528787113
0.3213502759464646
0.7548657888774554
-0.011370099022780897
-1.3907212387931969
-0.5724415392154638
0.9273683505047778
0.6842188900075707
-0.42685764723963726
-0.31913120921978055
-0.25922062225298637
0.4234519471025976
0.9326285746155776
0.7579740814209568
0.4768492555933137
-1.3376654140173938
-0.6407141760276187
-0.9647051434193622
-0.6464897912602319
-0.16975860103407453
-0.6917693972972832
0.15434517225247768
-1.3669126172619699
-1.0546708973148715
0.9004164973577876
0.8044593742706757
0.21826655661217487
-0.27076578673239193
0.4520387951316673
1.5264089402915035
0.6786978692449097
0.9184721514218577
0.710549316856543
-1.3603507837598583
-0.22526878182349333
-1.3708141785837817
-1.5946865580485425
-0.9217689391700711
-0.7891643060045984
-0.9074412721740839
-0.08956063827417782
-1.6666720161800623
-0.09300825848059927
-1.1552884847539064
-0.9756876067192009
-0.9664732066749994
-0.22649992365214172
-0.8669944132046835
0.259528560063951
0.476944932567605
-0.5375427069078675
-0.7949109352984318
1.191075381804565
0.8796199388461019
0.7440849841466124
0.6911407531327547
1.449859786745599
0.813622249492634
0.09028202404646785
1.0432135424375568
0.8481442306467049
0.2155541501765456
0.2955688753702441
0.18591228415016675
1.1847921138687112
2.0220123635574536
0.5244973946359812
1.736149530432565
0.69952152477004
0.6693760093724769
0.8506627814332808
0.29840284215786056
-0.5800744017498348
-1.3493812257829576
-0.5854761412619272
0.7986042603680412
0.7323553508556193
-0.5335851471748567
-0.3601260865934416
0.10988180149331528
-0.8778561462363615
-0.6706955716145967
-0.15153488592250605
-0.8907269076934121
-0.4035161834981404
-0.7329689559363618
0.8121873291845119
-0.08673750800006284
-0.8432049949261634
0.13273107347710242
-0.4122299588653557
-1.6199506017569345
-1.4013835854984242
-0.4142921816154385
-0.4570913604134585
-0.4782382064454781
-0.9924909498858873
-0.34157161667386726
-0.7055120333601086
0.07640935684761406
0.09979454740458166
-0.4404390235619568
1.219463593887537
1.586598361968061
1.772689914876479
0.5475070696478922
0.9353721459497895
-0.37863436514894144
-1.043913967582283
0.7943017739726695
-0.10265522976909067
-0.06760113274747649
0.5947728975532585
0.5852488567157363
0.47591136322294125
1.05074947817941
-0.9084784518304312
-0.3349051685045402
0.765554320266959
0.5165078541117881
-0.05188553125418505
1.0570196346154441
0.5437661576102425
0.03538483065844601
1.1940323330752307
0.39707823665075104
-0.17939240774223947
1.0032792750442219
-0.3302956863844688
0.43758413700559695
0.11727648080635189
0.24949217890960498
-1.3195303582778162
-0.5440733271004378
-1.1575760471511312
-0.9739879985750314
-2.011439275987728
-1.5351445307640537
-1.0715411607870353
-1.4304643018253993
0.06713372779880883
-0.1367123388800453
0.11835187724375212
-0.5452502987623125
-0.7641465798009607
-0.19899421638989773
1.9969023095542493
1.1374112572402755
0.670879871326164
-0.8582252520417974
-0.3330064474183997
-0.9733012132105288
-0.6899546439518724
-0.7731942118643114
-0.9960157845892426
1.0369203651460914
0.5026161802825106
0.005548664024176031
-1.491588780788903
-0.8420029142991383
-0.8188988690131909
-0.777537426589969
-0.4105423474793743
1.537773530559292
0.7317417117821475
0.504432703617325
0.2749325977288577
0.6504895051968423
1.2470111530095787
0.46654120917551434
0.15943774736109662
-0.39218021671999437
0.3626550957316763
0.038353933597296136
-0.6874810386065586
-0.6119525737114311
-0.3651678988072801
1.4648350428403878
-0.20592215373944822
-2.189408585516238
-0.6542769941350133
-0.48839029885722235
-0.38575007703001307
0.5225499177435284
0.32557853343431353
0.10278733689520766
-0.05886911700232224
-1.521749397063367
-1.8408736073520342
-1.333268943076162
0.09276583279381696
-0.1798454535846511
0.4346149487317378
0.4423074847717868
-0.7144309303165075
-0.2993417010371752
-0.4116431385189712
-0.006966938657525956
0.039291695294581985
0.4651296491492455
0.6308445868228785
1.1839930650073183
1.0273331343894583
0.7242849439058667
1.0546666224402768
0.13723098112369236
-1.200711315766089
-0.25111434596245447
-0.06427591228708263
-0.15794165852132874
0.7098023524363414
-0.3001952368054956
1.5004376091747733
1.1994326881399082
1.4561076956754095
1.8223418438432049
1.246159339330748
0.6815043061422807
1.4352830994006385
0.6707812893419514
1.8357605365949907
0.39068153668880734
1.194980281120315
1.5738041137820205
0.4487700072490876
0.030749133045574084
-0.2958097173524137
0.4404818757070864
0.3761976941373938
-0.21837144307603312
0.2868292793107926
-0.9443018780511874
0.9735877997062843
-0.4098131141622198
0.15890425150961363
0.4957655443470046
0.5060147178133182
1.0373560352074576
1.2375154250266793
0.7412356509747415
0.0966319337565249
-1.0965326422260988
-0.6151974025861419
-0.8574260623539824
-0.4487716470220259
-1.6448398181870996
-1.286584481598015
-0.28882276926288486
0.2843935664489197
-1.0877664784951349
-1.5958003948488289
0.28652463654824767
-0.9861167313324236
-0.5455529845015182
-0.28080985135704173
-0.15039718138813696
-0.5524142431134761
0.514490171332093
0.9959914950617247
0.41308663531277107
-0.1235283221237431
-0.11049307764972215
-0.040312264671174464
0.6471302644710062
0.6916957118268969
-1.1000117922419355
-1.0048650021993246
-1.978757824064859
-0.5358754785520251
-0.6719490760562938
-0.15296552743860398
-0.6049576069717238
-0.8618530926974224
0.5418934355902774
1.533770919022941
1.672494951117118
-0.6266175707081734
-0.35625882410693743
-0.38446217877361066
1.1652852114134529
0.24991952315092628
-0.14269307891717325
-1.3834270085977376
-2.2942878051547435
-0.8105061422356482
0.22850515141760658
0.5345205716893492
-0.06092522657766847
1.1985304826076593
1.2077532141443168
1.783450729159992
0.5740922138553665
0.1424876910646164
-0.7438406404655976
0.6001813525386899
0.12954907030537424
-0.24308785052929066
-1.4747895488229392
-0.165507356349462
-0.33762310045780647
0.1455569595964888
0.6359256438111589
0.00164478493331989
1.326781980628387
1.4726709330918721
0.03868275525275476
-0.2900965215544795
-0.573945254645899
-0.6954461430581165
-0.14444645493917352
0.3346440718635846
0.6006230092660908
-0.27808305513437753
-0.42570572047311206
-0.9327196289667886
-1.7464547246265938
-1.8769322184623514
-1.988121906050409
-1.023892765623783
-0.4982723788965089
-0.027011964468377947
-0.23106185248749145
-0.30448195243975607
0.014450074183491812
0.4195207179376158
0.20517525199952866
0.6028986355345487
-0.8873435963337565
-0.6172795392533185
-1.090533388974885
-0.48799213463027863
-0.8614176429951015
-0.7200520411586132
-1.3827291376366246
-0.1934198855917279
-0.685059782987958
-0.5923291242625752
-0.48016814089989024
-0.11460711933713522
-0.2310140328918978
0.9669993316187191
1.4531252575969733
1.3398969931975357
1.2157145965032983
0.43927683096169357
0.422696665216097
-1.4340613914956675
-1.4367440816443418
-0.5921602998597479
-0.9407874158793765
-1.182404415227611
-1.0250077559952306
0.15138965542568625
-0.7248910000707232
0.36989946464296747
0.035401754206016794
1.029880147044044
0.6073068309325991
-0.6080709753392639
-0.7892844277805301
0.1722659933792469
0.22997604525096277
0.6711125985310074
-0.09417891467700816
0.31525295687254523
-0.08532521600486875
0.6396434848240392
1.101246759839365
-0.34697237627967115
-2.308077094282062
-1.1923547372679766
-0.8514729056264917
-0.0062660154134298734
0.4177241218274018
1.46186896352253
0.8674707191153465
-0.2134635559817631
-0.8431234591516565
-1.0582393489149928
-2.1101118756671164
-0.8532016801815908
-0.284470518636339
-0.9609828892902844
-0.965636211120107
-1.5542816290230514
-1.618781508622175
-1.4563888955898285
-1.149426985095365
-2.0434927306371353
-2.029615527354307
-0.17378164759521034
-1.1942710249413402
-2.1919256200643247
-1.2385847362466818
-0.8314307624502311
-0.5682942471879748
-0.11369396413016969
-1.5620929995822084
-1.1414696336355625
-1.2017003443632317
-0.3086502324292535
1.434733459383946
0.7415416063097904
1.006202891702356
0.9760092980434381
2.029719925732061
1.348539177409372
0.9124798983541057
-0.7498835862737567
-1.103008856264529
-0.6369677041409192
1.4475485744282846
1.348988914416549
-0.33008837180581097
0.6390639689388711
0.39783135375951345
0.697729889481561
-0.3696000625057926
-0.19776211749496517
0.07759025039860147
-0.11535452179449807
-0.6007505676981544
-1.5275450306780927
-1.6098854140471468
-1.1160602446391628
-0.43721631450552
-1.2978572580991523
-1.1099770194581466
-1.2529389858665916
1.6732657360965961
0.4086483622095031
-0.5323740371040272
0.1755311330355736
-0.043006133264522795
0.8869176346929971
0.5499281334043885
0.5733770849767252
-0.21477315693034474
-0.5799322771987048
-2.015150211077775
-1.6572162316436458
-0.8156866942215697
-1.159511309017752
0.64216849299318
2.405262436997288
0.8375931597505917
-0.23598765299269495
0.5084387284368667
-0.057113983831957975
0.5803235757349466
1.2959652966698925
1.6777437111660753
2.0019720843255078
1.0795929985134325
0.8221954281367253
0.41235834741418687
1.7423485824782838
1.2668803697123276
0.5112234857292248
-1.1601575036715424
-0.3475693543206907
-1.348347668730011
-0.8834600171398247
-0.9821687388903011
-0.4844779183921979
1.5105632123698676
2.409463330568859
3.190787615742458
2.8627845198438573
-0.10175614195596419
0.7015408789202253
-0.4556125049658024
-1.2787328430874276
-1.1364125546140575
-0.05475738862977003
0.3232893840827522
1.6171164955287234
-0.20812254219010717
0.7357319867109221
1.0890927019468437
-0.14378735845695106
0.7882069986988919
-0.02714916984962579
0.6036301060416434
0.8083457071687257
1.465670812676426
0.7196834745193773
1.4215314137184272
-0.2498950518731784
-0.18153554757843443
-0.246406578032791
0.3932746043774298
-0.40524712495137216
-0.9016465320206433
-1.6904622881943672
-0.13848436376268922
-1.504423099561609
-0.5932424920884569
-1.2048411994655241
-0.9845631435641158
-0.8453745885499493
0.13049778660292852
-0.7165386249610646
-0.3823685618852469
-1.0223979882823462
-0.6481735007511228
0.1556674316947912
0.6267541087556081
0.8849853023619625
-1.0250804983428141
-2.1105411382636805
0.19682487799974177
-0.6030004852229779
-0.6020616385152415
-0.7068456618657105
-1.6962789758151524
-2.2895872006147986
-1.4687017281086108
-2.8050723691932586
-1.9320908419348692
-0.6975634120314907
0.2635538284403464
-0.15728972776808745
0.3685330979293088
0.6967367825209767
-1.1636261830172145
-0.9344495342806185
-0.8965603882903797
0.3490041386439868
0.4013311847715994
-0.33960728407324153
-0.3199081980592082
0.47007984940051134
-0.5104325219463854
0.0629974953899957
1.3701897616217729
2.187059229162213
0.5960827967034544
1.6489480917964494
2.443610248161371
1.3978420562931777
0.6384379389846878
0.802935346185922
0.40226635024934465
1.5477710787662695
0.974700767734131
1.486283552790678
1.4488567200231388
0.4128928450910422
-0.16458589475646365
0.50236932306155
0.5920513521806418
1.201987435197742
-0.4173749668564973
-2.035505387001948
-1.4090006622425841
0.5207332138729838
-0.3222004520994475
-0.27331989949809943
0.11730340716009596
1.251885736398304
1.1580308571742073
-0.21718708906366302
-0.9761878938505296
-1.0353088899830047
-0.29950239110010257
-1.3502056029167835
-0.3061899910242305
1.160650942413608
0.7837431095557236
0.2185401991756628
0.5543825870435123
0.0316769229829147
-1.499378141278526
-0.8757778024441433
0.6609052965433748
-0.4068991996094632
-0.16694479727046002
0.09697446471024136
1.2056706006354905
0.8351575495595871
-0.3226561746356529
-0.2526963871167208
0.26017961238879833
0.27849809819458604
1.824245374908614
1.0553350735394933
1.378640377685617
1.460684122055087
1.4261379288846625
1.612924535828515
0.18053078463618266
-0.007227393549594258
1.2241752855864
-1.0900057565715477
0.678663304568325
0.5414673582394558
0.6129582781833168
0.1341229674029553
-1.312046010264142
-0.7486240343649864
-0.5987996630572764
-0.35398224878493884
-0.24185045752573978
0.9608280008353107
1.4994726256783752
0.4480167184446866
2.870163540644207
3.3980497265933605
3.567607218956398
1.4898549714355134
-0.7173064683598696
0.37161465624750367
0.9373442277227843
1.8243993412188375
1.9021729747367602
1.3156262323309826
-0.48850041754203793
-0.03963151209547555
1.4655897538756535
0.09765687705798473
0.5714187059837236
1.17346424194567
2.8928648414217797
2.697617748315092
2.6175551594166806
2.498004792392817
1.8716924555252221
0.6383139515870858
0.1361942133198273
0.9159263022425724
0.9946704470985733
0.22090047935558507
0.8429529886737195
-0.20597923188601663
-1.4566504499566897
-1.1815347716755844
-1.096598595605486
0.6300857223993831
1.7722138089160866
2.336919151749087
2.3487898241465492
0.8413033195707036
1.0551797006168402
-0.9502578226996896
0.07860661573518768
0.6620873467649424
-1.0471817562666692
-1.9811464796994467
-0.5660157253848959
-1.556148832024426
-1.3335374954127297
-1.5268890568302609
-0.5942719654500137
-0.8108061822213606
-0.19744916382101496
0.618174350704007
0.37376072428952145
0.30179097799034493
0.7655742828188914
-0.6279378610594777
-0.7925769265734012
-0.1666067373489571
0.6125137330442709
0.7531207192493786
-0.3166748724373929
-1.4832692243898125
-1.5982463581631885
-1.5092984130338365
-0.7444244583643569
-0.008342895295953154
-0.8940148391525757
-1.3912634004685818
-1.7077177161314996
-0.1995114641481133
0.4912086793422942
0.563583748938266
0.21625416208613063
1.848075299762641
1.2753815727093614
1.3079964686681427
1.6087331378364407
1.5175514906633594
0.25925359865695236
0.2273518931680237
0.36442747157062594
-0.20384632963379917
-0.17119470931920364
1.003939242182845
0.7048882677268706
0.5030842950355754
-0.5070636726447024
-2.444920062172746
-0.9790659493235148
-0.5478142148103003
-1.313037403254456
-0.6102328076164762
-0.8590015997734722
-0.6985478376715569
-0.8803951358157734
-0.7420650576804043
-1.6514337053161234
-0.7686793303073193
-0.9273156026367697
-0.8363605641744573
-0.4534481169264838
-1.055911691801444
-0.65129449054068
-0.3071834141353014
0.251938741936532
-1.2597727115351984
-0.7778607341523427
0.3310824830999806
1.5607296524533172
1.2177512238657076
0.9113515218902799
0.9008023246757529
0.019058116541093045
1.7332606784876947
0.05992635611642752
-0.2342561138062154
0.29622649491931974
1.1469602131209025
0.9305350332928728
0.7417445851674432
-0.7051575734148516
-0.07980950732195326
-1.8449573057850344
-1.0292573177111985
-0.3594825972325566
-1.7980471201419266
-0.8840747088836792
0.523743757446119
0.8795341165321051
1.4564280503839084
-0.21083015804920507
0.1284654878186204
-0.7201583636747197
-0.3738868232452574
-0.6010225721837298
1.7685882428572464
-0.41960370781642503
0.5740689502529138
1.2474160649589185
1.518176971604912
1.0488305667771998
1.1682494050990941
0.11641780498377263
0.47342276342265865
0.06745465025594027
0.9572758557178884
0.07989383830713817
0.3909448904147363
-0.6651104920412473
1.0261301381177304
-0.7545318692693964
-0.016446946340544485
-0.057821605772596055
0.8879785066926998
1.0925221776473022
1.3148851059579592
-0.5283392818347628
-0.21298639657840984
0.5859899992432215
0.2991099095693852
0.08420526239772563
-0.4117821341237425
-0.4737179159688001
0.5712743642043869
0.3055584215935814
0.04182355020476296
0.12513765159868484
-0.695065187991015
0.13608252725868594
-0.22171941233064477
-1.8252215565418641
-0.8682604674780002
-0.6659030056292348
0.5728432101965317
0.005972699737169379
1.0421972463538525
0.15996669939190852
-0.707369686057502
-0.5892276201194944
0.5482421202824124
1.0577799825537497
-0.532847559037056
0.29759258386182763
0.8910383448044665
-0.2507910592478823
-0.11249919262551755
-0.5623551441773269
-1.2529616182936785
-0.5394452944949513
-0.4619305875302338
0.4182672172066575
0.18844085137957414
1.039899969510794
2.1028880893978474
2.447578096148778
1.2695251221554844
-0.2998358692763552
0.7613222130598436
1.1559324449622612
-0.3557065335635432
-0.8159763398190382
-1.5162949910151218
-1.0378057870219253
-0.7837528899624271
0.12188802415203764
-0.0015668036670711746
-0.9371571626777081
-0.3851261659608937
-1.5699714695310718
-1.6669731821354512
-0.7878264858824231
0.34091138017117517
0.5051880795837925
0.5467958992713793
1.3113867516501134
-0.03047149561457027
-0.9195257490364932
1.502463463066424
1.2654693455215789
0.8056588935276578
0.45997578606409983
-0.5317547847589705
0.6882054864994341
-0.8425852581029594
0.16265829168206927
0.39721398631552013
0.8571311710937808
-1.083864862631585
-0.4583970816536036
0.25762329210419715
0.8676448817328509
1.3660915333385169
1.2260593867813019
0.549035355795403
-0.1661842844602534
0.5025999020574937
-0.6739783699521025
-1.2707039071612458
-1.013050829437245
-0.49695527249934734
0.032396111478970084
0.025873796425442637
0.8496279630548197
-0.31416186787843225
-0.5034858163923794
-0.9756582660522369
-1.063451253724804
-0.8504030409382459
-0.436166182950105
-0.9396954756987796
-1.40077041294141
-0.2618077416267936
-0.5212788675067022
-0.98751018878629
-0.6492284402454941
0.43478573375999047
1.5672885926052138
0.8346140982695237
1.299773622174954
0.4660118163152286
-0.5139423608330588
0.5940498160151473
-0.674585361082824
-1.1397121184482548
-1.0619970422716165
0.2688968326151564
0.11375216057960746
0.9222057343430047
-0.084295099081015
0.22291635249927125
-0.09924979795681718
0.4065641095118522
0.48875426278821865
0.7998522258192098
1.4831391801942808
1.2832484360541687
1.817708536192513
1.4139526720082145
0.2542379035826007
0.04605623070193027
-0.5037934325108094
1.0024021453683263
1.1304456788796997
0.4709960077103575
-0.08873453675684773
-0.9305973906850556
0.9072292135518253
0.020104442539652517
0.41938378317422026
0.8175590067083676
0.5662251042911336
1.3592608335223628
0.7820735034138553
1.4350495291545764
-0.6336968949482713
-0.5644829624723038
-0.283536535582346
0.5584884487102619
0.3030271623264368
-1.5952455301197324
0.9022197963204701
0.8143011386828793
-0.1938909580216579
-0.6275986872718884
-1.0764789916715813
0.6300734189317353
-0.5328926309100149
-0.4837811550114285
