0.0
0.649855220654742
3.057118675910876
2.144884773211927
0.3700385934338163
1.262364167282558
1.6778443049393208
2.174998930049317
0.8530644988432651
0.35048505756254694
0.505670137447593
0.4668336154733478
0.5284379776317685
-0.464251252784151
-0.9357921962006208
-1.0612547605641809
-0.7547318621199504
0.045196262578596984
-0.2250973650673759
-0.06049781076520902
0.7359742123838895
-0.04863183806545565
-0.6356230116150684
-0.49971483246000625
-0.9643840249799208
0.7189054326157105
-0.13837580764523555
-0.7064008398219735
-0.04262852537677147
-1.281709304516737
-0.30703110791089194
-1.641085865999291
-0.9089220845474001
-1.169057102928442
-0.04884729437612981
-1.3535340353858982
-0.8642339691882441
-0.4362272773366197
0.2794290053074275
-0.42084467247117624
-0.49699193219638377
-1.336401416959709
1.0452178573735003
-0.1591585278047161
-0.1957570088048567
-0.7171884088130437
-0.4577241074063569
-0.48499745580746834
0.15231418618804898
-1.3244612507150046
-1.8985738647081176
-1.9415977245245577
-1.330131290526741
-0.3042452976028636
-0.2781858959269583
0.12840307414639046
0.178407771643672
0.48477531820399733
-0.9494410269241735
-0.4051438037427152
-1.0416472916874548
-0.667256069177268
-1.2692342054323533
-1.092509002813198
-0.5619509002396359
0.20425258988284586
-1.0905178215213327
-0.6125744198781428
0.24102329739151016
-1.4719766642391092
-0.7493572975877711
-0.49791406673829924
-0.589936360085221
-0.48632312975189124
0.3771012110320856
0.2497041573976174
0.1471782844214199
-0.15319373673889713
0.17757753537769572
0.29733760334479153
0.47848653823711607
0.658723100785461
-0.27718618372393394
1.3285454818182565
-0.2331522930341363
0.027129502070623646
1.6925485043471917
1.990219769102315
2.127539096902692
2.671755729781151
2.3689019665905766
1.3828616402042708
1.5030628743999996
1.3398652697268372
0.66688302214794
-0.04266618049000381
-0.25897418283765367
0.029110979889067773
0.6818077185299878
-0.5563007685248089
-0.6082726762670531
-0.9671652356051503
0.2640476381146596
0.6166629757827552
0.1297291291015094
-0.36032832115566754
-0.5985596585490313
0.21548338531119618
-0.517086962618545
0.287524270838152
-1.541311396345024
0.4320405170735292
0.8109348606951905
0.29044423919457985
1.0978453278855491
-2.048631931264181
0.4073159098306212
0.6546669191245336
-0.9698925340859601
-1.019465068595414
-0.22044860463804378
-0.2689737165281275
-0.9848152368299453
-1.321375402490421
-1.372392667776219
-0.27113514775816283
0.7954282975327306
-0.8328958194458913
-1.8486078772913324
-1.5463690556386498
-0.8791982962175867
-0.07462305946313519
-0.34533389100071993
-0.439518094602693
0.03770175904439349
0.4474934016189494
-0.2581851623884646
-2.495854175189449
-1.4689082154502004
-0.7875901896599979
0.8473074807563735
0.9939537759665182
1.8692772686949872
1.4802099402154092
1.4378442949724222
0.5028670920638658
0.24797463807871786
0.3853763446206716
1.7188654168647135
0.4886264844494072
0.9625685985707165
0.11937069792709573
-0.48444539358215427
-0.9992441887944533
0.5435443868889461
0.39225609038979137
-0.34847963931536347
0.43154622383166985
2.5650482865346196
0.17724076623729235
0.7115702442081997
0.18936165770679034
-1.2177704262542721
-0.5874679722135479
0.618571026502637
0.6250564315251899
1.6633160978181962
1.3723094463485717
0.8011835217719168
1.4465815261716277
-0.011400111355152006
-0.1417047608392345
-0.08839234933948503
0.8450425037503156
-0.088548738560455
-0.13809501506651084
1.4452590906376293
1.1201366245619926
0.6030418484315847
0.26911135147699605
-0.4679072845182073
-0.5702671338860141
-1.3287341097596501
-1.8290194866403042
-2.126943444172511
-2.637380203161762
-0.17202065819216075
0.3526363590287521
1.8494293529513945
0.06382518008191533
0.6820017101295288
0.4742434602188081
1.7907021300817347
-1.2118497185136903
-2.5117550449546138
-1.319963788905663
-0.2825460668143112
0.14680537315884926
0.43919191178750305
0.8113575247510763
1.102427853939376
1.0841570350176648
0.4887144448838653
0.12454586236187204
-1.3814097971473598
-1.8933573750357335
-2.8882303863569376
-2.798699481094851
-1.6570323534653464
-1.0369838185127545
-2.064026422074331
-0.29858833158745174
-1.4379696433609372
0.5123371346461157
0.5673421022682925
-0.04033046994238772
0.19302400498336905
0.8078334640825265
-0.361429882517188
-0.2481908643297406
0.3874693824847527
1.0606528694869604
1.432580648547463
1.1388851074447612
1.1866997476660224
0.3082312633998381
0.9810067680195689
0.8856160070905588
1.029703620294929
-1.7857455851092852
-2.3990025221744586
-1.0674582691430539
0.24290360540002695
1.2408903042414696
-0.006277992167711188
0.854384469842642
-0.10788247106667048
-0.9171109991849642
0.02753200348212717
0.5327694110100047
-0.4704212754457366
0.42487793849700084
0.5742235881323594
-0.515373704920744
-0.4654563143851385
-0.6143512420782032
0.25557878622918145
0.6875897195519072
0.32978482007877624
0.8173266639858929
0.9399736540082058
1.0195298404186308
-0.4063581326134764
-0.7389570955314919
-0.1948289808622265
0.8708096548163119
1.2239527798278373
0.355669404504713
0.6314022348559643
1.3044666239791636
1.9591178932100473
1.815736360635877
1.4682708256535428
0.6167231717248997
0.6754523542179618
0.18763934118457717
0.022422452053237313
-0.03597243138911996
0.6808771196273394
-0.10627700515621254
-1.2442991294587147
-0.08157278771823134
-0.7634127796059369
-1.103955537202067
-1.563580151202121
-2.055676591872162
0.18244888378797797
-0.04074998279831166
0.269046755541897
1.2063668424622653
1.0331538790577297
1.77406924486816
-0.47666077487659114
-0.8940828028177188
0.2645771707203862
0.3956044522659782
-0.2434074400385281
1.1734104424248917
0.21534235073327399
-1.0500447370389325
-1.0755562679042752
-0.8992004704442419
-0.5508000490459865
-1.4020240223215505
-1.161708338859516
-0.9534175585280252
-0.09529064811422198
-0.16359775615811772
-0.8028420745213715
0.34585470024811543
-1.8636273272203063
-2.137014875573791
-1.0015200758712017
-0.8356237617310254
0.4125578006260705
-0.4555044611019557
0.08773080386808102
1.9860095143654861
1.7327691595148
0.8755701401077459
-0.23150747996039667
-0.9830568795469448
-0.9536766301156937
-0.030468889280669653
0.3942495024789288
0.34266783224173225
0.1692262288004423
0.5488632826524228
1.0386413163942965
-0.07076431624971546
-1.1740197386508708
1.0541196294007682
0.14634555597378043
0.6872784928488007
-0.36426873917772484
-1.0078245574339417
-0.8662900417553279
-1.433325339570334
-1.6304527562037303
-0.83953576996225
-0.3625407879858138
-0.7874129234699848
-0.41961911354898135
-0.015683529342958302
0.21558740745910127
0.7758183961733686
0.051822550033025244
0.7435138903752584
0.5368059690905369
-1.9011972004623685
-1.6847800054194495
-1.7144214595394383
-0.5623736882751464
-1.4143904993708896
-1.8313027753980622
-0.37494108912322516
0.44297798802045196
1.3082782133973756
0.2300566976018351
0.8190093906269175
0.44392470301847753
0.4840086222770023
0.3488830118537811
-0.029168196690973123
-1.2713339232927976
-0.38461055824746626
-0.22558056464903287
0.24278080009397104
0.37398649330303335
1.1628850144277312
0.8950473223017723
1.2210302724244344
0.6007249175746605
-0.14416402121441746
-0.5591044247712292
-1.3482801814758654
-1.673869252527446
-0.5329618182061137
0.11250141687517455
-0.27002431233922625
1.3898528873076434
1.4984412227052413
1.31201311564303
1.211586748213166
0.5869126999173995
0.11357619148092085
0.3081307398112677
0.9959033940287291
0.4262453251033428
0.9680045293426811
0.8614539546542993
0.7440006192229182
0.5950357762805183
-0.4319625808526215
-0.5980879589751666
-1.1261473276030238
-0.8455209736190388
0.46009873049360356
0.7650677083930773
0.21947390583110754
0.605712083544076
0.0748175163848898
0.265168203256328
-0.5096114219181488
-0.3529477024221298
-0.7206260639095933
-0.8843902431046002
-0.16307655866663717
0.04174028401522492
-0.18793681916810823
0.8829997693894812
0.4843730919616469
-1.8452781714928346
-1.1289070817554572
-1.532154753993717
-0.765759775237715
0.34835683879151513
0.21469158816257367
1.0759866300583179
1.3140106037567407
0.4904925216446435
-0.3724109872503636
-0.4392613183447053
0.1561696416379977
0.10114085894057029
0.936691209921586
0.17698383228685738
0.17318226821497631
1.2004081346668143
1.0660158054149724
0.691103483034752
-0.06015261385299603
0.4508390725027443
0.08041413810536788
0.8006122763514814
0.6956241582925043
0.6396131795034122
1.5637661427431462
0.7714667283715846
1.1207027734319346
0.07385584966221942
0.17197431303490457
-0.13526208738148415
-0.46323480540741596
-1.1804599786440952
-1.6265390907776411
-0.0183379344276641
0.34034190516343243
-0.7225169970126617
-0.3616835633712764
1.9525775001994075
1.3258847953236024
0.6750425062657077
0.8284869229232777
1.4734155767461283
1.0612481747968048
0.33618717064543985
0.4046510119693109
-0.7853197377696234
-1.2528466171747532
0.508517954853675
1.3980133567250612
1.1577916140937827
0.003281699246895531
-0.7447817214265662
0.21138037614917068
0.8033842320033707
-0.4543133685765711
0.027235729415837392
1.1511261811396838
2.209374045749441
2.439369027608849
2.0388638475899628
0.007548624012926691
0.12644801013287826
-1.160768445780435
-0.5490680534675217
0.1559475422308656
0.778483592765839
-0.029951987087356247
0.1259358175468422
-0.04212067747325903
0.17136298397173744
0.339186605530159
0.4192352317273518
-0.23597243563089826
-1.5900214176705345
-0.12098051341892047
-0.7163312208814167
0.07881822301736024
0.5472971959386381
-0.7928885925710801
-0.014316572081004453
-0.5385119177553096
-0.6227809759600214
0.48200756482371065
0.5813439235379704
-0.9595027441217359
-0.5009889791841768
0.7102835090594712
0.46382334460798
0.31247229824608574
0.4301039777916155
0.22216790550829046
-0.7129741574554326
-0.04614528426385096
0.27375102916983995
1.0235678055977129
-0.3182618258431869
-0.8297037008170443
-1.1482421540757826
0.5724649235867886
0.2046189445252578
0.8387012363882888
1.1322650279212474
1.1264457455569763
0.8192165216378061
-0.8818308375591619
-1.7259375736761926
-0.02723738700418138
-0.868236633163743
-0.8335010227347714
-1.9996491334373678
-2.4854310047162795
-2.3362281149763464
-1.7743027321117908
0.10486593639573956
0.5689253368109408
0.9421531564638916
0.6729770860039865
1.8608424427542065
0.9612219263279177
0.676974384292008
0.5577229065682874
0.23536095132920146
0.7444013603437368
0.5061599448926769
0.6769107437169861
0.27860029485601945
-1.170855406696096
-1.449906101636028
-2.063555711739666
-0.3659544327995796
-0.7045070215102521
-0.34615468851102416
-0.23821431127582257
0.12309295568008212
1.3223106981510533
0.31084756982824496
0.46785042162926327
-0.05112695236266096
1.2755042001929644
-0.7247713208257169
-0.8561203716712732
0.9591664809699544
-0.2055992181645716
-0.928400650162939
0.5217501497315813
1.049790494488045
0.9431321942982869
0.5515429367490405
1.303135828852542
0.3935071127438455
0.7875026979065896
-0.38981916980552717
-0.12524307226833492
0.010254910310536491
-0.8589380822312254
-0.321151440414154
0.0820800638325197
0.28401738679949545
0.18869956797435905
-0.07070665025085121
0.2509599590736336
0.3762200128918478
0.3029001884969729
-0.44878699672688477
0.7069980282805107
1.3378790994640426
0.14321604051687267
0.025961200518379968
-0.7340843107746524
-0.917829163255895
-0.5909456581797037
-0.5775684692574309
1.9731179254689117
0.9713933822808632
0.44962787221354866
1.1375183691348176
1.3529695758763496
0.622721758312506
-0.25639799306855576
-0.9070666140995336
-0.5762338117500128
0.32921227992242474
0.2244852484987363
-1.3083144847436912
-0.42093980990487223
-1.1304704761837647
-0.7989655835715029
-1.2849980356472241
0.2161712697470245
0.6519460100521565
0.36947883221294414
0.5293281495150128
0.27270794040901936
1.6481843393144144
0.8542153758145241
-0.11117319471296704
-1.3401704526142544
0.043260079451967776
-0.5042003253116811
0.31099392659316083
-1.128379772123442
-0.5806870751792423
-0.4318936071717077
1.6701498285581762
1.1193995740821931
0.3515966571088742
-0.23441817309676805
-1.491416281289561
-0.13965780857634336
0.875085921421478
1.23948894984435
1.4190944627952335
0.3295835036630752
1.2415151847125445
-0.23107338149902662
-0.8895398000981953
-0.41425284786094874
-0.873051837812406
0.10045077174056058
-0.03422609273368987
1.728411697809781
1.8541389389009588
1.0692652148266468
-0.8264869476072423
-0.665013406565492
-0.31511377481044284
0.6523053604279352
0.5188035895004877
0.9125747054564304
1.0182671840733584
-0.8559761443893836
-3.09279326314906
-1.9893666087447666
-1.4421586611931296
-1.8464392708196509
-1.2851493558552103
-0.1593303473389305
0.09323267845909489
0.8027738767343571
-0.9580642550177041
0.26670502037298094
-0.6443508034901024
-1.7064339618931808
-1.006394825912237
0.5355482641250621
0.23688811288009837
0.20849772643923045
-0.2616649769568063
0.4800734014100861
0.5719018845571838
-0.6863310297823173
-1.0223707539306943
0.13191047918219598
-0.7602918618408283
-0.3675459965919059
-0.383212332460542
-2.347911173929605
-0.596102264199442
-1.261717847147127
-0.21802720225136935
-0.8129324120657329
-0.4091464092779319
-1.8201154617123438
0.059055848487239104
-0.48860549798204633
-1.6058706940138336
-0.7577585761171967
-1.1166318078026418
-0.5287608585509742
-1.3941328867148837
0.19264751786194645
0.08504723619171846
0.2275396705524399
-1.038905778405173
0.24601836248495862
1.190068279591443
0.4716889609845274
-0.6430474829518255
-0.6628135979312741
-1.9810246361199797
0.24380321092291735
0.08726551127781058
0.6218342974864784
-0.03709499631438462
0.14626449652240295
0.2800064020185948
-0.10305655815604606
0.8679577757783095
0.6988821519515509
0.4917758346630196
1.8497897835031478
0.8351880552644678
0.05572090881082107
-0.5971570208258998
-1.1647247381382113
-1.8725743702677007
-0.8941592850280675
-0.39204843420943675
0.21439176079270397
0.6025126126042194
-0.39245881499522267
-0.4433388031907017
-0.385353605058507
-1.063817572040635
0.08413546345987574
2.1742153654266168
1.2602061919264889
1.00201713531815
2.232342825129772
2.243893946536057
0.05517441948218136
0.8824375049917814
0.6090594479284428
1.508046932700568
1.2801831607047376
-0.2707063111245487
-1.203101404387208
0.2097312152106734
0.6310098987889533
0.3129632554757396
0.04354972253021561
0.053039378039283824
0.45255275686231666
0.5977765843291052
0.3530150919415057
1.2126787815697109
-0.09393108628897696
-0.05373671446076539
0.36218291044580997
-0.87995534409948
-0.892727114234421
-1.471100045522864
-1.6705937680820766
-1.6328946477682889
-1.5718937187961766
-0.13185650712428965
-0.6035556494973463
0.2441458106897018
-0.7893017271684001
-0.7521663964466561
-1.1966148997893422
-0.3084906413133799
-0.08822738835109316
-1.022763120952002
-0.16443351906697815
-0.6589877541208418
-1.0604360102052695
-0.706760225176667
-1.224561455596192
0.6952208741416711
0.42198924664802345
-1.3348570445722858
0.0062658826459136285
0.08579868494541848
-0.8738448337669881
-1.4489274104419463
-0.06768516296697544
-0.42130901982704516
-0.563064325649539
0.5011442863103259
-0.9341293124546174
-0.09468517682895772
-1.7802669488378835
-1.3631725055076276
-0.5298151717285123
-0.7904873254059872
-0.7704943513973803
-0.6757516178668248
-0.5463748062134085
-0.30051537831685615
0.09300561807370669
0.021773765676538603
-0.012434349836639675
0.3040332889907089
0.32714732510267286
0.507550939138337
1.2474054561447596
1.341639753002562
0.8442097284513697
0.39263367569902063
-0.6097820897062627
0.12284631255766161
0.9194238119023527
1.1211512927710867
0.9201445016334041
1.1169324485628547
1.4433867828320155
0.4848915666143427
0.5849830658793297
0.10910854745077833
1.478769161981027
1.0346485129949277
0.21616924849107697
-0.4391467419612509
-0.19905214929313544
-0.7428423395633971
0.8090785773951176
0.8094763597945582
-1.0244730294846078
0.4567019381451207
-0.63711619569731
0.4120223061536884
1.7905913993483809
1.5901453525255782
-1.3373321949077537
-1.422374949269367
-1.2516108085898519
-1.0783505638559838
0.840172999461172
0.5828700630387316
-0.32784677568408643
-0.7296578837446683
-1.2500961391182703
0.12167801435303632
0.7710943814485879
0.36342874066010367
0.15605964252826657
-0.04335906950676428
0.3923093430550906
-1.159702471297379
-0.568074199120445
-0.4010655025520336
-2.006017651117981
-3.3593606144084864
-0.8621637498735193
0.030257862643555497
-0.013265100477008185
0.23643991461453367
0.3539865956207264
-1.3508277321238007
-0.4380128951196368
-0.24459204292192843
-0.8595019063889817
0.06047102103683712
-0.23435989719349273
0.27044383381284876
-0.6150146902137198
-0.688285497261039
0.43342541133280915
0.8152864964772408
1.1768781294399626
-0.35160100162126573
-0.9158536344522276
0.10232244318861926
-0.9511935224416492
-2.5370551004825264
-1.1035650085939046
1.402290910742493
0.1736966597522554
-0.26644230434506777
0.7086688392756801
0.2365038551152564
-0.37921762582913443
0.25449617103500083
-0.00819563218905639
0.9079439243715881
0.7732701180781281
-0.013087168191554754
-0.7636151023796587
0.0702243400805577
0.2195939804414045
0.10682753075441134
-1.147989357027822
-0.3658188148979707
0.14914890484969834
0.1980543499344249
0.8461291690563458
0.37946082077046656
0.3269951910106664
0.7480684436480465
1.4936753503213451
0.26026479641622713
0.8827667540986104
-1.0253935552070592
-0.4309639446975503
-2.0556344224224334
-1.2134432578921743
-1.808182572207982
-1.578959423319338
-0.8754241315893978
-0.21535656453498714
-1.022336367746086
-0.11936899570735793
-0.8915995949801763
-0.5136603793447544
-0.4645748461859147
-0.03581334116206692
0.5495636708616747
-1.633509025348024
-1.3418384561350516
-2.193682382056048
-1.0656411226492049
0.24978463445971433
-0.433619440035872
0.2789046271626504
-0.8147779254320233
-0.4829611575278327
-1.9433404713485738
-1.3625748896288603
-0.18042297269050755
-1.3951714884546447
-0.50418982621276
-0.3295963784558755
0.012930957903397391
-0.532102289515131
-1.3209924382415639
-0.6814766532084516
-0.7647039464307649
-0.02331994930048406
1.1345005503924694
0.04706077819323072
1.0320350124454842
1.3881476105220185
2.5358917113500166
-0.25585528899134913
0.5669500210945871
-0.06458618960541829
-0.3365547632444435
-0.8021946698821311
0.7662801117735945
0.8759890949019897
1.6384065697794006
1.6211723228489965
0.9372324246867302
1.7027389885537496
0.8808405357394423
1.2135369840190207
1.883824311620314
-0.7763314340218899
-0.3185159484565855
-1.9767075178519766
-1.3691559501064265
0.011887829825361018
0.05023761273928913
-0.19749165957190412
-1.4201620986963215
-0.09785730131363866
0.22980036252604852
0.19056836988904635
-0.02308787378744559
-1.7305247990988832
-1.3986905514619745
-0.914967374344225
-0.5493019717644647
-0.09777250589416826
-0.04212110230481274
0.3959028828967869
0.01592115684428899
-0.008690346845874778
0.04948273965807756
-1.0461981451454838
-0.48365876264663216
-0.43568249777797063
0.9349113199715008
1.461532566485745
0.5134517996766756
0.6453747674299158
1.4264377453454986
0.15482756120316465
-0.6514375723862207
-1.096934424007733
-2.1125718330425034
0.719934307101361
-0.3846001544046539
-0.5323500818478453
-1.4574252206374037
-0.27859286183667054
0.23163967905588953
-0.23757741514204908
0.11824972330598496
1.2744772306340741
0.970574138377914
0.3504056326337023
-0.8437396867360959
-1.4465813003410932
-0.668337610552089
-0.5013061377595587
-1.9770586055825918
-0.6507080229799441
-0.9763377132394596
-1.0934925054268905
-0.18143465664935635
-0.2326238795245506
0.36242522425659685
-0.3385597702200949
-1.0384077452515557
0.2806293970967718
-0.789981951232325
-0.4605839756713128
-0.45410397352348325
-0.6225483931595656
0.2278955934184833
0.6258641170215039
0.22989502665970873
-0.23078424788507867
-1.5156408189356698
0.288366878006296
1.2157518229845137
0.4974760574093711
0.8825302054132853
2.4450643334060227
1.119751459058796
-0.21361264413258965
-1.067995824206491
-1.5220278543204189
-0.7584121260050704
-1.3286314738254996
1.3252608795358674
1.6712251944654586
0.7168759819388938
0.6946547511689489
-1.1927011296543213
-0.8600238368669892
0.019348353438092027
1.11056424567386
0.1735339787087456
0.7236921168027997
1.1564841098616911
1.4371172221177595
0.4598621840107623
0.01807991204724818
0.37924728916676514
2.2130580771164903
2.403064839671296
2.2584047711634345
1.1751495519586332
0.27981381847117337
0.3212643341739704
0.8445268880256942
-0.2529310817155459
-1.1846335400583563
-1.0353910808199402
-0.5908706145969959
-0.9703987295010633
-1.4886060835687978
-1.5005319448023575
-0.8877447229737032
-1.4322022411107134
-0.7724425443029472
-0.4077063318457632
-0.941012790893735
-1.3195662678764208
0.4726287074663422
0.7859611131827228
0.5220919423674909
-0.49500165162374926
0.6809462762496014
0.205908496919769
0.69359138597336
0.0066760120963735015
0.10507833221439666
-0.27955769804941116
-0.5559226194128777
-0.28659999311582673
-0.15083366681768356
-0.2570443918393256
0.8972713448332337
0.842488442373669
-0.8647929127290853
-1.0701142476035992
-0.26496808272468114
0.7476883345592976
1.253407127762179
-0.794147268923098
-1.3571073974376926
0.016748655300933335
-0.35711847315326245
-0.7943473638151166
-1.374658535045131
-0.08770990564925532
-0.7596193186528647
-0.2564945147499095
-0.11287335040648509
0.05681557264608719
0.9191864968831801
0.9904194202675576
0.26476794737280596
-0.5651468387727017
-0.36377916373547803
-0.21321509139270267
-0.07109785700734171
0.13037183387185558
-1.1021944219064137
-0.5044163829495194
-0.8320423569137723
-0.47562275424017486
-1.3524656018114591
-1.4292019182566418
-0.035662264878005875
0.4400914853769929
0.8842945131861583
0.6724642769926161
0.007245613994170452
0.17787150583490507
-0.40256773337116186
-0.5577049032566116
-1.2119077528650561
-1.487886575298897
-0.5852209963853793
-0.5037240338083196
1.13482229544307
1.068799126886483
1.5044629297119658
1.5081976892762035
1.3496010624136017
0.9609170200541697
0.7602372735987863
0.8458134319667786
-0.04876079367816177
-0.27118853418209876
-0.3196071123984854
-1.8449204174436982
-2.2575356641429747
-1.8999893862340085
-1.190130136350629
-0.975054359322481
-1.2819115508770218
-0.7012461699367917
-0.7347765682296108
-0.44642323653860805
0.3404659450374664
0.9589517945788174
1.8023128259413992
1.164057807450026
0.012551653984401473
0.7875777835817726
1.050862727780847
1.1235245326272865
-0.9496501453459208
0.05300544999212986
-0.2461257739502243
0.958083005747778
1.0652686199692376
-0.005598356655866596
-1.0731155861413142
-1.1219551177543656
-0.9338890338240686
1.2090566959266327
1.0280292673819518
-0.47000415032371684
0.42057173352729615
-0.058436953034893796
0.976158530033303
-1.1704813451935103
-0.9044122789633325
0.32358508143439285
0.6898201135844285
-0.07228012124848165
-1.4382716465157894
-0.25686329710324435
0.670641789765937
0.9186239329791401
0.05736624599494122
-0.5677861666843703
-0.7264127223985564
0.7005990525639845
0.044008223963263385
0.7032217351223548
0.11375247941871161
0.012565107283258325
0.20242250455723707
-0.23337715743687065
-0.10535573060194903
0.7258439465884232
0.8189232362385774
0.3907271240433033
0.8144772043359813
0.1436665379329946
0.1568696467210691
-0.3632591228288403
-1.319323312478039
-1.8378767926821875
-1.2616478649241716
-0.2315471785110183
0.25057718512350025
-0.7173898831212917
-0.8707666804578835
-1.1223406299155059
-0.7952093307664856
0.11899117650851906
-0.28080770958688195
0.3434089699489135
1.080834331229472
0.6264860697941347
0.05887245752738273
-0.615360137333555
0.8745931437677681
1.3101875600513686
0.7521592303374441
-0.0481364741176466
-0.20925599959497515
0.5186323701307388
0.4025063249901163
-0.3065924489656551
0.7403380657298084
0.8142870487575589
0.48161991903930584
0.7327965000911962
0.0943230946870118
0.7568255707175817
1.3406885450817976
-0.9507665977615489
-0.7582012664136881
-1.3543276369261958
-0.09065716178663333
0.0577972218140204
0.44034145787676804
0.14051329153181316
-0.07617703248101687
-0.15531152129221815
-1.0393751635503332
0.09852348877160472
0.17927981095892173
-0.9972695122124182
-1.9504674210522694
0.7759992637574267
0.14685558943362143
-0.12979327570226087
1.006741984850077
-0.7282579667092995
0.22814129951253426
0.45297356224674623
1.785535392660547
1.509599930663585
-0.8006786887256874
0.8014247620478612
0.7837798192213614
1.0204139027920565
0.8775495222220744
0.5778056086114151
0.7482116144867003
1.1599541286261708
-0.39949184028426543
-0.006343941756023555
1.2562187466273353
1.1824220095245128
1.2899509297308192
2.0084908553009346
0.44963033140077946
0.5292578435079275
1.3143137341437685
1.1474368336388063
0.466721283870136
0.9940774886631092
0.5227154541869766
-0.5657595757284686
-0.8337379228452224
-0.48595815484973776
-1.3161064135157963
-0.031213848613696568
-0.3981598725430032
0.4237060898078454
0.49431717486592025
0.1859654968424751
-0.4569261970765286
-0.00048665965645462717
-0.4252538690085817
0.1484414015353852
-0.6763589537496574
-0.11017349189895907
-0.7832848377152674
-1.250634909435301
-0.18821717511352906
0.18329902986169505
0.16593994370124782
0.7833963435369037
-0.15236045877272233
-0.11083854554478749
-0.5434208198896222
-1.1284829600341562
-1.4174558488735551
-1.2577616608568445
-0.5559929571739807
0.3297770675794136
0.42891360120295974
0.36588409977465014
-0.125631843983682
-0.5509631313575207
0.82308471271618
0.8696323042259679
-0.2847506738470812
-0.32390598229087253
1.0457116359273726
0.3163152099881002
0.3175836435752635
1.1885903051882525
-0.044630173207781204
0.045601427836829814
-1.2324856481941233
-0.591596061098077
0.4143052271766319
0.1309819035126082
-0.10778285204948666
0.1547160833221944
0.5451304511935398
1.0400747839529978
1.6427980135545586
1.7171751943974742
0.01702865091286944
0.04097787078611108
-1.3644511238969432
-1.0789415678303722
-1.1186658202565276
-0.630012898787183
-1.1999459447271765
-1.090073862901116
0.5164993570612307
-0.0907147630642677
-0.6186688395598892
-0.9759716018307971
0.03238848577308048
-0.3500760463566678
-0.7821690674385586
-1.2761335164362155
0.41895802393552617
0.31150076540314237
-0.9856304879657416
-0.4859191596953294
0.7954955255988854
1.7363822418527197
1.4614166062182883
0.8310128864263083
-0.1191227765422964
0.31691803045595685
-0.7042267134699653
0.396057327826561
-0.5586378965206829
-0.867603760022526
-1.6359548381741857
-2.71245257770203
-2.0096115767987466
-1.0261730753198601
-0.5523463615157894
-0.8515543611101061
0.47699924572869035
-0.16661782130031635
-0.41815289215636875
0.6855820865586587
-1.696513020506915
-0.884629800417777
-0.4143754129384372
0.39479611197352066
2.3563659988597374
0.9047279285316137
1.1823935037103463
-0.4438459888105122
0.9667478477101806
0.24553412169324912
1.011467073724341
-0.13905247658752892
-0.39836367550657287
0.44014230667498944
1.6975797323070014
0.6219851418147988
-0.23827314928064852
0.20386957137441072
-1.8735604624870577
-1.9843683318253404
-0.4805860889297277
-0.826782399337977
-0.8369839620381353
-1.361708074880508
-0.8015819749179098
-1.6742157951090044
-0.20097953351274078
-0.011609852976573798
1.2797584138843794
0.42064043487104874
-0.14788099015248546
-1.0614479096097493
-8.570417460251889e-5
-0.4628187142626809
0.2425340183470711
-0.6362060144679461
0.4131141761103652
1.026086463294281
1.6206898401711902
0.8181280114646677
0.9463786349194157
0.8202574775542478
-0.10138550050471841
-1.0406370898758868
-0.557764368101059
0.41497826948096733
-1.0203084927584665
-0.7241311359616992
-1.6110622588640133
-1.2612168106574766
-1.20964929586422
-0.020251921320783368
-0.4816809213032796
-1.2536213756045975
-1.5785284729158542
-0.6445445107523827
-0.5662828625617968
-1.5325419941588618
0.04074414899631154
1.5481092553248843
0.7682589716663928
-0.651176352130323
0.40294161982954635
0.6275936932522361
-0.02092102476134243
-0.5500669194672961
0.06449199356060525
1.237167565486713
0.7114374534476787
-0.0115668739851216
0.7509395568285148
2.231873842286848
1.9146454070496024
1.89157783642411
1.6651250627889305
0.008882795107219343
0.0711446014723767
0.4964828137207707
0.6516612047076809
0.41840330186963487
0.7398862394186494
0.418037106303134
0.2990981241440023
0.5392858312095514
0.4044021950618783
-0.2158715375327006
-1.3685407141398613
-1.7042301058584093
-0.8029460282920964
0.2186056932362181
-0.49484435569800156
-1.0541555555238493
-1.4130711822184006
-1.7881003771493706
-1.7660536251681345
-0.8530953064817379
-0.1259475605315729
-0.6546749915496909
0.5025562121373712
-0.6578789943945482
-0.5558505232541213
-0.1289604735833925
-0.7329618236037199
-0.8256158780476677
0.3695544617835761
-0.37249386698393894
0.8147505049500676
0.20817180081248143
0.13577049854785506
-1.4856436178943813
-1.5148975235026239
-1.557337813339723
-0.8496920087618348
-0.127632987912123
-0.4491884348401217
-2.3781207321486244
-0.9707378864981504
-1.321339768064803
-0.34874978239576404
-1.1178619881989909
-1.4555476142655148
-2.41532606267514
-1.0849248131910272
-0.8285700996658516
-0.8671261405053781
1.3167459786760962
0.6883989422734343
0.8540995000747754
-0.4498618424653151
-0.24542630326966566
-0.5486506090759626
-1.3943868367774659
-0.8554758390614149
-0.45446068254079025
-0.5902782564332204
0.009296690781755323
-0.2263348586513454
0.3031168352164917
-0.05694989515731748
-1.7599631648926382
-0.8845092290253823
-0.9419365811852627
-0.3895897469518987
-0.6834627561327434
-0.5719827574501273
0.468256849257244
1.1649553325138249
0.49035536658637213
0.3839349520118941
-0.19949022618128232
0.7539649030411417
0.4549933485140195
0.2392508755960255
1.021011896060975
-1.27186418540312
0.2671875211551055
-0.912830926968679
-0.4742336103534359
-1.0454783850523361
-0.5797460525915329
-0.5837375697173649
0.27819208425444963
-0.8594266069450438
-0.6358664198901416
-1.203770965597398
0.08517133745656649
-1.2499985837291236
-0.5376412641264373
-1.126355874516843
-0.8345855086659083
0.1845480017869563
-0.7379213460864469
-1.1275591852805071
-1.999197368501621
-1.634253923586156
-2.1477178602066984
-0.3480536579328417
0.3225206360108036
0.24360131057245427
2.213336484916784
2.305806791033522
0.8045926454715413
-0.29001860647521355
-1.3184383158618527
-0.7771736932545587
-0.6293879914926925
0.5006999267726151
1.1386959411471358
1.0780176643398343
0.9209456946793447
-0.2693700916930373
0.1761148534024115
0.6931888321095784
-0.2179896916180991
-0.1898394233945655
-1.0208204903202018
-1.2720091280512944
-0.5983195331333001
-0.7733257375697277
-0.9514676295343014
-0.9963144532584494
0.10186353259382083
0.18548726054646336
0.4379407186205308
1.5504682401936436
1.017444424560513
0.8082223491149113
0.1272413239175889
0.10450470796712867
-0.15236461701258036
-0.07402510579694058
-0.6635912738884255
-0.691929957042821
0.46111896895719107
1.7406113021372929
0.9851457416094481
1.6758301399156657
0.1483001658606839
-0.4629282680792551
-0.46248274374595555
0.6732035722450702
1.1962774008626815
1.1008307692168537
-0.49555887014261035
-1.1265741430511664
-0.5424303466612909
-0.6252442841905836
-1.4459039833798968
-0.9322305388257028
0.7226947807711899
0.8885338123276181
0.14333785361735085
-0.7530476361304151
-0.3715567206067158
-1.3429623438697333
-0.5381110651334657
-1.9417316170218668
-1.5629852456477171
0.4978828107758521
0.588758246264528
0.3436034781429419
-0.1273941030771749
-0.1826360135070131
-0.006358198453143352
1.4484345645304944
0.6959663493652058
-0.6681066192402308
-0.626007632109282
0.7452475427480477
1.2147260215064608
0.15162310626709943
-1.4738603790082088
-0.34345480125734934
-0.7735504244761955
0.17611764407330363
-0.03661666510681039
0.7812320658868538
1.20031657590272
0.09605950802637818
0.2049332615940834
0.16083471429104673
-0.9712022654641355
-1.1350258158059838
-1.4279475790794924
-0.44783795273683924
-0.6352793763533586
0.6148554860923982
-0.9643156818720453
-0.8040497603846706
-0.5391537224270484
-0.12276256937040803
0.24348944637560557
0.8165604941775465
0.6669160789707068
-0.11021863404535659
-0.07580943200292505
1.3149255062317067
1.3680237330925415
0.6290436534404896
-0.4718241119368738
-1.888268309203666
-2.6036453272954323
-2.7519499526193383
-0.21548873691182832
-2.3154936162810036
-1.750366568486971
-1.9366155705680859
0.24286720827878816
1.0953304619636954
0.8969928587272068
0.5501635854074088
-0.6511622836496663
-0.42038626072660557
-1.2279821470042553
-1.0864045405037734
-0.40731499192322396
-0.5470873421595177
-0.20224104280418076
1.483202046368955
0.3599127515182197
-0.22267356142475064
1.2050293367388305
0.9695898626127326
0.740799828294701
1.8396028102239008
1.2362224146514469
2.050547020933009
0.6415814201240689
0.9589801099798858
1.4053182821334818
0.7946074426461384
1.7790093504609004
1.5329760817527254
0.8109220292447743
-0.4158440465614148
1.4431157928474918
0.5790644519179021
-0.9141467701497881
-2.2029513478343152
-0.40134153703369657
-0.496881365949679
-1.2399694604924294
-0.10692933523322151
1.0616006225578913
1.059876024811024
0.3845570724315982
0.6441989929745409
2.0258171258233078
1.4516122409452525
1.0315676238429505
1.5614262417135223
1.1360093754387601
0.8960712511683542
0.1937678779071359
-0.09092330420830985
1.028834695516998
1.7627923671142163
1.1441394439172858
1.1598318540681203
1.5179173378283752
1.222527625796743
-0.885776496430713
-0.5014063050445745
0.25767430855217793
1.0408833007166796
0.8544009026223096
2.1506880691973316
0.27230940784923163
0.7109698551474659
0.6590421777892458
0.943797675871056
1.8530841063052603
0.7656929485578513
-0.08245974623870828
-0.1940129368414889
0.2751928770751776
0.18629049409801066
-0.5710708573955994
-0.13187478126175387
-0.1748345372045449
0.5819231485966245
1.3256821881136032
1.6485051030513642
1.2808130667006
0.5036607263216071
0.6632301637721657
2.370652064460036
1.4102474484812286
0.6813461611662214
-0.6078004062413881
0.2294813397300881
0.33733135775812817
0.78246540485525
-0.2512249499836483
0.23924955048177135
-0.3595666122308345
-0.04055999008992494
-1.2088211660681294
-1.1652912331813179
-0.5565550442494386
0.7183116659147573
1.2974239448599325
1.8462920508367793
1.15701740521885
1.9282578220117361
1.4581580672256713
0.8126993640261526
0.20933751305865322
0.9475766447346528
1.4025267684120255
0.5667182878179815
1.0566878973742397
0.4278686459188165
-1.9481078290501062
0.3049604595443107
-0.09398423282063229
-0.1614147425791004
0.2672048134569869
-1.36974059136622
-0.9143529077106909
-1.6142216475716689
-0.28736262455463313
-0.18157326463367854
0.024324898672185645
-1.4101633997926377
-1.1400341460203416
-1.993094832975141
-2.480084743362505
-0.7704641435625654
0.9277769124194556
-0.2432271180709794
0.9318763048945764
1.9909416789982004
1.117165057094541
2.4024281296866414
1.999459970700325
1.2404525302185705
1.0179755395262575
0.7819670057934313
-0.9163663781333548
-1.1099107634197865
-0.8534251477097246
-0.5519170159302828
-0.09889661407753095
-0.18383892260112064
-1.1709705336256786
-0.3389912125509732
-1.1387741018535331
-0.03353624279857575
-0.7231678364652143
-0.4204873728974254
-0.2601104523832666
0.45402772465114544
0.32940692118284326
0.6349870719110418
0.002619000126894429
-2.096976071510254
-0.8798039773909834
-0.5066654636757127
-0.04853711643719684
-0.0857604487816469
0.022538758480608375
0.48313449680397796
0.063393435280684
0.36204106268790526
-0.748914786276159
-1.0975412536615716
-0.05305348146700096
-0.46766620686648935
-0.9710640313175809
-0.9132238003836723
-0.5980726867819389
0.7988019186057196
-0.13363775689717114
-0.9257776472089554
-1.5095430844211795
-0.9812783043372495
-1.0996001897740664
-2.0163828469254077
-1.15458907611746
-1.3793318263371581
-0.8115859048846975
-0.37992276491894644
-0.9784448334739047
-1.2948160428093016
-0.7309698267425586
-0.4781473387721792
-1.3888686182818286
-2.1315770130084073
-1.5079965830369204
-1.1251675743121616
-0.8441682005755848
0.3576274642132144
-0.7436999453308429
0.10213466111018205
-0.10592269105970925
-0.2772025289816087
0.5817535641524934
0.9920401476917262
0.9869408710063441
0.3100947331290615
0.9266232435873509
0.9971908687018023
1.1268116571735174
1.2298439904720442
0.16935789926722788
-0.8530241017504548
-0.5322281422825734
0.05039830201564488
0.10862407359964021
-0.8389449895929628
0.2591548413350685
0.6089682154795518
0.7377581216288928
-0.22003850919537074
0.6748504784546111
0.6714751875553769
1.5506271832254928
-0.3652844198377355
0.06155029267206324
-1.3490040331674917
-0.8857015310816585
-0.44846685407108006
-0.018486707707487303
0.6223849400498703
-0.36723108628450907
-0.5498658504721032
0.21005166869361497
-1.2279647255915722
-0.9789340906139643
-0.0029376365884003497
-0.1499807014596506
0.26301965513577796
-0.5394503229538451
-0.5515127022485461
0.11553176243990038
0.37270369147083243
-0.9547327305299165
-2.110950979610923
-1.7964535587726853
-1.2941295152500298
-0.7446213936569482
-0.5037809259880848
-0.00797668194804857
-0.7963269532540176
-0.1089169240968241
0.8360869250005231
0.146167990622723
-0.8468127656745684
0.31555783891601763
-0.08214449935374274
-0.7138741666780755
-0.7770927465400156
-0.353654073397213
-0.4522890386527456
-0.6118314950186039
-0.44891231123551
-1.2071890733746713
0.11099541599490981
0.010740336453182175
2.066641129278994
1.1255394176291107
-0.40008950817819783
-0.7562239058932798
-0.028744990878867394
0.3949471329159348
0.5297690198916037
-0.12333868635215234
2.691837175425791
0.792709319776385
0.05831904969048605
1.1302941317381168
1.1067831544044697
-0.2882582347044942
-1.385398095192406
0.32273720859632404
1.637265808102969
1.314851642735727
0.06448500368068216
0.6060978347951008
2.273282364539997
0.40822191777192174
0.1680962713152991
0.03771358646508868
-1.228849035929453
-2.3355150586778683
-2.1887757040805176
-1.9663080081088613
-0.6858332531308362
-0.2715525815363094
-0.6352987616372059
-1.0109870351914347
-1.3616851222165551
-1.0233722248006298
-0.7068836753640048
0.4604438229517358
-0.25262203005462935
-2.047102847307921
-0.3097952462060655
0.5567909762292231
0.2576127239483932
0.6312886305649466
0.864750511136567
-0.10376521711492875
-0.524081367593065
0.2258869374583058
0.31230309398106887
0.5244588441812984
1.1648728843459004
0.7285023031353122
-1.4408383866070125
-1.0273723073783527
0.682761600280272
-0.0016708689408424793
0.8070530438329835
1.4023022264138032
0.5926460991173249
0.5356982375663321
-0.6364148319780069
0.2591861456169644
0.07685972605968266
0.1475073162391673
0.16889249321512123
-0.7664467428741724
-1.5863658205471944
-1.7900541272639194
-0.5000947733893951
-0.010535615847804339
0.6481211472372725
-0.07976071186980592
-1.261413927921403
-1.1542039011537115
-0.7036558190939407
0.05746030914391778
-0.31698131137351376
-0.2843356208343377
-1.4229264896158702
-1.2031401274543843
-1.2913358236447288
1.416500072721717
-0.7322645111553457
-0.5335133768896471
-0.41180640223284726
-1.4667329520095709
0.2120785421791146
-1.1391237012752893
-0.48645561470634474
-1.0497724335764287
0.3277303995176431
-0.012380175062561963
-0.9890489685558835
-0.6300011648063598
-0.46545693405883687
0.6887916298049233
0.12517178058185574
-0.04527599956844785
-0.9498258895047081
-0.5210652912418176
-0.9822273316237232
0.41121053074018105
-1.2846315243023243
-0.2609404242770125
-0.2431332434867809
-0.2132043398975547
0.4157256911117208
0.3381321925433633
0.6320351352031033
1.1882026728914226
1.2303560510816989
0.8907083628582829
0.1639335028300855
0.9651464713221053
0.2332041690929248
0.42752957264782127
-0.1620956549227072
-0.8601690174991649
-1.8133319668029657
-2.0826934864241644
-0.9162818801419169
-0.586753440770739
0.3100304981883317
0.5073384103176983
-0.7656865577268492
0.05894032280864714
0.343020548097616
-0.21838114475825496
-0.47354657500218433
-0.7476644876129416
-0.5998752642704057
-1.69489163141749
0.46399881942201204
1.0463788869118844
1.0952795985292596
0.03566542214229049
-0.19610274656241616
0.2754925770424741
-0.8377451976539162
0.5377576537509655
-0.12044692399366425
-0.44345917298894627
-0.2372484084286247
1.0244067921432516
0.3822418870088531
1.132766332023048
-0.20506370443482508
-1.4713556628231874
-1.2583336251868247
-0.14512493617452982
-0.12072885292006136
0.06280659765785124
-0.6806513765410214
-0.6337598396269157
-1.9689168818549159
-1.4062831854159856
-0.18048982544034922
-2.0938344089403027
-0.5628608288474621
-0.2720102318599573
-1.2049687794009396
-1.4145637777240434
-1.6714025022385188
-0.5553914736565834
-0.0784493793099266
0.5502476675851388
-0.6159442524055807
-0.4240756479479467
-0.5616409317504953
-0.5250381413914743
-0.8346533760761896
-0.4962612500584235
0.1350917690712207
-0.6468158900301793
-0.8387055289788762
-1.9780053664851514
-1.0956993858611332
-0.4142035042887766
-1.742621441279151
-0.3566654862543469
-1.800714548030234
-1.8225348052892005
-0.7397289600443007
-0.9136094564280726
-0.5472870107176689
-0.7180576831488608
-1.1080585002180885
-0.5573021770307447
-0.5974355660247544
0.3587539888141933
0.7761622908987817
0.07315996107330261
-0.5176541072158855
-1.0688745229872438
-1.9680232910585471
-0.39242161190567065
0.7212188687979557
0.5671418959247442
0.8359911357033281
-0.9411279443902312
-0.7794836170486448
0.08887738389740196
-0.684266731515677
-1.1627545181270347
-1.2670230787465595
-1.2609546688402162
-0.7615294742269949
0.5614681644219558
0.13463621645322243
-1.0956026295988235
-2.3611090137263075
-1.8648755788619504
-0.9427902435493024
-0.35978980150006834
0.5747725495085243
-0.5955471741444109
0.41282236221218827
0.7759569811765069
1.7759118507345204
0.9442861267421122
1.4456097693067655
0.5228750629478297
0.8506092074621634
1.250779026712583
0.14662477661755116
0.13912321481931678
0.1497522453182964
-0.48497588305335554
-0.7023823227513075
-0.8245352792098644
1.0485527021584384
-1.9654291967485271
-2.0152231109441394
-0.9640725427314234
-0.3344887875404381
-0.11094716215156142
0.5163346478967282
-0.09484234812006498
1.2521803724515626
1.8774207735677204
0.5438333560422106
1.7236818901598068
1.621760055624884
1.1135527610591196
1.4492937059078057
0.5269191400973341
0.4576334531207381
0.4812899815144235
-0.8810762981863136
0.8650847786720791
-0.6139343894376468
-1.616026360607917
0.14892656959688155
1.0841987494972505
0.9560461629293833
1.0294722894039974
0.09909718932749337
0.4837705994350353
0.32958489713819195
-0.07874945961999519
-0.00853282920443603
0.18301302814853085
2.121298953879797
1.3496922858786202
-0.052670246763746445
-2.2523248073353317
-1.5329962308246488
-0.8224301593304579
0.44461062838999943
-0.46344309147147944
0.975606335768889
1.5050471089947732
1.4162047126902921
1.6749241976227265
0.36748932789258504
-0.17269240341515357
-0.0879670667732022
0.20824468805345836
0.9023615025376622
0.5715746379948424
-0.8025981214427258
-0.28571066298193626
0.3590983843187805
-0.16808253755307856
1.2554606834303297
1.9287303441730068
0.643027253306293
-0.5534210657280858
1.0220929850059914
1.4249325987844432
1.3808156820329547
1.0373326112296564
1.718860729680098
1.7108567857777883
2.2105409755532768
0.12575242428705818
-0.7326250149798501
0.40538886898863136
1.107493049113991
0.516625353996558
0.19968353214899232
0.24060102200909464
-0.2939032085027288
-0.5839023986395148
-0.08573100374146886
0.381353343553948
0.07219146332842447
0.7558011929607479
1.5234637043960604
0.08302328721882
-0.9002911566397452
-0.63603132771286
0.3607702893995195
0.04405069077896447
-1.0974090882591288
0.24569949100839236
-0.787957151630923
-0.2921631534769982
-1.7467138043291053
-0.8067205611803712
-0.4748629768539771
0.4521492913669712
1.1285662636026372
0.2849422501693698
0.5732890804190327
0.29368719773700813
-0.767922683987826
-0.66247472268374
-1.8306743652298785
-0.6589900320600641
-0.24359661882311168
-0.3395001883364276
0.291911622684589
0.779674958981418
-0.5085592668933656
-0.19132484709048145
0.9330623711439763
1.7347636950282324
0.5163954014412975
1.4429955725042556
0.016454575704313468
0.8852974696455892
-0.5305854080906269
-0.824067302042192
-0.5670613414732866
0.486283123411274
-0.8230149379408438
-1.0385358290380131
-0.8644732719152571
-0.8996218446934913
-0.6944060001121857
-1.334147536653059
-0.9101961595250211
0.11246291238305141
0.4523276657366976
0.21252877888522712
1.1543470783690037
1.8331006636174507
-0.515691417979869
-0.8513217328396112
-1.3562084477041132
-1.2523248826369415
-1.2813496230265182
0.318621447714836
0.549249652386422
-0.8900887158506959
-0.6415599529278324
-0.23015912339502959
-0.14076208836517484
0.6836512986574012
-0.09487060832488296
-0.37322262361100556
-1.7474486837448082
-0.9869293740069065
-1.2041505982252227
-1.4033956795334217
-0.9925498928159404
-1.786257600734453
-0.7963085526147589
0.18471533112886107
-1.6732324839408041
-2.444523467328402
-1.2996736556103823
-0.35016616899905495
-1.5110939936138292
-0.66557714423353
-3.0533262865110284
-2.334464527043722
-2.0441377211158516
-0.04161607443976542
-0.09993901985242143
-0.4073594070824539
-0.6625891487931239
-0.5495382522605397
-0.36094734500811965
1.6347013531197823
0.5005620155734035
-0.8330263362949945
0.5549314812976757
0.6987536954820079
0.9326942177827895
1.0923868285067608
0.7419394663497743
0.19902942521686337
0.06393980034181795
0.007260589719506272
1.0816857849194206
1.2415455720102941
0.46578113273430527
0.7375415287760528
0.5029813100195831
-0.0708613252717174
0.24693261240118336
-0.02317619360633877
0.6458310485365837
0.10082354852686888
-1.066168615535679
-0.7285825848432578
0.5716107822093981
0.4727924503285571
1.4103185767824602
1.012125588892556
1.1715062583228992
1.9513283413933353
1.5146312172863008
0.41763150603142724
-1.1220237778782765
-1.0777937355446956
-1.170423917191243
-0.4678514906865102
-0.5671917224169739
-1.8788916246431246
-1.356980246354389
-1.2319421707017126
-0.8821509468620883
-1.561103221281159
-1.1397601933405452
-0.4023403401185265
0.517793814787919
-0.21617831170100466
-1.0953991792125675
-0.43959736274194794
-0.5685984774630689
-1.0176375374463122
-0.5657735364528336
-0.03195415592833424
0.3827712633865917
0.748356457581489
1.102461984459585
2.0330240315656347
1.576334777621768
-0.42809683496852113
0.3778220723212915
0.3686101043106733
0.33120704850123317
-1.3536723888094975
-0.7614481254187686
-0.8225537591008262
-0.47743592210190366
-0.31630705415162297
0.39102398413273576
-0.6034404712018048
-0.6528042036418299
0.5285805186022046
0.9825739368329601
-0.7101944370446243
-1.1154175663683905
0.675377854022846
-0.2200471009357843
0.46005023706644677
0.5968317507459755
-0.7929544852437163
-1.082035743953898
-1.7808479105290278
0.41593488597174344
0.6217337239955901
1.1781991962156322
0.5535586210649693
0.3683423376886448
-1.5605053547342516
-0.43552895045972884
-0.9785829895012826
0.35520167450512163
0.4101414509674522
0.46631688019784295
-0.6070808714674623
0.8015401119104889
2.1862160330567653
0.15191652039853032
1.3946425840283907
-0.45859740054526393
0.5593369518110791
0.537432394027462
-0.3057122222416557
0.462940561060822
-1.4147629448893888
-1.4035502773519846
-0.8056067735930432
-0.7240353987588943
-0.35703168803912466
0.8227596296631922
0.2528593869562097
-1.6268791816560884
-0.3933894189993833
0.5554372415935648
1.403405112629297
-0.3273894734724863
1.150174880276549
0.8193732140495137
-0.4247665642933479
-0.6318015677760281
-0.9642263652852975
0.07715766672412339
0.32517102213613974
0.9845611439495772
1.8449135164708552
0.8227710030820257
-0.8699438633527385
-0.4677638842973495
0.07735414717416994
-0.022658292914004438
-0.07064593096955255
-0.7194471042302831
0.3367401954111379
1.1340425110110954
1.6353548912614884
1.1102478885665072
0.06988904406917695
0.41323099381775286
0.8178374477609729
-2.1858977249990117
-1.0735271728450593
-0.9839733642039026
-1.750370250541826
-0.4459154316191419
0.6893723178107136
-0.17321485504438788
0.03797278825990843
0.27747843464254174
0.1225979082623011
1.0975086812158394
-0.041330438647077875
-0.9588568815315431
-0.3086116508137321
-0.14737648698054256
-0.36781108148221714
0.8576219091395345
0.9654068530501612
1.6476371229244395
1.7591296553525888
0.6804420705841021
-0.026735651793278303
0.18717745535713273
0.6553925680755934
1.1015610690770832
0.9659023749292113
0.35202198732005846
1.3894492232702826
1.1898833170877225
0.7050782587325739
0.1007172534176003
-1.627073889285261
-1.205739505249543
-0.8774053502044181
-1.328043046955378
-1.4225166702252285
-0.0047164852681977065
-0.14148674752778706
-0.620439173976211
-1.4822475979351828
-1.8332408430804954
-1.0691064997088988
-0.7114738795991785
-1.1775703850836425
-0.7892293180664818
-0.2502313005182207
-0.58072388049653
-1.2352852992697931
-0.7116224262008114
0.654075020956684
1.597952959405776
1.1420147034508021
1.3919713387080452
0.4264143101257875
2.3339704303205893
0.8724145399267159
-0.49518694538310837
-1.283361985544208
-0.17064171202399037
0.08042177602753517
-1.0854063345335259
-1.2600508691661054
-0.49229330232850566
-0.2057483144871317
-1.527388480379315
0.35436643111819033
0.25196206134768595
0.4210385820400586
0.4090848310829601
1.400663481917154
1.4592680161524954
0.9125752666418137
1.0337578946642085
0.7077608414725192
-0.5990528276873727
-2.047314108893985
-0.6687742324356818
1.1145870694247952
1.1636333453351437
-1.2096129286891608
-0.1843885347149685
-1.1130182790574104
-0.9781275366239125
-0.8517822291107443
-1.9839857482434573
-0.17038713747327722
-0.3845822202020407
0.4724062310098474
0.29873195444277845
-0.7809633597914104
-0.9425480297362695
0.2765232679719593
0.8442030322459769
1.9183023224877729
1.529635939068061
1.870968475758209
0.5402194863988258
-0.27021042451220467
0.11520205725816507
1.008435100229562
0.8774442020540288
-0.14645941690370182
-0.1787746190170651
-0.8715810418508014
-0.5337829134749165
-1.2877979099284045
-1.2285277363552622
-0.3351036061865963
-1.616264775753723
0.18415095775457224
-1.0472151219672463
-0.3874969618741776
0.9749906478440475
1.8633133555397803
1.621030112329285
1.6994773715271483
-0.7748413239186742
-1.7506645294924388
-0.2645600909560223
2.2722456584940054
1.3349887033196435
1.071105419822264
0.05204177662055702
0.050170789958747436
-0.4552234944572703
-0.04881246105501941
0.29829708712892467
0.1161282775877105
-0.01640787503883523
0.16163405187975805
-1.232993196501005
-0.2472374225157144
-0.5716343723736702
-0.395198345698781
-0.9842197718341663
-2.062169446851984
-0.2747752975206197
-0.5438516877101689
-1.6404257520841077
-0.46593088245637027
-0.3425816438534779
-0.3242143966611569
-0.20749315430614573
0.9481430568380969
1.4640465137667165
1.1972725195644287
1.351921138133958
1.7194656116451863
0.7465624996230451
-0.4733027266548435
0.827597084801246
1.150876422123462
1.8978060686138338
1.2976666997893178
0.13827708350858114
-0.6569588373907307
-1.663578872283953
-0.9945077434529254
-0.4473074722078198
0.18398913375954878
-1.1519515979168553
-1.194626067980335
-1.12471946129574
0.677057139457672
1.0482312082157446
-0.9609925661055803
-1.2329253762899135
-0.26673360852547623
0.162917141033235
0.9810490498937121
2.4662707369023473
2.5190591516324967
1.0823707422495852
-0.13977533790454624
0.37114704718139124
0.13155364964981184
0.04380165284419003
-1.581475959312555
0.6899826210713834
1.3940764836347554
0.9583398994963913
1.3696332521556323
1.5804474115590983
0.08287230746620035
0.17290042306446773
-0.4967474654376221
1.8624171631901163
1.402657800633543
0.6150736656361142
0.4804751449554516
0.5851801295816048
0.05974358878869514
0.9696999410730893
-0.3842173581351852
-0.1945041826720188
0.2872778931952261
1.2797063560602213
1.4424832396812317
0.44698423962480427
1.4509604672968957
2.1286138055135018
1.9519169907389726
-0.8110654692766994
-1.0168318332693005
-1.267003609820789
-0.8118671878771967
-0.881291554959622
-0.1637082269930827
0.4864063776463127
0.7683072491959345
1.1353305987676896
0.6318068821610677
1.3040382981832643
0.7109725656451766
-0.036725127313815026
1.0264177269464907
0.16627958178848745
-1.5489924842236762
0.7348489976143521
0.6441136011765748
-0.12064953490025482
-0.6526630686044552
-1.5559012695837249
-1.1341265608816598
0.8451892320731994
1.2346365556274845
1.0788583761205575
1.823339604561814
0.24793429588398658
-0.18114528795800833
-0.3892122632058877
0.488318646973028
0.5728617247910459
1.085934929221369
2.1385329974728355
1.4321703409447328
1.182584581664647
1.9158456840354066
1.8639892705982284
0.4762131285412303
0.27944797530875526
-0.8970674574614915
-0.3130391220464528
-1.5574991854296154
-1.1489032291561
0.18016721055159268
0.14571814611973352
-0.03584185009144391
1.3900541283491665
1.3380723113554596
1.0915236947063045
-0.08265837862476108
-1.00900635795963
-1.7124414142784072
-0.5739521855971703
-1.1415817104792108
-0.7215067486643356
-0.3151064974755737
-0.08196263377199034
-0.8662534512281584
-0.17657094669317255
0.2020471429906837
0.5146142160729499
0.2900868428801924
-0.6697108640368699
-0.6862161075137992
-0.7963878128461509
-0.05502789491686172
0.5924762245980301
0.2978240288084013
0.3270042292787336
0.8361545205291907
-0.16960099749806296
-0.5025529910640254
-0.6794728127235257
-0.7629692314905212
0.18526677141530973
-0.5768380934882064
1.1793751733417637
1.2978606895129112
0.6458778376733071
-0.20477868264032217
-0.10455360465050072
-0.9662763200256118
-1.9000567284880834
-0.4950183931322386
-0.5332243936259865
-0.33931991770598985
0.14014873992677032
0.933548932349344
1.2730766542425385
-0.3833571001340753
0.2712351109656134
-1.4459083407985298
-0.08196128521680211
1.3323470625195912
1.2502273901413983
1.0351127189584268
2.22140899361551
2.2342222079582053
1.9366494513178085
0.1018634435508814
0.29380697093182573
-0.33902993594683567
-0.012876249731757924
-0.8692417073069301
-1.885993767166035
-1.0738842180355477
-1.0135411035381123
-1.4420369377644406
-1.2703446977578212
-1.5322930657930154
-1.320459352418649
-1.0332125220401276
-1.6743555417260367
-0.7617223121377372
-0.13214606963262093
1.1812164119218538
0.6590505780568775
0.29613090940650305
-0.22995162209987208
-0.09473388841923869
-0.8976452758605229
-0.7705614723641567
0.21043225263270648
0.8340005615113194
-0.08930144732995038
-0.8580844628662816
-1.4095269379193711
-1.5290634455170236
-1.436637856819424
-0.41388145635792517
0.28101671029864506
1.095182912560527
1.1817727405345215
1.4773772538554897
-0.20571697713091344
-0.4854801133841417
1.1632180870487216
-0.059725699360727934
2.0443463194314098
1.425755389733341
2.00098240748112
3.4341136953836493
1.9480500309419337
2.0021806160255915
0.5114862129228175
-0.47254339274041135
0.5432432702613614
-0.28987973525756733
-0.9524594240176476
-0.7593303488584712
0.785886964396263
1.9653565176010943
0.9755490212209312
1.9929846982601427
1.795488190801841
1.1233786752264194
-0.5202371184396782
-0.3416463545964621
-0.3026141247458079
-0.4010645305008223
-1.2540981249717353
0.8343004129986661
0.23053220293689763
0.6409703229375441
0.877339099853322
-0.35555346110216796
0.19221545557224295
0.08971960621220086
-0.37418244808475454
0.20916503172813905
-1.2504336127489792
-1.1837534314430067
-0.027310587103739195
-0.3773500329318413
0.5446646643183635
0.3596665573106559
0.8061375517511445
-0.11207004966847936
0.46152053874919097
0.8560954351533454
-0.44180286923707746
0.850034243416644
1.4605503990103041
-0.30918608374836937
-0.39008577188438287
-1.3309356036414641
-1.2893147710272754
-0.6509078422833419
0.25427368721591387
-1.1514908888103432
-1.7505457050152766
0.615921489777957
1.2498209516227465
0.09045977217343423
-0.22103396339825024
-0.23820762948020274
-0.7238849536046497
0.04998502842021549
0.7655764166448515
1.110764597760435
0.0598566477908217
-0.07450034034021605
0.5324844382704073
0.6017738955918862
0.2520899186094943
-1.495945323778169
-2.3710772103283544
-1.353809052914361
0.5209764169006126
2.257530943776627
2.5835167169303705
2.4727582504588224
0.13074732076591702
1.0743691037551768
0.9125699291661222
0.6734447001896169
1.3181018201905408
1.9904604059369648
0.9504296651733264
1.518921974212391
-0.3484874605565258
0.46350958466158954
-0.30028502906630306
-1.2134012852860827
-0.4563282553303556
0.537197583280677
0.031551449676788954
-0.2687246819162934
0.3494924395171094
-0.21032872570706568
0.5447299599162387
0.45002029492148166
0.21521504438828595
-0.6659605288455706
-1.4328599544948688
-1.045021539555915
0.4536047865169821
0.23518925709435323
1.091501542067541
0.8248074269857032
-0.2543450174696647
-1.8151100372144682
-0.7401658764518879
0.069267689663083
0.42619302000865095
1.289311080835992
0.4428624800908838
-0.29833909929803093
-0.8535785233502601
0.0665402746086355
1.8451718513585917
2.288519852091403
1.1097633080479503
-0.4515898929899552
-0.8050125856585859
0.022335907294346022
-1.0865742656493358
-1.5179385530176923
-1.9559807461765457
-1.5369947584689554
-1.569237394709167
-1.08440351332793
-1.5419454962804542
-1.2293926452930335
0.2817349014809809
-0.5392578018092452
-0.7610190597597627
-0.12694566001526142
0.6427770245029631
1.079992675447798
-0.20750957618250526
-0.18531165632334776
-0.3000372213699208
-1.0846574586109137
-2.3329938906052052
-1.1683358364384582
-0.20390077785986654
-0.6480659318222722
-0.5633593871517752
0.12156177999119416
0.5432905057217647
-0.5102265266620316
-0.25776740380126023
-0.033221925869425684
-0.9949105060690508
1.6140998122771082
0.2800067210756241
-0.5996600547715948
0.7345703146105282
0.17952298193111355
-1.1718786042577747
-0.7085912906233329
-0.030573918315716434
-1.219573815029773
-1.066164057807605
-2.182565254138561
0.0023762849174130685
0.14444241399002705
-0.11501894855854553
0.030169691219286685
-0.4755431900730447
0.17671895213405295
0.8461449952708394
-0.31595553740760285
0.05078628228929177
-0.4183894332356073
-0.3561376473414249
-0.33099307362294206
0.1828874321503574
-1.3288569860445603
-2.387084903879791
-0.09496607175052615
-1.6655593834899587
-0.7081224448053928
-1.3469143873302465
-1.8916499078906783
-1.9702515817700452
-1.4288339711381033
-1.1828433189803795
-0.4528991991113639
-1.4371236760341686
-0.7479089285818832
-0.5293186056554946
0.3801268524150181
0.09279352769846486
-0.3668196451511093
1.121886586076803
0.6967624762600463
0.5511453541965168
0.8430086552119151
-0.29114012320533617
-0.35376163275752504
-0.29600664621854866
0.010145996688461556
1.5252560632515366
2.0474363493978878
2.0733003960682197
2.111637688669243
1.0690604208288401
0.7501384837519031
-0.32195497958294783
-0.8977174878737136
-0.3113810267262954
0.07632278745302377
-1.1430904596402567
-0.3276852205587462
-0.20325092733687256
-0.2737147530273746
-0.529769600301053
-0.507650039659917
0.171771305314941
-0.5722605231523513
-0.3428259222433244
0.7803725354406144
0.36769817350859735
-0.573406845886448
-0.3630037233925564
-0.5986928658922159
-1.7130035207272027
-1.6758523690084146
-0.2994104816273111
-1.1105302294732153
0.1756683313907997
0.5660678736847279
-0.49097928651350714
1.0449268334071145
1.758355810897495
0.748846654287496
0.5548393686125483
0.20180298892900655
0.47222748693145444
-0.19151750039139906
0.6807694445192964
-0.030834881886695198
0.5456131944288269
1.2876784670506105
2.89471403575802
1.9224150518402494
1.360309846331981
0.09692567378764771
0.9427975622244991
0.04627175787804247
0.3979690699454693
0.2879595923979307
0.44003006114824594
-1.1485609655285474
-1.7160344369978018
-1.2533528409937085
-0.8856212955064066
