0.0
1.371571082938955
-0.33190750765216237
0.6327090182908156
0.09209241622419062
-0.1826814757427343
0.5564148855512074
1.2904589997389262
0.855531160223717
0.6862968735051351
1.319907841674989
1.738157223710957
1.9059449644473276
-0.3074393677702576
-0.43567037749040716
0.24205887548659505
0.24646334854089835
-0.7422942250044928
-0.48401976652924655
-0.8304264914245678
-1.4526505791939994
-0.8697453487882638
-0.003503264725815601
-0.33390340311460764
1.1733715293051419
1.113714445052814
0.765950265893621
0.04071495645440037
0.26637027265484636
0.8594269634154754
-1.107056699879915
-0.5406701104273833
-1.1050258895187275
0.0380276736890208
0.06552607494591925
0.5506652808812976
-0.6679629675982971
-0.07216001835784151
0.4359439094213274
1.214026957609504
0.3828422354113956
0.13288297050488995
-0.4751811836936734
-0.2753843786076301
-0.6582335270760246
-0.629638009529192
0.04065909690661583
0.33310542777562907
0.18198436081506664
1.062226436098622
1.6616225632485284
1.413168752607128
0.6214801910306992
-0.03481782643765666
-0.9661030777092021
0.0662582764354408
1.037278780140492
0.8630671889144441
1.4789491715472416
0.4383463093339351
0.11958774153180889
-0.3899217035199018
-1.5212342083090415
0.3972355442973847
-0.3384815107613667
-0.2863728781907828
-0.6362274135007071
-1.1207773496723359
-0.21823171364495852
-0.13590667614565233
-1.1524806796544689
-1.2135968782671067
-0.2976895345995453
1.1532612101800328
1.1461259131581532
2.3985153932382732
0.15782397123507402
-0.3902732759912143
0.9845982747965183
1.1636306088894026
3.0739748858376195
3.154991192440386
1.454669845165067
1.261835266806392
0.6397473334058504
1.5131577626701367
0.1517132005028258
0.15194950075748398
-1.2783898370447344
-1.0826072421440935
0.44108909708744715
0.46273387063373084
-1.0029773430315898
-0.6746529870007669
0.06617626661047246
-0.3141760747967911
-0.06304825350264948
1.4346474153846605
0.8005223618337833
1.035012311785041
1.5430999891687636
1.7643811118055455
1.732716787844367
-0.3592369970991553
0.20461597263672104
0.27926691968590833
-0.02639480148296699
0.8854694173099175
1.0913509522200715
1.4854439830560833
0.9775526344544426
0.13904294652975488
0.08707256349188644
-0.47108245501347323
-0.003939734830558539
-0.5032266037675455
-1.242941379000386
-0.7766055159656715
0.6935663053722042
1.1446932748498417
-0.6487959459973683
0.2343465921490838
-0.2974587793014535
0.4656137009279565
1.6487462152548418
0.3623883923814074
0.29485350643047553
0.20296501473588394
-0.6924784501944259
-0.25627469440202316
-0.03743813148245406
0.2973083681845019
-0.3247361422165035
-2.5440076180018663
-1.8327956874630473
-1.492661200300919
-0.8159032434508354
-0.7576056717139161
0.042040819925392756
-0.9404646425554981
-1.0494744890611922
-2.135602633971547
-1.1854015380709608
1.4409464893345323
1.8885253302153375
0.056988208213351654
0.1561506307857924
0.4114827083556576
1.0402424973916324
0.34487402729524264
0.18695061614040068
0.04825469379849754
0.43853586256933585
0.378556861380285
-0.5329154260944664
-0.10169696879165205
0.8593234711903899
0.6462750644480648
0.2352474142393271
1.1182908675428953
0.9914626739693664
0.42767645316072794
0.3903204806180941
0.4433461377807578
1.3458565881367759
2.081811353170037
2.460818187635076
1.804027340092782
1.2086229201523826
0.6966660468554764
-0.3556388441762917
-0.6314853957615806
0.633266701963874
0.3363034072787471
0.054427319651688566
0.7072119797940074
1.1162601167311066
-0.023766331077895872
-0.5611990516277973
0.06515273423086122
-0.006664108683285767
0.9298583615101574
2.6122164120497886
1.0125355811766343
-0.3047073964254825
-1.3049067096608644
0.17962713315601053
-0.19035435592361766
0.7883930164681712
-0.8431160307288033
-0.769689006826973
-0.6322096614591024
0.6013169576087157
0.9313474952435356
1.5863284876584045
-0.48729196553374077
1.2197156850834079
0.7627304827261865
-0.05501585671983901
0.7285182065034691
1.2691303749611742
0.8220744570460599
0.13015399983087422
-0.7859481381613208
-1.5285877339322043
-0.5921506654698546
-0.49086412176058225
-0.21073252601036405
0.10046575982338682
-0.36437211190035573
0.38290749441385896
0.42073083251424803
-0.19297306374037565
-0.13015281609131768
-0.5297322399369022
-1.064848785457938
0.41552338927156635
0.17357305347359323
0.22853451820605003
0.3415842908228681
-1.0304231846986376
-0.532013107627906
-1.58968275248357
-0.6777411150953699
-1.0655636700141322
-1.0577881250324999
-1.0326126256624049
-0.6765920180165074
-0.3680738877459927
0.46810431436700034
0.4116574189589902
-0.051529353283788694
-0.15353221765107972
-2.9569472571554423
-2.565611349094976
-1.356382364372212
-0.7788479929528569
-0.44022841504382526
0.24027688882443424
-0.6536314921559709
0.5905016447992023
0.6159616268864735
0.4334224200474959
-1.9046094188977785
-1.3180276376122724
-0.36271187642628944
0.43422419979559745
1.4686650369096017
1.4926095695083421
-0.07671653427429573
-0.2678426285436638
-1.058077809719059
0.6661811875247606
0.12260623651673135
2.5239936471397844
2.7447030038434073
1.8685937452754922
1.7009198942253494
1.3733780791579207
0.9085433001970772
-0.22530814467835714
0.06508754574078633
0.9753259241396717
0.7686915002905732
-2.0295840497056252
-2.225057989123134
-0.7334349477472825
-0.27982842389275575
0.2500170095309749
1.0277151235706237
-1.534374828322291
-0.9009957804753232
-0.3453149956636183
-0.6915958148212181
-0.28763976011336695
-1.0585924560619455
-0.588037333278547
1.5187636710664756
1.2019411802079711
1.6476768934848955
1.3654722093688618
0.04049316731469493
0.5388908334498628
0.09131481323318638
1.4847413858954857
1.3915299504856353
-0.06423931002520222
1.0684589803137146
1.452154491035875
0.9006066863443933
0.003120615000520771
0.6539932262022852
1.0156090348689961
1.161358507544803
0.5113096777029355
1.1213466836463342
0.49873992123909583
0.14721601741615878
-0.27835966761750003
-0.7564128098979503
-0.2773749987064651
-0.8117522356631889
-0.3904521460864174
-1.32019611091688
-0.9366853004940733
-1.4964234656019793
-0.6206670381407373
-1.3440960018872514
-0.9792458512411969
-0.12105218938397647
-0.7818388970602002
-0.6788464166917404
-1.3396752243891916
-1.7007780668669497
-0.14910629707468168
-0.3923875766358098
-2.2789581165713084
-0.4659684605369852
-0.7356165773921176
-1.393280177586842
-0.27834990967333106
0.3467928044947318
1.845318706121469
1.6753509824651658
1.296353853930887
-0.5081995509751189
1.1163989751377639
1.5390210019161357
1.56736017389109
1.2711257473561903
-0.5118772798959748
-1.2814972399678737
-0.9326046410830915
0.28738242692576166
-0.4384323720811986
-1.2192126096025069
-0.5565159836932952
-0.3628082606405127
-1.8036919504035978
-1.8621871938992443
-1.3230637732840376
0.16174204110139773
0.5972389005300143
0.3794207977435463
1.5112694241538298
0.8153105829324003
1.1965026033899322
-0.15930172281366378
-0.24887049272913117
-2.0074704304103843
-2.037594582751802
-1.613784176528262
-0.5385108820224164
0.21959002566967145
0.7454558509861773
2.0564724153646754
2.041519433757568
0.6492425731646101
-0.6331839273225883
-1.14340401220857
-1.1442202461898665
0.9485643088759192
-1.307628592092391
-0.34761192177415146
-1.2604866932897942
-0.4079158693651383
-0.7325265891925887
0.06984954238148589
0.5327626107526017
0.37929550839583026
-0.25934971688066
-0.45260244652559023
1.0965568223625253
1.2637241759236733
0.4506853184837423
-0.011460417661585919
1.7636188630167018
0.5044846428452121
0.6900135916977865
-0.48161283917548187
-1.3524674203884859
-0.615101940401238
-1.2068709595923885
-1.2164112004985346
-1.0759883532638406
-2.66057229481613
-1.389815934338802
-0.08027748448694481
1.556157269797289
0.7587859862852725
1.4827113038865234
0.342325695756689
0.4872020470909041
-0.09329155692028936
0.10824442619242214
0.047278927993976684
0.12953217880766688
1.761075270030485
2.2186660473075914
0.3946980444632231
-1.4279671686780515
-1.0095195231179623
-0.5847153681255615
0.5961490138037162
1.2492634915056768
1.0917380191742447
1.2203830886576268
1.8421340460965054
1.3447445031270269
2.218382184763821
1.3550408720522966
0.2703316496021657
0.7834751175481461
0.8530537615036548
1.4685910229380967
1.7251624739359215
0.391554522663237
-1.2526374347378602
-0.770171319533828
0.5140583882548054
-0.7297884971750801
-0.7237467000714384
-1.3045665230348014
-0.24799932457423085
-0.9939366968761644
-0.43428302130511554
0.19317474511122595
-0.31392819374725733
-1.179826026403408
-0.8303879605426827
-0.18732057451032688
-0.45744126544771885
0.3671295991184719
0.34760395001942046
-1.2191895377606854
-1.3158244399659744
0.39274365747510387
1.5248101058018053
0.23780235229259197
1.5846006546250613
0.8895784414115846
0.8462920620915435
0.7902570827611048
-0.6820029986348082
-1.2455233624074924
-1.7467011315160523
0.5928869145345839
0.12544667070014925
-0.18335908747616267
-0.9225770206295154
-1.132299343347489
-0.9658542374921318
-0.6293073618252597
-0.5057800911715407
-1.0013340333640188
-0.2618047212006118
0.15501025079878403
0.48005820427366475
0.46140412951588294
0.2960044306393824
0.15474174591058898
-1.1518611201613704
-0.1919271468125012
-1.0740305569499244
-1.179561654566383
-1.199586873309808
-1.4092255097917228
-1.6994330829893978
-0.8637190884063306
-0.8470779803282227
-0.0046145549393445395
-0.45882068820505184
0.3411156133863741
-1.1455430298460252
-1.1058598479844204
-1.452613002350796
-0.8621145531609267
-0.8499889102047374
0.8380480075479898
-0.361446528432271
-0.8744607908342419
-0.3302381288091484
-0.04839498356403535
-0.2655027245092296
-0.9119434818218591
0.41482595506974873
2.014362580250822
1.4080145923215472
1.2164194470040215
1.6048370852627676
0.49115550249250195
-0.31416396294585913
0.3626658844007978
0.6096275983158614
1.0488213277154852
1.5319030487006045
0.4107017732858689
0.6374077746272107
-0.8904677517318126
-0.7538051898629794
-1.5630826773189181
-0.8959616872201079
-0.9765358582502628
-0.7300802437756722
-0.029605209507420793
0.39629042250850444
1.497287449071416
2.1974601605347193
-0.13416670165388583
0.09696501038740404
0.378454820644927
-0.04262212894903655
0.2924977011851619
-0.16720180849072788
-0.19427026646375917
-0.6235649749224949
0.06000623099468401
-2.139123245836665
-2.1570043058595902
-2.4692679356539653
-1.5353052996155856
-0.4837289207470784
-1.879849528461324
-0.04782404425816251
-0.6260427510184161
-1.6151373617042
0.19981354556075193
-0.5865483088654518
-0.5750484977611838
0.11520869817302137
-0.5165851341661676
-0.598376389234482
-0.09940027649681998
1.0033715494782807
0.5146997879742422
0.5549895829311067
1.444414939953649
0.2778266621501302
0.22500556272711297
-0.993541852880305
-0.9390386866741204
-0.5410003997327637
-0.12010288156384911
-0.755278584022063
-0.23693957864790452
-1.263967137662911
-0.8284147906446838
-1.3560545695350155
-1.80817106998522
-1.3524074046418613
-0.4079961884159955
0.36840936847522765
-0.2009004279649317
-0.8411588852278054
-0.40528248514520454
-1.14237191896983
-1.1291925949561055
-1.78818170504534
0.07426715631471201
-0.36098673452071733
-0.6424480397067998
0.8522948540633423
-0.1976433831789836
1.2178400773509317
0.5352059668666782
0.8321176559337833
-0.27399532479290056
-0.996748877242629
-0.4406786196607149
-1.0486500419895983
-2.462731101569416
-0.9804694209213737
-1.6931796550952147
-1.764759317906678
-1.3435544997555997
-0.08857137361690101
1.1089261086910138
-1.5183479812423775
-0.7184041973113459
-0.41447146370974525
-1.1019866795417514
-0.7488468242056379
-0.4929646641136291
-0.5106176813078313
-1.7782007426787523
-1.07806536170231
-1.1885654300065651
-0.8242737163993136
0.6302098779843346
-0.7737444440677845
0.06461723699679145
-0.5822201877361987
0.11063370574687303
0.7286187965902119
1.9577802171421754
2.422876881923008
1.2311974358408955
1.4455219117665603
-0.6124729090622344
-0.43827442551787077
-1.9374673625817205
-1.6173651544690566
-1.2263986704571628
-1.7472987709029693
-2.083828299197725
-0.09799605743792023
0.41328333309565074
0.9203135551873287
-0.07688883224435397
-0.37520634726753554
-0.2504829466623148
0.2797293176531678
-0.17868636637042595
-0.103324328352806
-0.2128260715767541
-0.3170738051313834
-1.380866363738272
-0.9068662771899746
-1.0606026986073909
-1.2338063430867738
-0.7880501463423094
-0.9044325714628686
-0.4981614242262342
1.648548382765035
0.023788131197415102
-0.8624049436862155
-0.5335529588912359
-0.5165178329265709
-0.10252834463878921
-0.7833588933105756
-0.8261923512951892
-1.5541437428259732
-1.2788082471882172
-0.1374941093410611
0.004145266341583118
-0.48293324967068446
0.10363044445572626
0.5408425573894636
1.9049456171271963
0.37799677135360144
-0.21940884346983588
-0.4775714673252855
-0.09361767793416265
1.18025439661251
0.8525665935856424
1.5011279012608927
1.3253763527974745
0.7944462681454784
-0.2484367095993256
-1.134738876977168
-0.7214370727194548
-0.7163645273380675
-0.43848151526383905
-0.028143537855282
-0.058455164172933775
-0.847141090354738
-0.28538738624636606
-1.1188458936754606
-1.0147344998944987
-1.0128153010247056
-0.19888604915337726
0.6643643583443002
-0.44715145013235025
-1.5163600491464435
-1.5562044241517317
-1.6380337441736141
-1.1500652824446358
-0.8718129484528512
0.3804844710250747
0.8804261796089887
-0.4325804926896808
-0.3139046247862439
-0.5973384223142958
-0.9048861024050255
-0.8960636061931807
-1.125544142977581
0.7344527303975319
0.913941629789264
1.9467431602875962
1.0327155796468048
1.2447501157290888
1.3000389991077732
-0.2660880686299651
0.7932918338841437
0.8093988978185732
-0.003855839697946409
-0.9990866786417303
-0.399287605936812
-0.7719179743316794
-1.2347574832070525
-0.1508677714893586
-1.3850553312386897
-0.7520594680808248
1.5653354076288315
1.4526858506930478
1.2062832389937357
-0.05610938907393702
1.3593124775674388
0.8842514855151347
0.17882647252927095
1.1978722563069792
1.199252234926446
2.088225339097181
1.0190794934479555
-0.37541595131869343
-1.154248023367842
-0.5665805559870871
0.01882322165332575
0.08316808311496023
1.3515779303074154
1.3842151529048379
1.204768039379744
0.9313420724131724
1.176867141942126
0.5053423039626782
-0.39107486409408954
-0.20834576527538884
-1.579168337692794
-2.2627217313978325
-1.7708677461768834
-1.3183792033131134
-1.8538709871857653
-1.2829499985958839
-3.2644396028493423
-1.908713563596424
-2.16751098692744
-0.8129455759961041
-1.085912377291585
-0.8970355140198347
-0.8730235534320945
-2.0859362518744775
-0.3031687337658056
-1.1613716682192747
-0.8145152945018878
-0.46326807973116074
-0.7924784197693177
-0.4203568428841875
-0.15752179060474167
-0.724043486700535
1.667506895168725
0.9805357855233787
0.03643908247627736
1.024280850374103
0.6782568343844255
-0.37778921844635005
0.3903060184067836
1.245365279299636
1.221096268854123
1.2811535079318759
1.0818060736337962
-0.1474202697909591
-1.3254908389741633
-1.2562437740606038
-1.3097765284604548
-0.4438799948680409
-0.23031487455030242
-0.777570023807842
0.20366003114472803
-0.1330078296439406
0.4609583816174635
0.48266729481913684
1.9532599213833004
0.5451153602635933
-0.42488550010494747
0.5300889026784443
0.8292449854358862
0.6006697696802374
1.752123226709974
0.6862004279565496
-0.5435970716396836
0.7135483387896602
-1.1671913173282964
0.2916196712218249
-0.7891389814264899
-0.7287521578392049
-0.5041411730066553
0.2720129527313474
-1.5995536151257315
-1.0787769011590602
-0.7215098157842907
-0.20404143861933013
0.4128067806920124
-1.0279312427168286
-0.6388198996768611
-0.7269659460117943
-0.644119586383708
-0.5464816222202755
-0.1550714773240623
-0.1704422514028564
0.7507949817034903
1.9884487034862899
1.049877622059972
1.040763667883028
2.2801914909481167
2.2481065328614904
1.036874783216268
0.6917846247886417
0.9892747656987907
0.7865474086324739
-0.27673437805133505
0.5560340775321291
0.7501041809340658
0.6062195021985262
0.4255705551694022
-0.009558970330687033
-0.4543165464173876
-0.42539569442815284
-0.4794367971020931
0.3286597734020572
-0.5754091410568174
0.048147298387633666
0.8096972752217428
0.7898067816692399
0.5695472120915023
0.14412301967352212
1.662469692064821
2.2248331511108863
0.2096200248396609
0.3965341102661042
-0.08404820440780969
-1.3230009900626016
-0.03033034918143058
0.2804000531095266
-1.070082178816194
-0.5014177350674675
0.6038585862197687
0.01651261360634213
-0.34938673473622917
-0.07050002276566063
-0.7393653087280434
-0.8786275055844319
1.4764518620987768
1.0247404173630454
-0.93176280742684
0.05841962799684956
0.6446712238862036
1.555596456955048
1.5261944582185232
0.06058437628872877
-0.16724636125467945
-0.4112770569601366
0.7899716458144045
0.8599061713882643
0.9572724698593356
-0.04313817348443841
0.14848954082579013
-0.487225722060706
-0.1190071404569101
-0.38416083381587873
0.18182207067417622
-1.6156145863348508
-0.5100978235164891
0.5390717746532113
-0.6132963921410257
0.031009464365897133
0.07475815431854724
-0.063387487998945
-1.2713088417404994
-1.8409964170227928
-1.522340291981499
-0.10610296891033494
0.5292209495726996
0.27020663041891174
0.9978762299488115
1.1698235764801632
0.811506310355762
-0.003425087047677966
0.2531185711475591
1.007506355789411
0.7656290970270997
0.3411677624933649
1.3075921640823873
1.7798271243441024
1.3106897085503955
0.294523885137032
0.5735021912973375
1.2814260633598926
1.7957367593588554
1.23477652341154
0.9289338123741502
1.5391877498445592
0.7081240766296253
-0.2254413663880906
-0.4805590016156722
-0.6207033541029264
1.0475660300623635
1.6588632084420505
0.7414673699532923
0.582011434911176
0.4397212529321084
1.3801758497638517
0.33892713371496297
0.6564557736577877
0.37780630717042096
0.4004211368649545
0.5020542166633597
1.5377226621644797
1.7028526107064235
0.024658147578657974
-0.6373457876978114
-0.23865308573057703
0.12477067416570593
0.9973732139733922
0.029520695494872545
0.6431668853125567
-0.34105495314722883
-0.41231879272107663
0.9696105632359666
1.9957314700383624
0.6284486361282
1.6425158272228304
2.0208579223778966
1.9295386622148243
0.9777218563269553
0.47845959006243594
0.5330032903636129
-0.13734344047122388
0.12076391524601937
-0.22305523885460274
0.11905796813802161
1.8499610486219242
0.6910591411376001
0.768674414429587
1.0075333217072016
2.2180103299060656
1.2159834996037786
0.7034331438442271
0.7785470476687325
0.4286564723762147
0.10842412422048561
-0.3405156317300274
0.04165754996917352
0.3291926186768927
0.36004584624267344
0.2068729182766912
-0.23516382128601301
-0.18435575234185936
-0.9596439070328733
-0.38129307140644864
0.8426081306753941
0.6153886018315023
-0.3349341946166473
1.1271252938854888
0.2316230921393427
0.7791934975488332
0.7253251448874016
1.5450379760241886
1.2117454678414745
0.9677388628516564
0.005438220955981676
0.621800978952212
0.27821824259059214
-1.1209035458970438
-1.6747134655614446
-2.1757518718091897
-1.2953067542756436
-1.8791719853331386
0.30391417887794336
1.5374987221912155
1.1874021486848856
1.278655286159376
0.4198467441102367
0.45842146268209516
0.3621960308664268
-0.06384856118929437
1.1079756489109156
0.9679406400460399
0.2874077024582149
0.03221071935392486
0.7413872464710609
-1.6264137088897828
-1.5416408118196632
-0.9674687277667177
0.036178974319884344
-1.6421359921772667
-2.221256406646581
-0.7747321131399826
-0.29306900466313557
-0.4848952188142437
-0.5408284513887336
1.0382968052577146
1.933157919899406
1.7628362946514464
1.7725789073183742
0.20215169877424818
-0.9497919117035594
-2.015137369958415
-1.5844583754657975
0.14518074948969165
0.5049574992502444
0.3910944881343118
-0.5150996994264698
-0.44666452476654017
-0.30411408864055406
0.08300998167586776
-0.7100133993780586
-0.4139871828608245
-0.8824660858531916
0.9418987386099718
-1.3186691552627816
-1.0023084033988539
-1.7387026997081607
-1.068571418455277
-0.7989538779351238
0.8063172491235504
0.18820314214762734
0.433017316088489
0.7514862771978901
0.954835346525147
0.8569287773296953
1.100009004027226
0.34114663110435256
0.20698066141863283
-0.4038558865851457
-0.1408735599431118
0.5823961928879965
-0.8030778409106178
-0.007106845556162061
0.4853787860135921
0.2927027948906919
0.14445544371944063
0.6861242042715276
-1.0430628190581694
-1.3319869580001467
-0.6054296224784462
-0.32764040661061444
-1.5914690283482498
-1.2630444405478678
-0.7744241874908424
-1.1113073631033414
-0.4310516407567579
0.642569316290545
0.9092000467440627
0.3665712370467798
1.8963373876490026
1.3014598970846551
0.5144467919296913
-0.5376558708162561
-1.7167325642515119
-0.18790676252371258
0.9382005609081838
0.42841640208244103
-0.4636117274682965
0.21293246653090894
0.6460901744950523
0.833422527083827
0.44198527267738386
1.1962532178243477
1.6409487214971485
0.08615363987583896
-0.9402869727813599
-1.1809124418892152
0.8124470136694938
-0.2919585641231424
-1.2483688864409657
-1.725467358206259
-0.9295863101887627
-0.7145201420799694
-0.3153047422582656
-1.328276583124339
-1.1579108595859684
-0.7699241150768563
-0.3770712222124716
-0.42079045222151046
0.011398909709296128
-2.0700533204529563
-1.3263513569607421
-0.8384543129839495
-1.0778966468086566
-1.2150639262970695
0.17110118604997365
-0.40374021877957955
0.3366647008527214
-0.5040090759166502
-0.12348791783673346
-0.9221678238578386
-0.39607904042746656
-1.1863934568998513
-1.1889512462398006
-1.3589134510190337
-2.414866700589414
0.16061132261453193
0.19797615766964527
-0.42926881956404833
0.1489015209030309
1.4221481021282947
0.007726351745957316
-0.2110204882566553
0.48674273018211384
0.018612295431230996
0.6585326988000932
-0.2507291235281007
0.01038026152603578
-0.4309778456521568
-0.6921476077125444
-0.8709490358166405
-1.3257035783650892
-0.007712208031217929
1.0046089535832543
-0.1421891955140001
0.7615318564043834
-1.8240721539526634
0.4942237163779662
0.3695737314496408
0.18647666838039578
0.018407435772333253
0.4402336116987795
-0.24105765479558003
0.032191346447222005
1.232213828249248
1.0308356299361106
0.6254135439838161
-0.3016777287948041
-0.6467750020456692
-0.5886592885391944
-0.03431990990032041
-0.7431778525882462
-0.05528837945547853
-0.07299487519685208
-1.212300750370342
-1.7938269167353167
-0.45138946556287496
-0.3508220083477463
-0.31856345789376483
0.9026005074928117
1.0626534780829766
0.3287523276391554
0.9632313064557713
0.28795423734614417
-0.24449086633680978
1.1102723852877865
-0.10177364254256774
0.23311195101139034
1.6199906092040957
1.438862472942309
1.260004834875756
-0.011504134325630244
0.4796606382965712
-0.6793246816513631
-1.2155858524541083
0.003763366255540239
0.9054708553144144
2.2432783389623094
1.902110713218088
1.9463047561152136
1.6370099728162673
1.0035313009241584
0.5657011248482284
2.2694487741491725
0.7620615946771213
0.8369267319473466
0.4415953596732227
-0.8805138244321803
-1.336031594702888
-0.4949570697048196
-1.1304542099467623
0.021219879355129326
0.19006684776752028
-0.3093425432728974
-1.4017070283468414
0.38151601908295973
0.9383338441030256
0.2336036346892337
-1.1485281697684337
-0.7601277227767554
-0.9898045545698455
-1.7334291484400606
-0.9252765413627203
0.24787089083362487
1.289819634653891
-0.9375908911435611
-0.3020362130652493
0.5542532033674109
-1.64015765527863
-0.5638110612153194
0.32527077257184656
0.8267189020578591
0.7740097640608254
-0.15192007446587238
-0.7217853598729836
-0.33397295735110505
0.2721183515700423
-0.08513668802741459
0.7630268428453152
-0.5766653395732746
-1.162218629240821
-0.5757947841109414
0.07575400468788429
0.6569813739512755
0.5566035025363903
0.6046392547210862
-0.1499749473619331
0.32149288752907657
-0.4875705194575738
-0.3853339812275336
-0.37610904562917846
-1.1938689878073359
-0.7454931136863054
-2.1391888070822636
-1.3024262731261596
0.17895249990869067
0.3513869505636965
-0.7628292527744849
0.2132956881039547
-0.08721996899255978
1.3399758331446099
0.5670744685743465
0.5977231887694066
1.5192047393067871
1.5730172782990204
-0.4308900588185406
-0.1872552162768869
0.3653523597516548
0.3870569952180344
0.7008479327276502
1.0531622878999887
0.8128658573483587
-0.42142755223178663
0.8830284102392987
1.1002427784286368
-0.5269447310099992
1.5646717585931325
0.20931619676559826
0.2210754924231642
-0.5109842549701997
-0.4923632286596286
0.04778913359841094
0.8972198848386315
0.8777990438406077
0.20806624587961775
-1.3276698737102612
0.19561281197097896
-1.4081540572902387
-0.764913041359199
-0.1349292874339966
-0.07850464856122431
0.9812754322789032
0.1279561930756516
1.3538755214855562
0.7955124613745506
0.34974592231866386
0.6359777978938361
-0.536701815421462
0.5694860520127328
0.11427225981041343
2.0361833087068417
0.6082747082187422
-0.8634751948063888
-1.111921265282261
-1.555753639041229
-0.7146969807079258
-1.361704333085717
0.609608846796515
-0.5566066162501
0.034466909177639025
1.1492605454720772
1.0704997105434304
0.3090250857203105
-0.5210644711271234
0.4859404696979457
-1.1698253546606083
-0.90960962922329
0.025110304691743357
0.4486479674960546
0.7053244240122766
-1.6627878344274651
-1.0567205455587791
0.36225511448979386
0.7531767366731987
0.13348955701953819
-0.5124433504878254
0.6963197475802583
0.9116378047094329
0.608465565410918
0.8672305833589472
1.2953002549021444
0.714351628065805
0.9509890382553196
0.6774406864609249
0.04070420666831871
0.28107083420668877
-0.2627799702087338
-1.928649397752546
-1.7751145333606275
-0.768530968000619
-0.9427522954883134
-1.2136625056889234
-0.22393842832664185
0.26585967409206934
0.8970419255212468
1.0638209642317717
0.6482767520912803
0.536104915523341
-0.5251559315439835
-0.23847379499083757
0.626759937256243
0.1833974902554814
0.852159431690943
-0.027897327244445547
-0.700875076640403
-1.7108569813391714
-1.5478719044331737
-0.09705469546094381
-0.6567308230375493
-1.4873729769681354
-1.8913502715468669
-1.2027210101585997
-0.10319439512439596
0.5970638231030367
-0.06787355550386465
0.9276405299010103
1.3581921461621083
2.417358334676297
0.2875582079813449
1.3147392083283074
1.1824505105868046
0.06240856125677774
1.2138250362572767
-0.5122813575333213
-2.168715935058325
-1.6051900868435518
-0.9550279274648656
-2.0969011428508697
-1.5608447367255898
-0.2359947491253965
-1.0112937261707398
-0.18230648124733673
0.29676614532325174
0.05530679430414408
0.27478534102098306
0.8916701431386047
-0.6696519105702845
0.6651155014505221
0.3886125128957022
1.3571124345456431
0.9308681862936534
-0.7595864192387162
0.13799783335618546
0.5838647230021756
0.6521005661310237
-0.6437100836163163
-0.8947037665077198
-0.7025532143848638
-1.904263636255607
-1.1424788697338206
-1.4180738957402432
-0.8316476710813812
-1.5089267635396335
-1.0172204766640904
1.590587129939165
1.5862790900353123
1.1722336908159237
-1.3071819699324756
-0.9199633545901955
-1.3516086205241538
-4.237583812104238
-3.4324797771388895
-1.7817044586065185
-1.9476984962043413
-0.671047931870948
-1.426966125977292
-0.2486283392860829
-0.15645552124557172
0.0690184887635471
0.9507211497131034
0.8552028704262765
0.4505596055076128
-0.10294023328576038
-0.4827448003607017
-1.9962397311036009
0.5902697979937989
-0.03305674014156443
-0.17475701093524476
0.3278320433488861
1.2745169498346178
0.8605645600242017
0.6611417427330185
0.19555018641060035
0.9054748963125476
0.21385214520023754
1.0796205335775833
0.7940189205195544
-0.3664100870657019
-0.0672934042927118
-0.8512788293990745
-0.49215001467249586
-1.2753069926233525
-1.1378937190860845
0.7218553985368827
-1.0525323190395293
-0.0018055820118035582
0.3017475665596959
0.6344395981214829
-0.47845832032162516
-0.6119466429874469
-1.3291625886414893
1.1698010729582682
0.8080095834845713
-0.2362525587463717
0.3979690963827136
-0.2925352599268478
-0.5662490029796247
-1.0483023757323382
-0.24903125768479262
-0.5697648327326937
-0.630020835716332
0.6321043082605727
2.2125057848325964
0.9729566718249631
1.6163092383273172
-0.6062152732285834
0.4537312817929833
-0.3137780662226822
-0.03999102919484454
1.0703860798999847
0.48170047092545654
0.4194546002236324
-0.24423785354398514
-0.46988575940516614
-0.8495363702584052
-1.6339640300800182
-0.1303335544152699
1.4477998573678623
-0.1091979136375602
0.3534027150162086
0.712245855901678
-0.09919763065773116
-0.7193336224784104
0.344767668898001
-0.7480044282570852
-1.0212264896986243
0.20368991186091126
1.4219088433764329
1.3258497717719053
0.3179079706340595
1.1413707898157002
2.594149975225543
1.866577254498336
2.4077245837776893
1.2067602830684048
1.4014361245827252
0.3538302419151246
-0.2685306209147077
0.10110675974547212
1.0676969191863148
1.1947147147858608
0.6667629840676226
0.09779822926425377
-0.5417435673435596
0.12143230882929025
-1.603261138086698
-1.9394288057228717
-0.3371904763463587
-0.4414147257289579
-1.3129863593610744
0.7068207857152563
0.10754972776016772
0.09149666727813674
1.4418948627163928
1.190289808174822
-0.01971593034374458
-0.10180054684713274
0.3864943401955253
-0.18297930635021922
1.6180389907696378
0.48877565083787544
0.5884190434539612
0.2985055949808657
1.3362939931338613
0.8374277809772737
0.9071760753291925
0.7357453667878017
-0.47339285993876745
-0.02482096276169603
0.749170212543937
1.1382790439310597
0.7381978373183983
-0.1940359908627236
0.74396779939294
1.9408458179291106
0.16069942651779773
-0.09332212984496698
0.7294444406967578
0.6526621334595039
0.6471056975646635
-0.806763047216629
-0.8572182453291072
0.3134583640072626
-1.3229331126171489
0.8411188994922366
1.307101925519894
1.8453833688454053
0.993880741675375
-0.28467466294215815
0.5946354907960671
-0.20826989491057332
0.46564632509717535
0.5250935316746553
0.6304277308746418
-0.42430619205880804
-0.04267003759724283
0.6709373624182833
0.9517432692315289
0.17731555272022234
0.31684403769615277
-0.20436575834123044
-0.5199017732636849
0.26134807992569864
-2.0820246363303885
-2.016013648471986
0.19171746709720874
0.18335468204824235
0.5564227603857708
-0.6930113202403545
1.0274910684712228
1.203026682283218
0.7287097036402758
0.9509673335665846
-0.5232894356396618
1.13343772653169
0.010116245604204526
-1.4626342641230108
-0.87694104339563
-1.081301278605569
-0.027685734372512316
1.2932218480112958
2.000156541568223
1.2858948318117347
1.0178060952203871
0.018653556010537697
-1.0403791433090468
-1.2790574956210026
-1.1002421026001787
-0.614828917910504
-0.1221617338434476
-0.59555448580532
-1.1703753693464867
-0.4902831469926687
-1.0939330654473374
-1.451321148007463
-1.7384821574869416
-1.7112080432987427
0.4234321326570754
0.44368313889599936
1.8970439119338156
-0.18200320789716878
0.05249237487295891
1.1290447227790879
0.7478599771320769
1.1897494616606392
0.717282564200468
0.15246471716985377
-0.023601505422272268
-0.30577386079841173
-0.44829263535200564
0.35453536857855794
-0.25215506312116653
0.9929267825589186
0.8983854014947855
0.0009810087632557262
-0.6023644874828971
0.39466575786534713
0.07037271309967208
0.08986123394974427
-0.16834223004283444
1.2773883652191458
1.2888335751289584
0.24927269299338803
0.27630944405618163
2.0384396139834378
2.8191369453054302
2.6387823976264957
1.557922862233627
1.7311611086233947
0.8753083674461195
0.18860581988415198
0.1501447258869743
0.502375984483173
0.22151706776901875
-0.6687634175505318
-1.3376858040487536
-0.7801467916339835
-0.6919762997880008
-0.034278888773955074
0.08380325801567941
-0.13716716763072825
0.30405507604000215
-0.4576159698710476
-1.5741218066248184
-2.08070903954033
-0.9013327346972313
0.5986848830797441
0.9070160992887402
1.6764424115400476
-0.43702238216122424
0.9516520048870398
-0.21102471857646024
-1.0008123365481274
-2.4348362096476728
-0.9991721505658071
-0.38140079166634705
0.4330222141491875
0.6619682442773595
0.38721963440879253
-1.958623881220394
-0.6839598179735252
-0.7155263222825488
-0.3465077798381676
-0.18833735018732306
-0.025077807633367824
-0.2275642185356131
-0.5329095107273197
0.02842552680951113
-1.754100229745681
-1.3038387872072739
-0.5159385879898974
-1.250053319634843
-0.7671733774205236
1.5329020408653151
0.7704355682938353
-0.21640264056405786
-0.3525720586168723
0.08060472147348319
0.2022613234257107
0.3662358639035376
0.17273630114170077
0.20970441778065418
0.9301744315118327
0.9403956335840142
0.4907910616884956
-1.2721005127457867
-1.5820929899742742
0.2023486807136909
-1.1094205579216547
-0.9390608659130271
-0.032172772111572046
0.23177270341147785
1.1221324590638344
3.2497609731468238
1.8513796573146606
0.8818960271528985
0.8184751914547396
1.5534100681031306
0.06577811043274183
-0.12173385384002841
-0.22181256195394528
0.562660841456021
-0.39561546938027425
-0.9610664623438713
0.09928178868593737
0.8855092424641503
1.189472857653342
1.9334310637037462
1.1211794006245384
0.029412354624093837
-0.5304695218091482
1.4798270125857407
-1.8858208140357469
-1.7877676144578265
0.3962362228352592
-0.637397527695663
-1.8134124625181323
-1.2996927053754541
-0.974334863113479
-2.0546362753267204
-2.2232274299654753
-2.1600852914390045
-0.12340459590746664
0.2331792615731634
1.024203387520316
-0.30925539062242513
1.6747710846375672
0.2948804126692589
-1.2282215501861473
-1.4731698206364383
-1.549109592061276
-0.39867237778599107
0.5884895403832247
-0.3988010304848708
-1.0953478220702406
-0.24378421261531336
-0.4381148258148859
-0.7889455088161119
-1.1581552857432038
-0.047167400126911674
0.2704596072378257
-0.35191378454776123
0.4468682375479666
0.3552626838512033
-0.46912676944655707
-1.9735927230477768
-0.18387537229924306
-1.227245937145479
-1.6606718328505665
0.17377021292887895
-0.20371178322307415
0.384697570740978
-1.140436892016065
-1.5613971163479727
-0.3181656554467813
0.6068373284300645
0.20566000009941074
0.2656329707190658
0.6924084715502554
0.08664528243006807
0.05215533460311303
0.36301861075547825
-0.2673141528875503
0.9944116157379743
0.27498760784070186
0.10083847072443736
-0.5616391865248989
-0.17983837612297668
0.5900813738406725
0.6187894074321958
0.2042897157993646
-0.8044549985503114
-0.23736994312898893
0.40559600268762147
-0.5730435033704221
1.5936719591252761
0.9693505622595845
1.6126911669122597
1.3105104728862484
0.31338056692084987
0.1042507284564619
-0.5097094981752781
-0.29813501561177935
0.2447604306153996
-0.6275352630646052
0.04557588416712527
-2.075424215510109
-1.5938917517946891
0.01929902074015704
-0.5268645890789766
-0.6631866737526707
-0.18454085006561943
-1.2033944851937532
-2.3760702814412937
-1.4290726793187931
-0.6020266250930603
-0.7521356938646702
-0.2456743263100381
0.37765140793735924
-0.24331429841437702
0.3193910700202774
-0.07613012374619901
0.22466561448398603
0.4242330909277
0.6102665613109327
-0.18575643221348048
-0.771932911776073
-0.091931613843704
-1.0532217495161282
-0.47454820140040166
-0.24084573618070837
-0.7730505971933794
0.0505574268773577
0.7398960652453148
1.0987199658566227
-0.44503645991667556
-1.9594387308346053
-0.20205190759019065
0.44909681605755347
-0.49359968644918767
0.7286562748433448
0.4335390373203059
0.5842825638893939
0.2722727054288743
0.6936249934545772
0.3595647723846582
-1.4686378266058249
-0.5217714242608849
0.936001428438335
0.2633606571945893
1.0071904059903591
-0.6728143551268683
0.17417474418970041
-0.380382775155362
0.9554241168767419
-1.3591778988741912
0.11026060503129013
0.9489696187300591
-0.014133420090599952
-1.8476138039328192
-2.943148775070742
-1.6896241966393695
-0.5853746038103252
0.39166826587567816
0.7306071176521649
1.2872808872484938
0.7101942095628315
1.9058558873326046
1.166158272833664
0.6380856648003608
0.9716640825390146
1.4841131866673607
0.4696037935951527
0.12414995549698879
0.3494282060707093
-1.6836805242713173
-1.0846929460357777
-0.7850896529428057
0.6410451167549955
0.04895497901975192
-0.0026962704351589095
-1.5212936644342276
-0.3622811546400845
-0.3593271809498064
-1.070281145000505
-0.8513024875053123
-0.1110619219015842
-0.12564587062730737
0.4791594156216664
1.761637468961672
0.3658349510292015
0.7135835488315863
0.6929412702831522
1.4696281123245951
1.433088624675191
2.6750176030113972
0.24117611920734816
0.39046924362007285
-0.6684578574875218
-0.2556282561736968
0.485857622797954
-0.62043778070202
0.07790069960398739
1.286749129725473
1.019416019571367
1.1435777675119911
0.950502068843754
0.7895968964215392
0.199907796300877
-0.18525636664272957
-0.9815766508277818
-0.03995087646163545
-0.13909931514134746
0.8939215936906341
0.961524099407
-0.43647058864311516
0.49881610810246074
0.27311513819705857
0.08047246302844523
1.3445573966310542
0.028442552660110337
-1.5014334135092462
-0.31149031064945026
-1.3365481954272818
0.2239208353105812
-0.8428819447375311
0.21769505513677778
0.0984287008401993
-0.10138702847608783
-0.3122770754472765
0.07349232580113313
-0.035095883822800544
-1.2659255078497298
-1.8745340217920758
-0.6110828470615622
-0.4494229287083321
-0.21214675326868768
1.553356613581279
1.0428446040410602
0.19954872674232388
0.5470760350162496
0.813370038720824
0.1686153779775625
0.24372096012324712
-0.14439189921633017
-0.2596042720105241
-0.6803105921847363
0.05693289126710686
-0.10299439585674106
1.3975111394008555
0.9908932146914726
0.5711717785317794
-0.4455511277963092
0.3610785745738193
0.4753465330241594
0.3264353259719962
1.2608508090491266
-0.011334806855657728
0.21415736665894028
-0.918850516747734
-0.3414224755094003
-0.16253030366995783
0.3830503801593209
0.7028972397956685
1.4019322915399184
1.3742019540480421
1.7960467254265038
1.0790521981749497
0.5956328884459055
-0.6106271851723373
-0.9200443150259944
0.7686127970500884
-0.279081616479899
0.13053481412911094
0.4661956361816778
-0.7046425159722459
0.13053256499080557
-0.7959181418628078
-1.0432783184078036
-0.39334353326305393
-0.10469204474538182
0.38252364946748174
-0.6120087675456543
0.2516967334121142
0.08354780214902886
2.21364975600354
1.9825514983496115
-0.4552083690684283
-1.0831001313211468
-0.9541288237844205
1.1838161312228013
0.7424222979162873
1.6365754120418838
0.32815879542326964
-2.0595873413933186
-1.9253245004562536
-0.8398145289829662
-0.6939752155065457
-0.06038897278713868
0.17293966156839571
-0.6736077620808909
-0.3980448169922371
0.42190084502562397
0.6192159703565429
1.2763288657335095
-0.2539061001188601
1.2153308685875295
1.7166700414472227
0.9592377155430493
-0.73590118222813
-0.9681573004621248
0.0670406982806924
0.8780108575986015
1.1872427094707825
-0.22703588996244345
-0.6620789536569667
0.36227184352996894
0.17613016541113996
-0.9000158816724364
-0.9286298784982774
-1.1113047256384623
-0.9414290853127338
0.13365509645363322
-0.44130224209990015
-0.030866348416012043
0.2780650569989369
-0.22689378038885682
0.4494773320913737
-0.000887099656608107
-0.06439903930423957
-1.4022720378080715
-0.7565939924043784
0.7843139434355508
1.2379926581384821
-0.8464983959801996
-0.2501309880363007
-0.7707936843473241
0.22826546600975997
0.7192371007402708
1.3072750409092926
0.32208234514477074
1.0521956174157463
1.327838568009539
2.4960926279596465
1.5204212845591518
0.8584483619878193
-0.6495209495408392
1.2575063273857745
1.2228675037865109
1.1919121126793615
0.6888839101457985
-1.5975186745510466
-0.1974448811633083
1.1139940807599906
0.11071156648642988
0.421555994435152
0.598927810571139
1.3731867215538653
1.4193439173776083
0.14371377135092694
-1.240648730992247
-0.47093362373155556
-1.1961684562281574
-0.3329118527934798
-1.0339126026857763
-1.3086502369319644
0.04327142995969129
0.5015668631499841
-0.0537174531350621
-0.148720743096984
-0.9304199910459763
-1.896313110255857
-0.7203730392200697
-1.8507108913773578
-0.8213324762087437
-0.39889062572558065
2.529987090488797
0.8513499368446409
0.9487075582388823
0.25626764078551845
-0.8168899872161389
-1.5230512419102102
-1.4241558086939523
-1.2461403812684069
-0.4153450133216101
0.007572719856047776
-1.106568914463813
-0.7991769097906514
-0.7719752285574872
-1.5427977852557708
0.13265649983801014
1.2069242097285793
2.362917521354351
0.9543304781991204
0.6957811000471096
-1.3002220541950633
-0.9799847347579135
-0.11527862387813129
0.5897501124739238
-0.08579094581926798
-0.48761877754766725
0.9595158333608873
0.20462126373661113
1.0301415313909466
0.9513851660551186
0.8147341778121132
0.1505624333981102
-2.842577170184641
-1.7023167941735302
-2.558512862632487
-1.701005167797265
0.5921866964001392
1.149343575499104
1.3688059804233055
0.0799564730291864
-0.1780509886985983
1.4896729465948155
-0.05686317930578558
0.6372892740579537
0.1459147628587309
0.026546670762707322
0.44806724690762495
0.6590875921048565
-1.2772730237946637
-0.8700387368501392
-0.32238867168573404
0.1763527846613342
-0.3887395480565985
-0.262955086294902
1.088510029868112
-0.24575881821763468
1.106530127227956
0.35391304570186144
0.47713609965098536
-0.6194708128510149
-1.2381408095357522
0.30621073080444405
1.680580634057402
-0.024875308776811378
-0.08328034647461521
0.5911790340528393
0.7128541035052836
0.8255590320352115
0.17908024564944003
-0.2002465544081552
0.7669368239204531
0.11150544877765095
1.3760661145764361
0.27650112385568504
0.5249869007124721
1.7034749767481745
1.4868384919655044
0.11847815744324805
0.7422709114689331
0.8763051879752939
0.9075350173188708
1.898815625399486
-0.004091247065135306
-0.014951282092233942
0.03861354166077652
0.17381964774593578
-2.0518181209779973
-2.1004796859210044
-1.4898891552612583
0.40154469822302924
2.373140250419668
-0.015069632245085701
-0.14787634539483005
-0.022089804303238425
-0.13805418299539451
-0.05305919135655373
0.8367678545626456
0.4636863114817533
0.44895018275215254
0.6730576088955966
-0.7409004132556406
0.11149980053833661
0.7147795105771064
0.043303270474361805
0.7077473476325408
0.1371987969068041
-0.1253760221241887
-0.15186097683823263
0.31843801050602805
-1.0921880233812036
-1.6313357146955112
-0.9991636733677429
-0.378606945623198
0.3174541692830104
1.1858213683915166
0.886792071497484
-0.5392428327970901
-0.004687138652705834
-2.225540696806765
-0.9036333807054785
0.9017184070434806
1.1662269592013212
-0.001695004502471599
-0.02087899223941022
1.0736877734396306
1.686217772905679
1.5474509309097657
1.9501993999995437
0.826304607861056
0.48200095647952057
0.08171049972859298
-0.5815395131482709
-0.6037386954250593
0.24606546165789517
-0.9629716244261338
0.5089990139325551
-0.4608554818242642
0.3383030325810782
0.16846284337475398
0.3559752969736984
1.0673313609738426
-0.004197087079908367
-1.8076184943428515
-2.3728129424519184
0.3087315120303653
0.49740790080463904
1.4966795291093504
1.0158113266062532
1.0329468945359241
-0.7954513522616181
-0.48216290292178576
1.4269863850222944
0.06330085812879563
-1.2892851470522897
-0.8015477956760912
-0.827809201549023
1.1471093680066824
1.1501857586638193
0.8340320666635171
0.8402222639497317
0.21499379752341385
0.25405169667130917
-1.1481714889502919
-0.7742388821271655
0.17346899934973944
-0.3183060271751588
-1.873224157908048
-1.0760058520104894
-1.8426027137744105
-1.8773892608476164
-1.9258292589067947
-0.6259398727911003
-0.2897269269227899
-0.7898936797692406
-0.23708786116349215
0.11408703791562205
0.7404066196436567
1.9442930331129626
0.7549260820713679
-0.1489356122856699
-1.13575049663294
-0.3086717609024096
-0.6291053405767583
-0.5793231627680554
1.1879407467910166
0.38760762923126046
-0.981312511544765
-0.7018455858260474
-0.6656769619931793
0.17154873789277472
0.6957393816066891
1.564889870840901
0.7228904590300294
1.387573937411485
0.3168076959451525
-2.126457349935259
-0.8563040825779489
-0.9875832593953808
0.6778424009899948
1.4321646933612162
0.4595405323905418
1.5772665899857412
0.6389293433250427
-1.6809638930649318
-1.2500453724126162
-1.4945317997157184
0.24947018392306403
0.37914339165679695
2.1325804370622543
1.6280892848522373
1.5202040697798467
-0.19453693004654193
1.0492376438697477
1.009196425595958
0.716281164197528
0.5189351885641436
1.5458342849834343
0.15574747848978285
0.04709366191361791
-0.5211493426594526
0.6405892322189377
0.9474306647027382
0.389233961944229
0.14067890843274894
-1.5136968141057665
-0.8873840376778925
-1.4813763453317916
-1.9355326939226822
-1.612016389934142
-0.42967218920848804
-1.036601918715852
-0.44523554875204385
-1.3992656921550501
-0.8483301299053293
0.004334254290002164
-0.9216264357722365
-0.8126313169356914
-0.789742849277273
-1.5674449596818152
-0.9467563866307968
-2.0821135529817667
-0.6721620127319
-2.0570012227601513
-1.091165545506721
0.6435575615847993
0.9061033340752747
-0.05195314352837555
0.6999053921391449
1.4695973917459773
0.7082625843191674
0.2083213048775888
0.6472237432829417
1.2325797027065293
0.8891839689842924
0.7158650769775204
-0.12319626910849052
-0.06376847791399745
-0.37433614205095034
-0.5088275761808831
-0.9448038612714115
0.4969906967800164
1.674026935889405
0.2746352609432924
0.8138307266619335
0.3086165604162777
-0.5738899722979909
-0.301176846665919
-0.6154294456455474
-1.023865418196306
-0.6135910647288655
-0.548297456080687
-1.0725175735964507
-0.4748610088554489
-0.27707755797229683
1.8294232374110042
0.678323121662433
0.8594931239065204
0.672710687240843
-0.539874381754486
-0.5583247994881274
0.3895188428811781
-0.06213277190884772
1.141143627273733
1.072440963442077
1.395183741848585
-0.1390589687854631
-0.060282256182018185
-0.018322050057860535
0.5080367450420176
-1.5885093002925017
-0.5992630030053935
-0.009242121144229606
-0.6441859884395551
-0.8357111090297563
0.2355814072805582
1.4970808264237454
0.5600630066422888
1.2963123199050564
0.04302291182185372
-0.12258011691730883
-0.5913836902304427
0.7025896311381558
0.7772683768946158
-0.9481454206252319
0.1063565556728198
0.7166242329319552
0.7825871236921969
0.8252966339680916
0.8972420075277147
2.4590561042756875
1.7872433488531327
1.3325063993391304
-0.9345424801263758
-0.05627493452425958
-0.15084079350653107
1.3791642869494996
1.6875056853298749
-0.5665630157525507
-0.8184127531130595
-0.16425972651066534
0.21159232973103917
0.2774050545962099
1.1956363131124907
0.5179703030694769
0.785675465790839
-0.19267345519013457
-0.054159643884801933
0.499790671985967
1.6327826824265554
0.828698054907465
-0.6650510115398349
0.33007624573664585
1.7925783437598506
1.4771408147584886
1.4438363564505445
0.01814084134828614
-0.5671988842658533
-0.2550070879043558
-0.2823827070146121
0.5788281313704313
0.4835005931443065
0.9180605896909989
0.443122328292356
-0.8866855054267986
0.052700416034646314
-0.8608993789290652
-1.479859522134118
-1.0015272227159697
-1.2474240920004842
-0.40245108786270656
0.004512896524386245
-2.1692156420041657
-2.2870481674096466
-1.852627138399625
-1.6733775702831206
-0.5455655793683103
0.5578945325471196
-0.46593422325871214
-0.06700174544671281
0.6626569142425123
-0.7118922589010515
-1.6013730571332436
-1.2220574592349092
0.6344189614721776
0.9186423274818837
2.422701143182242
2.2964539510111672
1.2172708662252383
1.544678449296705
0.8352961525198275
1.2009741381027594
-0.7275672251455395
0.19241649185524573
1.1640298492781485
0.243668565983544
-0.36666220973885255
-0.07085811782257656
-0.7993224430574254
1.2655511835197457
0.35996949929162614
-0.12947636153427272
0.9619311427418246
0.301355237074223
-1.467254940714537
-2.0414001531897856
-1.5968557477812022
-0.5540949753143058
-1.5756394846959378
-0.12689323779747547
0.11610268314878092
0.5431065531728547
-0.35836671611318505
0.7677481903094445
-1.935773144828422
-0.7568217335782961
-0.2218937068868227
0.7933324535144864
-0.24969614766918763
-0.20687462377222213
0.6399841506516477
-0.4393706274174163
1.2635218269360209
1.4055650796481616
0.5793652385429813
0.26879275427086907
1.2064990649928797
0.46295741566360904
-0.08825782938497427
0.9423782867296
0.6289037558808432
-0.8323699565570167
-0.2741645773234769
1.229553091923876
1.6299567185536383
0.5191814275356925
1.4181181311500912
-0.650787327303678
-1.078219543136829
0.5579533309976186
0.6693100422060603
-0.5192013888933183
0.4078990288480674
0.17066888310831418
-1.4494817482458942
-0.3970486461859033
-0.12859538730248207
0.36394640000861944
-0.7717360521893151
-1.0640542754969284
-0.9909400829272512
-1.334568170288795
0.05390694144788656
0.5987560958696425
-0.05452059150474586
0.6099494850796829
1.4454920406415974
0.8542728180515382
0.5204493886907695
2.1290049646189875
0.6442705202234795
1.1783741715072384
-0.05439937181966828
-0.047719317266256306
-1.3465742912860048
-0.9253895164339381
-1.190063732016418
-1.7767776586765893
-1.5687655740808388
0.27333455302746257
0.5256759656817896
-0.7914648219365197
-1.0696786087943766
-0.6508703292925326
0.5623417031607388
0.26101398020257116
-0.06310907233604243
-1.8241400597659667
-0.9481174877069937
-0.9500956089819893
0.26389635882338525
-0.7845986508586091
-0.6282237039551224
-0.374967200904218
-0.8507217018176739
-1.428319135884677
-3.5022319376221422
-1.3658456516019517
-0.3365585779693327
-0.6876151340545853
0.2472679169566604
-0.8128563344433143
-0.6053109155018814
-1.506012181699639
-1.7186524408372534
-2.14218207387873
-0.8943092997655878
-0.28435910953193966
0.5031736135122803
0.4875451495476748
-0.3099785533014753
0.38637548527923893
-0.8106500916750274
0.23336184386584458
0.019206257066832835
0.8204024947623334
1.5931662067713035
0.18463480112079736
0.17596145349034298
2.349920351920035
1.576987338300389
0.18400259779493644
1.4177482511093953
0.07065814418586065
0.24795516390363984
0.5383947790533872
1.0390759000879017
-1.922234367104421
-0.2690864731894515
0.13573504494366126
0.010630255624584473
-0.8691137149305671
-0.622565566888347
-0.4233990961816514
0.13306885504748284
1.4167282147352895
1.6387183148458062
0.3479105970887939
-0.5451148235699634
-1.230445828370856
0.7658356407586708
0.7232320997110728
2.3601477674906
2.166689705714541
1.3015063289518507
0.3901288558313647
-0.17576063060666533
-1.0267330366617078
0.7171456229097124
1.4604008133609336
0.5727832533588145
0.4271876404057706
0.45250492215195937
0.5566715131931173
0.9034279081926532
0.1406650082070046
0.9789901020819457
0.7693000220354549
0.03997384329622953
-0.8268344719780827
-0.7822244662728159
0.035483890393342085
-0.7217276202021311
-0.4629821316281476
0.5461727514186809
0.8280530642505942
0.5307030974510469
1.3175241775936843
-0.16457947758563554
0.10547289493233694
-0.2661164988433766
-0.9451729642022558
0.25477760664105825
1.1184939802091651
0.5884307201399758
-0.25311369960011243
0.712130428739149
-0.8714584311251709
-0.1996478918138352
0.21328502447208164
0.3358277159413587
0.7233601002831929
0.3678560295390765
-1.4939666864161392
-0.33853058867007507
0.01500505183313719
-0.06773770030835569
0.9756340719365308
1.141321882401806
0.8916610695151643
-1.0116104108558532
-0.40044540158089653
-0.39120839043095046
-0.8828197875923272
-1.5807338423691195
-1.5658988202983928
-0.4461078510198454
-0.8713834122384065
0.10690401076547967
-0.29968244409679523
1.0628375301691921
-1.044578375108783
0.4266244912955786
0.5470570500089216
0.5073775869870991
-1.1483355568074018
-1.0118572192935862
-0.2742334334064902
-0.5645802846258436
-0.6606758271239928
-0.7234242833155639
-0.5454266291434748
-1.4638930773744478
-1.5468828084577373
-0.8512646284113037
0.02900485414462968
1.5047756733214535
-0.9202460471798934
-0.6497955821407534
-1.0312746509453523
0.2977246934682069
0.112147519856101
-0.5682969460578208
-1.8252599793873554
-2.256165174975232
-1.781665912103761
-2.1431863978817636
-2.78152642047307
-1.3197168850138865
-1.6530501649464566
-0.8772255641001363
0.5017379941626837
1.433438592025619
0.0772433889184513
-0.2842468486875696
-1.257367997899722
-1.9835804025864943
-1.843816983803225
-0.5775659679990396
-1.382444764225981
-1.411867731972842
-2.7958915464275256
-1.440443396935978
-0.9828663798927254
-0.41944149258364394
-0.3557573106218168
1.147891974822985
0.6868809583648208
-0.08283265677794117
0.3794744606776867
1.1658166169897326
1.0750547193207933
1.0852982838006306
-0.4018965460080135
-0.00021680644458307863
0.5648161516084425
1.1221345066974293
0.3826833150976179
1.1945909979592169
0.7820722568489713
0.27770845512396725
0.4416213709263479
-1.1943608440551563
-1.0711550987432856
-0.7968661578755156
-0.016914490633915785
-0.3735873830772692
-0.6639691092864735
0.7478488360150662
-0.510662004974648
-1.481664855431478
-1.5561620980683415
-2.2861693602238358
-0.5208487127713923
-1.7001089294363643
-1.5259398184688835
-0.4224902609754728
-0.9015269831366193
-1.7496685873490685
-1.659828237757357
-2.7371113062300108
-2.466745273619964
-1.402505949813438
-0.9041497911093241
-0.6898901164692925
-0.07357120768224425
1.2556287640163717
-0.7891379971111552
-0.5950412745701046
0.8129723867050902
-0.7657908441778921
-1.7955660968805465
-1.9648092937409896
-1.0658336561977464
0.5764296742044359
-0.8544198448115271
-0.560058495906639
1.6178538376510685
0.3401122729485042
1.3625310307559888
0.9456663576865479
-0.08850005281841328
-0.48482521595395944
-0.0873041141083523
0.24313082056597016
0.9951432236003502
0.9889508237911533
1.454363126958464
0.033408018862565725
0.4623258137091479
0.10578480375365348
0.554907789540769
1.0401496124797207
1.4184020984110597
1.156404091585632
0.08831964243969968
0.17439683088501812
2.9635590315394302
2.71082514563345
2.06046046959311
1.192370500621452
1.5650061890749716
1.6400283226142127
1.8865759607279224
1.6569534726086914
0.9714921380860384
0.796633377660932
-0.08048630533667789
0.22063232916857672
0.19642791763875403
-0.07242319924800877
-0.3838417973066368
-0.4946527381112198
-0.40980417955750836
0.6148731714273644
-0.2998739122125454
1.34848172150275
1.20656963858904
0.8636049076495828
-0.6926343486325697
-1.1704209456985037
-1.9623234635295146
-1.2768169771645306
-0.7043373770050746
1.0702527809700968
-1.0654582361259788
-0.5600791175957187
-1.79994311299199
-1.372968683941567
-1.3271270673805031
-1.246110215464768
-0.07597036446191067
0.24131990279973953
0.15552657713741797
1.6004143380086036
0.15029095973223747
-0.24884622150378224
0.3276974226044019
-1.4500832678290272
-0.42327168319375463
-0.43804448563466436
-0.023889525649517573
-0.9825296821912476
-1.9125633821913868
-1.078174606107317
-1.0530776533722008
-0.8763443647715548
0.15106913261828744
-0.6722879722466375
-1.0181725930634802
1.0778366999979916
1.0691898611855462
-1.1916746380173278
-1.346039853225347
0.024803000192553215
-0.9633484598101246
-1.6021939163797634
-2.999684191718477
-0.841770022984837
0.4534362483702587
0.9690882614623393
0.6657184023224588
-0.704462798816466
0.21435292730882152
-0.35664663605251573
-0.10131245240624578
-0.17996806920848
0.4467432523951251
1.368808794435631
-0.1842911600423958
0.38992831029373487
0.018230428880627363
0.20124123781187558
0.7371861572666729
-0.5404091312796121
-0.7613446853171892
-1.6259683857549008
-0.7367633050605146
-0.539755843133634
-0.10742157586568138
-1.2663434235633115
-1.3890682908148408
-0.927226497695523
-0.5375385338839149
0.1874953119512361
-0.3436706264922948
-1.1082044346486484
-0.8397386976274372
-0.4472925033013927
-0.4787640953439146
0.4607978904391403
0.8573124657311775
0.5491562824320585
0.6605656432800142
0.3036769799209778
-0.7937324670596162
-1.0423692393305277
-1.3338370137320938
-0.9605879587251366
-0.33222644318155076
1.167512374187406
1.6459165656166397
0.6026902942068306
1.1990856744017024
-0.4881736908798988
0.2763408027190286
0.5415600889060022
-1.0433475503838376
0.3102970685377228
1.5988828477111845
3.443780265047006
3.4380451428512444
2.635397361258329
0.9070240173435448
1.1638852983678285
2.6236209312900587
0.5661865512681862
0.8174468509400238
1.384909761279959
0.5669335672785477
-1.020698180888571
-1.3496027636020482
-1.3278411857469685
-1.1159884109260485
-1.6025802105761695
0.22889873649954195
-0.6497928657167822
-0.06853415978552554
-0.028381032446461563
0.10080456275195851
-1.0507751807564243
-1.1148847586911739
0.2175954558342387
0.04013648500840922
1.4028911119721128
1.0129426834767605
0.60160875839342
0.7013638320353189
0.2204871695808961
0.07166733452330937
1.0091607877674738
1.0768511089739738
0.03795904039462078
-1.0043749750499407
-0.3421434681751515
0.04312834579405735
0.6165899134127586
-0.38024032586142426
1.1408894654540556
0.6097319059659515
0.3906827861843762
0.5106218848150273
0.5042388210319393
0.19649615860045724
-0.38372706183798116
-0.23978669665512323
-1.2808093741838553
-0.3889566939212543
-1.6148915461021902
-1.1147435708917086
-0.13459525430821934
1.1940467599648483
-0.5527456757135384
-0.6226330284002569
-1.0808403074397313
-1.6828560374731907
1.0601142976931672
-0.4152973757584434
-0.8166006667753697
-0.587103857542448
0.8264350047788606
0.22576038330246548
0.19921759728606186
0.7253705887430261
0.6321125431568402
0.5653721728286666
-0.28256333252012145
0.5453973568120536
1.1466609107128551
0.18707432050447972
0.5247897682935925
-0.15111122954239153
-0.05124450452968671
-1.0156341547731553
-0.6597080081603532
-0.7139386135149605
-1.5099548228045914
0.3556674891938441
0.4283700159973788
0.5477551069211746
1.3583373816834232
-0.29645787779001187
-0.08428885561905446
-0.1725250800187056
0.24339832386587706
-1.4491020241189212
-1.7144502447526357
-1.1504651112707895
-0.752588067583529
0.7945177600583493
0.19987249028697252
1.213608433541418
0.5761375169566623
0.7398715038665777
0.1395033798017934
0.13310448264707225
0.7544838762969167
1.1074429642353905
1.2979659265903758
0.5854232903575942
-0.08461522713245621
-0.3362782576827303
0.3158448210442993
1.4525613898518999
1.7865152392677213
-0.8116625330508203
-0.042919281039717386
0.20048275643447364
1.6286960711011003
1.2919215426534323
0.149835182704255
0.46529913076744095
0.5161110715325757
1.3669888077578685
1.8118935193994499
0.434129005395526
0.28101296947214405
0.499962256184549
-0.0023388793271340025
0.2559466761860564
-0.6938304806833817
-1.2213530422609316
0.4045191102186457
0.4042478946097312
-1.2933797461991685
-1.0111248678693798
0.5526361419452526
0.9551658970023789
-1.1498931187564208
-0.13043033450550262
0.6209788844934152
-1.0531691456137582
-0.1724410935749653
0.6921105892480715
0.4072376535489185
1.2941138345265255
0.4101643227463701
0.4042179821550854
0.7787749623489757
1.4669799715508676
0.7919801853071395
1.7378662442531183
1.6383856620483397
0.10961283293925195
0.21186871188170703
-0.12554365382659438
0.8022598267529667
0.44913608054322185
-0.25592695584486713
-0.6568967662743382
-1.68514704180768
-0.10726900635602887
-0.46191745688605473
-0.8580084287275725
-0.3183711114201497
-1.2126509242763122
-0.8452963825020386
0.24175973617044325
1.0834014725142354
-0.1765023693517786
-0.604692520674159
0.4845785204314541
1.4869167398632217
2.7802804736442135
3.2743799523415165
0.16616614151748432
-0.2852251857426453
-0.3348038572424261
-1.306124590812654
-0.876843192358162
0.18061389838403402
0.7279721574566471
0.19126824804083115
-1.0117666599729098
-0.23300553843698968
-0.272810114997071
0.39140523318952275
0.35224663486405594
0.10622690138085125
-0.2796762018364153
0.8540543054079097
0.40589170550763815
-0.9581726966064181
0.5540712242603903
0.13797119129568475
-1.1129286029229066
-0.4531382936241879
-0.4894622141881211
0.6888033612016753
0.01838041620504094
0.4458440456661549
0.47277033632236104
1.84157236096372
1.1909269311156105
1.1129673240428273
-0.5729988232826524
-0.5146067389172673
-1.0550722028998094
-0.9626974482456381
-0.21379702777760684
-0.051685829074833434
