0.0
-0.09016330824641762
-0.48918733771731726
-1.8270243197811922
-1.7159799542248733
-1.8211891195052503
-2.1678641750692784
-2.0047043595820364
-1.10886697466513
-1.04247776776268
-0.25821921311115437
-1.0727290225607198
-1.420559506301929
-2.2420225507856486
-2.1372860320486895
-1.6415351499555235
-0.44669344647161785
-1.5221363163312973
-1.1358463821881508
-1.2448193640403384
-0.22036292597036372
-0.38290279473342237
-1.2194077543400295
-2.3157620798137444
-2.3802214659299787
-0.9936281639333813
0.4249220894565566
2.836826181559361
3.085042789696847
3.160100145181744
2.483670708922448
2.826160103539815
1.0366233734635506
0.7116006128917172
-0.24945047261201606
-2.0517503711229295
-0.9125475738184204
-0.06723982629341285
-0.7581611303191845
-1.3236346377704815
-0.9905190625587132
-1.1399928246268056
-1.7379529638021953
-0.32921315256162104
0.7567662277661663
0.5357851636206371
0.7389266847195695
1.4366948440836138
-0.1176727976670209
0.07095887207560447
-0.8638202053949712
-0.9187951950726582
-1.3542806852980593
-1.319970131226974
-2.9679550656537517
-2.35269572798939
-1.8375292238511827
-1.913894079579845
-1.4339743331286436
-1.115485329411835
-0.8236059044500573
-0.1479736645653426
0.184466133318413
0.0495714046660191
1.5246441262837898
1.1383948141813591
1.1762015272396036
0.4386401555634664
-0.12785413357650205
-0.5783292757841627
0.5253705145529279
1.0976045382406467
2.0552730266782304
1.8692457525412756
2.14325071198692
1.975826440431019
2.5238681034400696
2.9199533359011687
4.45746164666714
4.152635943062569
3.259814103364179
4.289714375292352
3.4731816685333845
2.0901235747576474
2.825831359205341
1.793513188336355
2.5200028042835836
3.2335874826192557
1.693723733483513
1.0414671028279872
1.573263606049446
3.575630983466833
3.2204290810202556
2.0342655603847932
1.8516335467529599
-0.23476654516329715
-0.4051889434320414
-1.5469373919933616
-1.8318558903520255
-3.7247291322278766
-2.7793614661876274
-2.599384149630512
-1.0772252042622905
-0.38427380770886205
0.28924075548915207
0.20612624728959666
0.7322630557587393
0.6072499038822585
1.0981816278992134
1.9321202741585797
2.487407016930428
3.401101508973398
3.2988712630809864
3.4014408337640027
2.0357873468258507
2.9520558131564187
4.81791011047856
4.597089099660921
5.449511265033944
6.333255038604543
5.995692962776541
5.471177124965882
5.292838808631756
5.5087114862147954
4.316407515897533
3.8131942560020216
3.168113771872457
3.0592036114859407
2.152541076405796
3.9824238532921883
4.417172062703446
5.476058071015263
6.48724718170304
5.760020661068481
4.808959626776539
4.667763606492468
3.735202357784752
1.5935429679432613
1.876839986101761
0.22795423274414645
0.21878436640300317
-1.030808894122788
-2.1891657179087245
-1.941159125896053
0.4526270276451718
1.98709423504158
2.1652662738454214
1.7775654356066266
1.8489537923558115
2.0921247604292628
1.2912879626868252
1.1445651149908227
2.831982986063756
3.446364086587748
4.117065454239072
3.931671068346034
4.040901045461035
5.882916927789362
4.446875729200758
3.7383684752082416
2.788275296901951
2.9318107669003894
4.355445465093524
4.974813084362169
5.712599021989125
6.154224179941329
4.1895055503458
4.2969633199110016
3.4752869692248267
3.447399682113047
3.664817625426855
4.5583147701693765
3.3346621029233963
2.623628074129982
1.5882846982040906
2.0486234852089846
1.7826824608790353
1.6662844335779052
0.5604996646271276
-0.05045068334035108
-0.4632737450724972
0.834266362681037
0.5091384827435459
1.1402441968351602
2.029907584901449
1.6262780565809245
0.29399977806934013
-1.5319723094591027
-0.7568827656532374
1.7750856082889037
0.14792831300694323
1.2357472742756928
1.3980932870054885
0.661879732237072
1.1816976826126087
1.8200113547584384
2.5321375766585867
3.8455270180742493
2.630134100032233
0.7294414369610723
-0.5579230089977818
-1.1437551032222035
-0.14445452122827074
-1.079294918115153
-0.7660670357449522
-1.676209464079342
0.7322986320142082
-0.9581343441623653
0.06493460078416463
-0.7437965198496406
-0.969550582706659
-1.295295794043311
-0.956528517398476
-0.9116128675477752
-1.7916532965199603
-0.8943749798488273
-1.4093274917752838
-1.862662121135917
-2.572234470504923
-1.7186495738763672
-1.2938223004124212
-2.100142211305047
-3.2280653465711424
-3.582284497003256
-3.894726336921401
-4.51411267083661
-5.8231366269026985
-4.712296567215929
-4.8434181610642
-4.057756967899171
-2.521990198709931
-2.6827280588974056
-3.9394124932301273
-3.8838059601115837
-3.799627920893933
-3.0581358417447566
-2.6250072950552807
-2.670505360935996
-3.392840857333731
-2.0710770213861776
-1.8792808687585398
-2.1049723100594933
-2.8948383532604556
-2.5042416746635507
-2.8867804646296724
-3.5518114050107368
-4.26464259875207
-3.518326361370305
-2.3363088172017705
-2.4393792875838014
-2.9737381783262813
-3.0882118473567233
-2.6444158405423828
-2.5941526732517537
-2.9330942057710687
-0.8191907882933365
-1.2656596847312744
-1.3108445917689884
-2.4239181801893577
-3.7681224618131712
-1.2923534842259037
0.13641231370374615
0.30586428415927813
2.475019872941639
4.137588309557778
4.419357116274578
4.031947696855566
3.587224897066559
2.254114879163419
1.0706776766702468
2.0542931858019644
0.8392056852727495
-0.06535469428600701
0.2686310082216521
0.5798508351745928
0.5982163332525134
-0.8213253634467478
-1.247661960569903
-1.378641107094022
-1.6420908964992036
-1.5604959568435184
-0.7179009432331651
-0.10473972085584177
0.5913594090458231
-0.7600847988721774
-0.18515026530456907
-0.4954428557620619
-0.9040649197228237
-0.09969850199149177
-1.0774757693784083
-2.0157305072417313
-3.194348970962381
-4.137857207810235
-3.4522192389385853
-3.745546578698998
-4.351192542575769
-4.490957362065008
-4.132035405691318
-4.8911460474419695
-5.804204051088681
-3.5884120304499803
-3.925978977349975
-3.945625679442608
-3.7455172145712994
-3.63342419110436
-5.175693150784397
-4.336862530087744
-4.8096429428238325
-6.265450653653485
-5.044127480124195
-4.940373588523051
-5.302150931985845
-4.2152745951341055
-4.740221306555144
-5.810681714231136
-5.851207561691851
-5.9334163209722375
-5.2750201402820895
-6.1493412120761946
-6.978483677199522
-7.918685869430045
-6.558085101011586
-6.655343091718394
-5.4774171523018085
-4.951383491519814
-3.7956501029066314
-5.194863059708044
-4.930031551436036
-4.663168451027855
-5.813480709734225
-4.871270510717809
-2.974392388347822
-2.0342049043511863
-1.007742040490125
-0.9607628583962282
0.7687379389864458
-0.13129250403499926
0.03478317796553079
-0.6221366177233876
0.940596462980887
0.8274089516543358
0.16016329685206793
1.534567263699621
2.207248440907482
2.471031912067041
2.348085531728911
3.361955336225132
3.8291008879741835
4.154383757177418
4.291057579310579
5.14161094056542
3.9972400558370547
3.269969928012054
3.90566996899383
4.110671739781138
4.021462839907302
2.709677775885812
3.4803094081541532
4.671738310597677
4.737873123393022
4.353873221345263
4.122773008274131
3.6611585667647444
3.352384730498466
3.300118806281328
3.7275548950778905
5.886078755396173
6.970822096827092
5.424380361349935
4.767687952206266
4.238590288331682
2.711774689662132
1.774306502222807
1.7010558501434618
0.5313661027799871
0.6968281722563228
-0.18007173915645167
0.9501122717241
1.2278132441526972
3.0118528011439687
2.3249638505444254
4.336828140904701
3.74608820130326
4.277051821457067
4.920806926813203
6.256938448769329
7.444686774049718
6.725944022497598
8.806148554112749
7.523623186095508
6.810759244995496
6.23039933154948
4.89240401150019
5.800919141030237
5.877241667472606
5.1075297691941755
4.2164406367353555
2.923427579459088
1.0778719479894385
2.5285424367524643
2.139935456558975
2.18502169922196
2.058057662781804
1.9758288176743128
1.1308831458388462
0.5265912685262709
1.2316463914299052
1.5823306378250102
2.1413586617343543
2.994138169135919
2.2406251586904813
1.8695911492035298
2.1967110497243345
1.9576307435055313
1.7851888900792885
1.6164661079327027
1.9735048424376125
2.249202860036565
2.762117926132229
3.631439127508092
2.5364417185827235
1.8304118821730704
2.9614374880565633
4.0599217463462
3.9975792810916175
4.463312674721268
3.282117791866052
4.050607706042514
3.017449098488417
2.711333342967314
2.466597003413923
2.7925625408180124
2.9138072709835656
3.2062007333715625
4.463307206307898
4.3540012258325556
4.0231867616818136
2.919781717528842
3.1251271200124577
2.6201051122487815
2.188699442973846
1.7562228751100646
1.0805615372927482
0.11340680948297639
0.9843349911295539
1.0845304727311906
1.240104249670676
0.7875431511075186
0.6701156687334835
0.5611639193214488
0.18483508606237725
0.872890707480947
-0.13603909545426865
-1.847249255159285
-0.7009418421431965
-1.5371510544515488
-2.1111191020387667
-0.8229348650349768
-0.39119131805854374
-0.8797305534605234
-0.6997975015942582
-2.0447606318889053
-2.0341278646634984
-1.7215985175192081
-2.1939302149882756
-3.202279357825982
-3.420006165304581
-2.807934580586786
-4.3023479329344
-4.281430420323445
-4.113689196303137
-3.7726374309380417
-3.1514532299694284
-4.037240034474866
-3.785569218041823
-5.575995891968669
-4.131605369254774
-1.4119943541373492
-1.4940926445526923
-0.7062246098179935
-1.5561026176737698
-0.2463191750653725
-0.684986157923082
-1.0053908174939907
-1.5035376176012465
-0.9474521093552853
0.696745081649687
0.33874100071731433
1.3041095032843466
0.7090912769467469
1.111436650309468
-0.7959674158104035
-0.27109519768360346
0.9225435540290308
0.07448126483855565
-0.4188260671513716
0.6191470570498471
-1.2607483824492964
-2.758687753355436
-3.046566242104726
-3.972613175353966
-3.08950708746789
-3.4700700401408655
-2.8937251668337187
-2.862045693116924
-2.686665095506215
-3.0533618295836575
-0.51174685951806
-0.2715678974859723
-0.5002864692388805
-0.7169485253803113
-0.33512984822348135
0.05261150614019319
0.9525898857547421
1.916750757148231
2.3759393652967926
2.689185682393792
3.485807273033635
2.5650985191411317
2.6946018534282725
1.9276648991011636
2.336708779151686
1.3539477538198499
2.9099482760358155
3.435509592485596
2.5896556132961326
2.9889025920837935
2.228447094752692
1.0671454487190442
1.4071604480452962
0.9069247568915615
1.0578426318495753
-0.07754390490382856
-2.2134551592416534
-2.0805545828708927
-1.2483925187605802
-0.08594650428133568
-1.0400862227899743
-1.3478205374552152
-1.296072217946956
-1.3098331063530226
-1.718854044316541
-0.3303811088701941
-0.008487292483600514
0.25754118231152023
1.5386114630680099
1.2954744991792375
1.9162278661940453
-0.42041553386741093
-1.082746867968717
-0.0048165265771134
0.40355432455668555
0.2950141962037794
-0.9198521116377918
-1.4571108568063043
-1.8917612908355583
-0.8148734209696649
-0.9568734183351493
1.7494006895150407
-0.04012457814044701
-0.8341647814490668
-0.3081843627860344
-2.9092139034876916
-2.7494032670803272
-3.339425763375131
-1.9259844179383434
-1.1141414511432293
1.0065332810334322
0.7388900004592391
0.5977725345386955
0.43017440559970405
2.3450381988703652
3.4224206666641517
3.05783853092404
1.913655935327101
0.7070116642407636
2.578163318462225
3.0042468737464105
1.0829964188767476
0.9506909412020863
-0.850258517135712
-1.0753541609524644
-1.3671001225930515
-2.2116923425756765
-3.0938152945819595
-3.962043543435133
-3.4016085573286077
-4.309161642943648
-4.087347232204922
-4.005471832163731
-3.925193368734566
-3.271635765823047
-2.3966587775941752
-1.2287993333060352
-1.4638753394553583
-1.2739471418190838
-1.1221364762062953
-0.6049431252335306
-2.594260332509833
-2.5071493759454495
-1.5165665170420533
-2.103789648643888
-1.6320680573791368
-1.6722352940822591
-2.1551816293286623
-2.688229580572856
-2.2168782355090535
-3.676042336855068
-3.042021331106332
-3.7144565129001537
-4.495490521638356
-3.2534411543784714
-2.501334068393794
-5.009346706902191
-5.2529484806547995
-3.968851863726501
-4.491046350709259
-5.6077933285608035
-5.502366817058388
-4.011941569655611
-2.543038737699578
-2.2627410534195143
-2.4581280407928863
-2.2558734565735086
-1.0295405999991536
-1.4612834639278196
-1.3990671917590285
-0.7906990326288571
-0.4971834522742856
-1.4704167299457143
-1.7218247761863485
-3.389359594429225
-4.8679788880222885
-6.014638261406578
-4.983972834601787
-4.217896129149417
-2.7878681978083018
-0.7799200615839201
0.869384334889469
-0.35727699155627574
0.274144973854767
1.5649097159470002
2.609093505469743
1.9068810755761538
0.2789519827153825
1.250159765112808
1.9692823249747438
0.436516209297879
-0.20369195372772786
0.08548201499080404
0.41384711627799403
0.6988903317174706
-0.9644305901114076
-1.058171919154565
-0.8545197288887384
-1.5011921610976098
-1.6790949411741505
-0.4636918818408375
0.0395384562755699
0.9789268798718573
0.8275397030318908
0.42001168746353906
-0.9304942425659821
-0.8729812143028506
-0.8062077282089091
-2.492719698306595
-0.836831231032074
-0.7918324796334013
-0.8969902105879346
-1.958687088709778
-0.5828840902085618
-1.4741402153677337
-0.8062003112228573
-0.08515825719298586
-2.021725197414232
-2.4528722630214577
-2.9924035052525784
-5.656698632389365
-6.494927487349706
-5.825179290821874
-5.059998612394029
-6.5122380400738855
-7.237256678786016
-6.598631748095116
-5.345895865976716
-5.718943647567788
-4.821132340213343
-4.079087631234476
-4.636913238692876
-4.911349317543979
-4.4350770181651376
-4.3012107968986575
-4.1494070765759
-5.3904207722651805
-4.559734905252074
-2.5482259334329385
-3.057726864701747
-3.666804218702718
-2.884455516553119
-1.9235667068006654
-2.8918253858894722
-2.0221805662451335
-2.6331567953545783
-2.8312787553543317
-2.6263157966819977
-2.956913030379073
-3.2799287112391373
-3.514061388591742
-4.555293598097223
-4.436593444101719
-2.5488460634917334
-2.581990421667339
-1.933054238695525
-1.0278395541632759
-1.814191763152791
-2.1835586205804463
-1.855678004431096
-2.517151239525071
-3.1028469078433005
-3.2630497362487625
-2.8211785725206444
-1.9233067362097918
-0.604404478518724
-0.14562121480198142
-0.44268522264370863
-0.04443598595598075
-0.6710899129390934
-0.6631592572685626
-0.2935227964314007
-1.3059973125860724
0.3076998797322764
-0.6233502960360099
-0.24052009702951044
-0.6220290834226518
-0.03166796183401906
-0.39279881876147316
-1.3779012336669194
-1.5567183164265137
-0.9415686125661363
-1.2285628170526912
-1.1276364393243823
-0.44046978906455164
-0.6425591432257717
-0.27137936187786676
-1.1747186118964614
-0.4569506430646255
-0.5556038113581364
0.9171594960742852
0.5732586482620712
1.7109928046105405
2.4305367821639137
1.6930218696945545
3.0260867256427613
1.8596640248308784
2.1137668027951655
2.4985988213877217
2.3216787580120837
3.513481412017909
1.90931991335554
3.0877546111154346
2.3146751200213234
1.045928539985948
0.3702006327953211
0.5477438731235761
0.8789156805124998
0.3001158053161658
-1.226959573582232
-0.5381454917808046
-1.030942483201199
-0.7048153952582672
0.22385222894152634
-1.142782570484468
-2.5051974779536472
-3.156242206589571
-4.039439339913861
-3.3096148368175813
-3.0899905052584797
-2.6382524950336284
-2.4554686324646835
-1.7555369069381366
-3.8761461516800044
-3.757513659130451
-2.515195087018283
-2.883808086737654
-2.716219276837991
-3.6678640632122192
-1.93030011235117
-1.6142525597790303
-2.031668487033705
-0.8269779507540891
-1.3150008168017526
-1.3811532558018293
-1.3926888719660853
-2.0736744448735758
-2.094973916383224
-2.31511885738001
-2.0712478397262366
-0.6429279936693504
-0.16335471109637908
0.6912867862821162
-2.016317803221745
-2.4115669052740243
-1.6159303948365928
-1.9037526449948703
-1.5168532241378494
-0.06926932041588345
1.6076346770735903
2.327823019653847
1.3309024724201726
1.0210213858198591
1.0019782013017347
1.27868530706882
1.3170036544203276
1.2683978476531073
-0.24979684235491006
0.13806872087333244
-1.872739998003349
-2.7900744609823005
-2.678338800083889
-1.0473273667533831
-0.7470949863281712
-2.112010430233848
-2.0469443747262526
-1.8234083934179255
-1.4536172823095557
-3.3521236824603355
-3.5566340565852217
-3.8401421115888126
-4.790933330402171
-3.887874586827664
-2.8904617293223307
-3.4197743041848074
-3.7007233807367372
-1.5547664041016152
-0.9833485318070394
-1.3708515652147986
-2.513663354370095
-2.487758738923164
-2.9907774459540706
-3.730915144708392
-3.668982303674265
-3.0277086044399733
-2.62944671256358
-2.0594568529942157
-3.2376397806710444
-3.2378755022974266
-1.544732424463489
-1.2292658114489614
-1.7091281408435448
-2.186529817321208
-3.114606506382618
-3.0971997961606057
-3.1458434654448486
-2.3784973537590792
-1.2287287227811885
-0.7853622394815476
-1.506850977977104
0.21678492613471215
-0.25235115145147025
-0.5748123019302774
-1.4906313181802706
-2.425434269562289
-2.290479640205452
-2.7355745936051914
-2.157134380394573
-3.8608563180236573
-4.701446275412799
-3.3589462841345776
-2.9193271950068747
-3.207211317367628
-3.7264343893105636
-3.3538836599305566
-2.951598243745996
-2.1571393192412445
-3.0810922624511776
-4.205990208382774
-3.070504145618794
-2.540675289011648
-2.164425228293763
-2.43178903794842
-2.954444845756861
-0.987684295233962
-2.138428978935186
-1.778314344109712
-1.4479636684444133
-1.9591212017522848
-2.8524389923934153
-2.776555064729824
-1.612324351159261
-1.7499818657460036
-0.6036490758493545
-0.24719026711119868
-0.6828524289721571
-1.8153835920445396
-3.7957254769081104
-4.131588237793498
-5.124773964640562
-5.684674625376012
-5.433995364677875
-4.154976293322846
-4.632615806422111
-5.392982172299956
-5.830106451811516
-4.436684670685526
-4.595713845150348
-5.766798881548531
-4.003188590542848
-5.904484678755597
-3.7468674644798026
-3.3393224246364595
-3.0611988087071333
-4.648872062432891
-5.8549439629553905
-6.148207638072021
-5.773886566519909
-5.2396638969446645
-5.567235848361212
-4.86467049302907
-4.56235807134597
-4.563069750515115
-4.42172479095255
-4.463088095040776
-4.62521301367733
-2.702462349441974
-2.355478784617011
-2.783533111976614
-2.7148665948812023
-2.7780854670948405
-4.827572317182351
-4.378083984860032
-4.98579103149113
-4.453956111408424
-3.6923777310035
-3.087757625249287
-3.549492160850308
-3.3513979367135187
-4.488759147211666
-3.519823180082308
-4.017104548719411
-4.276948800787408
-4.294861311860514
-2.2688353909064967
-1.0573514931525085
-1.8389719068993047
-1.5978009146115535
-2.37605196130356
-1.0663219375537252
-0.6762843700183289
-1.8883356476768312
0.4954822276190602
0.012926403222045732
-0.5304824846419838
-0.16445084917733238
-0.7739660712489034
1.006392624871244
0.5134050305922198
1.3205873823237313
1.0391624077911117
0.04515174991360052
1.8615482960459775
0.38068147398109003
-0.22906892630963532
0.03772057537014213
0.3174802369107658
0.819574736443461
1.2773716809381395
1.0787409630050875
2.915063234246797
3.3080214894285955
3.1089162181945458
1.4827585872893079
2.5500814592460657
2.7930935069255693
2.9672250773397177
2.2440256099150147
1.1789101770867962
0.5639388832542206
1.0715663846040167
2.0922930015854826
2.25438496157339
2.302145122015639
2.87427296085104
2.7146100774645934
1.7386553131681415
1.7379707468544552
1.6840252309151875
1.8638170173801858
1.5775794855992304
1.749092010002687
1.0488224532542412
0.6412450437905092
0.7774043362766119
0.6661491315821493
1.2300608073771655
1.385905261045941
2.336026771935113
2.429404151274822
3.358445913694018
4.479621299433748
3.4215086396880565
4.0402532085632625
3.4883183151132853
3.5838141613862082
2.3456206928366568
2.0561670496405027
1.708463377235222
2.505437495714175
2.0995059113338113
1.6741889416982434
1.475762263025678
0.7085035953758637
1.0720221567749006
0.9214102354784313
2.0701922318905264
2.656408694393705
4.439045599863015
2.237564234216256
0.7038502092720469
-0.5467906541389226
0.08710851105294581
0.8201679523333274
1.1328253550998566
2.9085146857043105
1.9670814524164997
1.2162124805057006
0.5955182272083647
1.0183445191536176
-0.6125993754657585
0.930100719286151
1.434522728976398
2.3983809197819115
1.5258959474197056
2.0736609358104006
2.249342214753287
2.471312147396973
1.0994243986527195
0.7431251205634006
1.0085242158053689
0.8965253094788419
3.054725104985941
3.062200553502162
3.0104992543628386
2.307617963929946
2.3028892722920746
4.007808133129881
3.4864276094154145
3.3672529419042276
3.3195744529995026
3.460968753696926
4.265696194748476
4.407102845407344
4.08937575107253
4.131316493752485
3.5908795558390922
4.2755649592356715
4.280965288386784
5.036071678710201
5.885138159812159
5.820424690539058
6.038807111709196
5.022155985426365
3.590876894318767
3.6024985498672057
2.9550761084642567
1.945334193534467
0.8420224028668502
2.3084028290344296
1.2341930014367581
1.4601213611110369
1.5911848154528174
0.4365784047314434
0.3828780149741412
-1.3241288024160702
-0.3448163757025159
0.669777397378192
0.3251997900172935
-0.5506653230515715
-1.3777441008789117
-1.3360449640527274
-1.5316127986819412
-0.790798372103547
0.00836508120650025
-0.5570407861991011
-0.23665579324250335
-1.8746072900748476
-2.3354450179978445
-3.1763208100801483
-1.7524361258956407
-1.7009859197228048
-1.5967744199090328
-0.727247616356563
-1.9915396327573323
-0.7049364091351219
-1.29480057179966
-1.6360125070994704
-2.3464517534598976
-2.4223758493075898
-2.4544766486500946
-2.720883049122997
-3.2833553575791576
-3.431602356933696
-2.8737782311927575
-3.1824423141659497
-0.22022099488207064
0.7034731527788566
0.19957329578124666
0.6401937434981883
1.7840347489106527
2.7005468559071053
1.337337569114065
0.36505856190471364
0.2986042632472736
0.8341587193682446
-1.0327030231430239
0.22140688722840196
1.4818711429112255
1.1877290251212922
1.0350981252231928
1.9594730231170439
3.6998220713544505
3.6681073956130996
4.03797802357929
2.7542273935116626
2.4160940861371447
2.3903126611139043
3.465182765674314
2.204624499988813
1.7556543362254091
0.32743041172752674
-0.018238064026697254
-1.4230901234138922
-1.010594019491318
-0.8255888342965308
-0.757911682737402
-1.261267190726958
-2.02148933887199
-0.7607233874469902
-1.351867813617223
-1.3772405350952854
-1.2215249777881134
-2.8567457999975883
-1.4306594132066095
-2.5035753616461047
-2.352353835854156
-3.15506167639298
-2.05084782192576
-0.9503029917073238
-0.4010570156532251
-0.9323184632759554
-0.4850777222496495
-0.8155188199440951
-0.27358092336937506
-0.03343697828759001
-0.46085767104793857
-1.662315191714355
-0.5311740905421497
1.4461365490925269
1.2971725123476137
0.8680059736791187
0.680767434540446
-0.02615139350790821
-0.18488187091520997
0.5797685666637122
-1.1913652663677297
-1.4763637535876772
-0.3446812100428278
0.6928333020336246
1.408251250547738
2.1527355222534097
1.7723958348177493
1.187536479180903
0.23232901381237303
0.9960680771521546
0.6892787784040998
1.5419868770426066
0.40542989329468226
1.9839005336515794
0.8637208329596278
-0.2032648551665926
-1.1133165703687464
-2.1119188251329017
-1.8702359875417198
-0.8203145226075869
-1.5503052875123378
-1.1427313064825557
-0.9417791654917668
-1.2416219760418539
-0.9348185773688863
-1.4209039548473903
-2.2419487884629175
-3.0280523362828453
-1.9931360997472625
-1.3117118727744694
-2.025660231815407
-1.8990222073987928
-2.8155197573371282
-2.2814325554455155
-1.6732676835670381
-2.766215175793884
-1.8622548145072477
-3.492597546266773
-3.8346958787635557
-4.216573676616156
-4.703785993519203
-3.7946657127406422
-4.61715970399098
-5.94981576290147
-5.738726166837634
-5.381715036240906
-5.116947806249803
-5.363589140235587
-5.32002419916112
-5.17671835185043
-5.825964221903069
-5.548244299727713
-4.568872273477996
-5.626443468836999
-5.10706557815733
-5.2002161228156965
-6.735408408915561
-8.52625058885645
-6.489326407216797
-5.8375775225399185
-7.852381217510623
-9.48653928916142
-7.505878386359262
-5.923087958386286
-5.895718901413879
-6.332123952269805
-6.263153165156673
-6.701380818410571
-5.225685044163559
-4.5146852655464365
-5.326079722804594
-6.598754863179589
-6.323131493502407
-6.661578917438033
-5.743777282518751
-6.055072731894053
-6.139322379486603
-4.781185892993385
-4.22900055247629
-3.8296086379349807
-3.694163128260344
-1.6972790542917318
-0.8538704004315072
0.48758266366258307
-0.8370747887528306
-1.1420235594661896
-1.698139441866992
0.5196046902529022
0.1927098904691813
1.0884537989839864
-0.15333596681039507
1.3915161043779105
1.0139686487689428
0.3042522547095974
-0.3417265510383116
-0.9853766223456956
-0.0998626713880503
-0.5730676647935463
-0.810902400897035
-0.012908842014047243
2.1878130783319505
0.8320223529678417
0.3367866722939012
-1.0123816749185623
-2.0703860792643627
-1.6257509477682501
-1.8191517214339048
-2.6803613028701836
-3.039943851275312
-3.6147807397410427
-3.663254087164748
-1.4560468759776375
-1.1615488392091324
-0.922860962482328
-0.5254989273662434
1.2251387680454169
-0.22486092788571288
-0.32714606326442863
-0.3159622425991735
-1.283164907179802
0.27550157662669655
3.3083703809371046
2.1934961958417585
3.3936548488722442
2.3985204435597907
3.0212716712386944
2.101836994430307
2.3542692682713713
1.8578890714943084
0.919523824776978
0.4498103007273326
-0.7808337999026899
-0.07394050403181582
-0.019345719979377597
-0.8151869102022249
0.18776240691250234
-0.7264830733582023
0.11624288591237054
-1.323644388534065
-2.637953084714927
-2.1613084180631104
-4.397439667274587
-4.0660599424106625
-2.1377027579074124
-2.0997079740276043
-1.080816203867109
-1.0023844096521146
-1.810796268585318
-1.1978833936509619
0.1957683048360558
-0.8425962766657218
0.6705237440334058
-0.5032070654209135
-0.6812479833218246
-1.564999437861379
-1.2859145139637218
-1.770352734307516
-3.375681328192674
-3.1871884061731217
-2.546210427131577
-2.8885213462990307
-2.086402856384132
-1.7582069937098552
-1.936621629282969
-2.113617620106414
-2.199460196617102
-2.7715975210932573
-2.782414080790638
-2.4931182087937827
-3.1640015429430592
-3.6482495442778275
-4.6224325935956925
-4.6273281315290395
-5.296460669247034
-4.819745981076523
-3.9300964209969775
-4.619983028237434
-4.698868127532322
-5.40080628048224
-4.601863514163248
-4.55301926505738
-4.934479672254808
-4.438653024687294
-4.496213916989718
-4.404540599594107
-3.211807907010631
-3.49361686114104
-4.1473634110673245
-5.280584029876007
-5.1838474762176014
-3.849921872913237
-2.508666727767314
-1.701157961964515
-2.7630650307278977
-2.6142646456380105
-3.2433183745592884
-2.6716363233383014
-2.148302863573334
-3.7455293229267905
-5.728574253813505
-6.552328671456163
-6.043899637791107
-4.653094518185956
-3.224372742058031
-3.6328242648969495
-3.6146472943248984
-3.977432720711779
-3.6884685919534923
-1.7263329255845195
0.4332325642056266
-0.2782715994869399
-0.8846305815121809
0.3528095973242642
1.669724545782979
1.6481940543868865
1.6080857099672998
2.1006681068013844
0.934047641004748
2.939841709995805
3.4429121715725874
3.298450209961258
3.1685447611799837
3.051586299183339
4.175122671163005
5.730442236653078
6.759150554482027
5.8653166744034495
5.817677451847845
3.920411797722978
4.848081827115467
5.295777644849023
5.943326464867003
6.238281803448649
5.6711499332284285
7.903849138373782
6.3645315156259334
5.87819560051639
6.0594467365549685
5.568545673506777
6.698771177383278
6.695784170055198
5.11189278278857
6.643046206723084
6.264035910645064
4.834372998080548
3.6936729547545
4.20356152293813
3.899337978202118
3.177819617469119
2.1580213594210025
2.512739699243401
2.0246597349887048
0.46996494687072177
-0.34889504668148197
-0.8761777813740194
-0.9567082519774763
-0.6780495683545551
-3.3542560525738274
-1.8776029582335638
-2.0316951817550675
-1.9770465710237122
0.42914906469283487
0.38687439982228067
0.49866019973142894
-0.5588689348212825
0.8714471068441293
1.3602170990932607
1.9397881459987554
1.731415881649408
3.3357458680840195
3.6925249373687725
2.4602951385901672
2.8436169529888558
1.3324195867140494
1.6875442883477236
2.467286895420364
3.1649074861357347
1.975149413422967
2.614427145818725
2.71835032404165
3.710208869286846
2.196088331261611
3.5310040289032285
2.9728363551202253
1.511279479080551
2.132480731498086
3.0358721297424576
2.4021941342583957
2.5069666037368856
0.9335846271327193
0.13273335237481537
1.3830518195771957
0.2917643899978263
0.19255525295333847
0.587202611034007
1.887534964790205
1.4876360492279264
1.8401265982995683
2.065878130219607
2.3197907274586544
1.4189092018453575
1.092434561840446
-0.722015100467065
0.5381955194553105
-1.0932854998919976
-0.40239883858920134
0.23525983478326287
1.519475000874671
1.3815644656849166
0.7798205492263662
0.06177633937839294
0.7171475002861365
1.17810466949862
1.8847097657649887
1.3148967794240118
0.829703043800252
0.41787423908184035
-0.0352362746087122
-0.3218245989680093
-0.8484757964491658
0.07523883888792741
-0.2844449338341708
-1.1853321178972682
-0.6109812450706198
-1.1526215514168308
-0.7673951662939651
-0.1537805321566697
-1.3125011464307466
-0.6120998616547204
0.03503060620614404
-0.17177411378658075
0.8600582366223664
0.11838965602520599
1.1823818276130589
0.4464025896961582
1.3561978064752798
0.8627531087377256
1.833936268159577
0.20309515441499587
-0.5199189891938275
-1.5157644987929564
-1.316731089954673
0.07964507257527029
-0.04779642436002943
0.35784021142465927
1.0052777602405887
1.1460056438004484
1.0065890703235159
1.5566336942374746
0.32691676206429016
0.2603813329005152
-0.3163547479049331
-1.4793500397432546
-2.5918098487583405
-3.812143747433736
-2.832194712290351
-3.148720944140388
-3.6588131480770762
-3.96881925543426
-4.252652246737595
-3.8966575501867773
-3.5024844524642407
-3.303160978548255
-2.3320165698157496
-4.2555831067843695
-2.6861345214044055
-3.753433080459599
-4.417688040147999
-4.966805188706245
-6.262721002882754
-6.720924565419352
-6.948056779661423
-7.793825625430095
-7.461632227077238
-8.892851385973156
-9.404808783974163
-8.89909717269083
-8.410127700718379
-6.92789407922507
-6.633827415498102
-6.068216869717267
-5.916792834655355
-6.69267594927993
-6.602864390994247
-7.986862766052704
-6.2886098630238525
-7.239141182156521
-5.695008207156861
-5.641798626414733
-5.209535883407199
-4.307727070212107
-4.715060463138834
-3.4738186455780915
-2.658300882689496
-2.2630125607593916
-2.236978677166179
-2.118476439929734
-3.2992701732491176
-2.830983237001901
-1.8480987140683216
-1.988911126556501
-2.720759110173688
-2.4588862117010915
-0.4330015282503571
0.021224923484628143
0.9477112995668335
0.11104536467845491
1.3101055216033666
2.4930644309306027
1.807457287724897
0.43912783507250913
1.2078921707666381
0.3803147764899845
-0.36032024762902864
0.16819762162602467
-0.43105935367866993
0.2253134491120719
0.16750283936595173
0.36912035150412253
0.8062527840948033
0.9336691307339339
2.5294600190963914
2.239902582229562
3.2374311211577775
3.7337826474460294
4.075592168343037
3.248120011345072
2.786670169696824
3.340207140703195
4.444729036601832
2.0582184560367245
2.8221765392330975
1.5409105934538552
1.1016011009280624
1.4567154725450935
-0.23374090278145043
-1.6246959072815625
-0.42216663370110435
-0.8868148818200766
-0.01875069812202474
-1.250525851532408
-2.194961290518662
-2.306250168799796
-3.3216737538234304
-2.072701487241325
-1.1900198266312678
-1.641127939535863
-1.2332360722305031
-1.5564295554586711
-1.691245431163181
-3.649219517174966
-3.8328698547992937
-2.417477943278758
-1.365649797468496
-2.3353967330832925
-2.890772495239488
-1.5542325508029067
-1.0735467946826656
-2.7355794107905087
-3.1146232362704724
-3.1819818806278826
-2.4532247293627307
-3.748283298120111
-3.160804258489555
-1.5102733260555987
-0.9646366252878582
-0.18112725298301047
1.067829051579228
0.19321430709573376
0.2520188283441832
-0.3225731943382577
0.7858371742527437
-0.37038352714276157
-0.015337249012438187
1.7345447663428828
3.0307562533720973
2.539909419322541
-0.5106040014644417
0.4866089598840451
-0.056564205506526695
-1.6484287964677693
-0.6029262785959002
-2.2065287893250995
-1.5466240548611
-1.4865933164950746
-1.041350628223494
-0.31807506196199486
0.6820168829477797
1.8076671458496567
1.567880438060579
1.9551408901455187
1.4248723965451395
0.8647787764078881
1.643643226063201
-0.3459676635815004
-1.5568403778651458
-1.685355939746394
-1.1077655637825017
-0.12161743116543916
-0.06869004150394836
0.8784247371052281
-1.4610746934661627
-2.4105924828508907
-2.7803018672527493
-1.4416638714200503
-1.6556763084235369
-3.027271311667145
-3.530863214628704
-4.135298294582148
-3.6778977550580385
-3.7094699506203686
-5.109369526880414
-5.655334606690578
-6.4299706169566795
-5.861325693994506
-5.046921311994455
-3.9500966430658218
-2.5818007563535437
-2.794184170651442
-3.2630111058978843
-3.6035920549579683
-4.3167583847513304
-3.3568108189223578
-2.785695855689799
-3.9484209555857683
-4.195079895167602
-3.088014318574787
-4.359115544215731
-5.228780401016984
-5.107544458170395
-5.844096175304564
-4.3332287947690435
-4.704242086055741
-5.279718089845896
-5.803176621941208
-5.088716262481729
-5.474562226344556
-4.258524022231686
-2.9606225202688257
-3.9233298184618803
-2.734879741218501
-1.6753850284514453
-2.1607939858877607
-1.5809265742390517
-2.0889385968122807
-1.4341224467439184
-1.6125344762826361
-2.3799903863503524
-1.5465562711765246
-2.400159313862697
-2.2100644627840715
-1.0377729464000427
-2.908202618308617
-0.5823909678031991
-0.18494065828274125
0.576463869621296
2.4428168176647276
4.418574110202337
3.055195389118099
1.5903496280825729
1.5732706981875682
-0.42475233796323697
0.1486315788175951
-0.21342111390710228
-0.09366376526258727
0.799720634253999
1.5388894505349524
1.4770676319521718
-1.586371809338671
-3.63067227553136
-2.810331974064109
-1.6994902555229128
-1.4354826826524738
0.4883601804827208
-0.7904296224234443
-1.4162236283738472
0.09061768451137851
-0.12708877576921476
-0.6238377675359588
-1.4508393675709457
-0.11787292314437814
-1.8084030413587793
-0.6316015708476526
1.2548102085758017
2.593519718977505
4.203473918046493
4.337908949699462
3.7028297170320985
3.497582353302916
3.4730620658169653
2.038454845945422
1.0007219694139207
1.417959284348778
1.037590440654579
-1.489395922173262
0.19707942263927902
-1.0409812146586048
-0.2332388280511799
-0.5246040033126748
1.0291343856642237
2.5910961722019765
2.382207788249339
2.613775720578285
1.2967571388769725
1.0343622699102792
1.266379261281757
0.4646049062022622
-0.6125584026344493
-0.557038897365409
-0.017261601755847247
1.200477300364612
0.7248211421394348
1.6403132357427144
2.067095611360795
1.4214414348344682
1.6104608849907966
1.9063484227166232
0.7953311538546913
0.5642573670057315
1.3633010580940643
0.37191530036316967
-0.0410911950707441
0.34343030794592494
-1.1191458382297381
-1.3622804312701216
-1.4409406204228083
-1.7133549966189996
-0.1548536086203999
1.308246563063686
1.5317473873023641
0.5835630450181492
0.6122817562343171
0.33086519044511464
1.7264508081801684
1.0509421721764431
1.0056530244153403
0.4248193980790505
1.1439283027359088
0.42376055456456463
1.685962018976654
1.123254110407281
0.4172518961585095
-2.372182350728077
-1.1050377497224009
-0.7549182800907709
0.28416759860834784
0.5105424586267309
0.23819213531000788
1.242419681317503
1.6691515817250466
1.5764185113718814
2.9780224572945224
3.6433567280370083
2.782765860124729
1.307243256733175
0.7273610210509746
0.5159184915810009
-0.6015736540681228
-0.7332763573706766
-0.5859997678594583
-0.9910555915697894
-0.9818221752151414
0.15578147880366486
-0.05934001004913764
0.2906945582511531
-0.09546699607219623
0.45897915489717034
1.1134039591665725
2.452545726788458
2.267755026988926
2.2358785352290274
1.132307733025729
0.7759602809766369
1.3474915366484652
0.3297542618695699
0.3044581912796041
1.0800643469778863
-1.1155497622256167
-2.282100770273443
-2.9048920931962448
-2.604397842768453
-1.7352637388143979
-2.4955355283457017
-1.7647066927879267
-0.9045375636244445
-0.7151097871531026
-1.1406052073580315
-1.290496890100328
-0.2606434865600321
-1.3582593372567418
-0.5617343095145623
0.09119810250783422
0.3147824846896344
2.4163669227769224
1.942466474068494
0.5404852771024986
0.4222543674069054
-1.6555983547679527
-3.363411690165662
-4.457782959085777
-4.266215253167954
-3.3648824815716147
-2.8305850868772655
-3.4542305457328712
-4.120742254013219
-2.6789549061236517
-3.189376306829146
-3.574761519217924
-3.261850214764935
-4.392044755904623
-3.817104910440394
-5.005417201516528
-5.834527144639519
-5.453589997797042
-4.596606325029991
-5.161428117352759
-5.434893311414365
-5.731912169311984
-4.258563751994161
-3.3804110782328034
-2.3371725704891957
-1.9475330192402205
-2.8659832317353984
-2.2680597265040703
-3.3178927798510744
-4.280734198824377
-4.254492417114265
-3.202940420336363
-2.955415567766744
-3.938866166777112
-3.9814637463184264
-2.448033981854527
-2.0138121065333072
-1.2382383642550907
-0.49958289141859386
-2.340735015541874
-2.2377729182368604
0.0018066449043683645
-0.182035103139071
0.7990171113114879
-0.7965839115360407
0.22048662096534394
-0.5112476130610448
-0.3306081291380637
-1.8948734392743354
-2.607580950592606
-4.220227355249469
-4.591731989869041
-4.4836121841833965
-2.6374944543506627
-0.8567727662190623
-1.0618719557752254
0.5987445312380583
0.2854503102973217
2.4178238581449283
1.008879822541789
1.9776146062026647
1.8386969383534852
1.6233350815721135
2.0920600985063693
2.6424714798786333
1.887267811754688
2.404059432482156
2.5171239983515603
1.979448397531942
1.9492074114198303
2.0330732677000825
3.8056964711497114
2.3996134425417317
3.8681178389436925
3.2518429038696794
4.005324762681928
4.817372162053511
4.4277066496837625
3.805254463394337
3.7333292962511035
4.605625254441312
5.022671734067928
3.979606061840279
4.414676976505581
2.9989201080569403
2.959491241933177
2.9364589340317946
3.4985366171830776
2.782468154027825
1.3403467050537694
1.4478344411864301
1.140523965944166
1.7661358508412799
2.5674716408102674
1.9084112243689275
1.6452870111584568
1.373625155946875
1.5677805172108679
3.7199486731301694
2.639764834920542
2.3073999637468026
2.435790542780852
2.701106992642635
0.24952330651516258
-0.4690430914928622
0.20458453770651844
-0.20944246916738546
1.1486229126330776
-0.7468171152628449
-0.23776662175570037
1.4730912846382065
3.0304628433429084
1.830348956719972
1.5660979279619611
2.11686147698939
0.2208300442838004
0.14166306292740716
0.5855082128717595
0.42842821732577685
1.3051178553674267
2.2438989176269737
3.1403162062794636
5.269499581234095
6.398776189637125
7.773884729184812
7.950168936468879
7.279754932288656
6.439375232427009
6.667332852318451
7.0208565272603085
4.94440516984658
5.82899587272354
5.214201856728769
5.747526419761076
4.681900993552685
3.1997438120977746
3.664247071596688
2.626850025009304
2.9353031333198536
0.8395103424868857
1.1188151659994767
0.938799342380067
1.0991424339210076
0.45590112056711807
1.47632602610935
-0.9433120284666289
-0.6198499018200323
0.47854882846762214
-0.3415976872658177
0.1149253908359232
-0.13327781088774845
1.436563890995163
1.1199302505602917
2.3055966828859535
1.593871446428846
1.301029308193268
1.322545573132064
2.436903784464766
3.274880532484241
3.2377090986807464
2.330761877865693
2.592485186817899
4.647048909171673
4.452436815369058
3.989825800046936
2.5409301822558814
1.964762487005816
2.9441722181732413
4.998286544047144
6.548024660923577
5.939213036205001
5.628221639335092
6.148979766803525
5.70846962323458
5.872784673458809
5.557117700146424
5.2054454688225
4.364008706296991
5.427602607002039
5.752018985621444
4.176984456655804
3.1996187538882777
2.4808905189115613
2.406168773448496
1.389131447199755
1.288945777828163
-1.0582913366641185
-1.0991547092407108
-1.0255912339853235
-1.0085118982643562
-0.5136687030232477
-0.9175236721805717
-0.8986879578958974
-1.0459129486565633
-1.7529173478584212
-1.5689194362683927
-1.8724774709998042
-0.39544100885273215
0.14747313070013218
0.35788555932972366
-1.7625734136496964
-3.468211232262737
-4.092078852711891
-3.261204497708936
-2.965166752797404
-1.7149327002267474
-0.8591703356261406
-0.6973685112984193
-2.558280528204225
-2.8649793371745815
-1.1496546245505344
-1.1005551256613495
-0.24754157769091928
1.0982246746967526
2.766829573658704
1.9442821849443137
0.46840409511714554
-0.11004025328271971
-1.2110335814346178
0.1349498562321264
-1.425688298566112
-0.9529601716849985
-0.08733527079485856
1.4520669231212067
0.32227801706442716
1.4287920860448835
2.4672033007331167
0.8625052058021093
0.2959842662977311
-0.5550404895242634
-1.2457418717651902
-3.1432941960090264
-4.678465768695278
-4.441539152166579
-4.283174771409866
-2.7284465466061385
-2.6812188524818388
-1.8748303070679706
-2.984934148155514
-2.085112779867364
-1.8416134680211032
-1.5372388872264386
-1.672975164032913
-1.0593894077705333
-2.111591046828925
-2.662504061737991
-2.714136140931381
-2.2292812589229074
-3.029141183492376
-1.6259895870639873
-1.892392966947932
-2.4969517488402597
-2.978641239395882
-2.2400368285815393
-1.9244835264298163
-0.25466018696853326
0.6082877969979745
1.1751498983149156
1.4021101452297193
1.2177329854196726
1.7912149812732538
1.5499942416536714
2.307911679272965
2.327878894166391
3.545050261877175
1.912041735556307
1.0072667570386642
-0.7638780616520204
-0.08876434076893347
-1.4560904387118017
-0.6281430577516872
-0.34112647718010425
-0.8787019311686377
-1.2083792480445825
-0.6847210490057664
-1.262096316563423
-3.6046186105386795
-2.209022068901339
-3.1160064476898706
-4.878860889152079
-3.4693697850186127
-2.4163792657823855
-3.037349758077867
-4.750488311341879
-5.221267598277892
-6.037160079943927
-4.609048177642906
-4.059233436127523
-4.099274201651579
-4.766836793845051
-5.134373145969298
-6.411928676876477
-5.945938486608953
-5.718929778036733
-4.689739018045486
-4.636491967794125
-4.261982386093814
-3.9834473284139933
-4.33803651774763
-4.892599798240273
-3.280033968169244
-3.560394601315388
-3.620958880078405
-4.393140251804192
-3.185746865569094
-3.8773437356486227
-2.832844047543038
-1.779321932637047
-2.183819219495602
0.20464284974004196
1.064519030270329
0.6640749283982167
-0.6154913695322598
-0.37521834531520626
-0.4912958878887268
-0.6126277789758579
-0.4430356636680831
-1.5266423514643106
-2.0631067740379505
-2.218616238973131
-1.1482009881519994
-1.6423386610987998
-0.5751785305861653
-0.3154357814589529
-2.3595155551547977
-0.6545160482533412
-0.20739622307682948
0.8610983157327848
-0.5784684173397524
-0.9928333848762068
-2.1761935229748866
-1.921398561546188
-3.3338190382852013
-3.668817888164211
-1.53577941608366
-1.5335465797716945
-2.1476628993084463
-1.8875196372189078
-1.3913420497954947
-1.829662878243118
-3.453580548156884
-4.787443624951681
-4.726400656956917
-4.625111773153774
-4.711227121922616
-3.4107391548840975
-2.443331478440238
-2.03389433752233
-1.3437410414826665
-0.012907163802067106
-1.1289025933502033
-1.681245260776922
-2.3871480943460424
-1.3547834561080023
-0.7106487746090016
-0.6807182399425828
2.6455241375106393
1.9591508547606173
2.61734448843618
2.8096497733268673
2.9089911596101716
3.4582700047706143
2.2793812751203015
1.1628623925918613
1.6356712667859203
1.1039153734824505
1.6125653222219574
3.4027820403672524
2.5426352025195906
3.1160872257871044
2.580088609476553
0.5606060797301483
0.16715608554101305
0.8696435320183604
0.7583098687463945
-0.29883655751830956
-0.00047113829625239356
0.6191499485872182
1.1102648957256431
1.110748525213792
1.0390819178200257
2.221154146962852
2.6845980994041767
2.8932741124068024
2.7763582076525615
3.082991769838065
1.6893051870081375
2.063317729888456
0.8317026094856546
1.9071759404628752
1.4226596029599503
0.09836017352737908
-0.09482148307306429
-1.0466411876625117
-1.578631873835042
-0.20522618149823532
-0.257239576437187
0.9605995587768785
0.36003342083440715
-0.7779117077933616
0.7309920251227864
0.20692056352280513
0.5162891104681359
1.1249025236616925
-0.2308034748857823
0.6634000449696261
1.1650537080361791
-0.02850820675469072
2.202108560530401
2.0684977225161107
1.724399719526113
3.2590556597965255
2.7174969736534362
2.331517217966991
2.109231642632971
2.080667472154804
1.9992766049587956
1.2859671540546251
1.8420465724326958
2.2354884707488574
2.6373614779707837
4.255338974576846
3.4484010182100575
2.2798436249723673
2.9891255259142175
2.1722102669275665
0.0409881057635047
1.041280585726935
-0.22738461546406605
-1.109680846073534
1.0831608440877674
1.2171981227804065
1.2268510231548184
-0.07779562294572676
-0.12002958236667509
0.6318339092746477
0.9958411483237138
0.709434622982596
1.6993584168977234
0.7033503218668699
0.3667386932376989
-0.47320441313393213
-1.392575971094133
-1.163823204719844
-0.27692322027861915
-0.7981922947821691
-1.1049367762250568
-0.46656944744631856
-0.8699438439955048
-0.7731482632999187
0.7141064475736194
1.2010955518712503
0.475976919180721
0.0780001490556132
1.2358624962680345
0.849102487916636
1.1983734670699486
1.1432290084297319
1.3626768535762879
1.342308043721194
1.3601327854186573
3.78236792108609
4.5491767862233194
4.797534162304365
5.327455323916799
5.338218488321122
4.76730252851976
5.243775810997997
6.149706105523168
2.623827532542095
2.9065132918985865
2.814493322616543
3.0616161527016614
0.5141169585422328
1.7365096058924927
1.321941391471615
-0.7896984634557583
-2.245197195311174
-2.89268381696671
-2.6169178350084454
-3.2801218824563554
-1.2635601010269009
-1.727805206181268
-0.017954137025526673
-0.818261809995767
-0.9073753605330411
1.2177537723972924
0.2560375268426339
0.6642027314063378
1.2750144428759795
-0.4700460547923988
-1.6845133750798666
0.5377826979291493
0.6898846291942118
1.7685464395218402
1.2188769508110457
0.9200026330730255
1.100766807716254
2.5666792018351163
3.465616477511809
2.440641671993916
1.89876536085332
2.4382149448293573
1.7384862097312281
1.7522611458629738
1.564727569591067
1.6867628952557954
1.4758645815109193
1.1960038857224176
-0.16348175424976708
0.5479762556269303
0.3752206577893781
0.16607291828199303
-0.3381830918640912
-0.7599473902254157
-0.7808325977146292
-0.7934819700186333
-1.1483309536208839
0.13096829348092345
0.4831288847550198
-1.1505593796126536
-1.1482297304227647
-2.7469145204166177
-1.9876962148817054
-0.9351936783477852
-0.7969681614431313
-0.28318782222436334
-0.31476327109157304
-0.12672704751400493
0.2767389034386614
2.135618868286285
2.283028088770842
1.732060667409866
2.0310121068983964
0.3122065433542349
0.9756520947545961
0.3727491978563634
-0.5499371530794812
-1.6321856956887193
-2.0158002711334353
-1.399564698024682
-2.206209643093098
-3.450592824549187
-3.1050185766199725
-4.368332338747013
-3.658349990620734
-2.7732805847121624
-3.529480805861037
-4.0274981228495195
-6.1789092029218775
-4.593985236421403
-3.962629391650248
-4.101202858373148
-5.774756539971988
-5.959282962566326
-4.838414396166422
-3.757951876603985
-4.992246651303787
-4.9312727302239665
-5.705303438985018
-5.018333825463546
-5.9106383617038745
-3.4240113128027465
-3.676895804213281
-4.615023832771561
-4.332401178356131
-4.935397548997603
-5.145578874593087
-3.268760670659821
-1.5409085475538966
-1.4328000143761288
-1.582343729557045
-1.9576021023937922
-3.3963157961635737
-2.0725006004800965
-1.9174165407267811
-3.131066187529035
-3.3746760715016237
-2.915390615788721
-2.1988711853132012
-1.716283366229417
-1.2265590325479423
-1.7359802654648577
-1.7062834582388227
-0.8802394494480781
-0.4930674341286271
0.8620090375160221
2.8137309705670512
2.794239970920623
2.04300698863362
1.560923474197929
1.9924889602793694
1.7973532753048553
2.5394469312851067
3.083054183967049
2.6744076545880775
1.5322106622556606
1.1446945601608767
1.6800640843538213
1.6842705563796967
1.3734020698663667
3.127375281676368
2.4455080347804663
0.9867233167986891
1.7431463526593176
1.2528668042425635
1.0235516496707606
1.8449379382815285
1.2317168720958307
1.0227259722694046
1.4482821615723145
0.6367923654843373
0.4709432968104053
-0.12703439432606722
-1.6627309775281756
-1.0464584860300752
-2.23134065247919
-2.4200418534027577
-1.4714402197750511
-1.351558993933692
-1.1376119513498533
-2.004962950108918
-1.71087282391005
-3.8744162380923086
-2.906613059938392
-3.679771423117559
-4.494302385918657
-2.90060198093016
-4.170535645354835
-4.175773123945511
-3.9309027212813
-3.8522654276681365
-5.280340738540251
-5.403479159707013
-4.979841006986239
-4.778413292432729
-4.335491631744329
-5.1782280950444965
-6.784191045812106
-6.456259952863682
-5.131373655231586
-6.087953052094571
-6.952117986933693
-6.8777600603183116
-5.808233403128403
-3.3170196913720065
-2.9798143301784243
-4.7908448362230684
-4.350984098850054
-3.927848155742698
-3.507518690855876
-3.61270345232833
-4.292578411755539
-4.68189252861924
-4.492266540047792
-4.602697053519399
-3.3495284589896044
-2.185829194589998
-2.32437449308287
-0.7731588520334033
-0.35796030863422623
-0.25040959235486954
-1.169124126842471
0.6482133315138054
-0.5671889723657311
-1.8844288357742471
-0.024186818690289668
-1.0395715309922078
1.5035671744438328
0.29202449213982173
0.002237171615838021
0.17002941612628958
2.6815338005356395
2.2572529149095164
1.7090421216369645
1.9998781939519188
1.9287992820183206
2.6919359030572956
3.078133030447201
0.9317882656398682
0.3054132989620202
-0.24038013960921378
-0.5220155657515587
-0.3027019232653185
-1.0330266920067441
-1.9264054996927389
-1.6351559480058127
-1.312395843164412
0.15484094741757853
0.23069509355227857
0.2697559593491608
-1.5424422551972106
-0.5407865881167059
-1.377811285957422
-1.50048188965846
-0.22986659050753655
-1.135025643675359
-1.4585011844854334
-0.44494758536719436
-0.02058698181948418
-0.6488406149191752
1.0722068257738975
1.979435006099213
2.5982399777309486
3.658328887097342
4.02887087773194
2.328129570090654
2.4894778595769482
2.0505590624250307
4.096503791238862
3.9756102812829788
3.6306860099287146
3.4089649250087453
3.2462358817062515
2.336802949491216
1.6281731422056291
-0.08215173469331431
-1.4371708794429543
-2.252548127706065
-0.66270534536829
-0.6803447415943742
0.3016502294236818
1.062132621748906
1.961051272383025
4.119712518788454
4.620621498595205
4.624795143923797
3.576547328640842
4.649396774529735
5.65183283803506
3.8414996389521883
2.478165102620169
2.0494183243227173
2.4502160975838256
1.4459484375994769
1.165282260960416
1.0516486354758299
-0.3350044376607392
-0.12212981615031382
0.5196521892662533
0.3111298658805568
0.8820353962064196
1.2778439274946365
0.6967708165810881
-0.20899463162869064
0.14372599872118053
-0.9996122923889728
-1.7458605662794862
-2.1261283702884417
-1.2387146597266838
-0.44903644582596625
0.7549418085068699
1.6080014662151947
0.14513143343997081
0.6806760064465995
-0.8037148848797597
-0.23918018200843758
-2.22036561931214
-2.1721971705800245
-2.182892610824305
-2.445012876845812
-2.6193368640121912
-2.853660623026507
-2.1730513110274337
-1.4736373809063883
0.37381417507369996
0.8225696698604699
1.607378451949399
2.323747200610421
1.5163859432830296
1.4878249827292918
-0.2068386750862836
1.9948497506591416
2.6379420965171376
2.0683995515183375
2.2563268119752298
4.2510051179150725
3.0385727622148786
2.6763654122709006
2.695897474579781
2.361291397238487
3.1558535779240944
4.2453101471257
4.834332717543135
2.7582564613461815
2.4855978714083555
0.819176842098551
-0.7329084399992545
-1.4746808016446127
-1.5939961875913464
-1.3359490856301084
-0.7216269723575435
-1.2053434439114883
1.1582493987304388
2.039057226608725
3.586576808476635
3.559223080592645
4.603625212890954
5.359453792849394
5.030746488521966
4.487680889093198
4.538012400966481
5.172085752043266
4.024582218235763
5.571200420120889
5.381201017188953
5.057583742544247
2.712936716407246
2.6424821104364122
2.5246282877063653
2.2994546602271226
2.9953828667451936
3.3301205483508354
2.370583840560799
2.695601204123216
4.119511209258984
3.2970318608026647
4.25079366161086
3.7555536517506005
4.625277807288409
5.327431476682151
5.866685922599198
6.72020517432629
6.21951334695518
4.103238753963271
4.008079712664354
4.674017744220519
4.860466564724992
4.745775327584716
4.432568565375239
5.518399911041686
7.009588527412442
7.470448592200402
7.403498974556934
8.203233882501324
8.146387035894492
8.69463795175929
7.220620691208914
7.290053154755288
6.848269199936501
7.081864292519716
6.477726907807755
5.133522567715816
5.497261497655031
5.8549220806087785
4.467508025339985
3.431143650034145
3.482967623225977
2.91159681958102
2.304451585848029
3.86807080007173
2.734176679814411
2.729716719576299
2.1406764490985237
0.7720887643440494
0.03644410415373043
-0.5807750721587612
-0.23568898740729768
-1.627944891106437
-1.6363895072143697
-1.3078238604855275
-1.5482505069384271
-2.1696025883893517
-0.7869973415536797
0.9188686236060953
1.8797541313207171
2.163039243397219
1.8785684886365766
2.600463938065342
3.7474849868458473
3.115614093984452
3.4169732331490668
4.064507917080346
5.385615391013168
5.2841707012052375
5.489873240359899
5.412291052890298
6.177194210107992
6.0530457657303485
5.737196365761886
4.341662100454992
3.1381781844138854
3.005334819988683
1.804236316070442
1.797535416528329
2.646912637667128
2.527560771397696
2.6005430954684288
2.6573567189252274
3.5698033929359223
1.0967527421231793
1.9831482629289576
1.2317489509421624
0.6839358763081571
-0.6571803493469421
-1.6348669261222482
0.38483992433074304
-0.17269324702457367
0.5298549586487828
-0.6564022743012161
0.4589444300261911
-0.8383020596533528
-1.9617023045071629
-1.988729915196509
-2.230453494441382
-3.3790386524189975
-4.022694353489997
-3.380982488773474
-2.491579174384546
-2.0608345955744705
-0.6470626780677889
-0.5157748254784175
-0.641590299023928
-1.1657673423119725
-1.8835102627055706
-2.4334846456238037
-3.4250756808660183
-1.1340535724952354
-1.1371266283307515
0.7981920585432503
1.2172135988470905
1.0076891596618094
0.742466697152342
1.198364558098719
-0.8880840054670667
-2.2853483153424716
-2.761430853487952
-2.2288416364403716
-2.2569261294537712
-1.7106551983824656
-2.8663389940021218
-3.8836662106368696
-5.012077745655964
-6.0451362590674
-3.8623133967404297
-3.7155190371818483
-3.3769975681293936
-2.9690858099264847
-2.424035549326776
-3.055087909358698
-3.1814488762614137
-1.1566709027563435
-2.10863336599726
-2.4594421244183655
-1.7991406629502922
-2.474311864027403
-1.957730755151094
-3.190709275579973
-3.062665816884312
-3.13606428537371
-3.8031897409141853
-3.664113344781159
-2.400080861659108
-1.6746868996610105
-0.5257979273803084
-0.3016936127367318
-1.4318875820531203
-1.4647867310694356
-1.3628842900999787
-0.37807751175124055
0.6609161246215227
-0.1283882604272863
-0.7277638564415694
-0.1911046052183502
0.9137024307031333
1.551966215118951
0.11615010297411471
-0.5854178657668694
-0.3992349388459897
-1.1223354282625286
0.6917083224708341
-1.1971855545052508
-2.0495727766919742
-2.6840415307846746
-2.806092182853487
-1.826531882278359
-2.3701234040317494
-1.9751892847367214
-2.766601122855917
-1.9623311575103144
-2.5350863267945534
-2.7739056589453677
-2.4714647203542235
-1.279512900752676
-0.18313743384079628
0.029688565525010813
0.8114301540613886
-0.6331555766159106
1.397028249387437
2.226512815068519
3.7511636628493084
2.6456638920848734
2.443733922347964
2.0862876452732
1.688280529246964
1.5682253060741942
1.2143699672050154
2.819603865257078
2.2657088269589805
0.6154814305128755
1.234275304564215
0.8308092090788194
-1.609594014287628
-1.9064769832238673
-0.3078438254946703
-0.6102051859215505
-1.3043845879953735
-1.2254902605991251
-2.110528374432269
-3.3354717884077196
-1.8292157529239557
-4.245851654317443
-5.937799207594427
-8.079994680804718
-8.249167309498665
-7.745097074039847
-8.007873331612277
-8.259910154291957
-8.243138022438645
-8.451047773938157
-7.044197880597739
-6.956451881905339
-7.13793267761183
-6.70125893633548
-7.601785775068968
-9.2949147302793
-9.409655908748764
-8.893476845363725
-8.387018981602017
-7.278369878178407
-6.13702048234071
-6.690184853526833
-5.00714275119925
-6.534796977572474
-6.76407954550857
-6.141820224771259
-5.312172771061758
-6.238453578099725
-5.668417262476216
-3.9066194298655734
-5.385934756484272
-4.027852293034641
-3.9009588806389326
-2.8477167039645983
-1.2610728959566286
-0.8832281438770576
-0.06879724772777132
0.021847857580916667
-0.2516394471924341
-1.4467991542027008
-1.8963028165640547
-4.783177545447172
-5.294906174279085
-5.615757339890279
-6.873395715331567
-7.435392843965322
-6.8793606752910925
-4.633972128871238
-5.127014036593833
-6.1509248983121925
-7.940383371701584
-7.398873054482068
-9.091698643905938
-8.98296902086755
-8.07737792186858
-7.324924391242393
-8.524560938516498
-7.000158661343435
-7.134972548812093
-5.805809895086283
-5.3384841449377936
-4.688743804444834
-6.047766268256925
-4.736899654233721
-4.902696831065861
-4.954975232972244
-2.703966258351363
-2.11673518611366
-1.3091633997225347
-1.4807801898564938
-0.35821562867914347
-1.543522358938082
-1.4163662531972023
-1.0733968076567704
-0.6101322859306715
-0.52960336265596
-1.1780219443606437
-0.6748882042094986
0.002819763018702723
0.5842595643757669
1.6272563626323506
1.5304137710308607
1.4384204384668562
0.5017963697419239
-0.28682368910456046
0.006075392711677033
1.5693189731769897
0.42650988281886676
0.20543196855121892
-1.141063124237312
0.43497349803922863
0.3175969237370462
0.9460201554055113
1.0396754494529683
0.9899128803410532
0.705556149420173
0.41467594724191215
-0.5926897169296783
-0.9154885399142472
-1.5572413471319286
-0.9610092036344521
-1.8389509247502496
-1.776360212559741
-1.3643974489412718
-1.478650606632691
-1.5653725945478725
-1.5561199749613877
-1.1475569207566738
0.17284206618234443
-0.12904851702136105
-0.23857591467509257
-1.5353505459490417
-0.99613055643473
-0.46927236664553795
-1.3586633778105133
-0.27254014831860707
-0.30629153059249936
-0.6669498048371534
-0.9223597392125689
-0.14658277225056474
-0.5006810858391492
-0.2245091303380951
1.0549670850045387
3.10151337367908
0.764282454851555
1.6155281756132778
3.812040238843062
4.328619648463725
3.4317188967856103
3.8243977658059314
4.467846006322791
