0.0
1.4689903952631325
3.195895879553576
2.6851239736366814
2.1000284478450113
0.32915553087785865
0.5742571416999446
1.5099068513692007
-0.15463656617951385
-0.2072171649475739
0.14702557890237777
0.2355057876628029
0.21915191678166815
2.366539731934361
1.9388225141800044
2.308277962328676
1.8654075796561003
1.6579171393069392
2.394200375744037
0.10953279459963489
-0.7226499460968854
-1.7883983591966146
-0.2835600339322504
-0.28682734932106607
-1.2031032868611107
-0.4750649719411697
0.0003511985216515523
1.3094157805027864
1.456185369942121
1.8352845936209758
-0.7331600408965626
1.004343351981913
-0.35305100050034
-1.2528592363495
-2.5999482654549064
-2.9715125537697626
-5.082069971518019
-5.3848180995002695
-4.537562399320874
-5.53764752276843
-4.7937065119108055
-4.0081073239390745
-4.605196606349053
-4.597259676025898
-2.4024746484531696
-1.1577308566558824
-0.4892907526851974
-1.265135708063857
-0.9310492238218104
0.3918258098243086
2.577909280607498
1.9772125156018199
1.6053911955544977
1.9528600566528458
0.902501647941257
1.5771208766676876
1.7521412026886845
2.463532682493392
3.4947152431923856
3.018746860691305
3.8060349678031447
4.492326034611889
3.6637695566908928
3.957183345692622
3.789018498394923
4.244633438460783
3.91809678088377
4.43905025863171
5.24601890735638
4.61879948144837
2.8985416349905715
1.5800958660083475
-0.0868222181169514
1.7828903696684164
1.2668587973341312
1.4705947696195176
0.38353909369385325
1.400542025288118
0.6956783634532642
-0.5501103006342108
-0.92579690800113
-0.3326839171095135
0.12639287531652818
0.991025606697575
0.2873338216129511
0.512114945407717
1.0399930716786154
1.661475631401804
2.2350019619523813
2.62251964561656
2.3945509061752155
2.4069459846992256
4.122552715870372
4.9260857633695405
6.746867949583169
5.623559312190183
4.02591546330083
2.7269688336165467
2.344077111539121
3.6489294300114405
1.7349148076539622
1.220035999913866
0.7969132827318252
2.635361460306613
2.3361953833137004
3.6556207633743063
3.7372156890979826
5.4056872038188635
4.932051512839968
5.7946962000619715
5.59380969081977
5.619318671878482
4.76179448942637
4.363067705212576
3.8516833924940537
4.986216274515742
3.259625600406786
2.723999728901157
2.672714545892376
2.5233691739811905
1.2916156669415493
2.199480289705092
1.3810700883688063
0.6696174007412836
0.8279660794536996
0.7298026818880399
0.05339144536744093
-1.3237029061641619
-1.217773802343399
0.38471729563827833
0.10929620101648832
1.1794876435221284
0.7963886394275194
-0.4901762267027017
-0.8411419959246851
-2.285838901240701
-2.6279491397868657
-2.113961590844458
-2.880422935677025
-1.951126713379809
-2.5535904137394505
-3.730623355678768
-2.845504347192246
-1.8080501194866414
-2.150509827154862
-2.2664441794572716
-1.9697619786133511
-2.1710401857972346
-3.4904700874097987
-4.007717481324141
-4.105392854376177
-3.903059410538926
-3.238829975835387
-2.522332340751783
-2.557798120561758
-2.099119170074611
-1.7344964729898933
-3.164802251756107
-2.8317771648995755
-3.0850388316809747
-3.960815936266409
-4.480113433436188
-4.604657995017906
-7.719945811512869
-6.144045464665637
-3.964226074375831
-5.366322623328418
-4.632097450144604
-3.501550999961887
-2.643105388939808
-2.7006288737792232
-4.723910506205391
-3.993721336949682
-4.0424841075658335
-2.323651908075868
-3.6866003837888477
-2.234034936309094
-0.9841361115201807
-0.6200372498615985
-1.5858515859030975
-2.3616065251151857
-2.186456197914846
-3.1474127938114975
-4.1573471181771895
-5.980429620700327
-4.789272297738821
-3.795452932340178
-4.193851759459291
-3.9267500723746456
-4.177625568006804
-4.529072730286117
-4.632042035512194
-3.687539712979533
-2.727776260196466
-1.3424835753339242
-0.06377190550534029
-1.3920910395880202
-2.4744003767572433
-1.709100595558077
-2.7851535999410464
-3.8016614492277907
-3.229518898539897
-3.585201894365345
-2.357924776094936
-2.3352990113459233
-1.7379058430615157
-1.2012194956588895
-1.7658227116974072
-0.8787897322985894
-2.180490965983198
-1.9711508652662488
-3.4065853662425054
-2.5230002391172945
-0.7561834301068231
-1.7293158448958486
-1.9000651148027081
-3.3230395245178683
-4.541858879756595
-3.295188095184129
-2.8845598867990576
-3.9088910461034976
-3.5460531540860076
-3.1185471495002273
-3.038133319921937
-3.592386021160964
-2.953378128327682
-1.3296669312545863
-1.5226124718982117
-2.263403955023015
-1.841625384821123
-3.7154946358426435
-5.004467820291566
-6.105750395868393
-6.471054299697433
-6.931523930305189
-5.118431528733368
-4.704723183285784
-2.746936505757916
-4.175471253341782
-2.8211963225265118
-4.4130740806648685
-4.875883315990239
-5.318840562098857
-3.956961173616909
-4.900291371585631
-4.173392279227142
-4.213390937629694
-3.494555070746298
-2.7252946960861717
-1.2099795636987671
-1.3122193942146132
-1.9624128012923874
-0.5412988543722879
-1.9203694263307083
-0.2972969085300358
-1.1307504389729472
-1.0108335151591106
-0.8354060577012972
-1.309427306399198
-0.9936823466975123
-0.025460142031918376
0.009116897156938454
0.21130841301820175
-0.4469953130609212
-1.3496622916069223
-1.2933624824903038
-0.4316884480497018
-1.8581676801435218
-0.7890849640113292
-2.3029857938237295
-1.767100590451864
0.07281453321092758
1.0415908965360003
0.008505035892130166
0.47066846628807446
2.1964795196004854
1.9479524831480468
1.7920871793201323
1.6945631902879392
-0.07109730827849498
0.7084884395093407
0.4882800654556147
0.11571869775453386
0.2595997907233177
0.7314588057178902
0.2835375549726766
1.0787731571014842
1.477843260421522
0.767838353563433
0.293922817544331
0.9662968792954435
2.593143951062922
2.6791139689719077
2.136256480199747
1.5607336814226416
0.9893154258152944
0.6324572833761337
0.8549167737413627
0.34420531090402445
0.051859830125177336
-0.8900829544853325
1.1577137627608913
0.48412451488141583
0.3227254287977854
-1.3421418002984913
-4.108154524408973
-5.548403268606594
-4.846620354410013
-5.253509433995349
-5.027851062092044
-4.194451609946421
-4.9641955514351075
-4.181407698603094
-4.307108078887036
-2.413567133176132
-0.7716052216022637
-2.035916083688539
-1.2120795297507634
-0.8746934247170217
-0.07183964733333101
0.10757112474088006
0.4179268973222886
0.9866442960663753
2.0690536008895406
1.6274006535695753
1.2360655516542507
1.11847230483779
1.789835052022943
1.9621944174971608
1.2310364087926162
1.7476926301991893
2.263341661942789
2.147700069137988
1.2633192296739302
-0.14500697622937228
-0.56120179755739
-1.682900258422515
-1.701077270133924
-2.5824923868646965
-2.922229351804562
-3.184418514284912
-4.547628906440441
-5.244583928259076
-6.370382558248429
-5.416708191182608
-6.647782566451278
-4.5928932272766465
-4.534327167311629
-4.041054867007966
-3.7389361839806607
-4.939437384843216
-4.399234411736231
-3.801782712863246
-3.324322947881403
-3.3205662192815337
-0.9832297004357801
-1.0053967070854193
-1.449207260040867
-3.408171319884131
-3.4632369084046783
-2.559142564344918
-0.6300204357458736
-0.08085439749114867
-0.5435720634242325
-0.5586857766105955
1.0167240163263147
0.5951294851411337
0.16541442482859345
0.2985690217896264
0.19216311208712566
0.36467091954140846
1.4627572031885399
2.0095943737043385
2.0383921931647135
1.5321364835894233
1.6747692952953037
0.3804824930128422
1.0860775563085219
2.9462074934822415
4.301964238030069
3.98883736043039
4.39917991423676
4.905025078861266
6.073768997605196
5.781484819305275
5.49892169655142
4.785959881457024
5.523657699037335
6.386214818767206
4.018133161404172
4.252982684380975
5.8920234260244335
5.481879049943272
4.732784819517894
4.507953750230985
4.033839968561254
5.145912570590987
5.293862176116429
6.426197817684823
6.1200140557035425
7.832350581083203
7.724694847657434
7.502340461093121
7.124233658444745
6.874901660895321
5.625516920162358
3.4496318645749096
5.053158444457829
2.6590960842502773
2.1092669860866575
3.1343456114484423
3.0812595625798727
2.057940389933129
0.18767452438008247
-0.20029340604610235
-0.31345643406019896
1.2238040805951353
0.6823001573620394
1.4804107693536352
1.7830438335064067
1.6912861467360516
1.5575335705423825
2.195705747756682
3.2674808218431806
2.7177946447003887
3.2793228471001243
2.1751330880648574
2.698983938784286
2.769457469661139
4.136040116511537
4.211825919767063
3.692956906792118
3.852524394577386
2.740560461012399
2.6345836835869645
2.3186921585054456
2.9737561746192194
0.5241040880972756
1.0865903855682917
-0.6998588122307519
-0.8527438721137889
-1.0218150546674134
0.09072380243275208
-0.04982221440135737
0.6486397251876944
1.1351427465693564
1.9333002394896517
2.046319869696588
0.030885262296166588
-1.252136799718385
-0.3633266982082586
-0.4785502893421701
0.28838313738542576
1.8602392930065106
2.1213429123475396
3.1351214687025513
3.625809104839779
3.1086408581090192
2.93502078290382
3.2452908578097235
2.7625168759108076
1.846245153790505
1.801022672114558
1.3047868600692645
1.2441115828711171
1.22220588156939
1.4200098761579159
0.5721838119006379
1.37489086181738
1.3268124505537973
-1.1838081147900694
-1.0447257293918615
-0.8709544595884824
0.46480004303441047
0.26209948130762695
0.21534634124258947
0.33401068872190287
-0.8482447875785665
-1.3862901304390343
-2.6839893538493826
-3.4594555712944515
-3.7753432503254767
-3.2911352009227715
-3.5298901559091016
-4.4441656676844215
-4.1255594558443525
-3.377882548820834
-4.962265126519091
-4.280344725767199
-4.356328198462714
-1.8083211167068458
-0.7228409856524882
-2.2818425563490154
-2.823754514901538
-4.016511807684629
-2.331660050916023
-3.454426114950285
-4.251858318515176
-4.123300274178172
-3.3547430757818306
-2.177041572257442
-2.2905572801444976
-2.0306076642384303
-1.267310498983291
-1.2772443601372407
-2.9657916029051985
-2.766602535395668
-0.4270841663827219
-0.6320522412205195
-0.9065321703966005
-0.23997751833822317
-0.7097133124757271
0.2681030636304299
0.590611657186566
-0.36962662213191544
-1.8575350426764536
-1.2162683943521642
-2.482358963125343
-2.4394603204103724
-3.0218373894426933
-2.916706105541902
-2.2656865903298016
-3.259428095753604
-4.4540824458097
-3.8751389926363355
-3.752347377923751
-3.8599531012963126
-1.8358805654069263
-0.40956924847350357
-0.6377066280135977
-1.8550647720623503
-2.8960455202540367
-3.2805736839816944
-4.975607274213357
-4.071064395691874
-4.878506492253876
-3.5563713359004554
-4.347413252044329
-3.4020073544205904
-3.056300004203336
-0.1868575733117926
2.2803184965362857
3.333828445825268
3.7980508455170785
4.09632212630138
5.400731852626066
5.748986849437655
7.088909691220601
6.986118693183814
6.572625633717246
4.291556944214627
4.89515943863603
4.573211248606973
4.084231731337095
4.2671332708190475
3.055864178754745
2.1201203978660166
2.5135478031125906
2.4898706870784975
2.9379476138504512
3.13428727707911
2.6246462561358173
1.9033424750899577
2.1369844082312923
2.3494340757850742
1.784504280057494
0.6904607173345817
1.3131495150685795
1.9079523238325877
2.1896567191691414
1.6202409760089937
-0.5153672078598223
-1.4481013214152232
-0.2537707752303617
-0.7820217458300015
-0.5339339468283651
-0.8031551711788171
-1.6390479133276534
-2.858852333025995
-2.4779422867874827
-1.3403976596103877
-0.25088302488954484
0.1329711859510536
-1.2413559366912224
-1.7886081916126109
-1.155991856141278
-1.4865736052184129
-0.7430842813061805
-0.7697612218266187
-3.2323524046352508
-2.6250482004215305
-3.7255446742911857
-3.8318205209029608
-3.5119739784334727
-3.2988605175301084
-1.6774545167618682
-1.133320264973962
-0.9575030789856658
-1.7335547264703108
-1.52733332821843
-1.1307779532242053
-2.676675080426019
-2.573124612913225
-2.173588473759891
-2.755983544124039
-3.0712229131110904
-3.90680391369115
-3.069669073624716
-1.0286412730263088
-0.26402025124782713
-2.281583195970103
-1.9412596868085328
-0.7778363739425105
-0.979287093828567
-1.2467180544484073
-2.121830395397326
-1.3128180369011109
-0.40914471120473134
-0.7539643740226947
-0.6140630264109151
-1.0756303881998894
-2.6967306492082024
-2.019344304757438
-1.0457242379827
0.11211182185695523
-0.3299952840437774
0.560251127028186
0.5416159396277174
0.8033300453021623
0.6760637711981927
1.8234949851633682
0.35254894519897506
1.210490245968176
2.696697733670938
2.4492145449196676
1.0049859089605184
2.3964252681906086
3.0797975827210227
3.768445747850849
3.8690884101234415
2.6859128196761946
0.8807815097244802
1.2181584701321064
0.5132472832122253
1.4960809821243306
1.1105396233054765
1.587706308053019
2.7157102898533187
2.6985162764580797
3.540930523194658
4.530057152526928
4.427424591353651
2.4683134033169245
3.6600780146888208
2.9108375824475434
3.641222778060506
4.546178124449603
4.403842894339419
4.1064298957003045
4.8676925465730445
4.294574705888232
3.562467021979509
3.726587135488941
5.1192134078084095
5.905346052035905
5.6077540501669265
6.2366098911351235
7.556669904098284
6.754984189865472
6.493174842593762
5.951208335435732
5.349420426942219
6.758249549887254
7.5997235743279665
7.954837486252677
7.522867943109401
8.335758613420783
8.815233726666078
7.910084084308422
6.847791624887746
6.081795286238354
4.908440223987969
4.491574249532934
3.34753227276522
3.112280586875009
2.2102766733706827
2.5607776319418534
1.507167910243962
1.9677687682117546
2.8642984089958854
2.8214549802779874
3.6338485544447567
4.926425475311273
2.576238166448302
2.4549256873851415
1.2839686720731283
1.4177992693016797
0.6742561012028558
2.9192005731114024
2.341645802456459
3.6681783185492125
3.9579695744805523
4.318719628522699
4.025472502444163
4.959383930874418
3.6175596010750004
3.3377224624346504
3.127792234371669
2.5576784573624955
0.9574137926643143
-0.297693020934102
0.22111266170493626
2.12521661765835
1.7823508439680524
2.080745885032703
2.757305719460249
2.4060995109701087
2.3640636369058883
0.7372059254595649
0.32558244401668274
-0.2853067726506119
-1.611370777110149
-1.1343347710898422
0.2892262678072496
-0.11130485509604515
-0.6494723202566364
-1.7208178784481776
-1.2492743360366962
-2.128973107272645
-2.7980103111353096
-2.944409972234614
-4.019370652599036
-4.263490632321646
-6.364062707508345
-6.229747125988036
-5.947585445498577
-4.188446675530755
-4.974555186179977
-5.024749867182018
-4.407831042168409
-6.0045075022686625
-6.635245522965333
-6.54285546749627
-6.129007786946053
-5.328304766785808
-4.902113374432954
-5.8624253386052505
-4.936668668967692
-2.681602790336131
-2.730525457305086
-2.971280808338169
-3.134212503036837
-2.5990480784712826
-2.6732778334838216
-3.5197950791406387
-3.498613672784904
-2.6291191894282866
-2.3844711299695587
-1.5308301974977547
-1.2951407853284072
-0.8402525944824517
-1.3307270081935978
-3.1183059919268623
-1.874554127684791
-3.209328496456031
-3.533249548962581
-4.050736879944868
-3.68544265000212
-2.247990482386966
-2.6944773671392235
-2.8173734703315585
-2.0474847085518064
-3.476320597607037
-3.936229327250538
-3.923762062142125
-4.2209708911694
-3.7735952805346327
-3.191625401200148
-3.0107462169465444
-4.149163330975614
-4.763734332255745
-6.279623063958397
-6.294701149511563
-5.315281467329842
-4.9437582917382255
-5.295002818843407
-4.153984198756461
-4.190348805346029
-5.577997263740442
-5.7505375676876085
-6.818652892073116
-6.15106105076492
-6.152261665099613
-3.2474745078534837
-1.8366377440687491
-2.1517589117287654
-3.024048521364917
-2.937585803951335
-3.395816541526061
-3.689770403014346
-3.0633305590421895
-3.1220525047479524
-2.0207820943182226
-0.8279746930701029
-1.0464325128247904
-2.857926445785098
-4.285114166077946
-3.842278101376537
-3.4107579156973515
-3.8788974298103764
-3.3015512011335715
-4.921372699102179
-6.830428791379585
-6.911983828684126
-6.959329911421917
-6.4221148868229765
-6.480736779075017
-7.1066558187349385
-7.141882207833425
-5.751414432431789
-6.177966257456161
-6.816856128836419
-6.561198795463834
-6.935542332999163
-5.573304379353928
-5.38314971455193
-5.262200896350459
-3.8406218554909106
-4.215937237484591
-4.478078190721424
-3.714282755483404
-2.500451880544554
-2.2978672638714968
-0.7168522774598979
-1.7739058148882676
-2.9816732644271546
-1.1286911221641103
-0.7800571469758195
-0.633223594301509
0.3636754421790118
0.46299984211188155
-0.5606802550231409
-1.0943126310429454
0.030654604665998786
2.247678212272118
1.2408379692402882
2.3165179123162707
1.5686403212242963
2.8363365397635962
1.047822532216117
0.8771112957183911
0.23651276468759358
-2.5840575543617867
-2.4935337541649454
-2.089474928970811
-1.8809841011598696
-2.261693164904464
-2.188768969450422
-1.628728803480994
-1.8522231511623104
-2.889774597708545
-0.48297115072750685
-0.6679054139360816
-0.9777712352482908
-1.741673776217917
-1.7252746981120963
-2.088774180233241
-2.5419951341452705
-2.0769067026189534
-2.327777220504064
-1.4186007491875734
-1.5038757248240533
-1.2381962636540809
-4.592848066444712
-3.6107066178418004
-5.556851667072664
-6.250405225929028
-5.798808310649072
-3.515013857010116
-3.7911577509339285
-3.9863726635932433
-5.097718385021761
-4.917553156484542
-5.026013751862326
-5.386397831227399
-6.070498457413107
-5.675914679683223
-5.127936034229766
-6.620369185666822
-5.995925607829157
-5.199367872091987
-6.226282451089669
-3.809612597607974
-4.5429486976084466
-5.694850496494852
-5.66510805297421
-6.506152991578334
-8.582251109043346
-7.850001215004314
-7.043184765670385
-7.096471516682001
-5.791447192164282
-5.595413213311113
-3.1925422653844113
-4.48908009532518
-5.547401794561189
-5.171893088518097
-5.12605650613204
-4.601153791211908
-5.144497948334784
-5.677425087349473
-5.050228237918305
-5.147777581180848
-4.105294232146846
-4.861699382430589
-3.9351413003362943
-3.5824346832662397
-3.6889590018075453
-2.7998538914084907
-2.094930819276513
-2.0591929315295325
-2.488610941478983
-1.9809866054799221
-0.9812254669490741
-0.13965345053804262
0.700327639928056
-0.33027983599203004
-0.32190355220279804
-0.6191974156604919
0.42317120880000547
0.30613521502281693
0.8440389832899986
-0.6484082707127534
1.7279475469221333
2.524501538306136
2.544047311666394
2.7083647078273607
2.9323744086749444
4.1031782094689575
3.7464559503272685
2.4283558622687234
4.239312333600237
2.74642946697469
5.391618162995839
4.049823925498418
3.7681071120101213
5.679157047294988
6.534117977645433
4.84181418480924
3.4740762378059036
3.6860273787648303
3.39201689993246
2.0629666187997726
2.803380454287576
3.4133736313284806
2.736485189771397
2.06440921007879
0.5114461345784609
-0.29466693455226484
-0.5932350462046878
-0.251160063582824
-1.0577996386165767
-0.842379227785104
-0.279757742805554
-0.8101323255478226
-1.2182007913249908
-1.4473531969995626
-1.5891538396304872
-2.4126671356337726
-3.686467415358403
-3.4937333677407234
-4.229563386375172
-2.7492931853852425
-1.267610763900463
-1.8006994438831188
-0.6354814204361654
-0.9571887224773065
-2.8149110982685825
-2.5148932341085954
-2.0491447492048334
-0.893841494423759
0.8540519174323067
1.7878725206674688
1.3609983877042562
2.5073232301781747
4.367385926585993
3.6429833250624304
4.008719506219164
4.536152999091722
4.2446824282335
3.4434839083618014
2.4388192160326434
3.5215844619164636
3.029307594945912
3.475429140627736
3.5283031647560623
3.0905418532547873
2.9827722839837327
2.066605092244653
2.5338069898026245
0.927243077346471
0.03864518407786921
-0.16974064569141842
-0.2830007380352852
-1.19354715588118
-1.8237095144138802
-2.182787775115174
-0.6514838370535181
1.1366385839131
1.8394069437879306
3.0465733282436953
2.9645979720660054
2.8400453827797385
3.0002734955844828
2.2722238150294505
1.5695741914701398
0.5327157076409919
0.6168985767273852
0.32990435620716957
1.2467195638874387
-0.043714527382432776
-1.2137514718956577
-0.42427062532069154
0.5246643461974908
0.286294244828708
-0.2473880742558196
-1.9963674685789472
-2.096442149541058
-2.3000471476707496
-2.323442123847052
-2.818889817227543
-1.3251421613771504
-2.062966168667243
-1.150524165731764
0.2062662538584353
0.7481563518538956
2.438796621528955
3.0389495031922533
3.937731931350096
4.020143121199217
3.7203579871323846
5.361342565396135
4.716133666474588
4.491586494415819
5.3659624347154855
5.4771115118517555
4.112135922163223
3.058017971395391
4.334647039043451
5.55311181365109
5.910923775433654
4.338619840419595
3.6284432198386427
3.0305163860032716
2.5331921164550626
2.9423251956738263
1.5867025216545445
3.2346905403754076
1.521157626825777
1.9547286912165533
3.5898934707321564
2.011535588578781
2.2149653345605813
1.5506095151527335
1.2331462808182405
0.24178611530758787
-0.551302722141355
-0.9617405553302376
-0.41990181176070235
-1.534205114603595
-2.463169943555428
-3.05497414035115
-1.779826703833847
-1.5503696377350575
-1.6026730521535935
-2.897192032258237
-3.7467987337649737
-4.045482256910787
-3.997291335164182
-2.910773916968982
-4.2454445511591485
-5.0758218976492255
-4.3318150977883905
-4.856446021561967
-4.462019939573301
-4.98491165997366
-5.603045804512474
-3.7780966177860167
-2.65385398098688
-1.4167450148282206
-1.0773729427026657
-1.8434857323692937
-0.6598806895373723
-2.9503377015569083
-5.156510143646898
-5.849556837433794
-4.965136424248628
-3.9014530192125396
-2.727456721477293
-1.3316974271909832
-3.1725667523128367
-2.887603968586258
-4.2291240051857875
-3.1141397391341004
-1.2616487118587085
-2.901004355889674
-2.194331446575374
-1.4386544440689673
0.5774398467696374
0.37700614389158704
0.2557075029049062
-0.2757971299514999
-0.5946917219206763
-0.3819178081665976
1.5150544939541064
1.571894394556478
2.1956059137955695
0.9022375136023433
1.497545751144164
3.127956447042388
1.8594341502939389
1.6846789660186436
2.5918046018010386
3.2995338732645285
2.184989258699277
2.6803363105223625
2.362531093625804
2.063057869164329
2.0070950585774345
2.1689207289594243
1.937344318110506
1.0811338173419243
1.7317778426538812
2.623606323867278
2.280285210189134
1.2699669436916898
0.7906186901444685
0.6698844941694253
3.124449274013578
3.619131306218034
2.9310529138288914
3.0979990746302053
2.615877610530266
1.772023717075035
1.8804465183639938
3.186940898869164
2.6968610745591794
2.2768050762127316
1.5630641065605664
2.7923591359663003
0.4895793110937068
0.7101175428526285
0.02279334632271783
0.45683768997633223
0.838480184240992
0.843860617886687
-0.9839214017418015
1.2673705706850322
3.023559671247407
3.187658590946308
2.4849063361329726
1.3870201208885637
1.4233139983570995
2.9785507525386308
2.7056088356311503
2.1330085288752723
1.0540448837251728
0.949664319962702
0.6811353905358162
-0.18635430435876243
0.03950507772681103
-2.113618132725352
-0.7966108787667314
-0.8958556698966624
-0.95463666073152
-2.041600747326096
-3.0353304327744093
-3.1653599560051946
-2.92244532189795
-2.500386648906168
-2.485758580054706
-2.3750663428338363
-2.460511128274362
-1.8702742062483335
-1.3390337062752635
-1.7435661447195714
-3.317738478647154
-2.847669351020886
-2.7928125151135874
-1.5064408848053283
-2.012498905538041
-0.5980819784978109
-2.059406754792164
-2.384314461086809
-1.3336719339534813
-1.4806042149038834
-0.6163935227370368
-1.077926045208322
0.07644383525954868
-0.39340104868755066
-0.28642528729584515
0.9700559262642026
1.054672776501801
-1.1395083094893959
-1.1882436369196385
0.3854367235029894
-0.27108708340561577
-1.1339506346509205
-1.3291097761397337
-0.10181159689553307
-0.49820458074734447
-0.7416208840259672
0.7953186241007487
1.4833118314691311
0.9009164060861918
-0.32367365783784574
0.9580575378999615
0.756040867739597
-1.362159935560102
-0.32187752216792326
-1.6202881330011316
-1.0451904694728211
0.4521235945490922
1.4288978243512678
3.3643419133515162
2.050052044193147
-0.11664370601135665
-0.5202903593909798
0.20222411908883398
-1.7852955634183016
-0.7722597141730975
-0.38211622690744984
0.4898790452497312
0.15582579070411917
1.8147068326562479
4.624055534042744
4.610182621104078
5.037997889249639
3.6036411955604337
3.16078613870542
2.162064953700481
0.5547842386428485
0.8061169111585507
0.23953879773213754
-0.029876290492103136
-0.917332610594367
2.5321682184152405
3.3493032662133073
3.512117664043419
4.699838805975823
5.37120090604571
4.246761219620964
3.5501097960546435
5.337953737093941
4.470737287893177
2.801543139378135
1.367474792152426
0.8494080317541818
1.5277242858513804
2.563348259722211
2.3100961280957937
3.392973339732536
3.9629160286088854
4.786317439146189
5.143267470647763
5.259790671762489
6.420708523838092
6.76854629579495
7.0777527584187085
7.331768886717841
6.836876443384673
7.46610373850029
7.235808867646217
7.91112726143638
7.488680203920008
5.933167689981875
4.260017291043205
3.178469894793194
2.535853962636705
3.0534427261257076
3.8173359696361717
2.936451826673016
4.157172288476002
3.9145534674947857
5.348587490124749
5.653867357339926
4.679752090004164
4.25185719957115
2.3400642877376425
1.0077586069306834
0.8399509405437764
1.3685120742450072
1.1079877688907365
1.3513160142022893
0.8709346021192946
-0.02755021510129399
1.5544032162968895
1.0487805453825918
0.7426515569345327
1.660837215735949
1.7740184157876089
1.6295570865716533
0.4987459846683286
-0.3986677253106813
-1.0253033539226775
-0.5164251365083647
-0.055948188320516096
0.34522140104190796
0.49073022927718585
0.1675638969449291
-0.6287644567719988
-1.1815238224944948
-0.2914740600309271
-0.30964214848324184
0.4990670554039316
0.6585478943861348
-0.37902022989805695
-1.064458990969439
-0.6742799004003637
0.04154277951380905
1.1629917424552505
3.207043268815688
2.5197053653577157
4.585593462713493
3.0796959938701454
3.133310928114182
2.740577087565832
1.6850289805659724
1.4417626488579625
1.3578614805483333
0.8749382314278407
0.636990726307755
0.7357074038715197
0.8243313189332651
2.286974046363447
2.6438643172027687
1.8592448242636699
0.7244299576378422
-0.8790423193492931
-1.3767433652426981
-0.620468385988005
-0.37012084443120996
0.3093250180942047
1.4973887026044352
2.1973333650840376
0.6527992191520473
0.27132336491298026
1.8302023336666735
0.43038314635307556
2.4188320893960005
1.5947119832664172
0.6538361816375182
0.6999007134522044
-1.9038991521110997
-1.7883916401204092
-0.8537130401676267
-1.352990043787593
-2.1361570406629315
-2.152463718302376
-1.7053924464116534
-3.1379181370036986
-1.631313551531473
-3.0032955137620942
-2.3248452440714757
-1.4992842156486603
-0.8958802726516522
-0.7154420519417848
-1.3020730070543753
-2.0353679123636494
-2.0313661080620102
-1.585012986921963
-1.6539391981552645
-1.605125264767876
-0.832814895848939
-1.349236893358946
-0.584377319638285
-1.0612735977275614
-1.6413581234954369
-2.6472652123171474
-1.6356980948991557
-1.3294478979526159
-0.1656659072899644
-0.29277032437896466
0.12720109064032198
1.75521694073565
0.9523569023334059
2.5740525047842513
2.49207958069398
1.823283616315922
0.27575946769736326
-0.7556601488723291
1.3113976395784588
2.1737414337274372
3.7697040890144233
4.3822252689895915
3.7729133913368047
3.776037457514525
4.632514872026506
6.028238942777296
6.549483265807323
6.655060885275655
5.699724209176367
4.942429321569041
3.0517393420673815
3.1322306522860885
2.6679491124769115
0.7526676041016429
0.9864440427090794
0.17463474502856016
1.2618880226202243
1.4792423069003755
2.610604166751728
3.6505740820047707
3.5255617088246365
3.6203817336717004
3.0030564683381913
3.9559945574130557
3.8165462188468324
2.2453391632973814
2.6635973140191984
3.9213792335285764
4.04156761528488
2.2959654813415193
2.060130033471794
2.0601042929960873
1.4807437519265085
2.123298292901955
-0.15919602122959825
-0.3927438697844176
0.033066156578716754
0.5589298909824575
0.21499227824815997
1.0668449431938678
0.39788197890267846
1.6812653528964663
1.4045729318685618
1.3739158557093192
2.8348192389562428
1.6525196226371854
1.2287421484253425
-0.3121422788434758
-0.9165085139361245
-0.5764235549750204
0.037570561389985865
0.08523572626283268
1.5175182093286577
-0.8437965104882342
-1.4483529994908555
-3.3072818487473348
-4.658898388253064
-3.9932165973396243
-3.1737118314540167
-3.417737012018006
-3.0655680032456223
-3.807802410605114
-5.325932639307668
-4.280811378291205
-3.5530543604890905
-3.5617463664988867
-1.881078866465918
-1.4371410679606205
-0.8568219754832177
-2.054037320284607
-1.8564836691612177
-0.9588782428648612
-0.7798251374232557
-0.6179430442502821
-1.3181689460105679
-0.7555209673021817
-1.348647471114003
-1.7110273370204068
-2.0196665635181263
-1.8687372052264448
-2.152640450376265
-2.5418672595660716
-1.3671540689504833
-1.129917780888599
-0.8568017725111928
-0.5434445881093672
-0.3124832921903891
-0.6714244781412211
0.3786170390741561
-0.057837742581992126
0.7739953025745144
-0.4814015716552801
-0.09645820324216123
0.9285746953894767
1.9773485674246198
2.2265141896501675
1.0218480145685425
0.5311843484131187
-0.3950163838117681
-0.2817568815286676
-0.13930626772063032
-1.1158032501589472
-0.6673824678470116
-0.8770451258606331
0.3950084909494041
0.9845587493154758
1.395494405030786
2.3093518110189972
2.5806887216697603
2.3127359777681384
3.948874300249213
3.3962913501543994
2.048391563976261
2.7378806503592488
2.608231730156961
3.4733560351720287
3.2556590311156706
1.479571646463623
0.8508710226379772
0.8708380838857771
2.152015233341073
-0.3478812754163937
0.9906622561440556
0.6508902457537804
-1.277752947936812
-1.8522644146229168
0.2605512593866889
-0.437790044725732
-0.2314328313479429
0.12161741853159569
-0.8646318702639513
0.04664853147968819
-2.633638382259794
-1.1895742640291995
-1.2570590138483668
-1.9242136546237034
-1.5941736447047834
0.23003488548012524
-0.6549061005598443
-1.2742494574889465
-1.5717389905328558
-2.8310408620059913
-1.4919659694195877
0.10805530402192491
-0.7258375449241771
-0.8444239233163936
-0.2966331596772478
-0.49675249556043766
0.35595063786874986
-0.7669478889066599
-1.5088019011760931
-1.8571816005807416
-1.0929528312402963
-1.2476806785807584
-2.155646645521297
-0.7982457348118539
0.7965331807390899
0.1979494908034662
-0.46090706765029854
0.7492329294282084
-0.6538152035200198
-0.9776658118138729
-1.0749888707007098
-0.6228679773632149
-1.6236473890216272
-2.565174913514713
-1.3155782405829917
-1.5383734063975556
1.1362228013948263
0.6054018514746803
0.5580672818025727
-0.26919546038162045
1.8187503709583028
2.704976436228714
2.5645377631194957
3.2662253117079816
0.44621026867457475
0.22382931334669529
2.5254204785975327
3.244940264267928
3.9383917868204
4.399721034760467
3.5154666323252344
3.1260400500182297
3.8229029125364025
3.6929180766817375
3.370678711754035
1.581787930708645
-0.33256535230922557
0.11504762235529767
1.5749892663668186
2.2820109169562097
2.7343237814293606
1.538306404541061
1.4573721481813013
0.8911474510895602
0.5695104344426953
-0.44448518766458345
0.7645125245418458
-0.4305655905876294
1.4018628252264071
0.11025719041679805
0.8688090219895186
2.197358532034641
1.4960090649450066
0.3112459698394895
0.015117472744287111
-1.7848190843817588
-2.1644246565566823
-2.7126474175776254
-3.213995410783687
-1.5402229856804064
-1.772361082026917
-1.062314045163003
-3.1655913205940824
-1.0119154489130269
-1.6027008854152722
-0.43657075743734297
-0.2137411913046018
0.783027200203218
1.1947973448445222
1.6158497891574273
2.229853236023387
2.751541146712756
3.007741482443078
1.5284067893545936
2.4292399913628633
1.3091623912304287
2.1590363596263114
2.12944783435779
2.1509167789330927
1.9515420080246189
1.9198528706928228
2.4476230667371945
1.9475872867736492
1.5881690880503767
1.4695498785611734
0.9793742860242783
1.7850166965260026
1.2598897157764672
1.6399937103646915
1.1004060179319852
-0.029647489652619582
-0.9540478131949564
-0.739853344307059
-1.1791803341612452
-2.0196460647154084
-3.647096219722343
-2.416571884418124
-3.248508478190085
-3.874264346793855
-5.028963309424346
-2.8512301894654057
-2.5822035745317597
-2.26284327968552
-3.260247272917978
-2.465972037237899
-0.6640795047542962
-1.2759427094964233
-1.150900457706241
0.35875752263438737
-0.04429308363105824
-0.09741881558125082
3.173955452344659
4.55482559313493
4.884669121415641
6.146439756188514
6.314771304066881
6.507938313139917
6.823630734057545
8.335349117200089
6.565205248980319
6.128791376965276
6.068928612056114
4.228236507075708
4.763542257072241
5.160733723086599
5.648662620287912
7.4394491077160225
7.031196484455502
6.888263413121871
7.231344233824991
8.518770169873633
8.365645820048087
8.17314962489692
7.755731668885998
6.881012565470116
6.723446897722378
5.0219026185404925
6.018275925106559
7.138823192903146
6.790607349168448
5.291526907247027
5.036451144423042
5.433680384222582
5.609084465929501
5.742562304899971
5.507624883641549
4.634287009902508
4.873453988146484
4.497799269059201
4.568330522891712
3.3331964979481348
3.761222858154794
3.6101697580239023
2.4143173969406795
3.2030198902836147
3.9229596107401052
3.4375990561927194
4.313177953361188
4.960349603048254
3.766144436083156
4.5828523798674405
3.484734378979065
2.9095182715748362
3.603378035264284
3.5201849197506667
3.508179089966554
2.65772531063875
2.8482157009316977
2.063429580810853
1.1709815970103754
0.7102374311103413
0.45050175134183745
0.46134584018922586
-0.3900965438682129
-0.3661291659543131
0.6557595965340763
-0.3008294848979429
0.808343702547659
1.2834520529613007
1.9285282045363752
2.4713786914415
3.6118725575758606
2.2799796696792605
2.9154485448753906
3.0485150056217356
4.456934806134902
2.983061225627103
1.5886494743800068
0.9042789967731873
0.6413374342513705
0.5115302265818036
-0.6247168650781932
-0.24307085728614902
-0.5912300749807473
-1.0744117117999794
-1.7037546093327973
-1.1426317151058452
-2.1308368450966073
-1.8577478031763281
-2.2503783938713617
-2.2608186816305254
-1.334794465574749
-3.163383019644708
-1.8369520250358111
-2.9718385733293724
-4.225515181888375
-3.5367066558659253
-3.9723456812834153
-4.1636366238994915
-2.9024350497846645
-1.9736155456412046
-3.9103737664212668
-2.5796455454305485
-2.1841361080655632
-1.3992877645726178
-3.1285319298726515
-4.039218698301006
-3.286092699971657
-4.4467249415022225
-4.69274381896117
-4.300362323448849
-5.271440384423745
-5.923721349051211
-6.12180606455102
-6.519350351402072
-5.765916275399923
-5.33146495113627
-5.11447490732945
-5.414570035492582
-4.286172425777993
-5.645878152594341
-5.424189647164319
-3.242232228139742
-3.851181018466271
-4.482073834621725
-3.1799571227136365
-2.9775615026019593
-3.0156017378934092
-2.2142100454278366
-2.2130176152713927
-1.5456821284268476
0.22127607114623737
0.8132918015769406
0.1940917663824905
1.1293483468205403
0.64930940908224
0.41423304497752444
1.0172035213050739
1.9401130800019037
1.3480243135391132
2.1300544005550845
1.3555269933989929
2.563649326513324
2.9439444725868675
1.9432750663058704
0.34346660224712366
0.1832440756592506
-0.05703911241851242
1.1005724680297768
1.7784493452305057
-0.5009638604576878
-0.14861807668281957
0.11189568191584154
1.1687809899085515
0.828019135350457
1.1668511590636665
1.6830293325506878
2.059736724992359
3.681390681525222
3.4816801575548912
2.6108439717566303
2.7882747335632674
3.1406586698119408
2.203137556145676
2.576393676908073
3.497165709462012
3.2424262458718087
3.049997228909249
3.8524293486089713
4.060224284511292
4.5596091003555275
4.582297503288504
3.605342984756363
2.9092383838342366
0.6934225810421474
-0.4437795968044591
-0.3320208675734465
-0.9466966102853221
-0.000837280271188956
-0.9418510649563616
-0.742862496942202
-0.7701096602704521
-0.5773509056881
1.2323406435524504
1.8197977037260649
0.1423784556621549
0.5426540443016298
0.9386041593920256
-0.8815096873561321
-0.20333048768016862
-2.0327651294879963
-1.2947966905439365
-1.8886268685242624
-2.5081649795977956
-1.710484056389632
-1.6941426425482726
-2.146848986427913
-1.8095303788826709
-2.1332676622965434
-4.561507048816483
-2.621088611037605
0.0800284035576582
-0.134665268619268
-0.44191910527653094
-0.5018452426526816
1.6110349625743359
1.1477469459033753
1.4561358452124935
2.565113523329259
1.7568806433953714
-0.18897405283105845
0.6014910309481929
0.07088546445405497
-0.582203572458417
-0.5681414796451335
0.17977340469969305
0.2594966814462258
0.09226999772726638
0.3998719901371805
0.1319575756631821
-0.7312152027932751
-0.3433029251288036
0.19382590973166824
0.3305131051487439
-1.1436155498672038
-2.2304390438942283
-1.457020261438227
-1.8007403898798624
-1.3023681246668513
-0.9777516283903962
-1.3390136920350373
-1.5251868019732362
-0.9076527264786799
-0.6112250470075254
-1.8045964042046647
0.48506594319180574
-1.4953057532798397
-2.890438763323321
-3.45900191882045
-3.6253336065253037
-2.8321953622444247
-3.2969750901441843
-3.7012519369575556
-3.5119223692431834
-3.241541742214602
-6.338971120468183
-5.977382456767775
-5.193475006755184
-4.176682020816088
-3.601392054904219
-4.272022148826408
-3.1456917468213597
-3.6161790008568295
-3.0472962856576977
-2.41453286541448
-2.3607523869262588
-3.322429951191499
-1.5616603941832226
-1.786228865223802
-1.758835648308315
-1.4739408012904922
-0.3377791223365971
-1.2186689540058808
-0.118872832652539
1.4850913924610984
2.047547937681956
1.3492118328503937
1.258909847904086
0.3881529791348143
-0.5088305922510038
-1.267976015324445
-1.1085867993667669
-0.7619269640492764
-1.1405395383190904
-1.198176958577418
-2.283513838854654
-0.7755410812256348
-1.0899935129443568
-2.2103201415894476
-3.0150771708045045
-2.638702016104952
-1.7140193108646022
-2.170598428863607
-2.9716524498668644
-3.866949316269311
-5.5272377806660025
-5.697989838379925
-3.92917746530046
-5.372224493098069
-5.3898016364868155
-5.119378110065589
-5.463063062738819
-5.842267348977712
-5.792037138894455
-5.491233906798768
-6.307911151907334
-6.404038633200503
-6.213593074671011
-5.587693325559131
-4.726547963314409
-4.960073132039238
-4.30857083477966
-3.7711262804485655
-4.645467545587015
-4.5880406855494975
-3.774738267463378
-4.033634712926
-4.925953723940417
-5.568567162016223
-4.577334425031982
-5.041191703853882
-2.8106313856426786
-2.938356321897247
-3.2633680788492745
-2.641270275874393
-2.809666865716023
-3.6128031571163026
-2.8643109385582073
-1.7118678897687523
-2.1740598922752197
-1.5860441354544745
-0.822908868629046
-1.354871220552944
-1.2325588136895893
-1.5418780336532794
-4.179611009168962
-5.0808521027914075
-5.742224887101983
-5.478059275109085
-5.047955108388475
-4.8180529361054045
-3.4126189875885973
-3.268569097187842
-4.195843819215349
-3.8301574007132344
-3.294335897960981
-1.7313067464557395
-1.8284857998963975
-1.8760152818619622
-0.23363322066523742
0.6480256347785506
1.0017098281853338
2.051216334037185
0.6024398944570232
-0.18635242383380066
1.1642328699272158
0.4935092361405286
-0.7653460939463694
-0.20627577577562603
0.005385175343756335
-0.752663803375358
-0.21927557183010954
0.26296306896373256
2.2865742602288566
0.12898912188330705
0.3012120878357598
0.6494031587659119
-1.302767277025238
-1.2521716273776704
-0.5762294960630898
-0.5340757445115362
-0.16352058985878107
-0.7410516287755972
0.32219403284560816
0.453014910093015
0.4913711600515393
-0.7493163832237726
-2.561804274011894
-1.5641215664405388
-3.36074763543095
-2.0099689577296815
-2.6407816082362223
-2.249095603009196
-3.0393923340396807
-2.8444654758985397
-2.436299123098184
-3.715621907659293
-3.0372037272513945
-4.885869891219346
-4.835211798194077
-4.805965659756617
-4.510217787501913
-4.733402895992548
-5.676261641654351
-5.537090949927095
-5.560612852148347
-5.371913912989536
-5.036430947583837
-5.242982074174218
-3.8512126655455154
-4.668458962370983
-4.878506504997105
-4.238062864639517
-3.362868597284534
-2.3584047345302976
-2.814218708443551
-4.256314082851122
-3.323411297999039
-3.9220982933683235
-4.603101953094784
-3.411122345541834
-4.934763514702524
-4.16406443968956
-4.860909487576558
-3.6372715477452
-2.6860494681677154
-1.5303384447521313
-2.637884162184696
-3.1487533658100717
-3.540843139421603
-5.220977491699289
-4.340377154563277
-4.311647737967801
-4.542590522562909
-2.5952448466389533
-1.6724182513501935
-1.9141705381123482
-3.9383869299247247
-3.9273686061698623
-2.9583767369210157
-2.846699638994189
-2.24062224790169
-1.8125559632968975
-1.4298395528527097
-0.3903879413612623
-0.2066388561617107
-0.49992747047691843
-2.251753378359987
-2.753756867375457
-1.549710672088978
-1.1245561577074472
-2.7195314037303633
-3.0495938446286814
-2.8686049733700076
-2.8720218195523217
-2.440223987910721
-2.856119364705802
-5.93636595321086
-4.749475930574907
-3.7750347164971916
-2.0861425355083116
-2.2539266071702553
-3.1599393971514558
-3.303021108375122
-3.53868142323847
-2.742303084970047
-1.004304283666913
-1.368182698973754
-2.8272711733876514
-3.6349876988612437
-3.56493784476162
-2.0679947541996495
-2.827074905807933
-2.9791305984956127
-3.3777119593958527
-3.4138978367269717
-2.6647703045384183
-2.9963054372546014
-3.3507894396629543
-4.517510401819459
-4.08026637422237
-3.162419692447015
-2.6297606324806226
-3.1683164061322264
-3.043731498869155
-2.7203800005503402
-1.630889596107686
-0.20300074552266256
-1.1095368278946385
-3.4119184448723248
-1.8547802389853705
-0.4652201087803813
-0.7378164164804484
-1.3325386976936602
-0.1933367321917759
-0.09793727291705984
-0.47928450669876305
-0.04012328829464333
0.22977708228573385
-0.9638912532270034
-0.6670810150172518
0.6633530689628226
2.2453445614285696
1.1743909589626629
2.072169486011048
1.9920727887271237
1.2453080464084767
0.39352452526335635
0.9225830479106706
0.8396572819812299
-1.1080639745403256
-1.755121104610283
-2.9302879007974503
-3.776934837215304
-3.6456319309241185
-4.168936509217078
-3.3788945830423787
-3.190588789088334
-2.050764932404399
-0.1150734817950852
-0.31372173817619803
-0.931981376115691
-1.9082577490330377
-1.0408495924992278
-0.44821355159645027
-0.07649805521165842
0.6415419350910894
0.6278789204430678
2.22784124853553
1.8934281302770328
0.9289983152071243
0.6998728386111271
1.5829062195780788
1.5585680689066719
1.4657017233894785
1.4540266875350907
1.5325000712094032
-0.00016279951047282193
1.2828654471354157
1.420339405362444
1.5535728064284566
1.5425619445261787
2.2309342233654186
3.5034154451898907
1.1613268876945821
1.7609341236112963
2.273426549195851
3.3577452423513567
1.542599141834047
-1.1414834513355485
-3.1618530596801477
-1.6608446921774576
-3.1794181705673696
-2.485819085099825
-1.9706742250260125
-1.9120902139749922
-1.6979259782820408
-0.7741222200014151
-2.1640989698063042
-3.9799348849183933
-2.970767547995693
-3.000320941267041
-3.3235063547537096
-3.6431169991451413
-3.833846022631889
-3.2560685991727376
-0.9511831169651005
-1.1464700215822803
0.6117465864160301
-0.145459450157248
0.3638195759399543
0.3086376370509757
0.05457615131517585
-1.3440576735865861
-1.351014794938426
-0.058291031051473666
1.1644742975451527
1.9714306958055885
1.0727349261158783
1.212049623712952
-0.5782942628675686
-0.23020048611780117
-0.13809449447164043
0.9281826774053137
1.8216415297677115
2.3418445388895273
2.192907652505725
2.9105744877960364
2.6192549637121925
1.548426261291913
0.7288375866215077
2.3790084605149597
1.8799837596896816
1.872996565300199
1.8657819874261539
2.3921197313181843
2.0094231975907313
1.560538629183928
1.5754060021289822
-0.8427501992033369
0.7403396438538555
1.9180152612407861
2.8364088310071836
2.581433796600287
2.277262082288462
1.009054685273081
1.4604410769888332
0.6630370689954009
0.7662438016976346
0.966871984870365
2.6396911870257855
3.1034961712863423
2.8761826768422543
2.076050601576794
3.5559124344669475
2.6717451153929472
4.151438535011937
3.3041922930700993
2.2947394880264076
1.778040575838451
3.1282900341813944
2.3417085348999755
1.3890145393662856
2.3128261473271827
3.109096942285259
0.582130947901927
0.8407596492974168
0.10086718108138393
0.6376180070418358
-0.046409113728874726
1.2013940858636605
1.0485862573502678
2.336754774822522
3.6346835410686715
2.6584738317354555
3.210010313654169
2.0639724697316275
2.11185893911992
4.119826819154765
4.231170751527797
3.9402523514568975
3.4589047811345104
2.868052082792207
3.158495951850945
4.078196075289335
4.637758181817128
4.385944202720472
5.232685925587725
6.541408652287076
7.600780719335176
7.718503641354621
6.5280067095342345
7.681267052977414
6.8100323750104055
6.488719717917504
5.401629375793181
4.132685796465614
4.200014737395128
1.8066506496027457
1.8458410898340676
1.820040350530383
3.21595738497508
2.685980798520461
4.369010505570993
0.5973984735756046
-0.13039527504676784
-0.713429476874675
-1.5163688364327337
-2.0074692612800833
-2.2491237457119526
-2.340627523247047
-1.3896959295373126
-1.6958644793519257
0.30352544871392084
0.0809928776661695
0.5994465797911194
0.5707673419191187
-0.27511693892282524
-1.8400048768373085
-2.7872168827174417
-2.998958808605933
0.013921671666921515
0.4341749736358097
-0.09874887383636972
0.319579252032467
-0.11540296113397795
0.9067024855824359
1.8663352977227263
1.6359982650768914
0.2469176913281062
-0.789508732078371
-0.7784477620822023
-3.97104864887291
-3.058900871278635
-2.2075667633732383
-1.7105917461546039
-1.9343730690928207
-0.43244415683635556
0.007892340852181642
0.9537734635274568
1.641936119135168
-0.15536440172872776
1.0541144706540417
1.1769108970455506
2.7213281869373134
3.6810013201725162
4.91779159975593
5.07188479398818
5.430879132889734
6.0908400734055395
5.807527529658735
5.502022425316076
6.724114012802284
7.524184484091203
4.789573122777383
2.6760749908958132
2.3414158787637467
3.029753839673024
3.07897055686697
3.4531920567708556
2.605964448916967
1.695289593767016
0.47094209165633505
1.3116945155855062
0.09010704728295212
-0.11660292557997426
-0.9500097560239603
-0.41000449767978864
-0.9884466163360017
-0.6853348688209643
-0.30356699172232476
-1.9738735505933422
-2.5052198744207255
-1.5064887809745613
-0.3030803398345736
0.17850236048674648
0.7435113319502347
-0.9127526369557402
-0.5788722620661997
0.3615857607172305
2.571098786337629
1.6951490492068453
1.431234546361855
1.7419173637726855
1.1842833782628865
0.9414669435651031
1.087552836527832
2.4850177829094684
1.6702404155291433
1.472760656147485
2.3799002652525356
1.026002051495467
1.0860631072234754
2.17394213338273
1.9772527506771473
1.5171900327285401
0.6915775344591285
-0.9613705858403451
-1.6725997680037674
-1.309235801176287
-2.783348679832236
-4.11029834220293
-3.285389106374093
-4.59197423491551
-5.544551962523362
-5.215766788907314
-2.5546327147663543
-2.8089886343069272
-3.051891195779149
-4.70872444186222
-4.82514238178031
-5.564527578450822
-5.159254325097735
-4.4576665347466005
-4.607065028587869
-4.105875919662976
-2.961098908411077
-2.7174624847051447
-2.5238432563924458
-0.6192664964241884
-1.3707141371982867
-2.0498032935710992
-1.5590331190563516
-2.560260361726886
-2.5573276753952094
-2.032351756748943
-3.1621682448700863
-2.9904022852362653
-5.598723431421472
-5.6606133108674115
-5.990919794762
-4.024120137689055
-4.827470853568106
-5.394169592017251
-5.659440476678352
-4.065404708954587
-3.0464001951652566
-3.0726297783760885
-1.5731034556977495
-0.6133642194397732
-1.4921666601868688
0.7012771394972747
2.175580871897337
2.3862375205259614
3.097351397774029
2.517065945469314
3.1924840345502408
3.4108201357495433
2.6178293456690698
1.5728372874156549
0.9411544866765822
-0.006401292639411832
0.9950135450916541
0.0970257257753143
-0.5905566007797932
0.047605100193664235
0.8378723849502221
1.0247196887613423
1.593384860259924
0.8462460049558937
-1.6885208764826933
-0.9708391191235418
-1.1283163299311738
-0.519126250812625
1.1222898930864336
1.2919330319835143
1.25736909864539
1.5872966234138288
2.3112439236097564
2.5504539736314755
3.3015641264391955
3.18689384997251
1.7417488662517493
0.45342464716264064
0.524466211116946
0.9523904507306533
-0.9936341017132984
-1.310797359259637
-2.412758542620589
-2.2200897411855456
-2.698458781755869
-3.0041052446102143
-1.4160151552176758
0.8708461602183369
1.4152797141105684
3.5050355993715603
4.1860680389614
3.4750667579613
4.5439520991884015
4.415638780225495
4.433777114212959
2.515487815188187
1.9610630263850655
1.5173783379733448
1.1331703493003322
-0.20724213710821296
0.009240361599549857
0.39317534489098716
1.7589776563978323
1.1449410057745182
2.3302006955853063
0.8227700506996736
1.2605704849982942
-0.3369989526130309
1.4601337519971453
-0.10800973594956298
-0.5452503966550023
-1.1078067132531324
-2.805566239715899
-4.686435793143793
-4.4966870783608215
-4.250891660546377
-4.961826801360926
-3.3450925462463657
-3.4126344931670247
-3.8241910618018147
-3.8074959336461185
-3.244645042914415
-4.437615671081622
-4.5490922894174215
-4.345992994413315
-3.575555761125202
-3.958191077584656
-3.6838862900021607
-4.694318919674595
-3.925568342915594
-5.365289759264765
-5.883611102491716
-3.846237493546532
-2.9495995666101837
-3.3533982827271895
-2.4758564587894436
-3.3104982829674063
-3.1567979536929998
-2.63528749828054
-1.5934802567664996
-0.6181365085044946
0.7862945384591308
-0.7680552409842629
0.024644501244382777
-0.22537759434961668
-1.3387780911612428
-2.6533919862693045
-1.6594274492018357
-1.8269710558858137
-3.118925425367861
-1.8301953695627993
-1.329888521456407
-1.2713678677289906
-0.3746042471339569
0.06588777121867806
1.7965680287759873
3.0179425918237817
2.4253087208314024
1.1052751041827822
1.1426161276354136
1.1966659372139843
-0.5693865710412638
0.0018243722695773928
-0.0325759545651475
-0.29622913702034637
-1.3105317712653521
-1.1199412251279117
-1.6863844452256724
-2.356307781742601
-2.8248605763995225
-2.4978721046201615
-2.3051540467739104
-3.361017438167795
-3.0215098245622256
-3.4523933715368313
-3.862114304629424
-2.9179913768102845
-3.6462348694755775
-3.931430817055148
-5.047809488972169
-4.399118775207405
-3.0635111639085117
-2.886926565901101
-3.3811889808192084
-3.1644935287962297
-2.590742772756864
-2.008306638677265
-1.5864233203773703
-1.267544753136105
-2.025097496471052
-1.8030676969881279
-2.239476132597808
-1.062556204563447
-1.110307876258069
-2.4576639526013575
-2.1163318691447843
-1.2588186226623501
-1.3796804496264183
-1.8622971361301004
-3.222545405350454
-4.231978613508113
-4.389805990455527
-4.661531165564781
-3.3233177786611803
-3.8504823518167473
-4.36284560495935
-4.032850279689014
-1.7243386469392215
-1.9059820605944153
-1.443441788953171
-0.21425267716746207
-0.4488972126589448
0.4641915243096909
0.2986751539432881
0.6030190186081045
-1.2452249037435452
-0.008178190265159813
0.4726632701270582
-0.501727921557561
-0.4684136955572476
-1.2910921607023047
-1.4502879253265648
-2.372140112315514
-3.144084312254227
-1.684676084899213
-1.7251890110570822
-2.4489775196239227
-1.8143067596201228
-0.7277147229945677
0.3170755541316759
1.913455243633263
-0.7974431827650734
0.2709073680784271
0.4209659404481075
1.1080107734197067
1.0599398316456132
1.2672416336140173
0.862404596304861
-0.17191575014421018
0.9347376058574743
2.6308016882448015
2.790334747359491
3.32873563181103
3.885639864821745
4.30190468408795
4.086864708081534
4.722584209665026
4.467381401677866
4.518292132720261
3.1210166108463966
2.461447530003884
2.1760149402229336
2.1660365891057083
2.147445440629377
1.6343631809128094
0.519411083281947
1.5693745729222732
0.2236282205292771
0.4243964276258663
-0.7826180790656572
-0.6704513412634369
-1.26307981501599
0.21556430483122616
0.3341954810824759
-0.6425456434781899
-1.5502683074750156
-0.49797377027583956
-2.4533107588767464
-1.9617502684145307
-2.3285820788564195
-2.5743707753062433
-3.8831199958835017
-3.876623557549726
-4.818308928653669
-2.4215151034702966
-1.426164804469767
-3.3459499615443344
-1.340941247455294
-3.9333957861698887
-3.647525875989137
-3.854079752777261
-2.018755389757357
-0.4171581323139847
0.13645499997003632
0.492075049402353
1.2270833320568164
1.3350111770682558
2.484405847686214
2.0007375029112957
0.8437443067517271
1.4092124159299089
0.4121939639660552
0.9218409751834632
0.7341915840686046
0.13336777809084036
0.08507549324180602
0.8876310428387226
1.0797021155478244
0.9175616939817053
-0.24796998689212005
-0.24801060988742674
0.7970374507551119
-0.6005507362194633
-0.5780746342096367
-1.2236835841776732
-1.4028240513090517
-1.16897827010671
-2.109382338926709
-3.122050724365643
-3.294971420718276
-2.0152533967569055
-1.1373267265997828
0.174151086803883
-1.147958772651716
-1.7498265322120963
-1.5902970852502547
-0.44075397091034085
0.8243133521686316
1.9910755083155607
0.9962880826750051
1.5269447260765225
-0.03415870354408681
-0.09638600367863255
-1.3577135872170887
-1.7811186801461851
0.37152501936042137
0.25017849285235094
0.011017255287884414
-1.2406327432266606
-1.4690931875159605
-0.02668812312845298
-0.18760995041689882
-0.34879773872628933
-2.0312233998899467
-2.1272909283089074
-2.033330388952605
-2.3415553173404557
-3.0332871088285374
-2.990039764117695
-2.627512932699123
-2.7918300225556867
-4.246772438223884
-3.9285944228351855
-2.7890254337410343
-2.8738810675229076
-3.132217419829038
-2.110024429814072
-1.8534146479668197
-3.3146571343374114
-3.625628827011555
-4.867451094794573
-4.5796234648787655
-2.9073707961313273
-2.1032359984915865
-1.9690935364227904
-1.3210727436872454
-0.6519349379915993
-0.6338409095433488
-0.6390413022268498
-0.9361157266844765
-1.0447471253752103
-0.5732029046133594
-0.28074699654528146
-0.35308026248845037
-0.6433451624213473
-0.8901009623500376
-1.649402897487978
-1.208354190113986
0.5911871406254361
-1.273739825165445
-1.0687343600836923
-4.3158739386010465
-4.228738546680307
-4.845027271150606
-4.216424416787774
-5.339759153493229
-6.257465426509784
-6.319923897928602
-9.146026562715466
-7.114041906549296
-6.376897535488498
-5.740864457666125
-4.719211238170321
-5.3752460802392035
-4.436569757688207
-4.523620245318336
-4.2555479824122715
-3.090203417202571
-2.8687143607460177
-1.5981695221872692
-1.0068107695343156
-1.3502402914719627
-1.7661372610900161
0.49346502116846147
-0.173226052847668
-0.7799823840643134
-0.32925178040669684
-0.741781807089934
-1.2981698573145928
-1.8301713378656792
-0.802080028062721
-1.3421483419280122
-0.8194543468752337
-0.23228103802645644
0.6714035967007645
-0.07695565898178153
-1.6626288715841318
-1.986932419420011
-2.694848422145191
-2.6660424752640774
-2.840806247973081
-3.2565282885251965
-3.4251835565706426
-3.210642122807292
-3.6565022848883126
-2.360659410560359
-2.0947590294242784
-1.256664260991798
0.08469842608975592
0.14206196790811787
0.5797821041491598
-0.5203443827663126
-0.47472664836354617
0.9750244455642464
-0.6625029716324274
-1.62163924281854
-2.0628974906394433
-2.28615533233676
-2.3411576634664812
-4.061453710723934
-3.9911831206268955
-5.846285691227976
-5.938159817396957
-5.050897485952328
-4.287035540644163
-3.1932520775796998
-2.7479742897653985
-3.91956763551131
-5.63471967374357
-3.1647795290690985
-3.1022872296734136
-1.3040827160396384
-1.42141413637442
-1.6659541693543718
-1.9424688189009318
-1.4065240812533941
-0.9208136294306734
0.4754265487477874
-0.06774141758862458
-0.5302347302739138
0.9682748018598548
0.5564872158255886
0.7081133996350737
1.2310710756092107
0.9040035206788841
0.76029661168505
1.6440278809709556
3.7710971724429303
3.4763250274932824
3.554384788911039
3.4931731569812676
1.544734173561154
2.0124632824086994
1.2730227382197696
0.19279108662153305
1.1315295783100079
1.9515126361506805
1.7823872226131705
1.753068268007447
1.4302238724925405
0.9659163608699827
2.4726043673936555
2.583974502480469
2.7282544914952003
3.255674772702798
3.9464154449204587
2.8874489409159216
4.352303010237555
6.881606312697754
7.599157990198184
5.248916595838581
5.033502254583254
4.843700247703929
6.391276915425805
4.763163680460746
5.609717418507331
4.608800867577491
4.570297818301888
5.04568866807705
5.9681431267132705
5.629716270352187
6.0894427663428194
5.082336692121928
3.20425410915892
3.076033640753961
3.9654790204378356
3.280071646311785
3.0972331463534815
1.9119372877769953
3.639696909212903
3.689044998519971
3.788712678638851
4.183456810375356
4.4263926126257225
2.4484061660817464
3.6783937029861407
5.285081948872851
6.177235173872842
5.368796470847618
5.077322542537842
4.090887930559574
2.5736989967562027
3.764474043409082
2.8236200106176654
1.956519274904917
2.2418569984790144
1.9155504609480876
1.3654555471000518
1.3668702464451805
0.7850040097947127
-0.7636268730770307
-1.5649456696350585
-2.6394722847508976
-4.580769959207985
-4.938719966968157
-4.627039061330284
-4.687912225077106
-5.4993504215559526
-5.848938616580667
-5.444136725888349
-4.440959533513746
-4.492152210331904
-4.128018227620464
-4.5266282220635965
-5.094227373725692
-3.5601232787566124
-3.049290413807506
-2.468405425934652
-1.8992668094115466
-2.36247216824786
-2.9857706761603335
-2.172600555050737
-1.7166032623290766
-2.9363325806005847
-1.9142456107336285
-2.6214267611666764
-2.6835895569091357
-3.269472287690921
-3.879756017419638
-4.063818773748668
-4.767703780851978
-4.199228507502633
-3.3695278990545448
-3.593189470193963
-4.116054457348008
-3.567837837934844
-3.9381164395268473
-3.721926738085129
-3.2979083670674307
-2.1657564561598166
-3.969095620698771
-3.7185447036140786
-3.5258308057427077
-3.2070345819355532
-4.236850316368754
-4.379705734180411
-3.7563065271430283
-4.191593277832329
-3.054057060110025
-0.8492865678479486
-0.43257985992861847
0.07651141678458309
-1.1481608283635836
-0.9496261829708583
-1.3542937586275579
-2.1052796767594524
-3.4458416674372843
-4.841210865040266
-6.230637662579568
-5.464147997087156
-4.948057662714406
-4.433143021737514
-3.6188029260657117
-1.5985927239815507
-1.2472247400358156
-1.7679627021144708
-1.6242003081350762
0.3457792393073938
-0.019227078080808507
-0.7909587824171598
-1.822977510280689
-1.5317383878005468
-1.6095917602384722
-1.9158288575571054
-2.1143488397188612
-1.403772724091462
-1.9638633806319683
-1.6247958361920063
-3.182760453957594
-2.3936299189310564
-2.616868790066544
-1.3791493672022204
-1.1292383699109347
0.1146858296690056
1.5542108918724507
1.962049550923691
0.8722019805555202
1.5157159549039991
1.7537921476794895
