0.0
0.7475246724522554
0.25839417342063614
-0.9508776274549712
-0.6735052263254452
-0.5636518751258643
-0.530939655069749
0.8868099171269315
0.22623372934118732
-0.3712605240281467
-0.2677295885444587
-0.9864966949389015
-1.233545816423307
-0.7344786119966574
0.29952280230099587
0.14453484369924913
-0.05433234658220873
-1.2231546808811655
0.5123136889094024
0.8479314256217332
1.3522543985134827
0.9136707557437894
1.1135439806390974
1.1529812353924376
0.7572903377793401
0.9138119976585612
-0.010601142316486012
-0.5470467660372298
0.7926164911744753
0.41264266106994185
0.2960061101556622
-0.6952434562033629
-1.3324999952828478
-0.36117577622262487
1.2913227786480863
1.5272399792346232
1.426837756619025
0.9963961170430584
1.1508204431199618
-0.09025992917381387
1.28405684073808
1.4737964693592784
0.11812751125278478
0.8876043198105249
0.6765882772852607
1.7970742498660235
-0.20905291704700665
0.9714125441442378
-1.3282724261986898
-0.11392126333113278
0.5792882528317493
-0.3361996633255339
0.8664400428515475
0.7320631337208091
0.3633185424557056
-0.7818603696444867
0.18963676841176544
-0.18759158075986823
-0.01998932075351391
-0.8274302550106023
-0.7932786782759869
-0.9750020355206241
-1.8698970408992843
-0.09949624756251288
0.10020070052654728
0.40256442403194775
-0.10954447763310841
-0.8961141572456389
-0.7786445439122307
-0.910324228834123
-0.24955190233284835
-0.6220734993722283
-0.8783044096382859
0.36195019074882273
1.1627731249571176
1.7900204498651417
1.7721043393926421
1.0164138106185936
0.35722506606312493
1.0755788959290353
-0.0393997797155849
-1.1320523771871787
0.024563350437177653
1.2680871321151002
2.5402552662949875
0.9807144115247178
0.5829701600713796
-0.46501724937200095
-0.953417142543751
0.8437358922395674
1.5530028933160078
0.34521353424673834
0.7168527186156672
0.8883260455279199
0.732487888939134
0.5328719335800991
0.19183981646477904
1.871772690143998
1.6061652176333223
2.1038699189449837
1.95295436725258
1.847082326349522
2.054920381011923
0.5810369699579904
0.7902506452488651
0.5304427799166453
-0.5533294404240403
1.4189173963486184
1.6913876237760908
1.1890111611593241
1.4792343826624048
0.45855587444361157
0.8221355726969579
0.4064711611428476
-0.44266786021142623
1.5786996174519317
0.06920176964532425
0.5852462892485977
1.7362304039401182
2.210559549704522
0.6120463986917583
-1.5403588476560164
-1.3016641428630904
-1.338855775642648
-0.9638191451391303
-1.6588824371149107
-0.46524809462973366
0.11131803890861589
0.1582442531692158
-0.31130148690425946
-0.836790069590705
-0.7519965666865371
0.22386577622920445
-1.0113396811065538
-0.44242226454121425
-0.4135626563079362
-0.2034146194375374
-0.4834994527342545
-0.059764276363482284
0.15818685864534932
-1.1353594234722604
-1.4659170052481234
0.033419799604783154
0.8279850307456621
0.9847484187740382
-1.0099146129047332
0.20422339836078918
-0.21906607985926674
-0.2876983624028188
-0.29753261540890014
0.3348637624875297
1.5769683416269313
2.2157558506650417
1.7436466936244266
0.12396888154329765
1.662516840133227
-0.05081295201317243
-0.874619164781503
1.0938185871334147
0.3544588321839244
-0.36715288320360384
-0.0004734623644584955
-1.0012062745046344
-0.0757113953782477
-0.09365370323334685
0.33551742348613545
-0.4681153747027759
-0.5122998755227236
-0.43384725777700245
0.15048844449328863
-0.8968930083188527
-1.1845663212236774
-0.955093618708106
-0.7919864939685124
-1.0201992085102367
0.007958698137210715
0.08044575133122751
0.41149699615627977
0.4481483001192395
0.22705683601155752
0.5477960158303045
0.8099105755334628
-0.0025801650290386696
-1.0684753100855522
-0.4415308070867483
1.3919975504920337
1.3145429383994038
0.3830792036414878
0.30718435719598736
0.4669914327156909
0.9320691872496409
1.4123212603783812
-1.3326331614663118
-1.721322028369071
-1.7401364502934473
-0.950357324358301
-0.5358051285087106
0.3735419217976467
-0.0944997714467298
-0.8418163175301583
-0.3953820224734902
0.6554931203939295
-0.27493866257938365
0.9323618239677005
0.09901227674014672
-1.0249413721739442
-1.2127340255371624
-1.547497838297158
-0.03634739755615114
0.6039860055025899
1.2100626773781546
0.22338273547189796
0.517248858406061
0.8524042604777871
0.5331149169587426
-0.499131971083767
0.11294760157705885
0.5172881834921134
0.45023272290543226
0.0879987454346243
-0.5349140398382017
0.07215473432029149
0.015822603724839984
0.5431922277127978
0.9699518367314726
-0.37102434243327376
-0.17277913833811978
0.6727705365210637
1.621130811407702
0.9333121219072947
0.2870670432221122
-0.7960427001739192
0.12455954738669445
0.283718799024823
0.7021822481567782
0.3943899968524679
0.3733075277308161
0.5098136107012752
0.333077841848399
0.6452548678066997
-0.5007619387060359
-0.12422958529052847
-0.5182886003561176
-0.8477710674988777
-1.0456646638689981
-1.9700478657187321
-2.4780820727885686
-0.5461436012172927
0.12723239063746014
1.3417947526769722
0.7526230953899966
0.9121468441832513
0.5287991989298826
0.8127300724426016
-0.29477232272163223
-0.11978622301105171
-0.4208697031692403
-1.7045145878557493
-0.2711840971940582
1.286175980937872
0.3754133004556592
0.426676352971426
-0.1717100802107818
-1.3003316583053632
1.0892528026739354
0.08022544780645102
0.19706651812291057
0.985227519603707
-0.9024206763451058
0.7074681691024722
-0.9266725159649267
-0.5008914032864699
0.32543695009405305
0.9747290884987468
-0.41965315529167657
-0.34548404044018666
-0.966819872236008
-0.13035753183206927
0.8794383378238305
0.770972285448536
-0.6765263207584717
0.09766588649316615
0.799978346781335
2.023143274992426
1.4194719148607984
1.1357079651932933
0.24998466118974558
-0.20667376464343606
1.108739272921768
1.0082727627473334
0.15768570746001936
0.42947701945375344
0.746519141495753
-0.36528211044358394
-1.5012590935122618
-0.8602140919948355
0.44193470431188486
-1.0097513675177785
-0.5903328162778566
-0.5411267674398392
1.0653085443597843
0.9778382553791681
0.7269535616342927
1.617985217457359
0.9531443735970884
0.17233900458580073
1.3646328465207787
0.6379989675413039
-0.5016571742583474
-0.4993404323205534
0.003922453414392922
-0.20713711451121908
-1.151087754640368
0.4902051901898959
0.9072764195214736
0.7286266974462072
-0.2633715678549093
-1.2912595679757954
-0.7160025361880629
1.0519552116911124
0.13623562452277185
0.4153911969333843
-0.7870265063396087
-1.6881753794008805
-2.5958343696934527
0.07087285734920437
1.5406205032221871
1.220094145394957
0.11093220691842215
1.762775247194319
0.5642688599571273
1.029903564037279
0.8544907595776835
0.6646577774174175
1.3234775605677633
1.481496848461826
0.2273079719954531
0.5870173776758301
0.5790788161614034
0.2604222440328574
1.3220583657747111
-0.03717286138849457
-2.597120508269883
-1.0012127226335077
1.2728419645681033
0.9532312523690264
0.13410156546477697
0.765789404525706
-0.7492849116038194
0.12613456513750343
0.908777912146843
1.6323523247216647
0.9095120593978185
2.4894919540556097
-0.008565547387862048
0.7493477974168677
0.8638933571989452
1.0468056935036953
1.0683419148141697
2.0058671852010264
1.129120016863874
0.815083961821183
1.5224651398258784
1.5699434567019452
0.42825834100466004
-0.4083158383915767
0.2199364431705734
0.2535594200419745
0.656339017567023
-0.03892543631090051
-0.9815147348376692
0.0414756204510419
1.2944347165912578
-0.9671152065596209
-0.6000588160074543
0.06614626765493474
0.4711194110191697
0.011576957609311378
-0.9636802705588944
-0.0921160773208764
-0.005435598271871012
0.17261782771835074
1.0780595345934143
2.391163023502543
-0.22387236168420316
0.270891701783413
-0.6613171691236056
-0.7775802825768349
-1.5884295661252363
-2.4638278749483304
-1.7176070994843082
-1.234882863577406
-0.2036813386179431
-0.2473075827662057
-0.6310322325276214
0.5489107594189392
1.1158412871756207
0.04366922120182262
-1.307604656700261
-0.05168660641104102
-0.23950064665682172
-0.7280607957634374
0.08538114231420434
0.2615789312996699
-0.5236402839856934
-0.4884184321387634
-0.18618756260660985
-1.170188673945419
-0.2190842571926229
0.9385361211830598
-0.16738895342075427
-0.9613656592589976
-1.170267972082657
-0.9465505063618405
-0.6331430267161837
1.353340791243056
1.2443830629474681
0.2622604581390572
0.7081677083612458
0.6748235671121418
0.2872182793699323
-0.08738759432909467
-0.4044712235991172
0.799827615948421
1.7405206648771019
-0.05049178583757788
-0.488013789538447
-0.5734163595707853
-1.517013668432213
-0.795806634242811
0.2609726697798843
0.20947671899850873
0.2613491565372249
-0.5569120970975545
-0.9433636919819499
-1.619177669154895
0.05641476010855437
-0.4778185786331042
-0.46833566983255875
-0.8188224869728506
0.01736802668387408
-0.7341750994326321
-0.21116301584913288
0.8015922622375912
0.8172458554286295
0.056215966865486564
-0.8268595387022315
-0.3900285884594489
-0.5158849408289098
-0.7332068388457486
-0.7079746868113331
-0.2778992696198993
-0.47802562958386974
0.20907165584122886
-0.18935580127437984
-0.1255390631895225
-0.9519401194993966
-0.4614690561569359
-1.183510760030439
0.3420105777009162
0.9115817780728455
-0.4186674341819915
-1.2412246663142035
-0.7351340125176603
-0.8116080487648997
-1.0739963256612033
0.9374725451599262
0.253253362031837
-0.3194099895485963
-2.0655526754061366
-0.8654289934804584
-0.235789452152445
0.7648806341311785
0.9299228030971438
1.468423348897756
3.2084747815599295
1.4005184264715593
1.1963112354045382
-1.0770753617541389
-0.007762165228289097
-0.4857930023194209
-0.5518824757526015
-0.3976553579458369
1.0767474598221143
-0.46178380069178704
-0.7996119704685952
0.8539057954623971
-0.37793130826009513
-0.8574895294669032
-1.0767722449095567
0.034350455411002255
-0.2503108867692918
-0.44325538718612234
-0.3577739030687712
-0.15278280589338378
1.7645519224972346
1.1678418952025722
0.6242395905536025
0.06435265449663191
-0.33229847043971933
-0.4205309657768741
-0.6411383733370223
-0.5662498561526064
-0.12452987191663764
-0.3747632685923765
0.025206289581246502
-0.08405872092276426
-0.30572677186495656
0.036368841164821475
0.5082083436889928
0.920332335850875
2.4907419014064436
0.01977399891960082
-0.600436251472787
-2.1856801524955656
-2.0537581511052743
-1.401179442181579
-0.7594644091644381
-1.361609683027131
-0.4742468986141964
-0.2375399793713765
-0.7602144757865472
1.0748269051989725
0.5671670928829697
0.16976747811471002
-1.0752970958348251
-0.23284332562150756
-0.9178225576839508
-0.04422335573959717
-0.9336085704925507
1.045366124037383
0.41728547726607645
-0.8303796074598934
-2.497716726938581
-1.1448497896390415
-1.8890606722819183
-2.3185367871073868
-1.6378313364532973
-0.4002651125363312
-1.3496222039743744
-1.3148296345352875
-1.4728811454198563
-2.1541710268409573
-0.12154530512470585
-0.11377184971062393
0.3400431785765381
-0.18872669491738303
-0.5093095949751087
-0.11594215458210695
-0.4362443007743536
-0.6143207036237991
-0.7208092713339107
-0.8064783040979371
-0.8216831103437505
-1.537560366792941
-0.45680156527228455
-0.2635926431565109
1.7129871467438496
1.1962355762962908
0.5610374464865069
-0.6227003764186557
-1.7820176760416764
-2.0952405198211914
-0.4489164403174754
0.35229677261062375
-0.6568148368431028
-0.1246656609313144
-0.6143052877520193
0.1516019544179872
-0.3568703104383616
0.2593812037276696
1.5945731195384043
1.4587545342516788
0.26627991484591074
-0.674573569430318
-0.011016018833518604
-0.19849577382056907
1.0207690129340323
0.9311052410253025
0.5129906679219742
-0.3264778728722865
0.6152896259071461
0.5985908954251066
0.6235069523154851
-0.5178757712219734
-0.1453106072556792
1.0188406908254348
0.606093079576234
0.6219796945490456
0.01677392553971732
-0.04307663441361378
-0.5653612651861869
-0.38103768527430903
-1.6485367718519848
-0.0814484017750739
-0.6016328345417616
-2.0613011100006617
-0.8878679030875806
-0.9152400669616911
-1.1162614978371916
-1.7773853946237006
0.4255598268934533
-0.251850611369911
-0.35007125067282674
-0.04985126459292528
1.1596126952111812
0.3732622303980831
0.5924114185186508
0.5040444937551807
0.8565111818613971
1.073615529263035
-0.4055351437607286
-0.19875922060276316
0.651453215399608
1.7843308516692569
0.3699487681576197
0.09039975361182756
0.9913598185391357
1.357018767475014
-1.311081080070393
-0.19842852638865072
-1.0231999529564466
-2.2419659261278677
-0.7726068163044003
-0.9253392796805956
-0.48110354668665806
-0.2064892160542746
-0.04887672348913563
0.3395820305630466
0.8281135197568843
0.2274889507863518
0.3385211923780559
0.5007262089122618
1.2091900893473155
1.654885030851113
0.8044271204982005
0.8943085224367496
-0.12462701623521441
-0.019902834700985056
-0.9727738006639344
-0.5702519959250654
0.07392213382582982
1.5514035948554263
1.6397924851297183
0.6204415821170924
0.8916428333089756
1.5699035471033136
0.4336992325696011
0.45983609756119137
-1.1750118666303595
-0.7900939816074642
-0.7441292622539064
0.5103218519326179
1.0797407842250943
0.3952872326398307
-0.4332149944719732
-0.29150380156851524
0.4045830202643435
-0.369465023015551
0.09913632297787461
1.4237028650428933
0.8060920992202015
0.23240193404940868
0.10391416428594644
0.20009411835283983
1.6378698936032035
0.6062982725509997
0.2599892553013022
1.3122984930823243
1.4054431219955985
2.3274849712358208
1.3770752157039023
1.1302664309952337
-0.7121196340771065
-1.0069686764998769
0.002027678516326111
0.5031830902426033
1.0085195324927256
0.3782140670581619
0.38980878845273303
-0.22733419695919838
-1.357710063935726
-0.4353678694881015
0.4271899648643634
1.248161819658664
-0.006880420286970048
0.8128851774143526
1.8173503122196106
-0.04713489397007078
-1.6776912267258888
-1.1174783453573183
-0.8894335848101492
-0.7240058084812147
-1.433875928415155
0.0400149204768028
0.03664341327587432
1.5311257355571697
1.8044406755434022
1.3688118104480733
0.8734155919095495
0.633063797716824
1.4489300141516948
0.5402287622373162
0.9426797360016028
-0.2476534629759142
0.7356231832984571
0.24171110101079155
0.2246800998622392
-0.6191361309989669
-0.39351944985789666
-1.6926824993359322
-0.22238435144437535
-0.5023574251291358
-1.3954695558741301
-1.3797394813175117
-2.7105831065119763
-1.3879508130952167
-0.9717648191693977
1.1966632172451248
1.3256682331771468
0.7300449636006595
-0.8084428797368696
-1.00983855199485
-0.7404706812616784
0.6064741228082701
0.30240645417987994
0.5111783335081251
1.1835710444431566
1.220212697708175
0.22831211406301216
-1.1337040575337523
-0.6292293025693445
-0.7239870807180743
-0.9522260640262011
-1.2894849760511198
-0.23722003008051168
0.8536393322046467
1.4022874139202859
1.3257326992320475
0.27244763259633
0.08614082028361159
-0.10572491042764279
0.8074722239967052
0.9823604322901669
1.0218922967203872
0.8517368294178367
-0.03726058669626815
-1.6691964138872533
-2.4987343334368446
-2.7101282459384453
-2.2368145583739723
-0.9837920175556254
0.5179887798895448
0.04280855501665387
0.19672164298436878
-1.043398198639719
-1.0469054488247538
0.7552219427476468
0.27326569771220266
0.009028780812750853
1.2780935724006532
1.6760783812727345
2.3921972862384178
1.9449113461883951
1.2686369914990858
0.46242614436285473
-0.9299988523698175
-0.8649590577822799
-0.6581788709518575
0.10578555134226039
-0.4819700393356772
-0.4288052983355875
-0.09562441886189658
0.3137952469018424
2.417671239684482
1.1034470132318652
2.500193684025429
-0.8002672520816875
-1.096727442697905
-0.4961504043772656
-0.5056163323993651
-0.7980708689272876
-1.5168397409250551
0.29027434551824327
-0.30368514740302116
1.219743760326089
1.333544529719786
-0.18529291983570545
-0.9621148755350176
0.08571575387539226
-0.48019731149955747
-0.601356379521933
-0.6000025742354215
0.12296747295016777
1.0751954135674098
-0.02182320780116514
-0.23690486969414037
-1.3619779061748494
0.24434598008515462
-0.06989209801106439
0.5053568968589972
1.8054707192714565
1.3929900310165804
1.0198643315902425
-0.9656770956169827
-0.013246219052260227
1.1461179953977343
0.28742280482892874
-0.09417021082523828
0.8584652242031228
1.7622891351927041
2.704503194607206
1.8651098430175606
0.5385391622761952
-0.7260782703294731
0.23388238053316057
0.942994719230384
-0.0240951057690581
0.8978464851935413
0.388771765922091
-0.5176853401792513
1.0802981883681
1.0007834324227378
-0.8257712709474699
-0.24504092675299935
0.2718318546794912
-0.5436980178211862
1.6671070248772941
0.9186755391730403
2.094038732664909
0.17283095429582243
-1.53074078987517
-0.3619340752197749
-0.5913201568873228
-0.7840011293491326
1.1586683985754649
1.3085123149586673
0.6471895852687817
1.5453360414406987
-0.202662837485299
0.5505550474468204
-0.4690189817350406
0.156412229646004
-0.5887259396731598
-0.7918754617362922
-0.5631997183418435
-0.8359963703511306
-1.0219711826170905
1.4941576289645444
1.8340038853607512
0.8191817927726227
-0.7461080148069488
-0.9789814607508072
-0.3308316640774501
-0.8037610279007034
-0.8551319215361908
-0.533572236110911
0.7222375107923016
1.4377813901803669
3.4986933782959735
2.762790187612265
3.0761874101864595
1.1828045333336987
1.4687695725163101
1.9919048867495528
1.3222166442034857
0.9726977640949453
0.944353763601933
2.0461950003552185
-0.07704186291694609
-0.6022919223833448
-0.28160260447846486
-0.5851638225889408
-0.0172454454799183
-0.07873305564608946
-0.6833107432350267
1.3423420217191562
1.1092725093335027
1.6805277404788512
2.2123097421678133
2.145058264371765
1.4754403684651607
1.8499345673319358
2.1770349336311963
0.1324522214374989
-1.1627607407307492
-0.7257719041459
-0.36973668449310443
0.10025352534113993
-0.19082706145049977
0.22970221203082866
0.6963509296269587
1.234230791293802
0.8572626041963857
0.9207809609976385
0.8806319721424081
0.6764065584146897
-0.0644132655219625
-0.6625116476181379
-0.3678393943029796
-0.8078533397688739
-0.5850469356618653
-0.22987432532217048
-0.461158654493364
0.0673930248959295
-0.7871551023995231
1.8466300875841897
0.25747480110662757
1.016314430112873
-0.3100376420248385
-1.046208255876258
-0.6432207729442305
0.2706205631550491
-0.4895324722182276
0.8558256552815449
0.1456447941940634
-0.8709346002264068
-1.122513200940869
-0.2378881711532349
0.933781075936998
-0.1341327782263823
0.17870013655015113
0.48879259598736435
1.2134253389324097
-0.08808422257994981
0.1136923251733511
1.3517952293260038
0.11780968634115077
-0.34931214486839585
-0.44915563400452846
-1.190101674512057
-1.1226149375423349
-0.24073999490973902
0.04452468134542456
-0.7999273887817566
0.1264639743718822
-0.9555243103608755
0.6396453497469683
0.5647704742586919
-0.3044376429413762
0.02540825691962001
0.08092698385048011
-0.3586130007693863
0.5947044374977981
-0.5731778585436926
-0.201563682486071
0.6616254921624534
1.609408603607973
1.0863287357722697
0.33914268175509676
1.3212760691235752
0.8507912094616457
1.1296090832922356
-0.09276671527764294
-0.9045747569689414
-0.3703049218291592
1.025150848376942
1.218952993800268
0.9864580785502649
-1.3095894559012482
-0.6131966750324911
1.0311872540541205
-0.7359850853460137
-1.0556108650630724
-0.682526466889668
-1.3047646787390514
-1.1744802664838077
-1.7586219522192248
-0.875457455269327
0.2905485102542069
0.5502417218352449
-0.6826936591023663
-0.36903705844247225
1.0838702718529833
2.04276969212497
1.3837540787228915
1.7981538218408593
1.0087271032862994
0.8017300735075978
2.0677556778175052
1.7384481428700163
1.9838379921229192
1.122674550267127
-0.11247665760114965
0.19466840671375724
-0.06382261739959566
0.836612110110505
1.3651130175764417
0.7421376874585593
1.0881781628989435
1.9573806197591108
1.9037445279466516
0.7391203939477441
1.509564396472667
1.9591461225162468
0.6864935718150749
0.14666596583517647
-1.3136438173015685
-0.5191509497301638
-1.2530614562697087
-0.4799266613150746
-0.3173308855000687
0.5036125269209867
-0.050992711738769125
0.17986162809734327
-0.08957908201813375
0.17202298591993115
0.4550721087698323
0.25876507244480107
-0.06517561082197917
0.6352998205460068
0.06903392627664104
0.031618125187089625
-0.4809080644106367
-1.0168451866999735
0.7041233049107756
0.7751974330063416
-0.949844173317586
0.07002273093942021
-0.388439975628461
-0.37170686748347737
-0.039176029627642314
0.4715107499595642
-0.17278698162021594
-0.33285728247628876
1.4402612006913222
1.6690165740404959
1.0521536092105268
0.0852359668799388
-0.4221794183479284
-0.3879925873565756
0.03692547337351493
0.1407132468831704
-0.008579136545729255
-1.1266567374214516
-0.7255880868382074
0.3199693812266128
1.6113074067270594
2.6070261060164
2.1288290912267667
3.659084854671826
2.3617603272707828
2.377832454260921
1.8651367091659776
0.8137721382655485
0.2546953172898912
-1.296441142645784
-1.1988495689531455
0.07238391131609677
0.4401988346306909
0.5276693236523953
-0.48369249477053544
-0.5632983027144928
1.1902388053937456
0.14155516169009974
-0.882487732791887
-1.374051858400206
-0.9923453437470969
-1.3333676284004097
-1.0898899946851033
0.6356525224524759
0.19414807569934311
-0.29858626983970016
0.06027317451527624
-0.31394802368088953
1.0758739560240973
1.5815589091248516
1.607486366621002
-0.12548835851194148
-0.7529612111704262
-0.44109969386337683
-0.16345126713797473
-0.3252700489783511
0.6030182192535434
-1.8922054054111501
0.001958904452522614
0.1529470931941052
0.6466619799138287
-0.32893953089959993
0.748019208113245
0.535020231767515
0.1545120092959968
-1.2170261092338592
-0.04106304470817418
0.013829828762469906
-0.7814327961167878
-0.40215498008452544
-0.06579132221387873
0.0359956877209845
-0.2179322607467721
-0.1689421993709849
-0.9757787142359619
-1.3130904398251353
-0.309223376322522
-0.9672212617632432
-0.8186934457465218
-0.9712634372211704
-1.3159903131768218
0.04314623100508444
0.6684811045233605
0.5036179183746768
0.8385866464886423
0.9667866842314181
1.6204657986238626
1.9550454691548163
0.6563452747127543
0.6768246640509351
0.31465999370664777
0.9071713923727786
0.10613186795864141
-0.014375787833334042
-0.988487958267112
-0.3481157409216703
-0.09100402067571323
-1.809522667975062
-1.567081555103738
-1.0696712664454704
-1.228422047422567
0.6085775016655787
-0.3518563529648619
0.21955240462294567
1.156240643286125
0.014577431526871576
-0.4594751036212364
-0.7783024764357223
-0.46219034494314054
-0.5196768476675473
-0.30907200812777214
1.1267975134887047
1.1049953729910427
-0.5012376937376992
1.709481453558067
0.4841045127872553
0.2434247425478927
1.0947543130566182
0.8095289946270026
1.9919347932806786
1.8051398822951306
0.2912510321973035
0.10907915632170374
1.7016067300934585
1.816204483235872
1.0256404435357482
0.5951550280275688
0.6896453935369041
-0.7322502455473314
-1.5353382499784034
-0.377256155033549
0.25100445689747775
0.000824693492534459
0.6165099566918409
0.5745650042510353
-0.6123170814394546
1.0393401580848138
1.5688986553794553
-0.2429241066684639
0.5006000095584453
0.954844129037235
0.7945377584947246
1.61843770580823
1.314899846627355
1.2722665356343452
1.6227253659503962
0.7809582992527464
0.7376469945384649
0.3329947255116182
0.01844521619747072
0.4804197221251299
0.0028666336763906175
0.6692186559656438
0.4136374352585604
-0.3648361310704137
-1.680011967374388
-1.4474014497120709
-1.5021556045429105
0.4454402402012505
1.6540697066274683
0.527160119102827
1.0571436437781132
-0.2856032431436736
0.027289842507927833
-1.1412929540714394
-0.94790301323323
-0.490712736466726
-0.1388187238570957
0.6190984929154035
0.8088845493334651
-0.3471399488636981
-0.5276357836119101
-0.6150932644578314
-0.9011543684604034
-0.7900919604492771
-0.41849003294349096
-0.7194123526495652
0.0570248316059811
-0.0017977067995283147
0.5517809449484105
-0.4316466651746157
-0.5456898874974297
0.2993968904783999
-0.0271988004656532
-1.2413367235181392
-0.5796677921962158
-0.18686758138372106
0.7409208909549276
0.40518944299462767
0.16853107633474773
-0.2202723039660994
0.99477869495413
-0.3507871428772786
0.8662971221399176
-0.7981860255031301
0.3011495489188185
-0.7533920185348061
-1.4348923102616882
-1.062195412511642
-0.086508239543783
-0.5986162959511847
-0.9052218329391685
0.4949070008690221
-0.308928954439834
-0.13567029207201378
-0.6536704537940091
0.20945616887906993
1.1880221848934032
-0.4143183972009232
1.4780374095333382
1.6732480720124088
1.1127727625868993
1.6014790434827402
1.2244416416183048
1.9559069220061505
1.0641331247728156
0.9747701480127752
-0.04691988808253905
1.1590000971372625
0.8346094091339754
1.152430988458551
0.2546337770634529
-0.12475581873207721
-0.009788802492141549
0.26317925059489655
0.2596592798127268
-0.027016895080832826
1.0751472569949623
1.8956608331724425
-0.469597918685461
-0.3227397768832517
0.22939240180703813
-0.8660589652033818
0.6227233255877598
0.2967316108242019
-1.2532053623110924
-0.7365609263782693
-0.049664542450431184
-1.2255346589313938
0.15986940324034862
-0.6549713884902515
-0.2586077518067441
0.05926944895691666
-0.080456065420213
0.2810159648058687
0.4173121556482256
0.4968785995308336
-0.7260046764092019
0.6309683945243922
0.3015631010191405
0.8731849738410193
0.21712311971562162
-0.03838858334587475
-0.03131980200537881
-0.07726676077986899
-0.26893450810485425
0.45133207585220436
0.6834428636816442
1.243854406955399
0.053723617102656024
0.3491077985071901
0.05092167184949438
0.11164075727696632
-0.18132601428966283
-0.2906157840576151
-2.8746643389128903
-2.3919035864446974
-2.206851009651472
-2.1575237660030315
-2.800211890015612
-0.9878044743934755
-0.41075394790108044
0.35895479979416933
-0.5142498789232144
0.2894729829833358
1.790192493201831
1.2823112962369503
-0.19940962646421045
-1.5848334770460417
-0.4473667012162518
1.4356915178509537
0.7138838472849763
0.6883910369171803
0.09860236903037373
-0.24413698386370153
-0.8160878470559354
-1.7779053158653308
0.3941383885531046
0.07070384385094003
1.1091086921248996
0.12367862450004964
-1.2791662091658562
-1.0208139146149404
-1.428269517477215
0.05278622536795449
-0.8869940331013392
-0.6780917502928496
-0.02397285555901027
0.4602963631379683
0.2909535446303525
0.16884831288137986
1.387681231173948
1.7341131521816606
1.69089983724943
0.46715556811248127
0.9242922991072655
-0.6307160883017455
-0.5329236847859875
1.1701071814011326
0.8219003597208345
1.0869906994725982
-0.052603644312768455
1.441496230736128
1.0496919566132596
-0.09311313944494848
-0.47703838965518547
0.8979105745774999
1.5039113419128358
-0.37016686631560974
0.2851684017328083
0.5466920733811637
1.1376105837106956
1.1517798780463397
0.8645952849746821
1.0905774605095298
0.22930919214580872
-0.2419031505147223
-0.4036954323840624
0.011399172348909609
-0.15434064815578036
1.3937511008301302
1.4474432857046964
2.0776517696395063
1.7259825015830244
0.40795851963297836
0.08963663799329616
-0.09908152766637482
-0.3902004198883589
0.28082753604350774
0.23938663578271452
1.3356590126603483
1.0194467074780187
1.5414276842983117
0.6459863885980384
1.335547626633437
1.8171856326735027
-0.1619373305130743
-0.8322272396339445
-0.2910771767838817
0.2896132658369416
0.5875822354099007
0.17626699400098944
-0.06462759157426741
0.3972577403560505
0.37882668421857296
-0.013621919309035307
-0.255963224718797
-0.9165949710662797
-0.3209428453713373
0.13160798112858466
-1.4661014918183268
-1.1029108289877816
-0.4652491059659252
0.9560834303822088
0.7816528449332547
-0.05511259238987981
-0.7979143261134671
-1.0213671825242328
-0.7633818161817646
-1.2678871416271
-0.31315217268644446
-0.9888043070018424
0.4147765996497127
0.9916967688719266
-0.6277096916299743
0.6812161534396244
1.0341927259653658
-0.051692601850857826
0.041326792332722906
-0.315852698701012
-0.30047789519039503
0.494366319287997
0.4615178210125113
-0.21227180838060927
1.4165541858013502
0.8691377752718873
0.23674048661729835
0.03359942842622349
-0.3570278763150209
-0.5785254746870305
-0.14309660499369128
-0.07082372306434123
0.6334668812828246
-0.06663360813407118
0.5761584140698679
0.9463886427793932
0.5505439928649823
0.434060790054056
1.1035202562139375
-0.28315891233240886
-0.3298126009645632
-0.9958184101918165
-2.0329785358815085
-1.7686560152062338
-0.6713497332801615
-1.5532260446962873
-0.1815956647479716
-0.8128984870097394
0.659119909598043
-0.6419333152982307
0.21291451378768114
-0.19704053903905577
-1.5474765035273481
-3.0440151958641994
-2.327051129805702
-1.939448862187477
-2.035031026807085
-1.9112424065907259
-0.7412700454477927
-1.9538645650872466
-1.9070838958782013
-1.4155948019751652
-1.829821777309864
0.19233529830738894
0.3050843068823321
-1.3309620499944108
-1.7553656711281458
-1.7872003669769847
-0.9736360990108203
-1.0038608780422977
-0.9779128442590213
-0.5546463133451754
-0.6674408764268882
-0.5286298028995071
-0.5827442040184283
-0.7300322444985318
0.5625267561188841
1.0639289609073657
1.2786828687823224
1.1386446664510819
0.022828928830256015
-1.1785394292797875
-0.00899112088034082
-0.96601559195282
-1.0094381458585038
-0.7696540961464484
-1.0755483354832007
-0.19035086822579125
-0.7902363277646843
-1.6626442359084477
-1.9215694662789777
-2.125939835728884
-1.0680848691159317
-0.9849479658083063
0.13878564862200268
0.16315223088916903
1.305160102870906
2.4630150398247204
1.4913859257981503
2.4681197492522413
0.8592870223341453
-0.33084583933077494
0.8909884923733452
1.2288651621217752
0.656763353960461
-0.5452582496090248
-0.47799491129322547
-0.23931363495532032
-0.24364901154579827
-0.4264431038075257
0.71272358614015
0.6230251161517764
0.5045866475273593
-0.39669249998757566
-0.249531836890931
-0.334515799501156
-0.05383283022908952
-0.4947138791929706
0.12675355540573413
0.26489900718731163
1.2804811255385293
-0.31367626297539203
-0.41076999323679786
1.026130785093729
0.8181977711891256
-0.9607878656623
-1.6596287006974961
-1.2461163621425657
-0.6583601780373513
-0.2328097675706549
0.8356794645809928
1.371961440397688
-0.30808170733464213
0.02886926933378821
-1.400026536211545
-0.8591106751676123
-0.32098737297071056
-0.46815492460324865
-0.7976961603460397
-1.3013405113639065
-0.07654554743855066
-1.7010922752069058
0.2082777744771591
-0.44340909912637383
0.3615124691983288
1.0195848776305874
-0.06066613694383392
-0.3906784532271652
0.5949455604572816
0.20680206836576578
-0.3868696171140854
-0.16091961019272807
0.5694590505135028
-0.43359711549296
0.4882236922444463
0.2269062218999537
0.9323585090200002
0.7664451557039923
2.313199706944304
0.9074475342312425
0.6426352133870334
1.0139772070929383
0.3242903041398728
-0.5190618416809444
-0.015901964286284098
-0.563845690408417
-0.6612367719148653
-1.3573542789078934
-1.8643636984483969
-0.8112063819290208
-1.588935176491088
-0.2157708416737641
0.7034877133811764
0.7640453311869384
1.31181324813194
1.6779489076234189
1.03798102432055
0.9546182239956333
1.8875115121160184
1.1608708397262026
0.9973918006208589
-0.6782252524450358
-0.5843115153194259
-0.04389243080397273
0.7368549241868267
0.8236982984260339
0.450731616102417
-0.06723579799760204
0.7193347370426035
1.5084316626877377
1.4230273373229325
0.8756048769475153
0.49060225948452174
0.41296130577313145
0.06394857038538909
0.6972576327896606
0.8774807958526099
0.7777722518410037
1.1889395315322522
0.9704900370006792
0.36832899118364865
-1.1104641081214397
0.29982795769946186
1.2896936439567566
-0.7588662401581173
0.06650601218773378
0.26728537046688683
1.562980579942774
0.08309822395669386
-0.7256040819437355
-0.2531687420759565
-1.1126938476457273
-2.0036942460958262
-2.4707642936755825
-1.7251526501377863
-0.4673904312243189
-0.9503813349832956
0.12185835848623157
0.7511551881675459
0.2437629967418811
0.416461040004745
1.0444261959131431
0.49829943156574186
-0.8180861163163696
0.745934553739501
-1.068325263704627
-1.0242827644265435
0.4603993271945802
-0.2588691818320994
-0.9080706379184279
-0.3808764167920217
-0.2872206741257728
0.9225021681556901
1.0318344530257957
0.9423793908320974
0.6602666168049427
-0.4542421110380762
-0.6597106561155932
-0.19732982394236948
0.11677008883546128
-0.16895538697815438
0.9763194391811574
0.05281061201755129
0.3364232481622064
0.5401357989949034
1.187165873569881
0.6671956488368127
0.9426100615532162
0.2204443404241999
0.6246598130916894
2.063999954715051
1.809825752946304
0.13388930276034622
0.26738177127422263
-0.04513043744459091
1.6677394343138268
1.004730760257757
1.594375000294557
1.1104487887199048
1.4024160138046127
1.672602770794082
0.08145705556347968
-0.9537366579483588
-0.5241699406504118
0.7861164540658605
0.7158030451586355
0.6339899915076118
0.9091890094097985
0.9718282361842245
-0.03394862019201391
-0.46688861808005516
1.0253288120611097
0.731507063540994
0.14189883010720797
-0.7976588164964613
-0.3424123153148976
-0.27346852887751394
0.4381629326635951
0.2845079128850018
0.06882677071419852
0.9875227553269652
0.38414028526185173
0.3067454654029876
0.9041338362497875
0.29569832216541303
0.11486351787572473
-0.3472000423136031
-0.8771844024625276
-1.4092465149201863
0.9778287679035629
0.6192265681100033
0.33171066836559987
-0.8853734857546751
0.7505794379652635
-0.974291899455281
-0.7339501978872977
-0.5733158466435108
-0.24086926336167114
0.010481729382171179
-0.3409272342221605
-0.2640127016171176
-0.348875500142972
0.5943005684603826
-1.6107342419125312
-1.935810746917285
-0.11355280735283303
0.40784471936639527
0.8039237531196
-0.43600136699602887
1.318776940962356
1.0692036706505108
0.7541225802121554
-0.055345496606161525
-0.2143902592235084
0.38565445798132225
0.5127982394912893
-0.15972985643781518
-1.4791162933400546
-0.05387915034383077
0.1744605969011399
0.2394834015026454
-0.27815918600731054
-0.09596773728148393
0.4678879189568494
-0.258733346768521
1.204906459699731
1.0131418661655753
1.285178746595033
0.5686703259609688
1.1368992554977075
0.14798358617039584
1.3969964035087756
1.3323265921950576
-0.37295846457998266
-0.18555839137840655
-0.9706924807569054
-1.0032766390255152
-0.5172814475546135
0.7115983466592591
-1.084130641301426
-1.078856183424873
0.13479342133500546
0.39856574460385735
-0.10435866539989569
-1.757069609825234
-1.9447598462757332
-0.7683164809197116
-0.8472914376250963
-0.6011137629930957
1.5641341118847252
1.3375613850913168
1.3911329861269726
0.9553886586224981
1.1283484889669257
0.905527867090972
0.3601053591530548
1.2942955939794871
0.9169874488900555
-0.5244620873975343
-0.2608466714106744
0.899146188099552
-0.09635259649840591
-0.317080336194405
-0.9020040276779386
-0.22367915732206706
1.1635525110758589
1.036137847836118
1.1612569788055733
1.435587084533041
0.9222440653033738
-0.2164520402259314
-0.40408426493906663
0.26539959230318344
1.072593999126664
-0.40064793686791467
-1.0960794541217591
-1.056602419547724
-0.23615807250772738
0.19783156978552177
0.9598264622215676
1.1357190023863422
0.668866057746329
0.5235215450947874
0.8787227629935617
0.7845717620985106
2.2375008649699355
1.1955901717191573
-0.07973649557511468
0.023449915631257458
-0.3623834795164428
0.4748824017421811
-0.22600502795374844
-0.2372449140740163
-0.6078646955848134
-1.0781436686907189
-0.31437173866062645
0.4855603054651827
0.6475057283466856
-0.3795597638976546
-0.30646924373354667
-0.5179892644313968
-1.5604216457296072
-0.630593587519453
0.6090076607237789
0.7149222383314348
-0.410881342189646
0.23250879622575016
1.4062675795694888
0.21603062440308027
1.4991983324228553
1.6556395486427373
1.037078859083362
1.4033390687908562
0.3874947052408375
-1.3728151332686729
0.09775840182054757
0.2501905923737162
-0.2898710523060641
0.031142850289648596
-1.3158596641855365
-2.2436006483970705
-0.7278842108016929
-0.20695128354160824
-0.6269360189983713
-0.10592468316683079
0.2002230701188836
-0.2813559084558647
-1.4900066659065683
-0.6776923623531098
-1.4758536986437225
-0.17608111006712934
-0.16083588896070217
0.0040805035039315485
-0.0516964819739861
-0.1506820716677026
-0.2591189967636962
0.22401744642642807
0.2304950155976937
-0.11160642480976171
-0.7945396547202973
-0.19243699597375352
-1.6985177059287295
-0.04315918653802464
-1.1174348337059645
-1.5705585246084772
-2.0663667625359796
-1.344922327881622
-1.492350577659392
-2.077270654137253
-2.1937930617489783
-1.9180035579062085
-0.7500118600999144
1.0764411331661279
0.5773492995515243
-0.7089190872774973
-0.3839189564378368
-0.38110457967368944
0.7403870269013872
0.30559145519573205
1.3817269542975417
0.06620572697598742
-1.0770282315449011
-1.90862497412618
-0.7949327099640269
0.6595472114400893
1.046073040129148
1.3800482630772692
-0.6113503227790504
-0.7071317370075463
0.6224473657235874
1.2379314150572205
0.21063189530617538
-0.8480416136582745
-0.7575045386216541
-0.4552649107196651
-0.6153795741267876
-0.8847554104788732
0.2723756696148257
0.02724450026348632
-0.9635932309005131
-0.22203738449807664
1.1533669565722633
0.03933791251769325
-0.6386664693664865
0.5075319094569204
-0.06260193473668507
-0.5589348405544043
0.8685616092225678
0.1887527801637232
-0.9380637638447651
-0.6670507524268214
-1.0523916505442508
-0.8419970226840742
-0.22848626489586366
-0.7346101439160346
-0.5032666674838505
-0.5774935917507971
-0.46291180967068707
-0.7910172001766138
-0.5591336962301428
0.13751775800475782
1.0944286901956402
-0.1823352651754189
0.6436451415434431
0.9965876130886576
-0.07553399378109384
1.7788627372561368
0.4851307778534397
-0.19491460923074863
-0.22938318011557043
-1.2022595693133822
-1.6739027879273096
-2.2372790006246492
-1.2631962956082483
-0.7952409217579515
-0.29905904841452446
0.4183701106281572
-0.6054889109417976
-1.769552453768122
-2.002989998726871
-2.020124653152077
-1.9575976345978063
-0.4272831601391372
-0.14433337142335512
-0.5601553634869063
-0.5824676095033853
-0.027261164188237718
-0.18369669083483792
0.19616898257098275
1.1616113729470652
1.351945716770744
0.5131777502692126
-0.2731781268409032
0.9217572355623622
0.7533997158636109
1.2684811532562181
0.7391992703024236
1.2588582856309045
0.9211289718070123
1.2065096488094318
-0.3482119172076396
-0.4524618252914426
-0.4835431905900803
1.2205320830650057
1.8627174378650824
1.1042249994147342
0.8550827906022238
2.8452590845140175
2.038431292060856
0.02074453774749352
-0.601595625777018
0.8932245702972295
0.026397705530827
0.5001463942171596
-1.199163070371069
-1.1428959885862864
-0.5964748783961648
-1.1089451111896185
-0.5032219865249179
-0.4978221075633245
0.9616064608686861
2.1656672504258356
2.1565031815690086
2.0015415228226647
2.5611565849129803
0.1327946348619793
-0.5875315308644959
-0.5576893488987981
-0.048129698802352
-1.0170886392964782
-0.8357494594494018
-1.257508810956462
-1.4186346556915794
-0.327014597023784
0.158618078756822
1.2686291858416991
0.707190027704626
-1.2973647278874758
-1.5753459915962928
-1.310341217022275
-0.32417752319559434
-1.6120175530270378
-0.011057487864923193
1.0890585612583175
1.1359232832640949
0.33125881900718834
-1.039426533049364
0.41438368999569997
1.1956287976374533
0.9636779883471669
1.2279993186493772
0.21623406151122013
0.19409253860419434
0.6168170223702789
-1.1712216947799075
-0.43836900175116755
-0.7208093762364974
-0.6079618370526179
-0.3978366618661548
0.9355187782317558
0.48807640413558945
0.8964905435376478
0.9190513245196479
0.14219207635399564
0.6199048521622375
-1.1067721732625593
-0.6108997288694755
0.3923071756224896
2.3152488182866784
1.584776968490533
2.391397422388982
1.5954130351852869
1.9963037748169628
1.0571252194776608
1.4014916508538051
0.9018818706121644
1.1933185487104938
1.678515249656054
2.012433658222061
1.5070740727994965
1.2520619551601937
0.731681396524554
-0.6526230174351151
0.428987303659251
1.1746446154621644
-0.3816702519050785
-0.7016632934084227
-1.0921316361938807
-0.560092137559018
-0.3361294548257342
-0.5525359811924465
-1.2392147131587408
-0.4586114590635819
0.20444292021245783
0.8702692516591706
-0.15323419812569933
0.617165548860373
1.3498465640911002
0.10393430757292835
-1.6859977581927064
-0.1435461922709485
0.2854160981387556
1.3314707893324742
-1.6428166005691436
-0.6178834591175846
-0.4584606049750425
-0.730437516839142
0.3555744131536755
1.0213080275702104
0.4068158071652923
0.8486406530201259
0.3879287385507881
-0.9049907072247733
-1.0752730552275684
0.4261880795207825
1.0378467145133679
0.8465405100610476
-0.4029704693645121
-0.7419293022501109
0.4334665040134104
0.09712772528239809
-0.3343285158879375
-0.18492738110653723
-0.8125820315806538
0.0712526030354741
-0.6185662617303888
-0.8187333243766785
-0.12319982112658343
0.2617930249638384
-1.0703317565277026
-0.9207276729534727
-0.487568682463165
-0.8698816911221185
-0.44435012318279277
0.6872464544929665
0.44471410432787306
0.7578590160967542
1.352235401575372
0.6450827182733645
0.9561850526158493
1.042599747342596
0.09994787209453884
1.0849130711591084
1.020954812756257
1.5472621441715255
-0.097176809970622
-1.1153430854348017
-0.8572186592655155
-0.9909085237446262
-0.5227950175878495
-0.8755221144287416
1.076970754842178
-0.5318240389491111
-0.5007308999497636
0.37380463327848906
-0.16547968899685667
0.4523622439165603
-0.004933699588114904
0.6668101899194975
0.718748921090627
0.13614613593786118
-0.7238979503115914
-0.3540708782853944
-0.39158945249215193
0.3874450600450623
-0.23908456619283286
0.4326791462014639
-0.6119065776667075
-2.0370189622201194
-0.9080869771475151
-0.814829540193704
-0.3237735689737516
0.466571747868469
-0.40005423570790766
0.5716606382670253
0.6994016680208529
0.9612614066549121
-0.051993150503761076
-0.8629806979990184
-0.7636331056912279
-0.4637370851143458
0.39446486233911754
0.17084396954374942
-1.1427316410487875
-0.569927754058586
-0.9829262020163188
-1.0429740676730725
-0.20808365362807185
0.9221123247276676
0.45687145390994754
1.5529691879094156
1.0317533655342477
0.9652007733955554
-0.2174654700584268
0.9234798501579919
1.8470780846954704
2.88725408865114
1.2039876991923146
0.563001073864515
1.7134710398167996
0.5114016610354035
0.25534578397527025
-0.20426559255553706
0.7243201828333923
0.8641699164501722
0.49686941143603
2.793398869499236
1.8408687650842088
2.362603434726045
1.9137640626174495
1.1086104314230345
0.988388883821358
-0.2990040197270945
-1.1459760075681384
-0.900354537341336
-0.9821853653137207
-1.154228837006049
0.07910705466533913
0.8949141359966379
1.5928305626114727
0.034296606864005985
-0.5795547074824842
0.7717769060669304
0.3098323341769255
-1.40573874170815
-0.41089441604567567
0.47476683237077294
-0.8128925310479131
-0.9527367200886278
0.502044714812518
1.13894015971097
0.8639837236632384
0.8129706993299404
0.5207003691756623
-0.47241332562163557
0.6975973958999665
0.707685303008081
0.9165986617021055
1.9289738171983792
1.5401811754718258
0.5692663167574549
0.3947806787676191
2.0608596324243136
0.6938377191492684
0.16638658289935643
-0.5783723634447043
0.7273814986680099
0.3252836858600602
-0.5702881299587429
-0.271633300218158
-0.7451501128211792
-1.789425299843972
0.21256625182690872
-1.174833969603482
-2.05218084427803
-0.6297557967865355
-0.5066626918184307
-0.9646641144017017
-0.14792412061964766
0.8463402471222528
-0.9835185940267775
1.3311966471203265
-0.06128357674430879
0.13475434093619504
0.23694289790572304
0.9088719234662428
0.38908400429149526
0.5336894363312236
0.48513388880450115
-0.39578708619315306
0.13128555592804436
0.6384483818840991
0.3665449807769981
-0.08184890003926543
-1.1219708144218523
-1.468557533890867
-1.2320080493622878
-1.8428216982161283
-1.896019803309713
-1.73719397367795
-1.3465334256192791
-1.355844142158604
-0.40621366434549566
-0.9493154674155171
-1.1903914313050215
-0.9756794288304681
-2.739743292159088
-1.2497190298409924
-0.7014301298978293
-1.0201763133185395
-0.12210434110868101
-0.5474927668893905
-0.2326143958881794
0.7427388601830824
-0.24062520226735698
0.46903190762388214
0.3480210595107868
1.6125719886724867
1.4625227665996012
1.1584938961780211
0.5750045381508841
-0.05267904293749717
-0.3215226823949702
0.6628608295508026
-1.0413144219906045
-0.10440778590716751
-0.44802369749478455
0.6718473111126545
1.1633081822444817
2.2264077368021717
0.46365860663138925
0.9482338296759699
0.34661314512393904
0.11382649002701568
-0.14746023325859348
-0.5831913798299615
-0.3473694557564795
-0.4059218724675533
-0.5206784143175759
-0.06068146229935206
0.6226855299522983
0.7206272075219367
0.8667758851637813
0.793630875857321
0.5976718980765786
-0.6193275735277821
-1.40609327197471
-1.8193389166008562
-1.5766726702777947
0.6730329277327181
-1.6579545820539416
0.09286097727351669
0.251439811596265
0.24780870833466562
-0.5740471083375461
-1.2385599704880152
-0.5072490374680472
-0.22835699930340003
0.35825180379290916
0.31043029895582647
0.4202452452512587
-0.8072125031519095
-0.696072854119561
-0.2693042849911397
0.6575328699193723
-0.5375743360379126
-0.5204320698240869
1.4034842533096556
1.6567153309356863
1.478109387706204
0.8236013706821544
-0.1853877914914578
0.7849235472875613
0.1420996159837317
-1.0445465452601306
-0.4414950286195167
-0.38337970560184964
-0.4154487754798616
-0.0037917092107440376
0.10868860415709729
0.40831182007604205
0.46917875747253235
1.4540375136813233
1.1003035840049462
0.6205792281513377
-0.4472930222114353
0.9244716552653065
2.408363889279196
1.0309790617199381
1.0730754041883128
-0.099627263145095
-0.1557018328340277
-0.24672676789232062
0.40391482391893374
-0.10546639418834294
-1.238914667641617
-1.108962190317262
-0.941822301723229
0.6288752508383085
-1.2394365259175932
0.5631577182349435
-0.9515515747929671
-0.2515591772730653
-0.48744101509086174
-1.3810476582750015
-0.17921741351421513
-0.2374536275740664
2.0203716906463924
2.187253111975863
1.2976297017721556
1.0341772138114045
0.3301232582889621
1.7085926206483786
1.3461175959319915
0.7026542638811811
1.2235515372566361
1.636224817384886
1.0780859177562077
1.4712647536082268
-0.050453738730146136
-1.881805180073532
-0.008637652196199663
-0.045187838372366784
-1.8464761529591813
-1.294717124885347
-1.2341115586994933
-0.11522200065980717
-0.7218975533119869
0.24996424466465295
-0.45489130147913265
0.09516666783809885
0.31448100279081437
-1.92219661704589
0.36736604115656135
-0.6097655822779664
-0.09244877032349977
-0.40790604181780743
0.6382493533881375
0.11017657781156331
-0.39352978451546683
-0.9214699389679661
0.25748696925008197
0.11703303674027712
0.9506408027927955
-0.6701767217386397
-0.2492091067458083
-0.22264825055652698
-0.028699598626988024
1.671536464788908
0.4076796523750344
-0.807765840041153
0.07228452922888598
-1.0375992562905463
-0.5788422487386453
0.4702018225351426
0.8668710151691762
1.107618884016734
0.45066972426224605
0.3462310495362221
0.47746102770603505
0.8036605043623648
1.4160205779750605
1.0066315968253725
0.8024434709492395
1.796988295085603
0.47051594735622404
0.25913604347324615
-0.013384348617713537
0.8552018997754569
0.8130152332388705
0.054956953810790174
1.108819216631196
-0.3704435233085717
-0.7829172849394774
-0.7378292589829718
-1.1947733302606154
-1.429887507335371
-1.4010290196636084
-0.8955793214222991
-0.8108170625907511
-1.5454392387213145
-1.3198952690740995
-0.3220075884073887
-1.6597334658787215
0.5493807816287695
-0.5018160209884204
-0.32161759132990936
-2.023374607121037
-0.6550769934553597
-0.858526385343271
-0.47843227210014044
-0.14424856046915202
0.11951469664732342
0.01640105483525868
-1.2508526922235503
-0.2813342423765415
-0.6505702539216287
0.7114507936987811
0.37881877590694873
0.10173749763863513
0.3440682577440649
1.6284257389701513
2.227483349387072
1.2064217086439637
-0.28334613440904666
-0.4942788026234878
-0.024215643868957408
0.47212917477987215
-0.9759058475300024
0.20398594844917978
-0.3958706230396426
0.04895369140474844
-0.288413112754764
0.11701239961101538
0.4628539058839728
0.08890977420405079
0.10918649677344966
-0.3868532995444348
-0.6400546529024701
0.5319617810797288
0.06468672794154368
-0.9022051376885494
-1.2043699812330124
-0.5605418946007235
-0.2025315633298447
0.2988117888824069
0.2836512991693716
-0.19938270236855482
-1.8143408343142473
-1.2724774002148567
-0.31955707793968374
-0.4681815564512825
-0.5104953125038725
-0.8434875002891772
-2.160889451276335
-1.9882944156254674
-2.0564627514809386
-1.0963485419577834
1.2871959701547755
1.7403374302134957
-0.9034102724041619
0.02453699097433422
-0.838564532925126
-1.7854582085828956
-0.5915602200764131
0.2938955721226302
-0.45582318334515187
-0.18657968394678837
-1.0967025020651149
-1.141748017758911
0.48534126731149263
-0.0980774852030086
0.47893417637691627
-0.0009222590727465604
0.5324991728241594
1.3678127261030983
1.567984334772121
0.1968424148618133
-0.13573552877852296
1.0291391398668135
2.3848537035226673
1.4129365016219324
1.8475775917534825
2.3255468354466764
1.471295498175638
0.8346474229402524
0.4357344617196722
-0.7190336033150055
-0.8311968792469684
-0.9546279447198102
-2.1880308957736196
-1.381030115942705
-0.06365542187185967
-0.7160478537592836
-1.4395515774693906
-0.6777066265374453
-0.20042108711751638
0.37795695982803995
1.390203127688253
0.5637748924282283
1.3608988294795163
1.6968056606571744
-0.006985055316248233
-0.6883403193931883
-1.4499854875631648
-0.5452503083366461
-0.3398174644220969
-1.228018926982944
-0.7768216010949974
0.0683220770154861
1.2433287360108822
1.3341890357304387
1.9967495657326757
1.7657875359155835
1.333502683231718
0.9959237054369684
0.11800419572623772
0.16890182065041376
1.1913305201739408
-1.663006345266677
-0.2898726439163438
0.40312794551285064
0.15481680500134073
0.07200878741791242
0.8503325459126901
0.1337574758113385
-0.7162754533149984
-0.33248862575969046
-0.5833605791600207
0.06575062773150589
0.8771466004500107
-0.14537732942163922
-1.210910629680179
-1.1773648569749244
-2.504049759144566
-0.45384340036358695
1.0608667833663419
0.6498199667433996
0.9192521172213899
-0.0175060854156196
0.8950883337207907
0.4465344767829815
0.42639566969513587
0.8814645789345527
0.5963104867493045
0.6767845089901182
0.3490365542851831
-1.1113620588234412
-0.20905115330001514
-1.0271200841249783
-1.4835423260076097
-0.3278516800821858
-0.32220323535640083
-0.6020779382640294
-0.36073495395759697
0.2429785781107952
-0.1572940521355467
-0.14473970934838737
1.1898902585161282
2.025672494667325
3.2245294497474775
2.0376888598862783
0.9795640428387822
0.9643223533238527
1.3216396953791492
1.2105629571476708
0.4850430676894629
0.02712739364033033
-0.26486300848546773
-0.49564169458934637
0.08555101951680164
0.3652370781566506
-0.0017224985994547248
-0.5640652355575431
0.4743493682306302
1.8946862125958746
1.7219806830678657
0.8777145090303671
1.9677632432213508
2.5288977703187148
1.1797713673977692
1.1913220313045285
1.3835359835494256
0.6321748824106268
0.9734691695268809
0.037004406595762776
-1.2499347055328087
-0.32131214513893464
-0.4296700232852454
0.8759982486831168
-0.7601617298509235
-1.4850775046598574
0.5010569515484278
0.5396596180967527
-0.31241575404802735
-0.7007336286956032
-0.6870083802706584
-0.45824530199240515
0.26030843000260234
0.2824173373478628
-0.04927960059005723
-0.3663855232330836
-0.4622098365669686
-1.5611642029323523
-1.651311037527517
-0.10896467098545262
-1.5638619703421404
-0.9513628140797612
-0.4685078771437369
0.05905935610753066
-2.1650344980909835
-1.089867367795545
-1.7081750688756634
-0.6986651921689988
-0.08547239328250092
1.1149519175266875
0.09932199587844173
-0.5974545900551624
-0.5162864302120568
1.0601401275988414
1.3317871204877803
1.7177725707908957
0.17845976837462685
0.6835162153719072
0.5932354199298789
-1.458534567080876
-1.5116863233718099
-0.15290944163071282
0.4984963036933121
-1.0827543439960323
0.9536614362027752
0.5971284483768362
1.331907554277422
0.6609082337901313
-0.5049814866469756
-1.2241185639341834
-0.024883989627651204
-1.1240515143914849
-1.2927978253551715
0.2806759008466077
-1.6821966315834898
-0.5739456815437419
-1.8081910603889648
-1.2755735378398958
-0.1595430845911731
1.4929187115694658
1.2683432629792861
-0.10166181187257599
-0.1718040666933468
0.8483795757240867
0.540830488658136
1.7963588355260725
2.2804628351861744
1.2883428658856824
-0.23395504353746516
0.46921567550657395
-0.39631989703084536
-1.2922583388574587
0.1593609706882114
0.5709987332063793
1.1728039699760142
-0.531851768949236
-0.9291345015615793
0.5487612735470444
1.0853092725466618
1.005739985776203
0.41395719591815033
0.3366191734160621
-0.24979900478997794
2.040937835753759
1.2659378853335415
-0.05334208669337237
0.764793749063348
0.4000735172498292
1.7883347255179047
1.8468640488759396
1.3557112854666555
0.7717270653834807
0.5052722916121861
0.21322493486217353
-0.9807304329823981
-0.2937237151118882
0.19921234813175323
0.19511146247477673
-0.3103117060526596
0.5218520572562113
0.039687178487365554
-0.5249540606268205
-0.02135313685235618
0.4005240461957495
-0.5342019255372863
-0.1077776056502103
0.618707595021962
1.8496972562064604
1.17720817727167
1.076647680286905
0.5462926570926272
2.246933092843456
1.7769086310860005
0.8799802292963622
1.9259743434430951
0.4086491478265296
-0.15091135752846896
-0.7906146510969946
-0.08592507554862688
-0.2850603618325064
1.5059068687179764
2.1164682749463304
1.2397066915797732
0.05035760952910668
0.9922180325647649
0.2807444085446594
-0.4395135858725445
0.33574931249763496
0.18402452935746696
0.536861223791097
1.6633593342550472
-0.22850699083114986
-0.2611329557969531
0.6749526868301725
1.0501586535394305
0.7018422846318383
-0.04888397174851794
-0.015091614245595186
0.7104674827814854
1.8106535878939076
1.4426730414747329
2.5654702386430714
1.7576645938701947
0.9558251373780792
1.1123771748500082
-1.105654313018686
-0.931433696288675
-0.47710364287843854
1.1255026308144298
0.7841716306754931
0.9087678281680593
0.9221106132197454
-0.5133724292915391
0.03609700401650395
0.10652639521066037
0.9393197051417177
2.7100733247407676
0.1412831779735129
0.164801585743536
0.011720626098123355
0.06549455454488148
0.10119739258835889
1.899666671611517
0.6720317382912863
0.10146446455595015
-0.08627451309803648
-0.53975548076532
0.7498923026589834
0.5886786706224655
1.3642742473977614
0.8957371075552707
-0.1809348433921285
-0.631385404713557
0.23939098803133343
0.9169469476886857
-0.061935324619850206
1.1227764972075345
0.581220079259964
0.8441969163798149
-0.16819781292442404
0.8785917390486897
0.9809900655021218
0.0900381718975417
-1.0117228318000897
-0.012062923615829974
0.9622284877673304
0.47067668090392356
-1.02757207403105
0.1284967201739949
-1.1756722612692911
-0.2568726733007219
-0.4977257960580086
1.0684204137717659
-0.2881100786265556
0.2407078748459156
-0.02349959234760099
-1.3803107227523974
-0.49133707817434064
-1.1407027370885356
-0.5278411988744993
-0.07025200512891733
-0.1466375439297684
2.0168997621264846
2.042989675453309
0.6062571552527788
-0.3284878865343449
-0.7772818988262555
-0.41910546391023945
-0.000563484885789476
2.1902813149738596
0.6861062866797165
0.17404050620953676
-1.085846928470123
-1.3211439135618646
-1.1290492865871127
-0.23527054886265714
-1.0968189884173607
-0.4149526101036305
-0.608993690708762
-2.2570846255986967
-1.105752451555793
0.027872912993632683
-0.5753472188710753
0.08753576412476112
-0.10139281422733158
-1.5789065799556956
-1.1654033630137337
-0.35505111769098385
-1.935207392540877
-1.854934113389828
-1.4144044090439782
-1.5340657337062311
-1.4262303517055237
-0.7706796927369589
-0.5772904344768065
-0.11865903464149372
-1.2797993441109787
-1.059484010580874
0.20839103572037093
1.9278833016870838
0.8819264003500293
0.8472886224016213
-0.09188783344079632
-0.4847707675933125
-0.8933601158218581
-0.2971777542847558
0.2581718065271854
0.24256767842300886
-0.8780521467617309
-0.07572910246499337
0.5960547531122073
-0.8937270893575272
-0.7665898568845647
-1.5536615945007715
0.1356801953824498
0.3696005328439089
2.0945629005951028
2.396036247533274
1.6121470603708101
0.9795010367659488
-0.4475239904513425
-0.5380070983113722
-1.7403815174559714
-0.09217141381305119
-0.6686534337560378
-0.6977970139582448
0.9376786324399423
-0.04074527617000365
-1.0228431964810043
-0.6162795452458519
-0.9180414814988086
0.14981025824177455
0.29715504875796267
1.3963497851092053
0.16700053225284098
0.24000718628233675
1.0932820982848588
-0.319982371625082
0.25434327976066795
-0.9314213869865365
-0.11530860664030365
-0.9215101770775029
-0.5223182309744534
-0.9923459965516989
0.36555558722267506
-0.1629404008432307
-0.8954045243690569
1.2744933543301624
1.0066448958928569
-1.3956759519773045
-1.3893533928932795
-1.782525692974474
-1.3777829401673503
-0.12041224593576688
-1.1659083160183406
-1.0562741630308397
1.1208363313814065
0.07306058498121126
-0.1410169368963325
-0.2968470972756685
-0.9008489958484484
-0.03559446979952529
-0.08629962414404183
-0.31611817945297754
1.942804331383758
0.8291267432660014
0.8000900238989554
1.2295825288304596
-0.06530690128624403
-0.19834059660959252
0.5726662836067089
-1.0968599734334334
-1.3835514685743349
-0.4555202621440628
0.046020441945802265
0.43756395243668933
-0.4817223860249865
0.16102717939283964
0.43844170405986654
-0.7572988618081676
-2.3017527552991948
-1.12490486850824
-0.6203598531377651
0.6550883584127554
-0.47837664751628833
-0.32924799011929373
-1.4265519919581706
-0.9624883198780941
0.34250190688700144
1.1265999307523984
1.0875248973004823
-0.4596915256407632
0.2658061608385694
-0.09868003727352233
-0.6536914106241345
0.015574688438000611
0.7530721914925039
0.11249790147802366
1.1587759735304062
1.332481038327999
1.3259719186959176
-0.47472906898066286
0.47052680034743344
-0.7394882670527091
-0.5208242150447089
1.528286191439027
0.540251748632635
0.08750541350842189
-0.6434086248892711
-0.00515325919893414
0.33008717682532746
0.6166005137602389
2.2159099600406678
2.091215520207445
1.4193365852100255
1.3479248892708382
0.46718890673129687
0.9726312576924376
1.0371662424537118
0.5427767349790859
0.31184666347769213
0.5909872237630701
-0.7683101311153822
0.9477603509391095
-0.42458790728549844
0.7015148623370163
-0.27201745948553135
-0.16084823701797896
-1.7441584297404056
-1.7110767755921437
-1.4887220289785388
-3.1733819827023355
-1.8659221539696893
0.13514988211641565
0.6832184246797005
2.024363155113324
0.7141213666664773
0.8051585701415971
0.8686884246224779
0.3454840041090529
-0.2547916567107708
0.8532627843512822
-0.6780666271319942
-0.8202890236972293
-1.006464408079364
-1.2188225470126715
0.9712498145588067
-0.26539439435571166
1.27714379783058
0.7578743246131591
-0.39717542899074265
0.10156046532091945
-0.09776941245922607
0.43942615138349106
0.9365315387764698
0.9628227447927831
0.9064972510937056
0.6057375183314295
0.6155036188141656
1.304850626782961
0.49584363354661876
0.449252692228483
1.6299925904238068
1.5638431091837663
2.225299893307058
1.4803521476297477
0.038752774094249445
-0.6958526817293244
0.6562294197070729
2.5516776052733476
0.3740834689452986
-0.09061274291515291
0.4319227933651578
1.0946665880550188
0.4755516423670957
0.2324462384249872
-0.13098588761745036
0.8892834965498663
0.2732031140846143
-0.33137015203349973
0.19934075437327695
1.0416906277449418
-0.4751654658889636
-0.5958242237884857
-0.5159104640781477
0.17074621377763266
-0.9419947777406328
-0.2016644832391205
-1.372082409311734
0.47893902780163283
0.12904180129982046
-1.6709392082962011
-1.2316724989452084
-0.4216222531768823
-0.27837924533352965
-0.9795214102814446
0.5901132067055561
