0.0
1.753595031662338
0.8201533793612363
1.1342011635757072
1.8824070569341644
1.2907502643338378
1.2316563619455259
0.9195995990475249
0.25059891279314006
1.0970406709065736
0.3729007100655667
0.33017230466659053
-0.2098546637738108
-0.8572736269545385
-1.8159267626961588
-2.679634005645931
-2.586326093652874
-1.8400750675724642
-2.3462444777910503
-3.474670380534157
-3.3096829488878763
-4.342400501545528
-4.900303707818698
-5.6042749596220665
-5.82871126434872
-6.394817362813217
-5.385315250452984
-5.814585307592391
-6.599077187701885
-7.43748072510784
-8.818622462611778
-7.964785925925146
-9.536435147371801
-9.95866304756744
-12.448459711318822
-12.3728250362116
-11.686505887928206
-11.438306461144261
-9.708361680580897
-9.904140083161405
-9.576741554853172
-9.869814650299299
-9.715352147598574
-10.633013296864679
-10.32452394318952
-10.51468745287728
-11.074147495445681
-7.9714921860933305
-7.042337368331347
-6.673951744400009
-6.618933458588868
-6.2431305783234565
-5.921307191612293
-7.386210172478429
-8.878487827906925
-9.024460864923821
-7.952402733254406
-7.574061930998417
-6.681675965471717
-6.452168462269211
-6.3731088593919365
-6.011122984664146
-5.924954377666185
-7.269564817947789
-7.988762219872638
-6.092667974972364
-5.762937405893895
-6.175874057636263
-5.970108011121123
-6.560475911470584
-6.454577158180717
-6.807123298801515
-6.363867777505338
-5.742469985932935
-6.374672514173266
-6.6512113132009025
-6.094385799888505
-5.318662395808123
-6.378561388045246
-6.039751922963155
-4.747202602076107
-3.49113115964423
-3.5154519237762765
-4.12589884113798
-4.502420106669646
-4.824109706537098
-3.4658140306470355
-2.1372212807711324
-1.7286387133766148
-1.307862736818954
-1.5244533290500484
-2.4266438126876455
-2.893929390616729
-2.951224884362353
-2.6347105925732492
-3.75644646208952
-2.2812657127022695
-2.2669058528559836
-1.1236283742468018
-1.6749561090277205
-0.8102738568392467
0.6701644213897455
1.6790477267488415
1.5946210573480082
1.9709613623032696
1.334900124699372
-0.19490285070455388
-1.2373744664224327
-2.965771100447365
-4.454872264856638
-3.197334577315263
-4.440520974965174
-3.259132763518186
-2.516088532480416
-2.190545029711557
-3.147257337871638
-2.5584212339040873
-2.4374189837983105
-0.3187282924285126
0.3099882899696337
0.10123015928604467
0.35397902928030917
1.3168791854791118
-0.5145073305758826
0.030663096997478587
-0.834722479205851
-2.258140164143268
-3.1157670718337576
-2.743115737701109
-3.1197902095876704
-1.835378868892674
-2.189054928849635
-2.1379162179278923
-2.6757303388911398
-0.5869582109335704
0.3310833263119176
1.1193583543375447
1.234070300066488
0.22765663438323003
0.45979159090835386
1.9329611780324383
1.8271512163850392
1.2383779837432043
2.2734874839065884
2.571496599639969
2.979535089292077
3.07639594555547
1.8878945891676897
1.864782874296437
2.441146066392947
-0.17753666896652523
0.11329864783917681
-0.6584625227891636
-1.1756871610516153
-0.439717125004835
-0.06328522424157218
-0.5030473879430524
-1.5571030999013833
-1.471927104403097
-2.478949971931495
-1.3778854897433142
-1.9592587839619073
-0.5331219595856809
-1.1552060615078774
-1.5053469386051626
0.8063864637939266
1.5757682543504967
0.8293256259772369
0.927732879013716
1.8837954733091817
2.0628283269221592
2.775809537009888
4.11804271008655
5.972735938118386
7.430418342867563
6.930169642257791
7.095075666510585
7.657758960495908
7.0984576939267665
6.17093257337267
5.826932442102407
5.5768676810692535
5.652503408703998
5.577785852074267
4.575513972070365
4.406929222525404
2.598078396293041
1.513607578754684
3.194367239942747
2.5066849995064877
2.955752452678394
1.8087466409686224
2.2343234473873497
2.3143691462871185
2.7023684087558997
1.203040676734989
1.4029726895070482
2.6337867607582983
2.42630381755702
0.002768209227801577
-0.3634248599250599
-0.7048260048038438
0.47601948969358615
0.2948128918921227
-0.8111932024417184
-0.4873036582118057
-1.8324295775081616
-3.436766463897503
-4.239855566357442
-3.1296832703766224
-2.6831529172625075
-3.3320408645034316
-4.613228983766678
-5.209939330820658
-5.628443336021777
-3.846990238801478
-3.3072790156343443
-3.889759509562502
-2.8156590084808126
-3.039785228854824
-3.1803079268061825
-2.92917365274279
-2.5188566015307114
-2.952184787941711
-2.2324295484078585
-1.041986390950065
-1.036067311310753
-0.5407927863575391
0.14659234101935167
-0.5847868238024791
0.6025630412221439
-0.08923752822280706
-1.6504792895263705
-1.7865938694187047
-0.45539160441424076
-0.8353807689285765
-1.1168138809351453
-0.6511499849853973
-0.8510792483952093
-0.4699613627617159
-0.49210199700216606
-0.7917078006259298
0.3196595651515917
-0.37061298403685006
-0.496152217425173
0.36298041758538807
0.577010124650277
1.8853031900986919
2.164305677612508
2.3474121049385404
3.414335083512647
3.2152603383304816
6.031223454525537
5.669596833723794
3.4968610503891795
1.3779424074649338
1.9802761156237485
2.9973362275312208
4.997174070114361
3.8499265090558277
5.2981705358480475
5.696567596636007
4.835051742361378
4.3774839230997555
2.521350320861074
2.5807498167624354
1.950057559377839
2.4824439865689625
1.6097569079894436
0.8953478493404075
0.7715292920126128
1.3912357900706642
-0.3993011891231519
1.6649222325374202
1.512680558357523
0.14171479198636067
1.2479489436164268
-0.7159257751518531
1.3716599864120638
1.295087899054741
1.1851062980938516
0.7908226842726005
2.451894606088662
3.8309323931475805
4.3840582838967395
3.408560428718062
1.8659319971782962
0.5242068805941115
1.1920932745313129
1.8050727479878772
1.9261782927675222
3.03065889426873
2.675081504682522
1.5477661183942382
0.6334148743661734
1.074790159240927
-0.011585129128758656
-0.337332493227013
1.3190958065528358
1.454286703042812
0.8088853904547386
0.9592392897347883
0.49682504986597575
-2.0352376143998665
-0.91189698611209
-1.059226195737816
-0.9945896700144427
-1.726620985337697
0.0234993519864505
-1.8313806654672315
-2.6158601085264435
-3.2158056210983683
-2.184745564019142
-3.5530049670741017
-3.3069923698975314
-3.298414048121679
-5.434384551725166
-5.259563062409575
-4.720872928912873
-4.5805586885744605
-4.201252344552167
-2.9250665456426415
-4.180742939166683
-5.628531035179083
-4.540349240656066
-4.824758726610704
-5.404980181393243
-3.221067075519423
-3.3703105077999163
-3.668788497283231
-5.6128205091601
-5.292382961207127
-4.198134753607556
-2.7605631354728914
-3.285228730908328
-2.063843679435225
-1.8983438732089453
-1.4167762704341218
-0.1967163759004909
-1.8573580484072656
-1.1269658683177843
-1.7714549431013864
-0.37260176692510427
0.313646872820905
1.9067840843661623
1.0552573558141818
2.188352844790529
0.5182548419133336
1.0582698332702885
2.158479791922612
2.623288961795222
2.921924887997449
3.4226127525318812
3.2043407630179677
2.8601565469248973
1.5060304736348906
1.063819474781603
-0.0983767165491112
0.0784867997307181
0.39374774558252623
-1.0120738581606656
-0.004767697699264439
1.0419382400744321
1.0397727686162004
1.8406367745960839
2.8470726133583177
3.6286343291815433
5.079293440986598
4.021675201606155
4.47151309283614
3.624596919720178
4.09226090198575
3.3734822211051867
2.6119709806878455
1.9554369058184926
1.8390474753406985
1.311931697454994
0.2730856454506307
-0.9186118746811023
0.1114835690019011
1.2057304216902316
0.3398358551812185
0.6287852512211801
0.1160401713059935
1.017622737291161
0.4200385357402754
0.12838046034376188
0.5292716363243879
-0.6821812174138557
-1.8611415335462396
-0.7867189800542155
-0.7985270836689474
-1.2460396993438259
-0.6599846291746343
-0.9071720737821203
0.23767006928814227
0.18807078176869185
0.4648696333596322
0.6786355405124176
-0.018647208163398377
1.3510956725369627
0.9193340863311664
0.1422447095472008
0.5713979678151673
0.7237785347052682
1.5288510399024924
0.3763997264190349
1.6742523611386306
1.882562465486406
2.4188806637556453
2.622153397318475
2.235983518762081
2.5305088402338636
1.4195302482072554
-0.17622750751452593
0.4115110577225971
-0.2175451049320219
0.6343036958965003
1.0590174410601771
0.6364725665437432
-0.5514422322892567
-1.22086195957663
-0.5664989137729642
-0.5062939918540342
-3.322321428087102
-3.554166164592771
-2.284878657127936
-0.7174644788919632
-2.650670211523523
-3.2450056939645413
-2.9771153092263796
-2.646131636531283
-1.9177792682180128
-1.1393690372913403
-2.9814722811084406
-2.4712373624261046
-0.06237925623222347
-0.21228810691495836
-1.2330974943926714
-1.9895830886965662
-0.7970851359685078
-0.5795831736595517
-0.9398263302632862
0.4608267433539617
1.3806394036705398
2.1747210962384167
4.1246559730006345
3.1016614038163897
2.980622157227546
2.952113511433363
4.556874271124576
4.846872816900673
4.775715219620136
3.2203260835817575
4.302963717868957
2.5060572681826976
2.2527529885716375
3.481747342960715
4.0298475599628025
3.5491608103640715
2.648789736824201
2.8210624023395745
2.657751256696684
2.2494246432118525
2.359018284401275
3.390085211014245
2.5679645672651326
1.7466136184395848
2.3801752512155447
0.7608220789116932
1.5782552964746384
0.15566166940737436
0.7641103794509374
-0.2218167152717087
-0.2281129956881586
1.1579845686022812
1.7845916501377437
3.0989382386874285
0.631150107767452
-1.1533634941947808
0.7672239484381809
2.584327697364427
4.358350005833596
3.61581422500978
3.39171515677162
2.292162075141677
1.4760656765039752
2.1667075857512095
2.4785526036522167
1.612955270949164
0.8706004714377577
1.3221026860669463
-0.008773799995125314
-1.514885909626399
-2.3867630851714927
-1.7293262660658248
-1.4051383488315792
-0.15658401074072706
-0.5502945063254306
-1.186711462294387
-2.1187744554876633
0.11312811900687092
0.3111491799117967
-1.1372927559865895
-3.2877907158326694
-2.7779512242213213
-2.0625656399867793
-1.4569099792935944
-1.4739091703134557
-0.7917782842224129
-1.164873694924144
-1.7931303645096768
-2.302072205697801
-2.903981638897901
-3.3130590138400087
-1.6197333108307765
-2.696514128849241
-1.5053461488790982
0.8410812488755266
-0.05290474515043765
1.33180913631921
2.717900610010609
1.3868921682250392
0.8356186769351563
0.4359776066056605
0.30893514620195994
0.8709424322607193
1.952772283160432
2.8426118781160072
4.157665880628066
4.272129195104768
4.2764722284081325
3.3910491667357867
3.006588234577355
3.1005860723301857
4.118534998995392
2.909674614706734
4.323215451658829
3.624869363146866
5.262181535468313
5.834335660026663
6.112886765349356
5.517236381973493
4.818937683389942
5.847691148834411
6.206893249550087
5.596797288139878
6.065090146922826
6.757167565016076
5.801334778531074
6.696461808719933
5.6909426294770356
6.999259766102301
5.766231035833868
5.668699549577664
6.443567897817744
6.245867358700289
5.971576410018153
6.32937301801949
5.991361247591865
5.779226421897338
6.0377766240975
4.3115524022263
3.7903948098987077
3.263703732458949
4.559980226211695
5.240669500249014
5.755900979608392
5.963339677995359
4.643820279139119
4.648403246417581
4.080440225785759
3.6718490467549656
0.5461588038610791
0.4890447710771771
1.1206295675118305
3.756824264950453
2.4617826434719685
2.4167222975448786
1.9582741202521987
2.6665000871510127
2.9291965348684856
4.240807367254658
4.379962900713525
4.088863913331133
6.515953757606684
4.951480999607944
4.910285359979689
5.067807474581875
4.98242931290228
5.849350904883878
3.5451065635600183
3.6722403839391315
3.720183529918626
2.4961021674353807
3.6350283870170625
1.4656157743071707
0.038966810437480646
-0.770931359760104
-2.71008300240603
-4.008025495379803
-4.670686813037339
-3.1003101053543216
-2.350484564657842
-2.3194822414101965
-3.1189600141354243
-2.8805901018216833
-2.6534628097337687
-3.0354730634377938
-1.5341875412947295
-1.2905959223997971
-0.6849313001897265
-1.8837762635970672
-1.9183341705992198
-2.4358223824676832
-0.9996321723079995
-0.1384173302341663
-0.5712200735418356
-0.16350133300074485
-1.1040987137527933
-0.9486432513594965
-0.41418450075668645
0.1705580149703244
-1.6027407626434005
-1.193581677220253
-2.1979344949950996
-2.3836419342666537
-1.3935405401991274
-0.274412264964898
-0.12337053055326096
0.37791949150686366
-0.7206312373182048
-0.08321388149869191
0.876782729719237
0.752681063327024
1.0514950417659903
-0.8811691732022082
-2.0980801271040357
-0.9944127912197435
-2.66006296698013
-1.49296396599257
-0.3819428783847254
0.19489474547045854
1.267577828369985
2.017402390047444
3.1170146311400715
2.6390851983522374
2.5458377380154573
2.046304082895293
3.031529681397829
3.038969229917398
1.5813641457020848
2.2644167835847804
2.025532318973417
2.2224665858040753
-0.16723137035177515
-0.7140110425830494
-0.12746743021066365
0.44532873194239886
-0.5714224737831971
-1.1401823039890497
-1.4271077683808133
-2.8415211670248226
-4.356564893203379
-4.476088958563113
-4.175323754892491
-5.373299507415365
-6.357541430660614
-4.744589459883703
-5.873587053872029
-6.836362322685119
-6.910432122836451
-6.940856529186731
-4.90698911159345
-3.7710763221585464
-2.757623917246237
-2.048678431971958
-0.04016630153209899
0.3812474499721874
-0.9593715089982253
-0.7317203483875785
-1.4277222358992985
0.9094007227326454
2.16636672225654
2.505781898487041
2.9619517916572637
2.039991643533565
0.48235291794671714
0.03145945373673234
0.2101444920457207
0.21297778091746566
0.61567567097743
0.9413658593794687
0.13849837883390184
0.48017196686644786
1.1977556775665028
-1.4848154820432786
-1.0553723389213359
0.17853735591515163
0.8267013195470054
2.108355175950549
2.4028054275409843
3.1504147676354055
2.617978020728763
2.9876718544629868
1.2791748651964483
-0.06260535723651461
-0.6216413443542509
-0.09718693311656018
1.2767333814134998
0.12743059451689398
0.3148007880578492
0.5373950583277046
-0.8423429847086316
0.6555801324659785
0.9666228733638285
0.2692893775159766
0.030345662044902605
0.45771344990563695
1.0197293369781286
4.083384346501118
4.955421068686611
4.322387134947019
5.0058196823241286
4.36405462947179
2.6224824571353795
1.111490948056001
1.977973244193939
0.9713090822450378
1.38190761488303
1.2508282658017824
2.7558021467112686
1.2275872219196622
1.7242738837504064
2.575405774813124
3.160457125132996
2.7362348001109096
3.110635980659967
1.921856261238274
1.8773975597985497
1.1830385612786896
2.06470897660328
1.6963745497939786
1.077249507716841
1.0666570413607734
1.6152964281165896
1.7326144820359572
3.994779182344708
2.894061627394762
3.785439027310072
4.786618865465269
5.342545632473446
4.863346499425355
3.8865120270340263
3.2904938757717876
2.502992678349012
1.975106906926327
-0.18237902570787518
-1.5135515487234008
-1.9247158871714853
-2.7773519357896364
-2.223555695141091
-1.8939748038278275
-0.983511963655401
-2.208813041407787
-2.7600918051089454
-0.7605406219795048
-2.0682935859244758
-2.9667643835196458
-3.1394242012923987
-3.4065898779258084
-2.882786010259967
-1.258916847184261
-2.915352539307142
-1.9513979988317611
-1.4953557360880474
-1.2968606416556059
-0.04696063285520029
-1.1073407014069965
-1.2528627252048095
-1.6635014908210117
-1.9205551380661416
-1.4294259392078992
-2.3538942083551135
-1.579432202138786
-0.7756078376257447
0.18230314131769734
0.4894489758907163
0.9450409881774915
0.43742457340993235
-1.3950079343848496
1.0341253864669584
-0.026412933934496396
0.32656253407754077
0.7126536225692002
0.8806115170796571
-0.3461088864239039
-0.9219499383031671
-1.4726651223264506
-0.933448225473575
0.008599364096533585
-0.4483278738358683
0.47871275993367707
-0.19295563753624329
-0.3677016162667824
0.2097562605520521
-1.240499294379043
-0.5044540556694111
-0.75541128300899
-1.062744798469715
-0.637148619811825
0.29516963556913567
0.6767951579117906
0.7004130999582194
1.2871662653004354
2.179847887886215
2.518516547518662
3.5297253129813195
4.9536314505045755
4.458428359775485
5.953796308312488
5.725594207584847
6.670908080206367
7.140836529469436
6.930458862142729
8.05312603683596
6.475560409415897
4.801683198995056
2.808699146064444
1.3257376381738044
2.3417431163747775
3.1459689777577626
2.927372035064126
1.9765366381205023
2.658739995045143
1.2227848593500146
1.1157204779843208
0.6201921681120395
-1.0743775662468444
-0.954939300675017
-0.7891279766514545
-0.9712850886663418
-2.718679543408778
-1.584689430136478
0.573216363015266
0.7308531639737537
2.5443905473824335
3.4467909870296074
4.080639174462037
2.846696591988104
1.5124925224100114
2.626191853418182
3.6698969653495475
3.5151367532988766
1.8119557388845846
0.8938250304007687
0.31699722239846945
-0.32880727464105935
0.7023072611520053
0.36127177831077617
1.2535971380631616
3.2330641533473385
2.1193260545808936
1.3733498102857038
1.8131436767357723
0.9315057296761523
-0.08992038468196108
-0.17901136525931638
-1.381630072922174
-2.4270370002320503
-2.4986092236586295
-2.4240602553657475
-2.888612586813634
-2.721826015829846
-2.7738000149797655
-3.1151415101952464
-3.427766401207784
-4.656879325540645
-3.8978728701516077
-4.501290685234246
-4.755909816582692
-4.673082689209376
-6.341825213477899
-5.505773620514823
-6.14857844377217
-8.726879673421703
-8.532567819593398
-7.441665682542428
-6.1403623304440975
-5.078615471076337
-4.840679276122565
-3.9274600269898157
-2.8716817569649034
-2.433409610384908
-2.2267460212687977
-1.5483841104274099
-0.47947894842894023
-1.4580441750669257
-1.1766723634614331
-2.0374533287420715
-0.6730572843689128
-0.042501289007071785
-0.8830361516971649
-1.236910320203385
-2.06370848268471
-2.594752713544113
-2.5390595195658334
-1.6745958027687458
-1.0248108225225987
-0.5820373742400761
0.7228942578665778
-0.6450543201133749
0.004772937250879211
0.024776857045238257
-0.9115662704948188
0.6585562730452741
0.01871638380780266
0.31849042407754735
0.6991684414097256
1.4190634460116085
1.4161944076215134
3.984031809875218
3.559208543592429
3.6690960170476874
2.8626315058615437
3.08512137796666
3.6634326503151415
2.6209027475794313
3.8408942344168655
3.8132018175166356
4.409432211502657
4.127275541982629
3.7695735545234905
4.445528824138114
4.509854125755197
2.771668083981184
2.298513077758789
3.222830359091808
4.333210578842784
3.905721828690918
4.655323626635736
5.286814404675645
6.494115308579142
6.635743734258389
5.681162370864154
6.153256539137774
4.875132260291097
5.349093251817802
4.89857876633416
3.9694328335985376
3.880359939386347
4.08192729171391
3.996451622533438
2.3209318202860567
2.889128910886029
1.6280136779448182
1.7023175616222312
1.4635628872712825
1.7065473027254898
1.4840402918771265
2.8394362287293236
4.496644614555839
5.316260808635787
5.407203486207221
6.031316038420786
4.503322773226782
4.630340329333729
4.010525870814383
4.100087633420923
3.791641285347232
4.095286200632548
3.2130259147578943
1.7472282312121983
2.7147775811487
3.6798412307597657
3.175136830895043
2.4349005460986746
4.504392618993337
5.144794426549201
2.91564687085841
2.8565749267742264
4.241134673078364
4.884483726836844
5.345656480838415
4.9997910317408545
4.983938168615538
4.721924529472232
5.518163788712462
3.8157930195273067
4.08317018011791
4.774609613994427
2.9139700050288186
1.0219849628269824
1.2208421654680561
2.2719690518709212
2.858400723568614
1.3594230899491009
-0.017749311442740986
1.2407987443572424
0.685339810421042
1.1156000544745288
0.5493928143647839
-0.006373359426676717
-0.3675807098334916
-0.3545983598429441
-0.03055140736334473
-0.3695783688188705
-0.6513041815168183
0.07587244795612014
1.3932823964851235
2.0617409465991146
1.9163260308120857
3.2271571240059904
2.87500587631336
3.0576386188152678
4.8650912189858015
5.480506708319045
5.122688169906487
3.7878765815140203
4.815472076027758
5.235069625685801
4.617147218555449
5.439386248340571
5.261234440862137
6.018737146889697
4.680019322665536
4.0872964051251826
4.797894198165265
4.009087360678904
4.753463714553365
4.902180013290501
4.341630363697857
4.7815123826165165
3.3236906608947767
3.831088125119063
4.073859190257064
2.9739281205514327
3.1760556985462967
2.721621405330231
3.014320674287527
2.505864847504026
4.085023832251828
3.934503206958605
6.425645848318591
6.780338955625251
6.381128815687895
5.217781784945889
5.599734747434257
5.3106205603001655
5.580203176027629
4.747670084021075
6.902867542872078
5.806446147415406
4.0678411689304
3.3260650155703146
3.852346544548472
3.8363704038183766
3.267441913151364
4.673809808247896
3.956544505906327
4.598249172712729
4.416607803279562
3.2618306892134816
2.4184223638073052
1.9956365203321438
1.859770697246162
-0.8520252640777407
-1.213664696245487
-1.2632267969235433
-0.04894220600106522
1.7322190095906032
1.3719295868828467
1.897246165101363
1.7240676082941437
1.6568302261943633
4.454947909912821
4.5308637555688165
4.121408785336184
4.153204313644187
4.098607182303438
3.437241014814461
0.35234751723624375
-0.060922001470089866
-0.46338828531438314
0.25198822122736214
-0.9450116146524917
0.009578621947343546
-0.02212017018994085
0.10418360431628484
1.6498181750646206
1.1695847601812348
0.3858690167625483
1.7893525283334892
3.0263083410689644
2.3373700502718164
2.4734734185740175
2.1299413241818477
2.4166883842291567
3.2371540414580626
2.536201408722758
2.332141582171648
1.8581605359827182
4.002663846742316
2.5004976778258357
2.7495712598904247
3.370799085824823
4.154308258042474
3.1303323395390517
3.3850227702679008
3.365948079144222
2.5753812580608497
1.086934125893301
0.8938170919093625
-0.16594188597348886
-2.3898022943580455
-2.125443483365533
-1.080857594850573
-2.170295917554858
-2.1150884300980293
-1.8894874531435364
-0.47388362714524696
0.08857019374047827
0.7803603654081503
-0.24866308341810808
-0.15231132080899096
1.4165799907363186
1.2907282573044525
2.1236289629221186
2.3613695961572208
4.1877001921419295
2.966293223382145
3.1827602157311445
1.8757049181155596
1.823455734190513
2.5123727073532187
1.3130213185956099
1.3541655555928747
0.40871748126003427
0.386228907579125
2.501794624347796
3.048169145068162
4.695667827673386
2.5185725230900196
1.7775635118951625
1.6342783928907396
0.43709421731536285
0.32586764071513946
-0.08998156186352561
-0.5909134816233423
0.1585655667088847
-0.2586894191349992
-1.0098585378427554
-1.0532612951680547
0.6563469350762183
-0.02121469049444788
-0.36781005491744373
-0.9836770918610833
-0.8170723618631587
-1.4595909591094778
-2.0224247517243183
-2.629430372926528
-1.9859304922024479
-1.2482640620512695
1.3931323916796934
-0.19467486933426267
0.694102146085447
1.2010446263104275
1.6249391370099662
1.5645104026471468
1.5948398785664812
0.7747815499200135
0.5196490899940263
0.23393365513063585
0.3799442841916696
-0.6448520949825018
-1.3117225785301365
-1.7373977602599078
-1.568724111353557
-2.141054992784947
-2.7403407994400384
-2.4928062526191503
-2.4099358132297013
-2.3117746857446972
-3.0509506524285706
-2.3271885469311724
-1.2619053861806586
-2.348682012990931
-1.980261934460232
-2.514311015712291
-1.9082186825177536
-1.8368256370328193
-2.8192093558231126
-2.5937977420297034
-3.2808445453512713
-3.7330986722800557
-4.931893131107829
-3.9839442167573744
-1.7365864804886213
0.49666009433129427
0.7990831901969319
1.5100825390412818
2.701843934032439
1.5239372240040645
0.04873800204616219
0.5373713422811393
0.8244409616650753
2.6852779144656544
1.3397447153597672
0.899116496898714
-0.16546100999673466
-0.04314531444494967
-0.7258963498098101
-0.7232970137909472
0.10813830392146105
1.2289280842307844
-0.5313765355772856
-2.282979774434577
-3.739556798977221
-1.5462707585895765
-2.6248521968061964
-2.860876780141379
-3.498174712150461
-4.208584269386836
-4.620107162457814
-2.150412318062656
0.17149608005725644
-1.02095216865603
-2.180976392434834
-3.427665811420744
-3.2165832352334998
-1.7942943715677444
-1.8959938671959946
-1.4752924960217895
-3.6065012537528864
-2.9776113135516016
-1.881397815233369
-1.7946709157692684
-0.47960880191343264
-1.3444771492684175
-1.4418309111666356
-2.137779076542132
-1.8980112547761891
-2.7721514801083185
-3.5809839671261856
-4.356631093671476
-3.9790196408195704
-2.632794457757902
-2.290315159447593
-1.2079806612860635
1.09091101072634
0.9964112369314939
0.2894459315965775
2.6614644243409846
2.7398552646082592
1.58794872852182
1.947437882151174
1.2171224920512216
0.29401632340607364
0.7528653550615991
-0.2950803212259896
-1.0731099599019855
1.0518183778421655
-0.7168197825870058
-1.9926724049368447
-0.3206287199212946
-0.19033510889920152
0.21935199542607248
0.9725908326805208
0.2183224722462743
1.8527369775117308
2.340898863839343
2.395983355022709
1.1179787809258663
1.107591724039172
2.0480971923003795
2.1546212066494035
2.1567296433030214
1.8440029407027403
1.1159340790537582
0.22793263886090068
-0.6552081266016069
0.6011850963175758
1.2423858687973397
0.43785449692430034
0.38699834655266657
-0.7473162516032261
-0.7819006731229134
-0.14104856146414796
-1.1420884223739916
-1.6057080568176478
-1.2571725081052771
-0.6903308446863206
1.1408112178096719
1.060596478929952
1.2654098152296431
1.99960666329953
0.7756124601710606
0.7933908546971962
0.5222948467988529
-0.4808870189529716
-1.0013476948443392
0.7880298624881172
1.0527951383457612
-0.5539921937509531
-0.3924295678270806
-1.0312747453957474
-0.11315496465792357
0.10473362036849468
0.9988556116727486
1.11238418406421
2.4930728651611735
3.40901620207381
3.970344209021084
3.733262823929808
2.9544530642667954
2.1902033264238097
1.6800312224178409
2.695415937927868
2.048179173203739
1.6353817393293903
-0.5433129412806292
-0.6870976043544841
0.04568871778281469
-0.3811415837306581
-1.4072895445221025
-1.4567158818537738
-1.5655097139111678
0.30583635654073926
0.9793153902100302
0.9148756243777248
1.083416161577132
0.5466525351240538
0.22331049914199316
1.6394128375248955
2.4389370602209146
3.0079895748467482
2.3656163545363733
1.6233321970023982
1.2044163795365042
-0.08526253719285272
1.598394074040435
1.8883694862170541
2.4910008611299133
2.119861502005725
0.15017589525695907
0.4552281381352999
2.6170757033578442
1.8616377766940586
1.7723251194272867
1.9533553308248475
1.8263786667992952
0.9901919748541512
0.8973566253815145
0.1922071513003138
-0.8165900834073593
-0.7000279658935753
-0.9229984244829662
-0.5864696994408805
-2.1355061813470217
-1.7809836826454235
-1.7837542680447656
-1.9925776688198629
-0.6484344724592905
0.09270437257270955
-0.33357069345461865
1.5859852748759953
3.4134889223072102
4.186704031641871
3.2599078825878935
4.257187933507506
2.8470060374187645
3.0954548454247015
3.1622414319788743
4.706442279225081
3.960291544915358
2.8323255603055846
2.063575903059567
2.570798820881038
2.683382502241977
0.53610505729772
0.9214862974514375
1.763419040152315
0.1175938379944726
1.91600254199516
0.8555726402460353
0.487121666846707
1.3149153490415164
1.2522747175353437
2.267381606115055
2.280021456236725
1.4964620898861327
2.663835474584718
4.947626697930107
4.778954689604092
4.415082909551475
4.400424680199469
3.571978920409967
3.954805325531174
3.269998642292396
3.1005212800929955
2.4475049665356896
2.3020634179308197
3.127524564803334
2.477343067529632
3.425895529035289
2.657007466351609
2.6975055235452294
2.6182363018161694
1.3307633962761192
2.3655092597193113
2.1147496038551443
1.3789068394672928
0.10748663080413166
0.4418866198585019
-1.0032097926171832
0.11030360085693705
0.45001279406988637
-0.7725174216826878
-0.8250731084359284
0.6837334771004753
-1.0732547656449647
-0.9335334988103529
-1.212042117421347
-0.6588532675965951
0.3142128300304865
1.0181255569962446
1.9392535722304531
1.5743676079069102
3.0371475821542
3.4740614943520103
3.9919916644696865
4.369314193961432
5.764352444797621
7.128299735290465
7.330518912776841
7.120457067409383
6.834325601360967
7.155526129074444
4.936513127756427
5.25146171581648
6.207483518927881
6.763539619685148
6.680604362145767
6.515046153050406
6.353035695075596
6.211717356480641
5.517539207083137
4.656382809513801
4.524055240296518
5.761043913855601
4.396904312039774
3.3048181249102755
3.74743447373523
3.085955544686438
2.7478551546438004
1.6828983505351398
2.7745686175215107
5.028245873564387
5.787481414683563
4.605357734140305
5.327502822209536
5.0118351575610305
2.2939818755003136
2.0178376715838113
2.861762313243157
1.6782231315710538
2.172172877654388
2.6972502568324517
1.9345263313306627
1.9343119977732839
1.0244595505194143
2.3693071397978698
0.9232551016126276
1.163182385279289
3.3778972797305578
3.700344775843323
1.9946273983704974
3.3124343055924452
2.58748587513239
0.9746145560720205
1.8058044816441312
1.4137758173648831
2.922909854821015
4.131258748018053
3.4106030320339817
2.407267505277763
2.5633022486258086
0.3254502530548795
1.0556870597830554
0.382272178399953
0.0658941408138609
0.04117994821743759
2.132154901643643
0.2691813593757948
1.74651816787382
0.4170521227235845
0.25331176846141124
0.42196812358168906
-0.12595287931847088
0.4821543431755692
0.5987754323090757
-0.8827830757022164
0.035571611734196554
1.0331445489202031
-0.5246077557098194
-0.5289971062006229
-0.9917318919878473
-2.7951677823293415
-2.934812416503331
-1.9564931900535494
-2.0750080908453032
-3.213616946341112
-3.102149219457231
-3.612183156280213
-1.6099787036863094
-3.9618323296572653
-3.732665573917235
-2.9383338219359674
-1.8920408102318325
-4.047274888494937
-3.149172923209236
-2.4019693619472715
-3.4853913870643782
-3.865014270976753
-3.9117737261309413
-3.678502907503675
-3.8246632666557354
-2.0682268866864013
-2.3409643506732993
-2.921495639029337
-2.364892275734679
-0.9346480882266702
-1.6956055218538064
-3.253422928623017
-4.158081178412284
-4.132630448066422
-4.845614461223778
-4.259913705560812
-4.716798240653444
-4.72745883515162
-3.901857956430289
-3.6442419831387314
-4.547314240908023
-3.7126756036724924
-3.9020757198296514
-4.24331914853714
-1.9618605108980238
-1.7783664324696917
-2.0766487372283393
-1.4894774998529638
-0.9966051261774648
-0.7170467922514262
1.0937306954326966
-0.8829942364468716
-2.420237990920871
-2.729988418620195
-0.30194553134913504
-0.11868441372839625
0.22914723005003682
0.19103910651130204
-0.051178382143771906
0.29073864601179605
1.934871981346776
0.6152251010973993
-1.1230389039471476
-1.3257080710557998
-2.381308361829959
-1.2422624942303904
-1.9054300982761208
-1.2082561991708984
-1.8419569373018447
-2.3044125548927283
-1.145772129603485
0.04797296403983472
0.25108390367723876
0.022751858829278243
0.8805160998035454
1.675163374422629
2.5134955878116756
3.1936539135587148
1.7144354149205245
1.053216274593076
1.457557265516864
1.7668119811504226
1.905121818875041
1.223186998523646
-0.09584225795216872
-0.5635006951729262
-1.1219714713441138
-1.1161575991286727
-1.5030229517184888
-1.5331506842502685
-1.2391253290330693
-0.9174345399691114
-0.6341184826660341
1.3705288224727898
2.101355108718815
0.7935560243240166
-0.5433434783134162
-0.7496318775008233
-1.0108825018284662
-1.3164635414909496
-1.3571637687940645
-0.8694033715774342
0.3537620608696796
-0.3133167768986351
-0.2739296626888406
-0.23495442729136917
-0.9729945183116357
-0.5215815242748404
-1.7826335588902975
-1.2005015261077225
-1.0128730426808716
-0.08767967051030051
-0.7003644520039112
-3.4746591607352038
-3.56673691867656
-3.4637318864911033
-2.571970195161784
-3.0967804945325397
-2.831826025327485
-3.726657639440185
-3.560727730650263
-3.8538156276357083
-3.7343202490141407
-3.928731465119946
-2.7683854435121082
-3.31732053290174
-2.7967124174663844
-2.363846523299133
-2.663928349024438
-0.4431178022497302
-0.1739420045624982
0.5110053032405107
-0.284503451099873
-0.9187070365563552
-1.8986656015537395
-1.3686084154489275
-2.271451253671917
-2.645326394204066
-3.4587869983594794
-4.1970965330717345
-4.93984988226408
-5.5625269864819815
-6.228016227241843
-6.479636050653911
-6.762821292714853
-6.803502064804118
-7.965504770542361
-9.48939448491222
-8.981360873408963
-8.57439717522385
-8.106492974952019
-7.745619159528591
-9.013258926656901
-8.668630428211314
-8.597939494083908
-8.133655603751931
-8.386857083783031
-8.089336644291407
-7.916594928164838
-7.635259328258777
-7.5868738118838985
-6.5945011390720705
-6.415838934293179
-5.740380622146514
-5.9592839666988695
-5.536984560950409
-4.0089819147265695
-4.719187223780404
-4.816807956773787
-5.210425963220948
-4.552427959416378
-3.490462908534205
-3.639698511811249
-3.97063658862993
-4.388138574110679
-1.8217279634035364
-0.9937854238227705
-0.23590072900030526
2.542738687866452
3.113764735605225
3.267492963073967
1.057312302967401
-0.4414395769809216
0.9237715819485088
2.6778698404904007
1.9711400400733128
2.36500783769171
1.3773177978877995
1.267022835326065
-0.13110848129470049
-1.2998977109513683
-1.4542244574419774
-2.236220959708221
-2.083182538915261
-1.7952574950944982
-2.527976378567994
-1.7408441043557015
-2.054583784380961
-4.27846717270433
-2.9052777909754286
-3.688847286778629
-4.077612220673192
-2.851252360191344
-3.4044563732716795
-2.9696961053970647
-2.6753118861337732
-4.134714808041516
-3.9369392257505846
-4.256625027720364
-3.873620186160589
-4.534822507989849
-5.422789064917527
-5.440508571832373
-4.649821299753351
-4.497161029788885
-2.3567855644980993
-1.3924328756885878
-1.345309920201072
-2.204536959322357
-3.3426203628521747
-3.0964740521312786
-2.666329175139131
-2.3767360895122507
-1.9395067317658052
-1.259052537185146
-0.11259276227432244
-1.452662872845009
-1.5559785194837892
-0.982128517042424
0.3021233481918625
1.2985844954367265
1.8751864821630542
4.163087852049262
3.7858615441468344
3.0142675439963904
2.206125030931366
2.536089508583989
2.1488814859039524
2.3536611131624343
1.2424310526515416
1.1337839594934513
0.514550883548327
-0.723055379065893
0.835596782813403
-0.08899959670447169
-0.3249240015170371
0.23367663991917417
-0.18229446557487472
0.024496237072506394
0.7755929194917794
0.4972348387007117
1.1167277088259344
1.010630340848652
0.7948675635467742
1.1346689476335343
0.5161307905296418
0.09813880602362372
-0.5799757003627578
-0.009390641811957548
0.5244481760266557
0.6337547384564827
0.6280802809618291
1.4722334956068812
2.03148801170915
3.169329351383209
3.1925028548504866
3.350471613907303
4.718447281801459
6.505532838388485
7.810704890397527
7.482901502051246
6.877866876513217
7.358691877326739
7.035557555056332
6.282201806692176
6.706189764369736
6.561254663435042
6.943149067306639
4.026891410230648
5.380156068653762
5.142123138493079
5.437756375454498
4.655840450437744
4.582015519856628
4.038621249814817
3.8880814872486655
2.814127579907386
2.863306212981319
1.6614557244709711
2.1176944383227627
2.161615921102645
1.568105711677867
3.2258642563962394
3.4957472778632988
2.4359518326281777
4.332477812389064
4.127156045834766
4.339346162956004
3.904188790727249
5.002368518013986
5.925970678876697
6.908067267632247
6.049978936412715
6.285898259847467
7.419291224495259
5.516125106742558
4.851396621515356
5.421836647549497
7.036422430794464
6.466776057289933
6.644020315604254
6.05840730220196
6.475497313767256
5.529699002121852
6.452032590128342
6.980005380452908
7.327365205901847
6.77089326960558
5.472623224840017
3.001573641115214
1.5265218915455603
1.6338317589891722
1.8985679744612534
3.606215584022816
5.2537268240172255
5.026117549184538
5.138847666326131
4.444322299668173
3.70430607789579
3.8138595679210763
4.408489720136517
3.5078267809363064
3.9366473800839312
4.1119193855962335
4.608288083784805
3.385462486767495
2.9692066255739067
3.231340695267231
1.3070461689254909
1.1062633740219974
1.0722869403097508
0.8121822751114643
1.791114101155992
2.3258058004343147
1.5757337283577837
0.25485998113330566
0.46017876461726
2.7901116087433033
3.331926766584965
3.6965515901745056
2.470787033099886
2.831173002522009
0.8896858246148245
-0.3444576240635115
-1.347028847783691
-1.3190446135045255
-1.2412780706698128
-2.478384661761992
-1.5115419894697335
-1.2201563711216188
-1.5882701962302141
-1.3295475429113675
-0.5164311988576992
1.9042837384548226
3.7496999522846846
3.8082058526018097
5.228054776708201
5.788232277419054
5.535891254492493
4.486164759100627
3.7544331763493726
2.045247245838672
3.2210528968147063
2.480795521962432
3.925598114349155
4.438075296849081
5.157704905735176
4.002614927042151
4.739383302605196
4.093643070376173
3.093744424957708
3.9261674850738792
2.574359743787014
0.1868065174994643
0.7539859124725036
0.26241891175341947
2.466405555144176
2.3156329918031697
1.9621081707644
1.4371370693637513
0.47960091601816723
1.1167560498100266
2.2772986008978076
2.471286734380386
3.4817881971326443
3.528489763036809
3.8791045093500394
3.8914789095099156
3.9077079182382803
2.870766467821712
1.2382501531207029
0.5749367039803956
0.8186356921189917
-0.7106244119093268
-1.404969850505416
-0.7230845701016729
0.14977776380983637
0.9599800696331806
2.373192073303393
2.7809295334373023
1.696873815952208
2.9294303702781126
4.04543130381737
4.188785002840658
2.555406391265586
2.228256368066904
0.9534881903047145
1.9193103570339165
0.4432079260005223
-0.3297079397485848
-0.9219523904978519
-1.1165543799119362
-2.4565618531417392
-0.6022779059439368
-2.1403671207923356
-2.8125223748129557
-3.491597778268087
-2.445206072491698
-3.468781969104316
-2.4316950336339396
-2.836452643044795
-2.3157030742254414
-4.285466847396581
-4.1651012317607465
-4.355241915638369
-4.371741904617457
-3.905358468212226
-3.741346030472389
-2.5221145694852707
-3.700630871005038
-3.413958155253576
-3.3362265095328136
-5.148242497611804
-4.691973924487872
-4.0364144151709285
-2.84498717400501
-3.006053180223132
-2.653651974553502
-2.8888082868858778
-1.7322464738654555
-2.164283497637414
-3.130516319030697
-2.2647404359394296
-3.1080701423275174
-3.5742329781597078
-2.344336227833139
-2.1326267569381616
-3.5021183016164574
-2.7458458266308847
-3.360612825027286
-3.23600782105822
-2.7687043075569204
-1.7240916713187997
-1.478896910631431
-0.9259750151023575
-0.7008853231208316
0.33268580651957397
1.0200316049606712
0.5196403355455177
-0.057043902870617974
0.10552853789358851
0.5258833157489204
-1.2567374468978232
-0.6786035068528905
-0.7348435660541044
-1.6295604009396873
-0.9816711609815469
-0.8956931816646597
-1.0522986526094873
-2.6442154358913497
-2.8894714482432136
-1.9698390320440884
-1.2892412756989324
-1.3824751497135048
-1.444639506490857
2.2089536375169327
2.526624417593523
0.475146071544404
1.0217403610804217
1.9504737614131444
1.2623589345114097
0.26116519806710353
-0.545849767169105
-0.377852275896748
-0.10880219687138123
-0.24557607878820437
1.1079987260516466
1.6016883068429926
2.0101054615095184
2.4733402626649106
1.117473200567402
0.4981053143785248
0.09460287639974499
-1.4799559579347006
-1.4059964502939815
-1.5444662072171247
-2.5070977399275876
-3.19561401936334
-2.7904733003163265
-2.4523383456706025
-0.7725326252039727
-0.6936062941623631
-0.4813990320069057
-0.1229138089618753
-0.689359034336346
-1.4997258611593025
-1.5300172077236456
0.04040161699205391
0.3103571127162428
0.5352782281947941
0.6431545181938445
0.3717074277704488
-0.06276921714249029
0.05448169580724971
-0.4205775315383342
0.9188559863288727
1.7270880283013064
2.347265515186873
2.6981055054095924
2.4801642027886497
0.4287735780220995
1.1434730914739264
0.5364250812439978
0.18421273491190093
-1.5530626367500553
-2.405669123520181
-2.003997310673886
-2.8561917616103796
-2.3531334426713
-2.3592625617401386
-3.1132868183101516
-1.7476134313909375
-0.964406996238204
-0.2609953914787223
-0.31900047766716955
0.6309165392441535
0.2015628430548121
-2.135379740593717
-2.055001698235844
-2.160175445007179
-1.8687610001047645
-1.4757903666524037
-1.818078089347622
-0.6277331325075532
0.8092264824621317
1.3970454698925217
1.219626255648745
0.5923235374920072
-0.7713943539624455
-2.880949447850787
-1.9245894087065187
-0.9518910755522617
-2.5686941575565405
-4.645879332275755
-3.4713350941354992
-1.4846995021907283
-1.877817700518683
-3.3320250020405866
-2.926653123086611
-2.8371018997634363
-2.871077267460455
-3.774854312079073
-4.08594606692833
-3.0086571872908685
-2.3043548200639625
-2.191318984111957
-0.9500432436003159
0.4958177985385176
-0.19531804380374584
0.8255592932932071
1.9104456066344226
1.3738547381999908
2.6968309940138195
2.493860157047208
1.7090441835975885
1.4376580587812222
1.9928081940132776
0.351177568947561
-1.991058171795741
-0.14642422941976568
0.3246038907673992
-0.5954619088661881
0.02831004139816709
-0.9115138379600944
-1.0001669132778601
0.30118239651257267
0.9139498341407523
-0.30896664789312317
-0.032696556494243384
1.1203699313676847
0.8368887143705384
0.7117166237528623
0.08930565688234945
0.4190185310803144
0.7329117153995888
0.11043154790483793
-0.3362184463675273
-1.371921857160008
-1.0122963297151628
-1.554398577102748
-2.553888079009207
0.148829836854291
0.16664066825506452
-1.3674938460751145
-2.513397303392783
-3.511037365882337
-3.3160422202771125
-3.537281005898435
-2.397948569047295
-3.9688058336156935
-4.97553340119381
-5.303387461485863
-5.27403828011046
-4.654026979119543
-4.23344447367138
-5.147836286788852
-5.674683776940219
-3.297845414771322
-5.052142405147221
-4.877912128714727
-4.823749346751174
-3.845978732883271
-3.9835475110019756
-4.460992622985372
-4.414597038042876
-5.020823108356095
-5.190033740683029
-5.159287382426308
-6.081644767415889
-6.368221865281046
-6.275214821608876
-6.278538526729262
-5.368889159287861
-4.681808161188291
-4.389223484323582
-4.702740849256279
-4.273460424335888
-3.746472518205444
-1.9699316177285149
-0.795931171164443
-1.0731835918524766
-0.8208671421352471
0.17575294740227676
0.6776022760675906
1.204805113495775
-0.027661594415869552
0.056638814201414533
-0.3430563035389583
-0.7326790787162963
-1.0584130027206153
0.5371221496097183
-1.1320419659907028
0.3826564657204567
0.6027561171044635
-0.0331824857146589
-0.8292489511448878
-0.4980284002505133
0.47072205167049
1.4110304789320955
0.11469217022629646
-1.634315738018885
-2.024091685013719
-1.6645553214998203
-1.608362073034232
-1.6442398215383587
-1.2136584837254791
-3.668732410301551
-4.583969942698069
-4.143270631693905
-3.4723008354265694
-4.0572789307406945
-4.1458092843275285
-3.6225618252394955
-2.7899653437668532
-3.733904109180515
-3.003779039850863
-3.0103886852957866
-1.9554621481831527
-1.9988905010241382
0.17882555166995018
-0.41553380095463
-0.039226509375448325
-0.9993206645227659
0.2682736980228013
1.2098383804681745
0.22568841205964613
-0.7715922760912892
0.07148660473570255
-0.403997830844496
-1.2337476040147435
-0.509133658216754
-0.7239388845219454
0.41524126812568884
1.015476884818053
1.2594431784183306
1.5044041457261081
1.8608286082116317
3.669752186777155
4.668918148642835
5.826521780911987
7.205317477434268
5.541743866818265
5.425576220028497
4.317495955937339
5.8501604484269905
5.345304917923833
6.235247152158381
7.739495904955002
8.104364547035773
7.031282930381559
7.5662191610762015
7.006298884548227
6.87864621379954
5.553395807889793
4.198838370705829
3.0355418044284206
1.8626620960105342
2.7927920213894697
3.3408872597546924
2.9201209534619577
2.657500262828372
1.9721269121239775
1.4283076062638294
1.2734885859698974
1.114155911026176
2.1909953126097856
2.8352089446454003
1.4243484701034848
3.1782956279259396
1.7897411485427117
2.6016095990507524
1.7892618350099672
0.19504271587989885
-2.27872813833765
-3.8132395406304274
-0.8870349490851227
-0.36619192021725033
0.11529042740285589
-1.498859957921929
-2.4717676528014185
-2.2491469651465037
-1.0435847349529195
-0.5154162678958479
-1.4261104969987277
-1.8069006192229735
-1.0767081388482194
-1.4856781834154067
-2.458227508083665
-4.003991198549538
-2.2160295795490264
-3.0278570203137125
-3.058274396574941
-2.1292655842259527
-1.0580946692383641
-0.3080588668435998
0.9297199173112176
1.6780456422784873
2.234336072316147
1.9435644954277655
0.5319879598278193
0.5285385325822683
-0.6729028240295476
-2.0468290510281406
-3.5784808607086824
-2.618478772389691
-3.274386426505037
-5.246121733927668
-4.543764443188578
-6.233651066034308
-6.036475002672636
-6.806718924650216
-5.780193514372659
-5.157042793338422
-6.5094800168916125
-6.22551335814725
-5.372300088399912
-3.0279910961435736
-4.629717215637718
-4.017338361631061
-3.97697463688949
-4.270584163858061
-4.591444915712899
-4.288253608179441
-3.6380486928755587
-3.287424969074881
-3.8443710290363917
-3.546506971710347
-3.741785033268892
-2.8382530328743614
-2.95701919458144
-2.5162493714334637
-0.4561806749278291
-0.72366649173186
-0.7992955201671921
-1.4049695625554164
-2.6142019066212976
-2.8566155650407166
-3.6125739137994826
-4.255650373678102
-5.188416676705579
-4.756648470654803
-2.6924795810338553
-2.200300454903022
-1.4235618541707227
-3.283307315667167
-3.7191613606206544
-2.9390314402573177
-4.1452732161474675
-3.5780675081875963
-3.0810373272070817
-2.7826294081351164
-3.788555524892215
-2.6914005472025675
-1.8330615284726206
-1.887631365714981
-1.2286391193755932
-1.8092457592746833
-2.610042620229315
-2.4764381066603693
-1.7704681886329292
-2.563973440524499
-2.9728339210743364
-3.1543801814795143
-2.9853318885805025
-1.744742349160609
-0.5292040804836292
-2.7356251214987197
-5.08086647501004
-5.806526148096788
-6.340529678373041
-6.137148238455151
-6.536202975770583
-7.374580602350699
-6.372589718319488
-5.8900992667470575
-6.73853769635918
-6.288451625464152
-7.242227414642233
-6.853088860209658
-5.913828945141931
-6.855134878695403
-6.796783694752082
-5.65864268380414
-5.445264988715589
-6.686443843118053
-5.953683079710547
-5.436007720909123
-3.7446378187415963
-2.564588215379678
-1.9974245779638675
-1.74265308217503
-0.6927602251886086
-0.692326115692937
-1.4875181918208762
-0.9368490234136754
0.4638001855066698
-1.9371477277048081
-1.6676068853729964
-1.8920105288155824
-2.281725171256892
-3.6238366365688646
-4.230901173897243
-2.748636342084016
-3.1638695810254434
-3.356357927275543
-4.042712947712114
-5.2100075933958205
-4.381889192058284
-3.521843340332116
-3.4666238046029796
-3.0991550383004016
-2.5641736901134506
-2.3730908434227977
-2.9269801992309445
-1.961210172695936
-1.0832224425582504
-0.0061972400805507255
0.26502237016066815
0.06331412989886366
1.0712586655240035
1.0597432393422979
1.880716655694087
0.7447465738341545
1.9811610238583475
1.8271797293501055
0.3819138484197789
1.3859534720581013
0.2934459725004918
0.9112145322659332
0.4965988460146007
1.4516369388664019
-0.18288363474444108
-1.3576348673088239
-0.27433142572331
0.9569921555723648
2.0779043253835385
1.0447939267396922
1.1463419911766761
0.08584517466783093
0.11004875410105266
-0.2008644731265411
0.544764882406813
-0.679822822767319
-1.2240459026603547
-1.6966630561080822
-1.1644194571964932
-1.733804411669634
-1.1216740509131438
-2.552558137403299
-2.296262515075371
-3.7488012097734766
-3.6061884560192365
-3.7429971148729106
-4.636166837323429
-4.451967352435911
-4.867479738368904
-4.734959741620973
-7.19002919850214
-7.181815812440888
-3.971065551018847
-3.792047117114308
-3.686123675272767
-2.733878287733139
-2.0066117525154223
-2.1370651099927676
-0.3430930268744632
0.2666203774994605
-1.3120774819625443
-0.24581692574833233
0.8328277742751503
0.08931863360171473
-1.6847733044226554
-0.986201777054846
-0.43903569929035385
0.5296373044861585
-0.5118160128356944
-8.00658159888501e-6
-0.6680384913130302
0.18823681245826432
1.559947805808484
1.4916546392358625
2.121521182333871
2.2205912172264677
4.668973095919214
3.641180240586292
3.245083583507984
3.0033694776030346
4.719732345439148
2.9053009956555744
4.426088971939712
5.389188211065072
4.784035821801234
2.971591995699545
3.372035641536523
3.4060534993533724
3.1073069823410706
3.1991642639020945
3.3293837160805646
2.902701841189405
4.07187670397307
2.5716050936795316
1.6476360895074964
2.21070349102323
3.212179468265441
1.9057111558994317
2.500155969547962
2.5825181410131126
3.5990527268597283
3.015834533886234
3.322874447654687
3.5608233950531805
4.4772711621805295
4.567369833264261
2.537493496170833
0.6409230248991364
0.301937329555725
-0.44951858029875713
-0.2879470251030438
-0.23507232716097815
0.7175465027496418
2.089519591790041
0.4896134564631121
-0.26537062365528624
-3.184677975520494
-5.562123339471017
-5.37502885451357
-3.838562342598895
-4.502888621926941
-4.594984091520215
-3.516423734895757
-2.272521542315466
-0.2748863001451116
0.6580463491629506
1.9739897287542783
2.006839069510951
0.8824115883526413
3.0626211113612563
2.5941252943731086
2.1496158133565424
1.7437948142894606
2.3796676442551057
2.5301360043967733
2.582540991856118
2.5040311452813193
3.219526242489518
2.7703857420070284
2.3674085912476714
1.4295896552524863
-0.04154673999245309
-1.1718765002378535
0.02310365018641628
-0.48132191801488544
-0.2534334977730419
1.0060135698658725
1.0468323300725952
-0.39669118191320957
-1.1736805061819076
-2.183869556653099
-2.360930748977995
-4.171136648999849
-3.983695460586211
-4.385017771206443
-3.192876958766349
-3.188558423848794
-1.9706864819681917
-2.993244836428844
-2.5170091260317644
-1.499267347905173
-0.12990416146275785
-2.8970147617997353
-1.4436561335410238
-1.1296237509078222
-1.8570067757550723
-1.8093910640683957
-2.5057419361782216
-3.3050983755081367
-2.531718999376335
-3.3547279959967957
-4.149221150061936
-4.4937222820270915
-4.41835657259944
-4.427776818990296
-5.018196448247417
-6.4582219521354745
-7.813113961820571
-6.023160790455811
-5.474678987855253
-5.794907154488634
-7.180812513050112
-6.027735674869985
-5.855425406271083
-6.4977609243784915
-5.481682757722522
-5.1516160598739384
-5.5013982494097435
-4.788354688007412
-3.7626052303446755
-5.469115959197961
-3.8099869909285973
-4.167601436683352
-4.76951500807903
-4.456999057268122
-4.66470400981189
-3.4879388996489915
-4.51163313823276
-5.398181595844821
-4.389431169980341
-3.076176972621212
-2.660872236893884
-2.6835431324006263
-1.8597185287475704
0.02932270619250038
0.0035402626126538883
0.18625284646305715
-2.5286991531511145
-4.179240663992973
-4.339563536003318
-4.1764447801248785
-4.830166677999394
-5.1591645107465425
-2.2965658951526953
-0.37310913771796345
-0.0701021965240845
0.25308011693479815
1.5066924693896495
3.001041602930781
2.982430117744969
1.6773158518694993
1.127907049434153
0.06203948608887816
-0.5768088235311496
-2.0516748047976474
-3.0914310839961865
-2.844753607234787
-0.3447026750622413
-1.1762260506255189
-1.1921626839828598
-0.9548067821721182
-1.4064844068822515
-1.500182876797193
-1.4047809603442474
-1.699699734399874
-2.2398706962613804
-3.156260805681931
-4.643911845617995
-4.131799639967539
-3.96937716634975
-5.098260619538777
-6.131644583750006
-4.805179204657261
-4.792849850450639
-5.121280652226704
-4.1719901025823205
-3.515747879861523
-2.802602658166599
-2.2199415852964277
-2.812495530332825
-4.106418643806727
-3.8248905709658345
-2.69234764483332
-2.0857883217584288
-0.609704229798982
-1.1312987795287115
-1.3693624390143406
-2.282251695245671
-1.164786605622301
-1.3127547261847614
-0.9709509495433954
-0.6582913558908684
0.49723375042886386
-0.28133249368422725
0.06304085838859082
-0.46555855182144534
0.18998869398200602
-0.32521649099314875
-0.759501899447697
-0.7057895831981013
-0.9935448401631559
-0.06873906180469366
-2.0988322545134834
-1.5026258707476592
-1.2491475273468302
-1.7927336571640722
-3.320444384126575
-3.2734936955265845
-2.353703881585984
-2.2355562329969576
-1.535081559787796
-1.950881875491257
-4.665657515025503
-3.3627296060461784
-3.81965164117977
-4.661313006766119
-4.179515718931185
-2.150080017931787
-2.847565283155437
-2.7024974531958166
-3.917824797728813
-4.151112659295448
-4.849729923983275
-2.7503503867777557
-4.116219396503018
-3.85365858288568
-2.407196680893842
-4.3354978019588
-4.8592846974792785
-4.913797413946981
-4.31684867808416
-5.504833398027111
-5.424028339387105
-6.0618056415931125
-6.847881896211697
-7.729012065505416
-5.645088375805498
-5.867942014098429
-6.825349830850429
-7.415120328978145
-8.780686171630885
-9.215046704992552
-9.434630919724693
-9.382827644890863
-8.437254929099641
-7.245215733582189
-6.978763166860614
-7.280683340633926
-6.101377882891783
-6.183407157759169
-5.966032745996065
-4.176341317060702
-4.099880665478405
-4.423765499332103
-4.000143425646456
-3.425290971966335
-2.3848604588312203
-2.1624607588805858
-1.1300901492424447
-3.1639372661589586
-2.930429486204065
-2.558409117372347
-1.4956449171987098
-1.457048423256346
0.32617092754745536
0.31214510460844674
0.11954042053168329
-0.5086865634884408
-0.5928850045952564
-0.903843201991299
-1.261997254220111
-2.263735321564905
-1.0717863755801107
-2.1016569370953126
-1.7002301594735507
-1.853747884468852
-1.376093955083365
-2.648566736409598
-1.2047871058526773
-2.3624172843290214
-1.2496351752849735
-1.6073107988766906
-0.4336522476439043
-0.2929130309349808
-0.12909260902865285
0.522753149226073
0.4852730352902208
1.1425681053274948
-0.9822440284196771
-2.174220661073789
-2.866190087224675
-3.7197392844936146
-4.951449557118141
-5.502307489629891
-3.5074445510112664
-3.0256392095173053
-3.097285851710317
-3.395935649249395
-1.9805514714282957
-0.8588473633959138
-1.0694430202003862
-0.5813200466131494
-3.3273048350670074
-2.9765902758595546
-4.214352155642529
-3.827549994069798
-3.4992184362492296
-1.4747943450165273
0.5520557249466221
1.6020039472291354
1.9668242140569954
0.8500655128211984
0.5864236524442821
-1.1466495481238572
-1.6494615676866127
-2.9191772485721246
-4.614874618173034
-2.7428044952453234
-1.1994175362803614
-1.6235646932902827
-0.7220513480876128
-1.4578449639929056
-2.568158867458127
-2.0694179182061374
-1.601818639065237
-0.5232186625745398
-1.2870143005543218
-1.4807673485701918
1.1345095213951626
1.4833756335147825
0.0005140175026555199
1.2955273954967546
2.3580539866002503
3.036774269009319
4.939399698087261
4.270372625383035
3.4439710776459265
2.5633069888144737
3.961091528291409
2.059160552291631
0.27036791843941554
-0.5785628049306876
-0.030878308226221646
0.7108349199547959
-0.9451652263739574
-0.9374815449413488
-1.2693495446339451
-1.8487254697934254
-1.872304066506036
-2.944468502793821
-2.86165423328802
-1.639582131936886
-0.4088540395631659
1.3139335410391246
0.9951259548028325
0.8830373513459402
1.040078682694473
0.5832290147338917
0.5570339945865278
0.2786174720474707
-1.0030194859983848
-0.014247828667266593
-0.12420395748112864
-0.38512976850057085
-0.3800305281346344
-1.757681246406339
-1.5532871271512974
-0.5681626811373098
0.1999032945316906
-1.4190899051181616
-0.5846326080473271
-1.2659621144402604
-0.23497496766844286
0.46221977472344866
1.3708328428622523
2.678512298312013
2.3151202921472636
2.574232466524355
5.015598378816256
5.744030455817029
5.295398665041051
7.744843931847703
6.377242880398269
5.236614508806462
5.313663578293524
4.475782387720066
3.7845418300048674
2.193721092616614
1.851498280219064
2.348871465733766
0.5339681090949447
-1.4424048630709232
-3.146537496560343
-1.884364375891385
-0.03911608036030448
-0.8057251994324598
-1.6930950207834063
-2.143490448367012
-4.665234878577489
-4.783736844916716
-3.969334345917178
-2.483108521086292
-1.3585460653593415
-2.2435858347069884
-1.026012423758547
-0.9090290357451986
0.847805796686607
0.7723580951870108
-0.10534504456068214
0.6826664720316535
0.48944371516103713
0.47202084161948765
1.112372003691079
0.8654179135838963
2.2097161325355867
1.6059777741441164
2.428612996221313
3.037675262334846
2.2445231113659885
1.0191208549134716
3.225285241961012
1.6622612493266802
2.6948946751204583
1.2056426367835316
1.0831939033419584
0.6440422457751631
2.4653756265503732
1.9924701915167804
2.2109226704859823
1.337346964273502
0.6962869044255293
0.8545417665349171
0.76298021352844
0.2655944402286825
0.15831163441718377
0.8662846670187858
-0.10009631645401461
-0.25307462476904147
-0.22083904423590758
-0.7460852155315394
1.3361634616294542
0.2528894144877358
0.5596325604032151
0.6502522937712344
1.4856257785423588
2.627710212785769
2.181702967245304
2.7309206420269194
2.8459774683534405
2.2263380749235604
3.070700987191932
2.9591851417593116
2.573749513506982
1.6308252300774715
2.3573688030464606
2.4096312826318234
2.2491024073495764
2.5342621235525518
3.0504555956904027
2.481179860444527
2.5540570646349203
3.866188179982837
1.5030581065965043
1.4805240327167315
-2.649019237832248
-1.6828328687831455
0.7415605059293475
2.05155042071158
1.628102308512152
2.930810968723403
4.9943445849441614
5.698840552723995
4.947636652742174
4.699014136230868
4.591664702431626
3.425246883169369
2.808154861795683
2.8788425306516103
3.5635288153723828
1.008570432756435
-0.6304713370459797
-0.7560366130230625
2.1627655241121375
1.5942544953241085
0.26310672246217254
-1.5917445588357424
-1.52947118226057
-1.0755149463869424
-0.7269025025604948
0.16527495180128826
0.02774860515198947
-0.6895820701835217
-0.48147369626662845
-1.5178219091448493
-1.5969751875464004
-3.6010193308305793
-3.6115023243036175
-2.3321014019910318
-2.4102457039868144
-2.1177938368888687
-2.473683032856957
-3.2227403871638476
-3.668381403852771
-4.782157491029041
-4.681036725024208
-4.168269527440292
-3.3497764834173362
-5.744611128345412
-5.940751406354527
-4.45360701779792
-4.8047697076056926
-2.7298260992563828
-2.016765969207827
-2.4551827457482576
-3.904168821331086
-2.8488323276963534
-3.9684066768610267
-3.3896651584665527
-2.2672042663729144
0.3729420929453801
0.04197155549293987
0.3885667151223121
-0.2581721317709141
-0.9117402133179586
-0.9219703251141478
-0.3508113585615208
0.7231706543107672
0.9939812428647647
1.271812151810022
1.610413082334068
1.208544002760461
0.6924464457349941
0.9537098645438973
2.2813777870209186
2.6171885386725364
1.1770544866300654
1.200679779875496
1.4033250272372615
1.2333313360042912
0.8407637327091179
1.0457355106249235
-0.08764648287126836
0.5915568539323552
1.1330609877131106
3.7100090057794812
4.849402424691936
5.156725561699383
5.862606532671789
6.554920659883884
6.806606637926128
5.859401382897197
