0.0
-1.7088603215265157
-2.1453961474049077
0.2895133659179607
-0.07949240550452541
-0.8773987555997552
1.2047739558855086
0.34280502932444223
-1.8305935242142701
-1.744502705787575
-1.6167706395309653
-1.4879106871299812
-0.10681247720868228
1.475020899812567
0.16333480042941767
-0.9363677517955974
0.48676990773186884
-0.5021577443594197
0.31316109959674043
0.30641404387934057
-0.604730562549182
-0.7658746699199139
-0.3069676180903226
-0.32955650165499883
0.27148688704692303
0.35825512598279596
0.1582445942947287
-1.4460755651657904
-1.2728093947236494
0.5342422786107283
1.0215935495970117
1.7257848869400578
2.057665686204391
1.5317880181476
1.1520990367583166
0.6087094435031581
-1.0038923031113258
-1.763364955571375
-1.346530587430035
0.19717037318016822
0.16945217990981054
-0.6639571831473272
0.5349983204214088
0.09001499240422889
0.0024171183309991406
-1.072230521000338
-0.4145827510389603
0.499019725709309
-0.19934280523265369
0.5658452802475334
0.6594417221256192
0.42882967328717464
0.5090618402211659
2.2374008159805596
0.8534430501368981
-0.3968693902572138
0.24728954759968144
-1.4327019741743214
0.329908563019619
0.5312891540034443
-0.2601853885369273
-0.026561418153969396
0.29100896811317956
0.12816742390750557
-1.4442925914933997
-1.7782247904236042
-0.1441718722440105
-0.8631984076348052
-0.41028921931247936
-1.3866189040481838
-0.6885025946847425
-0.8894590984304123
-1.4439089262635423
-0.7546589886756848
-0.6045400584327848
-0.16811520701045954
-1.0073657518572008
-0.7565437896445248
-1.4882168887338008
-1.7750788298878017
-1.8669353875858126
-2.4445842299330494
-2.0810882183632575
-1.8216786867080201
-0.7169775059175986
0.7928398665600164
0.11958552376157415
0.18746379360830667
0.39854172724323855
0.1710336169553973
0.9011690070903813
-1.0666318866431803
0.059262740384872864
0.4629971782062856
0.7543788711766787
1.8515496366819426
1.0227642411106734
1.4833843268611364
0.9669780233742407
-0.04253168660867454
-0.7495024800419805
0.9921403335376772
0.8265205853805236
0.7631159379104642
0.6331294908519061
1.2294960395105894
1.2080035466632364
1.992473083800535
1.1507424433884152
1.2931062604124723
0.39817939822481363
0.9891502828117699
-0.02558919223252302
0.01767501794197382
0.4424056217673133
0.2891552960980329
-0.47885201303219327
-1.4997706287525836
-0.3773592912591732
-0.15041187585667706
-0.3205432611195459
-0.527690081347771
-0.6019948573564166
-0.17771351879522418
-1.6053639656123533
-0.91330199772169
0.26827897193781197
0.09962903610291646
0.25947094129373316
-0.505558673167571
-0.19248759961309048
1.3915217892701812
1.6869067575530954
0.17143534642576033
-0.1377796900022153
-0.42414935760230826
-0.9523092452604308
-0.2686969466617604
-0.09927903386842682
0.48806635889287775
-0.26017601086365943
-0.21174707333069337
-0.06449682809903276
-0.2711283791918954
-0.3347806806851073
-0.8449015698691429
-0.005309189905854675
-1.3517887174508114
-1.9029286558004856
-0.6907611568017251
-0.7850429898327422
1.4727690427700195
1.3247539295842756
2.1678494951881464
0.5795912773698021
-0.19157425753016544
-0.8421347572464412
0.45058127816984667
-0.7767716068624839
-0.3295392724703019
0.40938377184457075
-0.41590108238646656
-0.5121797497399612
-0.8428500777388584
-0.731775208967077
-1.1792135151099532
-0.14088579965570897
0.7795518974182506
0.9312841802431966
0.4774025803926511
0.2693558550840783
-0.4476547780555056
-0.014598207191959589
-1.918875659661376
-1.7244107489675062
-2.372964706495779
-2.021592517330489
-3.2497600186703175
-1.680508342274235
-2.1734716926321536
-0.6114450099416064
-1.299448518265947
-0.6925512439218502
0.08136788095889037
1.0271072158469277
0.12232027905163942
1.2761093662484602
1.2502050025506761
0.38267715150612375
0.8506518264610159
0.6060338733210359
0.08109709982736082
0.1335640135392574
-1.077521242944481
-0.5184692403146725
-1.5482117085382123
-0.599677694361562
-1.4683842578194228
-1.2600890513398646
0.05369451386255614
0.7316880848436053
-0.3595042721481929
-1.072020834871198
0.07716707150119498
-0.2734856714442267
-0.8796279307772883
-2.3822218719383033
-1.8276454498811665
-0.1548666362330841
0.361045294459694
-1.356203408578606
-0.32674575565877095
-0.28775148312149285
-1.1826636545654883
0.18731812548002233
0.5644193340039323
-0.744858299047517
-0.25718895532015185
0.6665049622840127
-0.16022691573158448
0.8434878183252281
0.10934665772888463
-0.32804392387458603
-0.3280983366055549
0.5290969993055668
1.526149608172739
2.0704188857762618
0.5236955996221411
0.34296209164278263
-1.0658429886988687
-0.597819174243033
0.0024591603331762593
-0.7219429909595774
-1.167746996737329
-1.2109752750730947
-0.8378417481311132
-1.6859962284630519
-1.1944751851568685
-0.6750463792884498
0.1900740004889931
0.7318944580785397
0.7729468170029552
-0.19845131945333233
-0.12110446510060485
0.20801286049108164
-1.0578274721852585
-0.5430216345290599
0.3671917407797234
0.4341168524812474
0.31245613130326205
0.22189343843391002
1.155996870141852
2.2578859453414695
2.1629121252934036
1.0652470000748062
0.07336734148067703
0.013480995364156742
-0.45904160427421437
-0.5311071355267907
-0.4773916049323505
-0.8810783838475034
-1.1219840303233413
-0.14575661714412175
0.4957601964790699
1.4099247929116607
1.9040582997501678
1.132728893083522
1.3598119948677092
0.0017273332508685457
-0.11839593763171084
-0.039973713324308095
-0.6599240430368648
-0.21008149997048375
-0.1873363514417578
0.6025545656420985
1.8968218245977173
0.8820198885910523
-0.2711146042395448
-0.697374622468647
-0.6554379898222719
0.4020132742759686
-0.5272419155238706
0.31219605991093763
0.9895841778056187
-0.5460329487469869
-1.7937759628726446
-1.959262392354735
-0.9888821633264754
-0.541672784122086
0.7486115648817577
-0.688668524733627
0.38330800676151655
0.9176271594173961
0.7870256466655937
-0.11568749458428702
-0.23210691116683613
0.24310209533685276
-1.926369755056359
-2.178397092279007
-2.3050769288470363
-2.4739735980732194
-1.8911544052697231
-0.9897222820971258
-0.42556676700347695
1.0008115180817614
-0.7483982233047577
-0.2506659972484891
-0.8284782740564445
-0.5007409078069914
-0.7691671245123269
0.6656802450439719
0.8551282873565254
0.3837334368744104
0.024552620718874048
-0.30867110079846577
0.19168559365014404
-0.552958635761224
-1.2734667984270573
1.214354798881233
0.7616829410352147
-0.7657642947784169
0.06452331235544544
1.0269471941797212
1.5882375404435836
1.465513207039917
1.0936833952010436
-0.2764962219884507
-1.5571721091942372
-0.34703458583394814
0.15951247252475564
1.0010635864341324
0.08283389864618497
-0.40144041803736474
-0.27053818161118104
-0.8283724972738953
0.38407387094170997
0.20286981555601968
0.8349099101133377
0.06445415673140492
-0.94768777107194
0.31562405075353583
0.3306770983822912
0.6220474602726833
0.6295278126808599
1.4988897587555943
1.0738116236068538
0.40864655749750795
1.186014299938769
-1.3596787660436536
-0.1499728419751946
0.9002557869888289
0.6701973543034538
0.00813862659422962
1.3623844889101344
2.7217510273661736
1.7262278762669592
1.2275002323018476
1.2981375433545097
-0.7102143219592328
-0.4469216608316468
-1.8967188546131328
-1.698027410221505
-1.564406432617932
-0.6309399176227148
-0.16925384571177704
0.3212176967622797
-0.7149218120505705
-0.23358992699051767
-0.32541040123320586
-0.7943241873932647
-0.34193719948481316
-1.3787901292475033
0.11708239399181979
-1.667373195970768
-1.6097961246269463
-3.415867298243207
-3.224095828154312
-1.864020793864813
-0.8279004873479875
-1.1113391617130808
-0.9972275466582609
-0.7462429416449925
-0.8986727764237964
-0.4278821553724024
-1.2015124826678514
-0.930116032241654
-0.9278905224514769
0.5282345547391301
-0.5483677004556463
-1.704501839719838
-2.634369093777069
-0.7967123162426039
-1.205778699552207
-0.9968663166452887
-2.3870544896921806
-1.3232883586463624
-0.6974168128875808
0.1418287866354191
1.6099635277239632
-0.7031130340846589
-0.8875502811740894
1.0808877148987266
1.671449165950777
1.4441327389356864
1.283294557892484
-0.22422427959899338
0.8242257426666291
-0.5022745804928
-0.13625709686042226
-2.0200762982532865
-0.9508885777417339
0.03738928302096772
0.5688490673019652
2.092493688587646
1.281771419543468
0.280073164009377
0.22903718567384918
0.6271461964331142
1.0126772479981567
0.6042775582438721
0.4208846922988547
1.266481129637509
2.066942788875245
0.15581570792691318
-0.5650482592821113
-0.2330941246611582
0.7970936704385565
-0.08707574251098066
0.9740350991456517
1.6370925284002906
2.097703580120455
1.1785828963924068
1.5129586669154163
0.20408379031246732
0.6520409775706303
-0.2702001193508761
-0.25063634425789016
-0.14786691579049133
-0.5378862680691634
1.2706101220352573
1.8984403585466372
1.5750313109212188
1.711645652611601
1.052351718038635
-0.08554815115179444
1.3727032704736275
0.44706227539518395
-0.9588589856129252
0.04632580505506334
0.15534571654792548
-0.12886644391525337
-0.833633850405168
-0.7991162538768862
0.7944270194977394
1.3145301386447348
0.26207109799159595
0.16492652975837493
0.45375924430085046
1.5612088346103148
0.17540730001702526
0.179489758685883
-0.09681467436557198
-0.9213150479441199
-0.4834462929975955
0.8213969129508981
0.9847271502184619
0.8376979322866875
-0.9634683992069327
-1.9569231583407931
-1.417224449161468
-2.017575454207092
-2.0566676269871005
-0.016374251133577426
1.1298390930371585
1.338240263162344
3.572324720771359
2.040743809102361
2.688641292255186
2.423313601579425
0.778564905800146
0.21693709750098306
0.6903933132247793
0.6605799882844682
1.0109509156680316
0.38006922060231657
1.16680905997143
1.0374381581908116
-0.7352985726976136
-0.14843554122624975
0.06759003156352236
0.6878163807330077
1.7860099691280453
1.0322102899070902
-0.7470799833792383
-2.2061540703597404
-1.4472120495720016
-1.307506434824438
-0.9954153736856021
-1.001346333476155
-0.04566084005803353
0.07526804707360149
0.7898590715287779
0.7303978216091271
0.5456032122295843
-0.650241400140198
-0.7114241225818143
-0.013045677514170628
-1.0229452251176598
-0.2587367129775853
-0.32942002775073276
0.9006174314829531
0.59852495713173
1.193472818740827
0.778517710044937
1.063997743184893
-0.822706020068555
-0.2826251445596486
-0.6886040592940682
-0.05411409596583355
-0.09750683915143638
0.7600179640251938
1.7071993454196148
2.0332258221341313
1.9960340007051964
1.7344783392791476
1.560105487515676
1.9835948042276503
1.1633452734261531
0.7764163637605495
0.7168076332452139
0.14561282213273852
-0.563145656146004
-1.3269265962752932
-1.048149380888865
-1.0044562969964919
-0.7371807801715892
-0.7138714633840096
0.794447195047495
-0.4785698582282517
-0.9651260366775753
-1.8385005162003045
-2.653206115614489
-1.8792749957321633
-0.7837436406782572
-1.067144691481708
-0.32610267539382404
0.4059078775915518
0.28840234002343595
2.1847378934605546
0.33960137549954894
0.7555210656280241
0.8745822478663842
2.229579975625397
0.8753035049992258
0.16850929530137754
0.03333293633539347
0.7612309671508173
1.7408284868073531
0.4420254278893388
0.9086918292454974
1.0954773405668667
-0.8416331611931198
-0.8404841489942178
-0.6401929805148454
-0.08937401627483499
-1.3146100255840918
-0.6648077583444684
-0.5725583171043013
-1.5257772326140338
-1.526253728744899
0.5461884016425942
0.7647644267149274
-0.23852038770674266
0.16365266135015788
-0.033606974977957414
-0.5539094054023533
-1.3363900656151482
-0.47349775645351466
0.33254528295458846
-0.4210720356677605
0.7315933250073655
1.2641388118267174
1.4289401248675313
1.2802684501215744
-0.3259191600687143
-2.100847645591103
-1.4199011711795217
-1.0725119009030417
0.02081848791482102
-1.3339129555975762
-0.07159196575555252
-0.46451662749578276
0.588910095220945
-0.6987955367345772
-0.3746629919209245
-0.8514156481311589
-1.0942178701494811
-1.3212927429492618
-0.7747876275483994
-1.5601089588790396
-1.1192387942131625
-0.17284666592591863
-0.6901111997275845
-0.3372047392741538
-0.5697040138625331
0.8013425924578136
1.1891897685413968
-0.5356629716630559
-1.006702763584598
-0.40350908339115255
1.3335309033486193
0.1988996555635989
0.785820655174404
-0.2167988526013717
0.028302838947549813
1.1407301302389061
2.3421099284895073
1.7720541464567312
0.5971935857947445
0.037803355001683706
1.1162553547014045
-0.6480142197603848
-0.1179808795391644
-0.2829795754394719
-0.036694802543316
0.44077736658643535
0.6369297334772613
-1.2003951210315238
-1.068955762998721
-1.6406737767914228
-1.2795588304410803
0.34684561959659355
0.7896227098820864
-0.25704254212024746
-0.6649203545734297
-1.6338316192206574
-0.8358791201775032
-1.5545646521756622
-0.7521636715198818
-0.010554157716404083
0.3181820179459169
0.2132493690184497
-0.6975155415951781
-0.35294811003550075
-0.9155458681014862
0.5858208277701523
0.9996888575401549
0.25289869246617735
-0.8796395325349369
-0.7580995948538928
-0.433475649422308
-0.6109896964644183
1.4641562699045112
0.11615051829923871
-0.012891349140689928
-0.2300863564038142
-1.5372017720091258
-1.143647651891855
-1.6094257525397613
-0.8868375835489082
-0.5048291889629031
-0.8193308015186694
1.3211752901339273
0.655810833240139
0.4133233387328783
0.6639515616117474
0.795297835516652
1.0112454332708694
1.443455342006391
1.1243997646473318
-0.3414127011492277
1.1410548091147195
0.6374788115165473
0.22967345696819816
-0.390279650330515
-0.13000062790988023
0.13164337928973785
0.7964517437724699
1.2574309770471555
0.09980322572927217
-0.32197853973975865
-0.08950224588340928
-0.6644166655494985
-1.9495451972616513
-2.0367480043582935
-1.5650186485388187
-0.6506667138388793
-0.4624739940002951
0.6647367794357086
0.02677831036451106
-0.4128662216790744
1.4973657791713106
1.2511129969623895
0.9573275729328028
0.07966869455448605
1.0038186360569603
0.9553925994870676
0.6863416031273348
0.2178788309805976
1.1884217512010515
1.3267633071866491
-0.07241447404342838
-1.7468590243447375
-0.7730953458783434
0.2573950460035065
-0.7425668511628601
0.4858434744317101
0.5918237300443399
-0.3160083441983911
-1.88347070481779
-1.5271677990926025
-2.7913940282706022
-2.0327127630010535
-0.05670600435792031
0.09589895432583961
0.8694955085921043
0.672085927014024
0.7927760552730563
-0.28607104372662645
-0.18189660666094293
-0.16913724400824792
-1.6035780818595557
-1.6816406369508894
-0.36017730303625045
0.5991913563648927
0.7372942895211485
0.19420845620035973
1.0131539976459374
-0.4295851769030666
-0.4417596375864794
0.0899602940016806
0.2218585754556954
-0.31461758984124943
-0.22576532809541594
0.3472367881259262
1.6302479585190566
1.0400516575442014
1.3004880873015352
0.6301857633033096
0.9665122301190976
0.026067299072468138
0.24361950248442266
0.8353184691400246
1.5163692817886663
-0.29900508739183856
0.9292300824985797
0.06976809037704979
-1.0298688998413617
-0.5730588549322049
-2.012659513200784
-3.4807086356824577
-1.7599516988589265
-0.8849061802034653
-0.8407409082201744
-1.2292825802907519
-1.6944393756058138
-2.2157904008784786
-2.394885226598874
-0.09906698694354507
0.024113368349440195
1.8364615736343393
1.2131952250838902
-0.05457753142285478
-0.9330407282238
-0.23660489852621844
-0.36276361152692677
-0.1535099729224716
-0.4051346121233461
-0.900123878300212
-1.0166679040483793
-0.1265742054960414
0.8184647451556487
0.20161015164658005
0.02093019756249756
1.155914840788575
0.7235377811298401
0.6898526884274337
-0.3450093321818568
-2.014900373835319
-1.4924809064210687
-0.09193969265814966
0.7453604386320741
-0.16900402476101797
-0.47637184986260084
-0.6016465660020675
0.25137507426510614
-0.06338445067973289
0.030318941540398936
-0.14844439611124588
0.001650555029354961
-0.07092248689324163
-0.7917940670147706
-0.03902269383040324
0.4141147291746524
-0.3109132638828901
-0.48804411840279843
-0.42264476674100027
0.33005530752094137
-0.9960012387704005
0.6387686832600509
1.4834965470092236
0.01363119735575652
0.18336111140847935
0.5172806703178459
1.2356608687708222
1.9881831763290394
1.6949866877419268
0.4634700696427462
0.5663005461501023
0.594926557468255
-0.8145166799049849
-0.5330012705408057
0.45092723137903634
-0.6902518327379726
0.5127438399342661
-0.3935970379144823
-0.2936382437737535
-0.1111644933634024
1.3138156783946915
0.13686582774403566
-0.6952260053963604
0.5871485455339005
0.3857042478833758
-0.42602936831501
-0.38624373310191806
-2.111613058506553
-1.2269676907583533
-0.7200128957787978
0.6147904463679588
0.40622913130926747
0.09067892119443904
0.48553082434528894
-0.803925319148721
-1.6125509277730175
-1.8962590806094726
-0.41581614890260443
-0.6318458094457782
-0.2674782710315546
-0.2689029300108441
-0.42509038555878964
-0.20559810725333047
-1.7900072085832874
-1.2936560024691106
-0.6486653002220665
-0.28090867172515793
0.05229188491038178
0.24348121932933187
-0.1892449521959116
0.19314786562115882
-1.7286396326943334
-0.816503774309206
0.23601156323065012
0.542182150191663
-1.8773020934417015
-0.37170063293155586
0.038871375361161795
-0.03527118963964415
0.12686986464259523
-1.381176613399502
-0.7573514434845013
-0.3888373601018628
-0.31601468655527715
-0.4089899813503579
0.4053120994796657
0.25124809972118683
-0.3183347581262069
1.272348907914331
0.05421224501402032
0.3703452665981652
1.073235839995351
-0.2765805227379447
-0.3158286958888162
0.9084305381672804
0.32893756257413326
0.18992398511309447
-0.37532889421059884
-0.961218918846389
0.0004255544237894704
-0.03106678869552587
-0.06264350057549674
-1.018002136166873
-0.5168034008944647
-1.2294184418221406
-1.178111813391701
-0.8613853323273524
-0.9066779716965441
-0.9506647935720988
-0.0524018712247615
0.5215419505247114
-0.9144361873017056
0.39581969792219723
0.7840225495419355
2.2606760118172056
0.602862892404037
1.267083232348926
0.30477508357130967
-0.8512329048744963
-1.9229937716992944
-1.0857301516024331
0.06811915781667498
0.4900255877210932
-0.39173781696915894
-0.8903838168458749
-0.15791274958747947
0.008031014373054382
-0.9838182229225667
-0.7326820053257087
0.5296538514492739
-0.7588644403284123
-1.1342622670516709
-1.449746857587172
-0.04728936678172541
-1.4118617311060555
-0.2003865448634029
0.004503031253344669
-0.33444244495918807
-0.7657171789821975
1.3082243594529392
2.3244415228264064
1.585058652263327
-0.5567959241998065
-1.024019499307717
-0.5617052428549579
-1.1322530200678442
-0.3571059788128387
-1.1500976457489964
-0.2509310485744449
-0.09899694700050879
-0.6830109237008701
0.1050267132367291
-0.4314615170542819
-1.2066418432125614
-1.0712988539256765
-1.3924239388596569
-1.6946609593647468
-1.7779436946860419
-1.8446977547259156
-2.504335931016232
-1.2709296047142424
-0.36153315964964644
-0.08057756413153029
1.6968753141475112
0.7507036879282359
-0.4311726652956078
-0.8959673335704447
0.32881177062488964
0.2290404174658236
-0.9765293286792373
-0.2248102857315278
0.712036901190126
0.9728702179301877
-0.48552797237046486
-0.17393269148886453
-0.7652808953691779
-1.0289731453207693
-0.6115296532889622
-1.5485870232414802
-1.025396836520942
-1.2507385191828337
0.325675081447924
-1.5171535944312873
-1.4928247315765806
-0.09888121526209598
0.4917944052248124
0.13166866319231726
-1.3156456850451066
-2.079190181667317
-1.253203135740926
-0.5874943011145611
-1.1515918168517738
-0.9943202303336787
-1.6904568002920615
-0.4178868868649428
0.1565770353788192
1.1784448041945779
0.7576583225170154
0.7869903517430561
-0.5716812348642999
0.22471113183514385
1.577085837780379
1.7090418844950108
1.5864939896258812
1.4143112491810659
1.5522592174793588
-0.5168448192611343
1.0715991582033522
1.1668996795035593
2.8916973162155695
3.3099631608622446
3.0566899551957905
1.7877511765774896
1.0800478628456252
-1.6165098747329847
0.12715798550750712
-1.9543759651119064
0.14861136867792518
-0.36334096893613854
-0.3749157330212665
-0.08248945672142599
-1.1603557048938948
-0.9642955917396854
0.10768331780140912
-0.8126594890105918
-0.25986222054682157
-1.8252150637193354
-1.6535067190406951
0.2023202260194724
-1.1064493919375056
-0.39628759987380596
0.10322692822667645
-0.06763981992340935
-0.631376010490327
0.009272850910953534
-1.9538857981179083
-1.3420040053134321
0.49202260231850375
0.6165131494545957
1.5446038417187047
-1.4231099385874064
-1.093112566955067
-0.0868553133755815
0.6161356985346034
0.9124013834718507
2.903866674113501
0.6104409245339266
-0.3855661152980951
-0.7915452127211365
-2.1326419986931966
0.2243047044947696
0.8597357900714806
-0.6848869065899709
-0.9602313783702234
-0.5783750599219116
-0.7819640723734234
-0.24659296712486523
-0.32671287160002926
-0.9650713876012087
-0.7073073929314013
-1.719760527088914
-0.9648252830724569
-0.04905702580596626
-0.4874440160205708
-0.8197693521395989
-0.045979939073521325
-0.18315043346479842
-0.9830701075122403
-1.7178274188684401
-0.7275632731688066
-0.8386307417620431
-1.2059320365312556
0.36304300999003225
1.2383459314405456
1.0347808540079904
-0.2104719180170333
-0.7517107129686496
0.40944607669103633
-0.8001151260088569
-0.7420778062740555
-0.9392966042093849
-1.6341292133562788
-1.7386858650575308
0.08807307264246987
-0.202458316514655
-0.3181879275030818
0.4128608380537813
1.1141815553039331
1.3725427551081093
0.5779622773932923
0.9476404960771279
1.7359359794029208
1.9374312097310646
2.4059624425449746
1.4425330359159425
1.1892176339903742
-0.17025748144024405
-0.9706111088193847
0.5572362387644891
0.19734271737340076
1.0707897334956553
1.4998508303296845
-0.9633057845533641
-0.6139141110198851
-0.5265229039149792
-0.7830343181006011
0.22302296448475054
-0.5854079421930334
-1.0078127145908076
-1.2437265224963576
-0.8838708271684232
-0.9780974772844476
-0.9798539128931568
-1.466782251433637
0.5614119124207957
1.56776295132653
1.777793629871602
1.6022570598984411
0.2260832423622265
-0.5510125913181447
-0.7696913534561852
-1.7238051781967314
-0.949427528359669
-0.9036367488976838
-1.2315910924655502
-0.5881935212906673
-0.04740007767824844
-0.6846819088909588
-0.1854675742654075
0.14952442256674942
0.05133468703171326
0.6574926991896339
1.1835507528457798
0.8280061500324466
0.8155867466768046
-0.27217534143380356
-0.5123479784618403
-0.7647147078082932
0.9740314616289785
0.7166059598142586
0.39544727864263474
0.9573667955250966
-0.8016116452832188
-0.37054156671780414
-2.0836912378455925
-2.239178469056153
-1.6834964225251046
0.42045632318313386
0.19204233172806873
-0.045492481730665724
-1.0575438994682285
-0.042361527932109316
-1.3090566207528973
-1.9401763900338094
-0.6781876901817335
-0.5891072534310251
-0.06893116848400656
-1.1809616187949197
0.27131334276981955
-0.4467122628358948
-0.7555922401122215
-0.509853747178823
0.12050327146152062
-0.15963839520640358
0.4973279883594445
0.10050076886525701
-0.8914474228512981
-0.19053262681020536
0.4638719945907858
0.2767837414889202
-1.3469980964267196
-1.2807390120434976
-0.013456224442259704
1.6454035205480306
1.2717110848168525
0.727670097658651
2.4127012608685376
1.4871762539037965
0.011172430073191266
0.30442168608264064
0.013401621718992132
0.3445995196264638
2.338835909845953
2.6557816729168433
3.120891213489685
2.2117764941372084
2.7959703646587397
1.6341364110973053
0.9752186287319319
0.3664830903055151
0.47577562640985466
0.7190267813474933
1.4551055474591963
0.8803837771241714
0.6251421642382201
0.658484694753481
1.2289480230836518
0.3495073752118017
0.057461329978057994
0.3707158981078086
-1.43205008860738
-0.2527171406619113
0.1357439051470555
-1.1100524331548474
-0.306285725355237
-0.8928964341999797
1.299523722367737
1.0502767361897727
1.0432649331830752
0.26981455009890193
-0.9992719210650587
-1.2004320746073505
-1.495789041826593
-0.4700757786414703
0.060547459700687756
0.47222551092888554
-0.5920691302842346
-1.5812372555128307
-1.888970439968265
0.25243400991581755
-0.2616126821968111
0.2990243785383639
-0.03387773056282251
-0.9516938067371736
0.3948255400372134
-1.0253618248611838
-0.6281483539689319
-0.2999014752246635
-1.154056377939494
-0.9895777682605802
-1.2473974542292094
-0.4792266571959929
-1.5658061461063255
-0.6878844672079217
-0.46049515708920874
-0.8504092890958099
-2.7706116789738724
0.15869275880974637
0.24690130226109927
1.8417096683586052
1.630707745760145
0.8382693805783374
1.5849918693514076
1.9040174204862714
1.6611127774621046
2.2743868182099742
0.9321772051764285
1.791691541654851
0.766232014543021
0.5073623164600547
-1.023019262507085
-1.1262589259246722
-0.12491958372939713
0.7516112409509337
-1.01550616263296
-0.6579786461033998
0.6954824397465675
1.850540355568071
2.8398039104845467
3.074168240407522
1.4309787819744753
0.39786409887204505
0.5160942842023224
-0.029066227201101733
1.216427469585178
1.5998197169993622
1.7661668263765193
0.7861140994838208
-0.6048944275881923
-0.44136197180270137
-1.1477861447979605
-0.17416362729725368
0.6234932925324559
1.022273355189977
-0.14613645612293355
-0.5788675815740826
-0.7725088548814352
-0.6521308017489788
0.128417363699132
-0.8641578280012561
-0.2826590137901906
-0.5780062855586818
0.11013221420297177
1.264971995411591
1.6318069281592416
0.38412384507394914
0.6355886983208616
0.26749130988160996
-0.7994857687256152
-0.0891672606599675
0.11366836952361002
0.1902959700123356
-1.118263795652474
-1.5034379132539784
-1.377174414128523
-0.03369257305097015
-0.9543554435858883
-0.6495447263955387
-1.321140417931507
-0.15289568006379195
-0.7273949336951755
-0.00207317535516742
-0.27196112364873626
-1.0586321504862248
0.04286922484815646
0.07990081176083849
-0.0747286682888693
0.3034075684701425
0.2880789405457473
0.3469414327282225
-0.8456185550452399
1.4504880380412175
1.2150196726960854
0.6473309643930957
-0.9214972465714553
-0.6711924685342334
0.25030376499579243
-0.04434309556203623
-1.2464743587233502
-2.5311579919398706
-1.88231311819321
-1.1388161351447836
-1.429758767821433
-1.1309348683947353
-1.679322676142617
-1.5525418948670415
-1.3075920766171063
-1.0981101212774584
-1.0190481651564685
-0.4694477597029742
-0.34753858560654743
-0.034465464497148074
-1.19212047052865
-1.222791527429781
-1.2965272613476868
-1.025204871896371
-0.8331608716606149
1.0206446490869134
0.8657371017208885
-0.06121649960325981
-0.16661212206961584
-0.5691589289657049
-0.6430511025800338
-0.051079753918724484
-0.752161020560036
-0.001692517649120262
-0.7377112238988954
-0.28951871410765917
1.0189010302607184
-0.10289782007476975
0.2357541279284303
-0.6160015983680281
-0.5847674426019668
-0.6578727181621734
0.05798652714050209
0.3265992477704827
1.2791314974123231
2.156062171198732
1.121316169777059
0.6609994530133578
0.22433558537889514
-0.06720227363126308
0.22158185081928194
0.2740993475199427
1.5056920037430341
2.839010270951062
0.8121986581814764
2.157463413882994
2.518315765273695
1.3057238107303382
1.5524485551066536
-0.00765486288133424
-0.1105537277402653
0.4139647166646977
0.8895443568556651
0.695988985055805
-0.4793661701997656
-0.7826308986698643
-0.9356577523008056
-0.9236694465010056
-0.5837040312405957
-0.23086084698078319
-0.2972479677317229
-0.42571276263688085
0.7267209147558309
0.8389011920242492
1.0869865976563902
1.2400724046757146
1.8024618993121675
1.0852420602327468
-1.1234823676468568
-0.5366335868439783
0.7067383455785882
0.5279775323493797
0.7990505034013328
1.2675886714524949
1.7136340606241571
0.36029797697921423
0.51966034916229
0.03342814817719941
-0.20616954556496264
-0.1416001869584879
0.28155081816485866
-1.0212692771445029
-0.5655681261653268
0.22955898985222478
1.591773527067803
0.9925997898482756
0.4893660702766377
0.5797933878747846
0.31422399325634104
0.7642450313580461
0.7930446445218946
1.4980934265090051
1.3275158931906514
0.7717720850649479
1.4089345875350818
0.003353457730575965
0.3011718111553026
1.6446535019540822
2.8550362886052767
2.52200413043429
3.092432510188799
0.47641794301394974
1.2517371957144152
-0.3852883725882463
-0.5039771817203881
1.179536077067463
-0.16294485636918182
0.12719913732346505
0.7345038183037276
1.4906961318961192
1.5686628882404803
0.8834528390710062
1.2025069813080573
1.4293785499468186
1.1551594464857398
0.24745076393440668
-0.7286565542046091
-0.1995233333177067
0.5533154300538576
0.6643568008133286
-0.4604000344262157
-1.1690178032887242
-3.177974628841263
-2.8446180068350118
-1.5747545114416512
-1.9409905845992013
-1.536157884524722
-0.3831143878963649
-1.1447344414529503
-0.13156161511900535
0.6894823703583969
0.2079729444066788
0.6216683074092675
-0.8449172870950588
-0.3623874859466489
-0.43095980701518444
0.12641322811872033
0.6491857794553868
0.4367063672225878
1.1016500911603215
0.8849717924238419
1.7606456932653898
3.4615028127114438
2.971125349237934
2.8939978472727264
1.9869238407326981
1.345176193503593
1.51017817012977
0.7934533751484312
-0.8094627948869454
0.5285874300531784
0.2513658750160853
-0.45829571462103597
-1.0092661366127087
-2.3283149711046986
-1.752394933892201
-1.228943144106514
-0.9245038603917322
-0.181017033864804
-0.7441712497081315
-0.6901693649390048
-0.22592776435714101
-0.9095604652960374
-0.016097916225802922
0.30751453290243974
0.3905227840154059
1.4407757032701685
0.5043119404570303
0.18469715622678903
0.7776232295474688
1.189115931105698
1.29626449470507
0.3640688511486113
-0.24457408027603023
-0.6060357248314148
-1.0478660593306413
0.36860022278760907
2.100677481641785
1.4756371683863665
1.3202986347468157
0.7376670909188926
0.36214826025504776
1.5191617814854752
0.10714309856220261
1.45424650987147
1.378759477675771
0.045979567187374115
0.04807107821544959
-0.9927238228761259
-0.980877629105728
-1.2300009873347875
-0.7939553000107026
-1.2650072748077839
0.5936118111077557
1.326532888402484
-0.0394072399476858
-0.960259072195768
-0.5076517243789023
-0.016003868575545623
0.4655569600538224
0.276756769968925
0.9373448533447717
0.31676660467037926
1.0351970039094043
0.099389936113539
-0.011046867362250995
-1.577221424709486
-1.3399920934878877
-0.6620099507255528
-0.6174008989941009
-0.728603060923736
0.4084986735771431
1.9435833484831793
1.4297046387351648
0.9641023786872227
0.4822038403579548
2.0287207380079435
1.2534493838997804
0.35250599857816023
1.2590628853618793
1.7057515953352549
-0.06555498217191762
-0.2338657089118231
1.6506475478769191
1.2673841821910787
1.2727952769852837
0.6277412158349291
0.5334339667388239
-0.053986079687481446
1.05973222553142
-0.08834280415386633
0.8494077380364462
-0.4479829290895892
-0.023578785210915165
0.5390480194218398
-0.7666419408887896
-0.3608641645474373
-0.02918045766489178
0.6565679328136402
0.9537303090481788
0.4492856620224359
0.4958161897761361
0.47560711946494855
1.3830359361717666
2.420338578640469
2.3945524898054287
0.8104663269006035
1.1530087811387495
0.7301105049739566
-0.04070476085342048
1.2775618849310832
0.23768794622675668
0.3516510777896544
-0.9434205554744712
-1.3435508861618208
-1.853799502673438
-0.7374121432661195
1.0641049966855736
0.16874034585424946
-1.584886678114816
-1.158515091332509
0.3243980062490938
-0.07521333817893197
-1.591892363154411
-1.211180532889368
-1.0684194204531934
-2.443517392375754
-0.23003450695887923
0.4158112675282005
0.6353767170452799
2.263987070491753
1.6246969884686056
0.6447181745415135
0.6368682590901932
-0.1356916357907889
-0.12220435656823236
-1.0336162232562425
-1.4101987901668722
-0.8761171059975362
-0.6150483866822194
0.6858471266014973
2.300337625477873
1.4299541071268875
-0.6683107247789013
0.05569557570949577
0.3951803581262657
1.1851896846611125
0.12144797885685565
-0.38592299810400627
-1.3802532864475874
-1.1062449961185274
-0.6912958696329066
-0.8062964756654255
-0.83607639005823
-1.0439564300768003
-0.9018939561738992
-1.8202779282982684
-1.4370017294928485
-0.9546334000969974
-0.8937940436765123
-0.060595895663995716
-0.07137007467603601
-0.09344086785528888
1.5513574416669822
0.9687591732181938
1.0985406598052236
2.4531184295815236
0.205364526199642
0.16667453868304555
-1.1484619478739586
-0.07608518264950545
-0.7808725452409444
-0.2895813501350458
-0.24735258993686587
1.4854742676149897
1.185191220296298
-0.05594568508477271
1.287647404456419
0.9076384135494542
-1.157552709996231
0.630856511070973
1.7634345567322431
0.9048435694449984
0.7005422327580358
1.6588261167309868
1.0089000566486952
-0.27042827992361773
-1.9644998141319572
-1.7829652591738911
-0.43883299056004055
-0.1434933266712838
-0.09992393573124615
1.454937982720407
-0.4337515071192089
-0.8698876495059965
-0.8371947670767027
-1.097107736196607
-0.8873390423428926
-1.2996928892294337
-0.8785878834435301
-0.6621422464157176
-0.5338065372364239
-0.0689125822478448
-0.021893048295776152
-0.29341042014059204
-0.7150559508588822
-0.34572856638998484
0.18239541341524554
-0.7079725260976167
0.7067223721776903
0.32635576987067133
1.2192907865790492
-0.4713310101514048
-0.3366365937397927
-0.5680072658584884
0.0032745392169057363
-0.4946306454929604
-0.2573815128082661
1.0484227701573103
1.7707519633289985
0.8552312689796673
-0.33898974512698565
1.072485805022594
0.6809813529393088
0.8095902081888849
-1.2886785455677212
-0.5893785331000236
-0.5625444117290836
-0.1821761312372332
0.4810043684455581
-0.5115279901740856
-1.4169269613162943
-0.8382940553323651
-0.06695215903375556
0.3400618291413889
0.6471406016120091
1.6072112732519044
-0.19370890500614404
0.8039299735877433
0.42228444656938047
-0.8414565860073562
0.13820685160742263
0.9297000049476823
0.594809551458204
1.1614398854276027
1.7845417867784952
1.7874324905806052
1.2009273188273786
1.4904385795452386
0.11926823398556276
-0.3233768644616895
0.36776400143666216
-0.37049143089867775
0.6436049146638017
-0.30491172857498733
-0.9464836005069366
-0.047073653436112535
0.7951824026264873
0.5338778372265824
0.13574182097939044
1.394157416267029
0.21801872227792565
0.06109025165431625
0.042020609978622586
1.296137387191675
1.1214658301531397
-0.5333316140422766
0.04702295396234223
-0.6535959967759435
0.7119577500652613
-0.9864854801718573
-0.7394041903296455
0.37099412049420144
0.08542612814149558
-1.1027610527786265
-0.38224843973925193
0.27372822748320325
0.12889552160536852
-0.8121757472798183
-0.16837278311511844
-0.15736936209317962
-1.1361494930615346
-0.7545658474826551
-0.9590488528587023
-1.859639505056615
-1.9044236433630408
-0.442616171660132
0.1901234396605705
-0.7452267708359095
-0.06202442133555654
0.7905321219783705
0.5456612528605445
-0.4184051738096029
0.12162298188490032
-0.34584779092100815
-1.1486106491962051
0.4712618834027393
-0.34215583388964876
0.007833579364390893
0.24038693320933638
1.084353855980843
1.0764047195971727
-0.6493555985433663
-0.8468801061326253
-0.5039357987408392
-0.3146903386065779
-0.246492751488929
0.6513922986676185
-1.1755078728271755
0.7229526925855895
-0.0632381865148751
-1.3973074268770764
-1.5014464579208522
-0.2473078320010526
-0.7519134689888629
-1.517229949436827
-0.24375076117672562
-0.8384133570328335
0.33537528927691906
0.07604474382486709
0.12657031982216804
-0.42544022066901793
-1.275921438304495
0.03307603359600386
0.5681235320971166
0.2675644773743064
-0.1614019894109056
0.5644391701457366
-0.24233300344561937
-0.016973438955178763
0.9589596392425808
1.364728617304405
-0.7617851781570848
0.23410814648414968
0.13277668499391337
-0.9170400230702309
-0.8640115665481433
-0.08250245792565694
0.13385340270597199
0.06347902385321978
0.5257953223911281
-1.139687680925842
-0.6470924978990207
0.26429766081478623
-0.9830290114158968
1.4189748634016013
0.512799281423486
0.6338613695532009
1.7244690211405709
0.8957350435821319
1.521238764694
1.2551082242419997
1.0746764869526166
-0.21627184321642828
-0.6279728661402231
-1.2114513054754978
-1.0126230709885025
-1.565196898173389
-2.0415577001206673
-1.4179812758869177
-1.8546985120889194
-1.6136446559959225
-1.3857069138111988
-0.7864393621998553
-1.3306314976157179
-0.18321802427199768
-0.8133853453667057
-2.9187759657711
-1.0724657098548067
-1.678378873974636
0.3891878688905798
-1.0707592762076112
0.20539578828677824
-0.26137191564449525
-0.44433959400442935
-0.24051299523638064
-0.24235898072376533
-1.0224468476224702
-0.8841064141373275
-1.5861499888492872
-1.1348006861142148
-1.7417201516360359
-0.12988894483920868
0.274248855558851
-0.13230688063915147
0.4015411805744544
-0.27835772754898463
0.5947902342708996
1.0878234465481806
1.1313705498724604
-0.4403225979055502
-0.2288324054062678
0.5882382530912219
1.1316513061912532
-0.25567110694938233
-0.6535657969614125
0.18790919280471596
0.36817258231663674
-0.6575225400745359
-0.8525798450729429
-0.82850150835428
-1.0936429041551725
0.15872593365866028
-0.2551180726529343
0.585820265109688
0.06533307214689232
-0.5590892853317275
-0.9302754451424817
-1.6100281348788406
-1.9589928452882026
-0.32202482353165507
-0.22708041475485471
0.884102774843404
1.1712589271211722
1.1964948660178973
0.955287350828136
1.5097445245489636
0.9378316139059989
-1.356149120516739
-1.3862033830832297
-1.6564921085954356
-0.6956824805220742
-0.23900301076265948
-0.6158936009703968
0.19571015879611103
0.4275897976950821
1.0197846526282281
-0.7993156902993139
-1.079135032330507
-0.6809194050295339
-0.05606069104489064
0.12259851223175129
0.8746058781127244
-0.2709891673622514
0.04404167156191617
0.21318871772222137
-0.4036899583317888
0.05581359126564468
0.7342492944477301
1.6911179585417604
1.450137017124263
1.5265648577879567
-0.9250202982770217
0.005931639617030721
0.3462663589777505
1.29658450950693
-0.09745027081821313
0.904620545288567
0.49714085137166925
0.6890919993252312
0.22514667970797891
0.534577327104053
0.955273495191646
1.7401311184849892
0.7161275345008439
0.8897614198935122
0.9199897488671352
0.07211095470943168
-0.47550428635866837
-1.0796162535057718
-0.3415086396522804
0.29392658080320044
-0.08989759416470836
0.19988294831841474
-0.7928301197121806
-0.005083829745698987
-1.0160671655822453
-1.0987748359267506
-1.7487467855190202
-0.6533765052390531
0.578968115909177
1.349369321096552
0.6095897159824688
0.6606223889323464
0.2635708748908543
0.2594639448281639
0.2256795364952685
1.3340215679885583
1.64142852355873
1.4639946337161214
0.6145626578701835
0.17046114731942838
-0.6848227442379833
0.7812777839393076
1.1133442337239727
0.21982931019695506
1.1932124406657956
1.4107254469168102
0.48843154464182104
-0.8920838583446826
-2.3345644644898202
-1.1555239649512044
-1.8429308223405936
0.4755536987049601
0.7486540461205874
-0.7836455552522777
-0.01014553077405056
0.20362399545843304
-0.7923661905080913
-1.0096222139446351
-1.2090600870086057
-0.9360314621806853
1.2148388092671665
0.4873764054421256
0.07260935557656624
-0.48098897562457554
-0.2675827118389029
0.38408254980289125
1.8760660800044167
-0.028076628479194593
-0.6612599718770206
-1.1165656957237815
-0.5038809842349327
-1.7935614070804142
-0.3765045106524897
0.2265534733988246
-0.6857362720322027
0.9534362965286057
-0.02666957517945892
1.3481219426657982
1.5805601856745517
0.1962390545370541
-0.44396714188870456
-1.4002044395765498
-0.3124207702220647
-0.6754088113587616
-0.27286249421464076
0.12969966527334034
-1.0270788255311551
-1.4180001183876616
-1.9218225570856124
-1.8731717673918327
0.35917142493807946
0.8821606801575804
1.5136756086409209
1.2103281071870442
0.021288107933952638
-0.606402398330521
-0.8992822250388393
-0.6830275779111936
-1.1029979152472982
-0.6219766196292915
0.5102831353522159
-0.5216089496310994
-0.8926427520011339
-1.0451354862657554
0.39482255252706344
0.5703742918373985
0.6952530195473114
-1.6758105638419554
-1.021812124873805
-0.6130514480726293
0.19742863200440636
-0.17560798473012426
-1.208721624989234
-1.112582738697257
-1.6613907260834835
-0.565560001306327
-1.4076948873743582
-0.5598100809505251
-0.6836687048195355
-0.677502906475584
-0.017881088453731014
-0.1188536016139069
0.11311279904124463
0.44748605030662897
0.5862354067986156
0.3141550248473971
1.8518561373951072
2.225325524758613
1.6682761949340876
1.0250596982449713
0.4748704078506681
-0.2979594043185995
-1.21421503913446
0.31102172097942027
-0.7930594193155378
-1.390030185770495
-0.9260612327011531
-0.21474176519905516
-0.4689358477144083
0.2716593615740604
-0.2870949501185685
-0.6990246395153423
-0.6649416684412256
-0.5577928915513959
-1.0111894339195286
-1.4590478352303848
0.6604454501507144
-0.7041345882311965
-1.1184693548649425
-1.3039317850583392
-0.8398425800682947
-0.18891473294150374
1.5511922077857234
2.569701793758305
1.6396505939021657
0.11137041708686476
-0.487162244424444
-0.7730958534765927
-0.8748044855077973
-2.9511626710132663
-2.189584110296469
-2.1483570271941437
-1.3709300434318372
-0.5860724859135698
-0.6946548325599219
-0.2586002006487765
0.5708592681448221
0.9751623574722236
0.29517924626347036
-0.5045052672874037
-0.9069262448313773
-0.8023291844626432
-0.6357511490452393
-1.3534759839496944
-1.1604785539702773
-0.6818916288119006
-0.14856716440197687
1.8632322651461666
1.154512341945927
-0.9396637280872167
-0.48927088465074664
-1.0499951198471096
-0.1508387679979094
-0.21880629025285223
-0.8009072828438448
0.20879122623150237
-1.5247267641408144
-0.03314404800701501
0.15846632223120138
-0.3154842533574633
-1.1712412011969942
-0.8813180210938221
-1.1183588575821184
0.3997891773964222
0.44733821900689386
0.5401403245214399
-0.09677128966803947
0.023218553369990957
-0.015881887795743677
-0.2871142955487702
0.6229526672239525
1.4414544049820068
-0.29876018562766726
-0.9479907689445027
-0.5344905536924769
-0.47566922546687557
0.570931654158458
-0.33060178751536357
-1.1735563882109137
-1.0926306047374093
-0.9553617975932773
-1.7082996976004436
-2.027054371245537
-0.5821537386977864
0.7040329044783442
0.724015511978747
-1.0027179052297304
0.6474929719945157
-0.30094372672580355
-2.1776681145933545
-2.6538027529315587
-1.3535959367237795
-0.36651911627651185
-0.5060050024909785
-0.9061240474070982
-0.4324793168421731
-0.026158137459410702
-0.846920780158336
-0.2954947169911215
-0.39761480756416157
-0.5167678889728705
-1.249617274546302
-0.7892504252295389
-0.7423117019402008
-0.6184554124359233
-0.678108251278868
0.34311599181500274
-0.5832329013242802
-0.11768205352603726
-0.09055672180280679
0.11915600583540188
-0.8900089823293906
-1.2938722047716429
-2.4695992429385605
-1.0404512751468427
-1.0808198831362588
-0.33111774877842626
1.279156114953109
1.733037321939369
0.6129589596490352
1.1471635501511726
-0.7850953258385585
0.3639798421875135
-0.7026658651576108
-1.1059329981385893
-0.11935884930884122
-0.9633772657163542
-0.06413692108273977
0.8916272286026403
0.8865145557422494
1.4636239137949816
-0.3529735044442468
-0.5593855798737286
-0.22655763179202093
-0.6721530433872456
-1.076318412726003
0.6989108601192077
0.4768697436801118
-0.854572779309147
-0.23308677750171455
-0.7556076844499496
0.8513769024626026
1.2826310498641509
1.115586362192235
0.7983900639805852
-0.5135360633705308
-0.20483497843099865
0.5579656734605694
-1.766968659564153
-2.251875317225238
-0.5918966292658958
-0.17373270271968186
1.257481129260395
-0.5348518775444272
-0.505291238673681
0.6190804078936392
-0.29550094541883254
-0.7869737664981151
-0.9468542719704005
0.4758411728280772
0.8992984960067825
0.24149189403481006
0.7209289557476399
-0.6845976181319505
-1.463247775745388
-1.356078720720191
-0.9015161301138108
0.2309518070018819
1.0225024766242898
0.37625413034719096
1.0825384505433984
0.15650331893811548
0.024028793330504006
-0.6646395307188044
0.08320904819950373
0.36996388486559906
1.109046965755633
1.5549059464709623
1.3272013889253054
0.8546518500581597
0.5299810642318021
-0.1893967776070341
-0.6827031757643742
-0.888047651124204
-1.1223129832650147
-0.7633205972588253
0.5946969177794803
0.8241166056454177
1.1501194621334045
-0.14446654528880318
0.156297183800566
-0.08315003261808772
0.6959618434135231
0.2574885411336804
0.22184104439154437
-1.0005913195703138
-1.6122309122825398
-1.24388076992013
-0.017944545410307794
-0.2900709101932688
0.38970729421291334
0.9659981784225299
1.1788016570679263
0.6928985554301055
0.3349753880877159
0.15896036004859448
0.21162671850315135
-0.693569439428287
-0.8544759715088299
-1.2746030386191267
-1.144543184263859
-0.8881987850977212
-0.01597733594105867
-0.09501680224928849
-1.456306029403247
1.1623664773317117
2.132628539246834
1.4588134497019967
0.017582839525175892
-0.6707214768704726
-0.60326163193296
0.1021712709063082
-0.48287585092956686
-0.7634419844783198
-0.5412166635724065
0.3281945360947684
0.19589198453987694
-0.3050529553119279
-0.8928986362452886
-0.011052852377215594
0.07651977101951866
1.2118047094050322
1.2048223735023629
0.7674629038078564
-0.7940113398530988
-2.0986713424572305
-1.1423876782686015
-0.7284568682692925
-0.12543181025598543
0.8215373767960858
0.4335463592133658
-1.1164919373015574
-0.25138614725956326
-0.5863480939654069
-0.29801758056122507
-0.5825193289530174
0.7015831970546766
-0.26101403896567543
0.5248830232201127
0.30081202692635034
-0.5391763098989859
-0.7400204109823587
0.10842327053280879
-0.623599330775627
-0.007393361803409777
0.49430439258184955
0.5622025668342291
0.6861833684093477
1.1010588440913718
1.388169156802919
0.8838316303735789
0.5954740973625823
0.3851125138021639
0.21340597420711016
0.2883434266839897
-1.190918149380539
-0.549221823687085
0.3701339057440274
-0.7995919095921677
0.5665313448000909
-0.12031081566481762
0.4882221815469937
0.23917566016995026
-0.7384824807695594
1.049823453956981
0.32929432324686536
0.1629709794771321
-0.8997296962715206
-1.6848644166301021
-0.37768735332156744
-1.3486924181366406
-1.3527138840821509
-0.8637612399698887
-0.5453555392531175
-0.0908564608338441
-0.9154309045281659
-1.403973423142475
-1.507043196855346
-1.3724410426374678
-1.2140240436307024
-1.1254689591351683
-0.35688641260599646
0.221530079229123
0.7294822827613143
-0.26526640397748036
-1.0674600541567194
-1.5271317956408863
-1.6208960211050614
-2.0837115595968365
-1.6165861835801045
-1.6821757265717974
-0.22470840712047324
0.611584488242217
-0.3610487983373889
-1.0877024986776902
-1.2939488381071669
-2.4592502371075784
-2.0010431606053936
-0.5895684608292633
-1.1423298436805995
0.6513546746110686
1.3718898204067276
0.5537232765501996
0.22616819466954
-0.36619573344513956
0.3722462406300219
-0.19746040871100196
-0.4506976432580775
0.6338365490067241
0.8115164349266679
2.041438963350196
1.661788851713779
1.5411458195594225
0.115164291080887
0.33473878975491744
0.558196257619734
-1.3639024642382551
-0.2600711319636367
0.0882678163902513
1.4682523733322035
0.42501862288856473
0.7199513692432289
0.03415048514631086
-1.3005576040164477
-1.0116335030988115
-0.027033322699165065
0.36869543136426147
0.7521477663493878
-1.4044479154342584
-1.4766813235438014
-1.893763772797383
-1.3194538115236913
0.30063535368976874
0.011014735225463031
1.336418414120047
1.6856546930957634
1.6175170086349064
1.3731314850735503
2.577889506946897
2.710701291927455
2.193324080976674
1.1491619076322677
0.5814192014978818
0.6675347458039987
1.0681395347850786
1.0672829809935174
0.5189448352815879
1.956854066184054
-0.43031384697496583
0.43246652235571315
0.5414620380319478
0.13227336198821088
-1.6211705956008233
-1.3694300525665886
-1.4787422493684892
-0.7368755100438155
-0.7365881299600437
-0.3943959895776226
-0.5012283629482019
-0.6004279437022646
0.9941933558800332
0.15658561497058884
-0.6687751334096893
-0.5210351259843357
0.20530682618820717
-0.8542681975474659
-0.576325725332316
-1.179430836297392
-1.2011490555926778
-0.4680892536953546
-0.9144749352226756
-1.646366509415792
-0.8951936849993053
0.9667255097993477
0.24329133534388792
1.0535079673026042
-0.08879813745574708
-0.8895147514726767
0.5320514174355311
1.413976305158278
2.0274669932494858
1.0452160935656944
-0.5726638177046348
0.11573380648732493
-0.18818312628595307
0.1982689235255703
1.051471011042849
1.9965135324602306
0.9693683988200351
1.8143370305903108
0.5023223718497987
0.030574245979604397
-0.4176100404643185
0.3455700673477202
-0.6138699464314171
-0.4473007693123746
-0.31439494325685763
-1.1162698908969146
-0.936155426906568
-0.43141949230033455
0.02218008717222303
0.4513543096377162
-0.33551144702415603
0.4856998105328677
1.2551894404008812
1.2049964090609953
0.8019944706048077
1.0377403235496396
0.3780107132733898
2.1802891305923318
1.5115747738925547
0.9462084959431922
-0.2123524645062046
-0.6374578480732853
1.3484841140882013
1.4207537756325368
0.9249467611062983
0.6599645171634603
0.7165203054224139
0.04047846802421494
-0.5745168182113946
-0.8663264774241465
-0.008201540277977384
-0.21418732100302817
-0.5476732440655796
-0.3324880253344601
0.11980726113591733
0.5397329696548038
0.238435051762456
1.4066534361290737
0.7749635920866604
0.38685900194964495
-0.040862217510338104
-1.0166569393186773
0.5320399940234748
0.9896135564705416
1.3286273032391072
1.0767837872793051
-0.7666448862779194
0.5089134644220077
-0.14579639697568486
-0.328633208606481
0.3331753160912445
0.38643866868753446
-0.6871795613517921
-1.4219796966607388
-0.7073258762896302
0.8182390956839706
0.301833677107263
-0.23592627303223176
1.3322852813134352
2.527815212199776
-0.19668286163824222
1.1020506848740217
-0.21617616959448968
-0.057494075581538434
-0.0015684957441383235
0.49783398131544376
0.2896323433681839
0.2800454719100966
-0.3711356963907347
0.7590194476009254
0.5618501250626512
0.34107539036216195
-0.0959992418347888
-1.0247279994462883
-1.0449278737818595
0.0022142875554844177
0.3248419769894441
0.9918480184095944
0.538931212065304
0.6315435644056907
0.3450822026719119
0.20364276238049547
0.7602933296145981
0.7639724095907089
0.35887473224559874
0.1391518633692726
-0.4192450042999553
-0.38467716831117893
-0.7019227745837437
0.2885817436281155
0.563587852597433
1.0069071971136656
0.6879047363145167
0.5277997971941212
-0.6732204125424832
-0.9648214724655753
-0.6565101753479853
-0.7066886886848125
-1.2874393466117342
-0.1225332993325153
-1.4644733071241065
-0.3204413020714795
-0.16432065813766822
0.7826852886689469
-0.28386808102840205
0.0051183121977027846
2.865003642847803
1.2130424880734778
-0.35859436219873153
0.3162108127996116
0.17147592162413808
-1.061951857152521
-0.5574546663643518
-0.3498884351862019
-1.936643906149289
0.2750759815489497
-0.2068624712131773
-0.1268871124472685
-0.28340717787495173
-0.3017091481026283
-1.5650543563259822
-0.041545188120994364
-0.16895074052337433
0.4007855528855572
0.525980541054918
0.6962189432070378
-0.9358142044275212
0.28428284083674993
-0.14266853253914727
0.7700801294505961
0.30938016520645145
0.40096219119529297
0.13390056923071464
0.3089404894186575
-0.09856467491607487
-0.07176288050407638
-0.038888589595600154
-1.4489966115080029
-1.9294620232773108
-1.3927691465807956
0.6729006749382066
0.25867913128688086
-0.1197869179142702
-0.9779249127917704
-0.8047623963440126
-1.1219193469378337
-0.032978964978588265
0.41633325109785335
-1.1268979720328114
-0.4663654478974865
-1.267044407292193
-0.751155063127922
-0.939590069548997
-0.8388651540232097
0.053482971726053985
-0.17557890699965478
0.8891677246901173
-0.5881606252958385
-0.721021331290201
-0.21209855059033586
0.02325113391275982
0.4202604739207296
0.8737046725558593
0.4254623256223416
0.3486498531186308
0.8441665169816592
0.7536567177828029
-0.485652089434213
-0.12322488172323112
0.20503502590585682
0.7054306818984072
0.27816745397767484
0.7584133077586341
-0.4616327736116537
1.047282339068261
0.9124519032170791
0.8222409632216519
0.6636635139573469
1.0729145858123041
1.259708401554775
1.495892796054704
0.1315822244636003
1.150414005899671
-0.18524914460151942
-0.2907222323289107
-0.9580417142748205
-0.3820158109851679
-0.4489829013184973
-0.6568666106098533
-1.3632134219748258
-1.4634340616534305
-0.3070065508783903
0.27004079541942494
-0.017711277034131098
-0.12224491619109429
-1.3571870306728582
0.23219126042969013
0.1936604078919153
-0.43571751215096055
-0.5274382796190868
-0.6730275610101362
0.614130436883414
1.3403019578611048
1.5528701768173965
-0.012195909736384736
0.5226917865572784
0.34280127087883117
-0.05255235930528712
1.0733554720352718
1.9529135904547896
1.389082508002482
1.6976837931476805
2.8766394722451314
2.604885190561595
0.8541096435208358
1.4717087586422049
-0.24970770627225164
-0.23046587017484282
-0.009967321738856456
0.5380263751122032
-0.6428353660004553
-0.10658455696479463
0.3764912348467111
0.8820473392813533
1.9249352384803473
-0.9228346868545928
-0.13366275935055183
0.6228793505697664
0.5379797496772502
1.887531241195822
1.2089112476397113
1.2118724279286568
0.8164772228744799
0.009020493874914715
0.48098733060535637
0.014897045105148249
-1.819200972154618
-1.3713121138329667
-0.48998496240647743
0.05194573880991826
0.1936864441239659
-0.4138373561533134
0.08886178835066276
1.1577504717234224
1.094191697869194
0.07509649342224306
0.6347924636174567
-0.78302115702337
0.2357545045907672
0.46721041934090435
0.23790516094361067
0.042524290985587375
-1.9680320706114673
-1.4972953039177543
0.33244116326138773
-0.3951041382208374
-0.8520535962115329
-0.8835293553053587
0.4453239679571982
0.4232999489149254
1.3316602800049269
-0.11789517779035132
-1.3872756451287966
-2.129930889096011
-1.766143135360642
-1.0730173357767427
-1.0921129576453588
-0.7971720055780265
-1.689010172999495
-0.7879206198598776
-0.01351764414966583
0.031266689510531506
0.6491350714928986
-1.1394331137842246
-1.472220570766462
-0.42891339521896865
-1.1198672608479794
-1.0034907429664286
-0.96087309949284
-0.6262206873470653
-1.539165228784984
-1.3770009924136453
-1.064815036873255
-1.3051107302297376
-2.1709221408427197
-2.409584649090367
-1.485672899843214
-0.28106179292416184
-0.11739688924756665
0.5787164069710616
-0.10539781644452106
0.9042980362053092
0.8979337134600474
-0.3889029817927422
0.33260667391172005
0.8540120146062848
1.0046907705709835
-0.5694055187848984
-0.1825234065995744
-0.1541090094059565
1.5197917240061516
0.7355493272315138
0.1555267493481437
0.052134639603485515
-0.1628355640153132
-0.4941546929963236
1.464248283582122
0.7469170208496541
-0.14724166263485616
0.2125117191082513
0.8283116742662903
-0.6149141051787381
-1.4133689750047835
-0.03929971334043454
-0.3367988516498673
0.9458768755274023
2.298225394508074
0.9539485533537011
-1.376327298473761
-1.3911203305310123
-1.1582375237601918
0.6508050130893046
-0.22751753975745326
0.5325684874456117
0.11663446747276673
-0.5893767503007751
0.21669687273247598
-0.7457858189758675
-0.29234212807653714
0.5269821010483291
0.006830927391695996
-0.6193980149399748
0.2770239801515556
0.524838416014448
0.3699806209961339
-0.7180847492681913
-0.020739565390701993
-0.9396635789403915
0.8133773582805349
0.28141002706856627
1.6093641139630324
1.2599873808420654
-0.24247297324772132
-0.9567801937512861
2.006020320244029
1.3223619051058457
-0.07826580717142116
0.8030163155974922
-0.05876985624522689
-1.239006168989902
-1.349841488948511
-0.8547360513411028
-1.687557709885764
-1.4936824592888984
0.42550644996863346
0.5258554651040078
1.0923716087570567
-1.109127929499024
-0.6999405298117183
0.30855769717023934
1.6745918628657304
0.4228730390146948
-0.5151967499491532
0.3139042907673567
1.1282083801376763
0.8388762276414341
1.1540531533268212
-0.4311692104663779
0.8673764184355806
1.4920286070978876
1.0624252357323702
1.1890095483377194
-0.5412090298872382
-0.8996190743920842
-0.32503088697936894
-0.8104556523921934
-1.7333598545752722
-1.076425808072628
0.713632297665054
1.9344326647981729
2.9359574625350766
2.2759576935778756
1.8076086357462147
0.8495281092874387
0.4622187633161619
0.138075515911821
0.23861786245833516
-0.7074579500717774
-0.24025645390775632
0.1500344900518813
0.13068358757463244
0.548436259854839
-0.29147272597249063
-0.13562877922899233
-0.47608436807708643
-0.886406026201723
-1.0115768815154125
-0.4920151460613438
-0.591395079029664
-1.0037667095745586
-2.183463436879063
-1.627692036676271
-0.3195029950017414
-0.007466145458672718
0.18678075629467877
0.7411951807720922
-0.750344936985937
-0.759628160388446
-0.39545077080419255
-1.3444117707153829
-0.42504088907342064
-0.9418297361968702
-0.3706557078521952
-0.6955094307168289
1.1116826186523694
0.30859047417588265
-0.7489180310981298
0.3681154439041803
1.167935931936029
0.7991544519512332
-0.3608195497710591
1.6498736161722816
0.8528201662487772
0.0969495880778534
-0.34888304028878403
-0.8746787660796234
-1.484907201736181
-1.3251830444182913
-2.707919261250823
0.14224670897023012
-0.6587779129414301
0.14157537430054945
1.152169629720105
1.1047494336237513
0.3870600845949518
0.0870467297255661
2.589551294199046
1.9183170990193257
1.8537034741850529
0.23780565598964917
-0.8483177920543686
0.22353019920983808
0.695466016101463
0.4932760300591855
-0.1900202194612966
-0.40023312095467034
-0.3874265213894667
0.604522982623771
0.5953549271887686
-1.1178835570719727
-0.25646154171643565
-0.8426949827269651
-0.30152639098643397
0.29607350770439556
0.9157740704475461
0.41823314618558105
1.5422096586277634
1.4996342581452646
-0.24373605539048404
0.00863258881284762
0.07353814539854267
-0.2735021995817527
0.5891593075563293
-0.507710807261774
-1.658466984407107
-1.2897410145790713
-1.7561107615613536
-0.3919494434550489
-1.2487187902719539
0.4348465730119038
0.5326417062605168
0.9290505463234621
0.5854026673329147
1.4593324152508114
1.3494710254625089
2.206117092043783
2.628808143464972
3.5151539549908506
2.0910816982263016
1.9297232317525501
1.8585941054560093
0.19483651597319462
1.51444235609526
1.3335930039058732
1.5927287494090763
0.7253599707108184
0.26378550775407433
-0.16042194147385652
-1.0094103312989813
-1.1848396307340487
-1.2023429523489353
0.7216001244130509
1.5375228863739496
1.6223574996246426
3.073983329719697
3.088369824918449
1.3147243716776906
1.8985155870040238
0.7872589567042434
-0.03322455025793403
-0.49395206810128195
0.9381061149418789
0.833408410491335
0.673395379422719
0.25750835004660927
-0.4789963094967838
-0.2000160002649875
1.1103419129576695
0.04472396655922281
-0.28444703131277166
-0.3234398748057678
-0.7777465228516104
0.23099078860515865
0.4327398444785505
-0.8422766297917713
0.741054290597697
-1.4943834661900288
-1.1528461111570834
-2.740065171713707
-0.32371100767764016
0.9691162877908042
-0.3337621536527746
0.05078748130889697
-0.1401945897153141
-0.8338952868466045
-0.21358520858682467
-0.39396228645026
-0.3796184379878319
-0.021817314388206055
-0.3356462892400388
-0.393076097415761
2.482342257474204
0.8874169899693216
0.6463356001100462
0.5570072704072526
0.45878493304744106
-1.169878027350988
-0.326841159106508
0.07309471250414964
-0.20204923347041087
-0.7510251654105883
-1.0228514782770184
-0.2795130273744687
-0.10008345002729188
-0.5907237383220307
-0.45327345118334
-0.6405250801346143
-0.3999983662202343
-0.8904975724573316
-0.35373907216875533
0.7182400350857718
0.5870684010368776
1.3141553129181898
0.5034790777640796
0.553395282812218
0.0770322985786129
-0.21086630241269166
-0.6976839118494034
-2.0779181709356873
-2.2388680320102385
-0.7826701796232198
0.06529051544852038
-1.0301452003193838
-1.304054300999951
0.2447093090316137
0.5025387175068746
-0.8562905534709028
0.2253301485363809
0.44470420306352276
-0.028482003946243666
-0.9309513004902799
-1.870652455069398
-1.2333638111174199
-1.561070292658702
-0.1865375108863656
1.9961405891104402
0.1524055515729997
0.8738353945650004
0.8938566066953196
0.5131371546366436
0.5870469537773294
0.6801113760530285
0.46476546828758486
-0.9479424206997966
-0.17498121599276123
-0.27235562177506195
