0.0
0.16475754958749206
1.2569522053212978
1.144080698014756
-0.15500716815860424
1.4154892436266746
1.1931917888570156
2.5740306332536704
1.802432057066261
1.3180684526692494
2.7515297216482053
4.250124473541111
4.715829738714255
4.374255464020091
5.118439970486702
5.658997692836591
4.442247741755728
4.172938026536806
4.842860749086778
4.820768166379815
4.325901149394334
4.89175944849223
6.841243517492192
5.805007388736551
5.84088758092996
6.2087641320616855
5.019135191002683
4.614906619378719
3.53783984271102
1.6310685870592732
1.775398707166385
-0.558006805382007
-1.8759851102543992
0.6007575192795069
2.465042621915147
4.026538496045282
4.8778136397425875
5.3056324039664275
5.559391525423411
7.549811988463187
7.179599640134992
6.159031358783824
5.0346365246084765
5.404191353317424
5.797616488636701
5.243666386748312
5.349698339637291
5.113035115381765
5.504349762093367
4.984009665242426
4.373662324778335
3.5939066407368
4.542687330246891
3.221208391604373
3.718881528098223
3.8154987516533225
2.944918203953634
2.330447320583183
2.334473705518657
3.7950343040159304
2.3376599327406375
1.8505776181501308
0.8754867562754247
0.8550942645820748
1.1607067119227905
2.0469682379367957
1.9832080774470944
3.6694462666127436
4.726204529702349
3.4022683292371916
2.9856767165416467
1.7285681335141392
1.8061573217532538
1.0049480640597355
-0.46406454004824893
0.9442672760218793
0.4868558960821231
0.9202717064732311
2.597401833283127
2.988950111490421
3.0798812276863563
3.2061748741733624
3.6525620540793513
2.2713869990911304
2.833375506467975
4.337748660366644
5.563286451303527
5.88142635586445
5.652820703537243
5.979058131879522
7.5446574694052515
7.121194913770931
8.418503018502939
7.900489355892919
8.791673214829629
7.486504046442253
7.120415446047764
5.423283125972903
5.360328656078153
5.729159494279581
4.523242269221569
3.809313578719888
3.514750697044879
2.6540386536658858
2.386656897539202
1.7668450251445187
1.132419226773773
0.5399753652693249
-0.5746160269096038
-0.6869929721361974
-1.7020751941983896
-1.8203127710742646
0.2767582384824447
-1.7840244623858728
-1.0034253091471397
-2.1694784243311327
-2.5392233330144207
-1.3294892986299334
-1.9525972792856419
-0.8964630359902754
-0.015712392026824208
-0.8840070502832985
-1.342553952065612
-0.3369147814915994
-0.7134617241039601
0.1426153942277557
-0.6337089202184836
0.5450828185121068
-0.23952233122409955
-1.6170962548073398
-0.8089449201736938
-1.5711230419756077
-2.6383106165476797
-1.5979537226351643
-1.425422652194706
0.4326888934256635
1.4553865176386083
1.4482076975931524
-0.7759335265373486
-0.23776460855190215
-1.115853193537129
-0.6293384267204374
1.834198342470391
2.969395395031465
2.0630574934433543
3.3549887302080394
2.3877737265865826
3.4273938968323274
3.5053201952131205
2.3621180637378396
2.439401511697132
2.23436267570282
2.3036428242432407
3.431692970604334
3.6164412578237126
4.864288037947728
4.920478140799882
2.8244387811056573
3.4084645828029965
2.6012460327626075
1.2902873483570318
-1.0176981687863542
-1.407081170319452
-1.1037090997034582
-1.1451960516552697
0.3807763362147439
0.16805985757621206
1.9693635753778684
2.5895978175835284
3.2772621560492388
3.2298150505112724
2.302007467382321
1.2161062297359946
0.254930598895444
2.027223975839315
2.9372080179063778
4.794940386545136
4.210508656498819
3.84725050167667
1.4726092099816497
0.9757507920598393
0.8001279579334729
1.5503586462190166
0.8110003549507918
1.0343831354004611
1.795251566791119
2.132998205713808
2.699505466777213
2.2076091336450605
0.7705759810094546
1.088812470054439
2.44475551502421
3.2623334886841624
2.936389495538328
2.977145917977969
2.5440264864375535
4.039902808469687
3.507841580980148
3.6265994444679515
4.476491173687653
4.691046119797386
3.6997478622120035
1.536694949859856
0.38809024671448694
0.1382789769084049
-0.4759763723358001
0.018899826783122527
-0.12353396395517624
1.544838030015636
1.6651340714506053
0.4686987801885055
-0.7829844033819189
-2.0487464091047576
-1.9403567210851915
-1.674948356347058
-2.5632858749933694
-3.612196249244784
-1.1010767150537428
-0.8767193345184671
0.7836764532930751
0.056216872093059644
0.883672666229149
0.7607576020061586
0.9624373009975897
1.0978840134763428
1.2026663342471173
1.0498692933316565
0.02145502437636189
1.3314080581711467
2.4096174739294693
1.6852198667018357
3.310341694158122
1.2121406344530505
2.476792854333936
2.8168742221822063
2.2423094228447162
2.8104845925340354
2.793644682068548
1.9609217529779162
2.903460611473696
2.6525856487269883
1.6569626750798483
1.7466821597666353
1.991823171164656
0.1287319756262764
0.2603985831215445
0.31102107339414653
0.5176808840884487
2.011930479832844
-0.6692711979447553
-1.3141342750837237
-2.0511201078318733
-1.5008779010524007
-1.8929517318666969
-1.699501653127083
-1.3093615753615246
-1.116985987841757
0.8726444471691699
2.4511255555193694
2.376096651950829
2.3698626331378376
2.2378867301045444
2.742194933953581
0.9245990399869517
-0.09191759985306054
2.998098789399439
1.5968994260017881
1.1787564018062398
0.5522840388458382
0.3036171776821387
0.7124351123018942
1.5124032088189032
0.9224798560744338
-0.7449561993288772
-1.852032507505482
-2.4145196519488956
-1.8776103319034032
-0.423583012038526
-1.591900272302526
-0.885531792068588
-2.9034182048680424
-2.7034719901026145
-2.888826068109678
-2.7491684068377498
-3.3574383141045683
-3.2157722886263405
-2.349136318616425
-2.8980842349205207
-4.973400903547228
-4.048250876413799
-5.4110917385697865
-6.261237333768441
-7.909304250703321
-8.718738718128806
-7.688130434944518
-5.796736688561413
-5.398402579757922
-5.544130429759054
-4.02220694537451
-3.1586861525705756
-4.569615234700017
-2.2713074765517227
-2.417175662082029
-1.93667516300501
-1.9228964587694666
-3.082813627986237
-3.6801458201192454
-3.1842683512504757
-3.6355040346805483
-4.359007030313505
-3.969301269615778
-4.88944054592822
-3.4429126468234443
-2.754012288162952
-2.5124866354325457
-1.0067734494654783
-1.8501017402076865
-1.2940597471963178
-0.7047425150247177
-0.6050359466946686
-0.3341846613758275
-0.8184407633567085
-0.2598109369746754
0.9960803788883804
2.3925727538199677
1.8741174896323145
2.4072667976666122
2.867215244364763
2.7268803675306446
1.7225492826530824
4.184882131100182
3.171225499943168
3.1161674322785218
3.554601551052737
1.9925554102784369
1.9830254258086544
0.9177674187705235
-0.34087662644445144
-0.7736088287625196
0.12875810009404795
1.7712501405566847
1.3984028165802842
1.668445923583168
1.1596619261395078
0.6482341327588133
1.1258068914364623
1.9307603838119898
0.0130500200976707
0.6561199575211646
0.6022007754682753
0.5055140312682431
1.6357113390823868
2.552246905059815
1.2173001385223623
0.02177670480811615
1.0986829078075981
1.4209584021837243
1.122567059319666
1.570755722850304
1.1736736456651564
0.13855950196695907
0.7033113615738952
1.9458119666982032
3.0318508693592987
3.8311705824904614
2.825864528911432
3.052130326908544
3.472532068443608
3.0743787297407805
3.796755580064522
3.742597930911166
4.129458327579421
4.997623196771219
5.225894018023304
6.300418777395645
5.983319547186982
4.844493042056187
4.022291074895827
3.6071043257058553
2.8726949921290865
3.5634186335913616
3.0798147587597655
3.241876254674138
3.4900219626134343
2.153075472900879
1.6742598809081166
0.47689011088670663
-1.5472818720111312
-1.5794164414263578
-2.011218428627526
-1.5538791003138448
0.6198676458002408
1.460298806302594
3.3262442519464455
3.9426205107290753
4.099688486462583
3.94882465614582
4.4959592023792565
3.3157893629358606
4.1116934773017615
2.871986660217773
2.8573909447049277
3.3873741318031385
1.7045535165117218
-0.3649875826683382
-0.1690320094329236
-1.6456323828755057
-1.9754601614714131
-1.9771122856157597
-0.3669280082554825
1.1598463275524975
1.4559373513643594
0.18710081080356603
-0.5046080929432281
-0.06139993577578434
0.1524878341885528
0.5041089810256234
-0.29632985759972463
-0.5097747395855305
-1.428590382086827
-0.7573125688555838
-1.0416544370690424
0.1655417215837955
-0.7284109368683441
0.4031338685535085
-0.31945288573287
-0.5842276580290999
-0.4872884916569121
0.6866802208512103
0.9195238792115406
1.1139490060801593
0.847939135579057
0.24801178048896227
-0.3299838505109024
1.4557609297136216
0.7591651480018772
0.4298987097066345
-1.2458062415491649
-1.2558998845587348
-0.5606734596800821
-1.9916713558649621
-3.215695971996777
-1.988353588768889
-1.8669347328754669
-1.3150392195771712
-2.2411489403768496
-2.3698952927899906
-1.2012171649280146
-1.2544996323817927
-2.0885785683396647
-1.3410804707361053
-0.9146052304940455
-1.7582325343779215
-0.6712639770364761
-0.967035792890688
-0.7255044491864417
0.35564395153247935
-1.356236763837707
0.013578139353225473
-1.9774985902807212
-0.9054898511317301
0.1432455400155705
0.29392007883228877
2.064324770705404
2.5144547734844744
4.828471662323406
4.392303430381988
4.323154475553086
3.7315429642144937
3.1405515001743556
2.3198197612296614
3.079660667857839
4.307321838859503
5.136927572748517
4.518586507265549
3.2427989715134613
2.9158695553910254
1.3135688112178194
2.4247324626744735
2.950939183166479
5.544675042650621
5.314295520849797
4.373704758681825
3.945984374726877
3.3481832643135685
3.6358485721556004
2.4779044848437053
2.6878849308307067
0.9634964252443436
0.625571643224178
1.7117693846295325
2.083555731556304
3.197232364823477
3.063883391902298
1.9089682261536778
2.7988128064169406
3.821650851998203
3.0634541382593667
3.317372789925634
2.3672675021610354
3.3571843412896074
4.373583134121537
3.719761244165499
5.195619423298124
5.214183905121794
4.356369846415079
3.874606112819756
5.30553771765091
5.6029399857605675
4.772398868845365
5.500027169175459
6.996768815248591
6.333514473554464
5.959790467980651
5.81634117185897
5.833689215052527
4.333087364330535
6.444597769471146
6.976424322780591
7.644329328705003
6.458362894764
5.193052520281809
4.551428025779433
4.744742623642809
4.495779984584593
3.8532985306694636
3.5852037513070285
2.6574905393142947
2.129832896070021
0.8888068867618378
-0.4799544376162765
-1.548396089586446
-1.2593584943566722
-1.603949489840945
-1.2549016679631007
-1.5393753703392168
-1.093218854535862
-1.9876164185027736
-2.581589502937508
-3.011967070379242
-3.6635469577725366
-1.8680538212394755
-3.8552204596455297
-3.6071722225745098
-4.109541813435648
-3.2428612985368086
-4.9857986182939475
-3.336927605238863
-3.3575081140803484
-2.14762673387644
0.12136473025819412
0.25418523111037467
2.570631079989794
3.1177513451679237
2.8834469273053425
3.1594506447766917
3.5340414513682212
4.086949564499014
6.096384887781897
5.366146977904859
4.715013048318964
5.869687180072447
6.597340531244933
7.598679593681669
7.467101042455541
7.223959541521869
7.077786999067861
6.139386551834034
4.886772556235382
5.275286505503099
5.79619415026146
6.863308887062806
5.894595197491908
5.236980601620936
3.6180775641828355
3.693166083942346
3.8522976361248804
3.0377874824778295
3.5672896058501773
4.5574226404886335
3.5620823818391782
2.968667531712261
2.3695615327183464
1.9918335970590202
2.8177965050980434
3.3093745285154337
3.3580811425652968
2.0268771520100453
1.4396650607180363
2.1688360585069826
2.957062664027029
2.5446266043786596
2.610701623354391
2.2602948857588276
1.9159666979516574
1.3051668147708742
1.3244964610211896
0.3887452730638148
-0.9377636973392782
-1.6251999845317293
-2.9170670895011304
-2.5358192009521408
-3.667119622902258
-3.295273355695718
-2.417028627048079
-2.21717204616426
-0.7553711658072771
-1.0214311115624737
0.13869549807683962
0.27107834493266686
0.664689904138728
0.40462764924999933
-0.6386505537091975
-0.9590600395385479
-1.3742301780627177
-0.6631483558123689
0.22439139155602764
1.2585264524936366
0.557039102507652
0.39972784454525323
0.42360426137508367
-0.5883409593837149
-0.9581466291021885
0.40231365564296045
1.022694016396686
0.8506307042052881
0.8190189553306053
1.7627587328044791
1.5356299318015714
2.549571244889943
2.25359678531382
2.9478225568341045
3.7152473371590298
3.4013972361889953
3.3095261262751627
2.2944319852177806
0.41624293846832894
1.0700339312302451
-0.0283885419816319
-0.43844542712694806
-0.6772025227948941
-1.0594760185156746
-2.1237334151445117
-3.213530091231415
-2.7463287295827463
-1.8326289721960745
-2.6454413378641877
-2.3582355342999874
-2.3525491145317123
-1.7837893417038182
-1.0920766160837312
0.007959092768222216
1.4269016324168644
1.9478613877958444
1.4089580644467858
1.8885228076167835
1.7501717612457621
1.865179925505346
2.646945867887149
2.345468113623811
0.394839111448298
-0.3606013948954631
-2.120700415965998
-0.4778759122498532
-0.875176005174239
-1.005830444209409
-1.4796906626470592
-2.6131597757412632
-1.585384263189611
-2.239619578268267
-0.9173339164728451
0.9217511122114838
1.2235077739681022
3.667198120264974
5.585639920590392
5.713416063841795
6.9498216655936105
6.8763688851024085
6.179256245753998
5.469293026612798
3.6905169551320074
4.259514698593598
3.2172416930856436
2.267964014472536
4.291846646096363
2.201874244787062
2.9147435512983657
4.191489059613284
5.437581768134702
6.357390428725237
5.496967502377146
5.507069996699635
3.9597773765084257
3.206957143104478
0.7657545879592271
1.255830663646356
1.0396437393314228
-0.01403908512333199
-0.17445129657822428
0.3780902478254747
2.219217588028626
3.5478890258506786
3.4801822257074497
2.3293134948287713
0.3642270825710938
-0.4938995720787897
-0.8929728862235953
-0.19234795837380764
-0.0037169584797052332
2.3217470771159783
2.5468780763627428
2.319233705336423
2.603697091090402
0.5637200942831923
-0.07024971601873564
0.34868120944115555
0.921103859033527
1.1613105363733818
0.8902303508117511
2.4479815738687014
2.746123438461388
4.066784343700807
4.025117646591415
5.052722509673893
4.272786568359252
4.358636793057405
4.28275576462071
4.05877731535788
1.9931231414914339
2.491655179876796
1.1276351064638541
0.577395568304877
1.0295439903900492
0.4438684685973339
0.13069191444166706
0.22120384227203055
1.0610508691542537
-0.4552957799268897
-0.15544988895448225
0.0787481952000996
0.9192045953694845
1.3643268144927114
1.4407949319194477
0.7085208683394868
0.8308776304774912
1.1835353543654605
0.8061117832539207
0.5689154449433171
-0.13422249111925466
0.6140211190221814
2.2096589868125576
0.9862793234739928
0.28104047495686696
0.5156201944129937
0.4713351679446084
2.2210524954456448
3.1231659090993396
3.252729809752582
1.8385454140867286
0.6189518097396515
-0.30261594674879116
0.697352214185182
0.9201593932499476
-0.20922109022497495
-1.0983786733666736
-1.1019620241977897
0.2072212900547769
0.0036098799845396823
1.355483185310098
0.8887497718359593
-0.6530742744458338
0.629534711881881
-0.41905859727469097
-0.871019063421919
-0.09521341167665619
0.11201056624154757
0.599011742269377
2.9028612986190154
1.3496712971314508
1.4978790332450154
2.8132597013128504
2.4253923945604083
1.7112774833776117
-0.22793820340160684
-0.7965729677644298
-1.028763741465353
-1.4722117755938664
-1.5737088345265713
-1.2506383786343727
-1.392771945175981
-2.470238426968882
-1.4922194602489887
0.23606828397517798
-0.7243389294301821
-0.5859326375494104
0.07426329026731077
0.3567894128526334
-1.10163228034088
-0.9215907656720481
-0.5028985594475172
0.7348683189914582
0.7715843936758853
-1.1125467492216325
-1.105405913769227
1.0797240846694518
2.7172274322631096
3.352468203638503
2.774727140057954
3.6790358838151813
1.531233936570236
2.232825947664222
3.797964254870248
4.132547390290503
4.7213489865351645
4.456456692608544
3.310490376975937
3.332713316315709
1.619737805350637
1.3130431689898874
2.298714250060034
1.8027477832547991
0.024393011051114685
-0.20477004471694774
-0.2320210202870361
-0.15372414455801386
-1.165363574682033
-1.2260603919141053
0.37130518931470713
-0.3486548785488206
1.961149650375909
3.624628946398863
3.113896761981734
1.9119050732923255
3.4716813687970314
3.686963913598175
2.0967042944295655
1.2094979841090432
1.22056443541428
2.5514954107391263
3.16642231001888
3.5064621295940155
4.601790100948953
4.345682098864442
4.510959033241791
5.012071094101689
6.138116854205968
5.497981579745348
5.0092194693357355
5.716713200650825
4.112540836577978
5.442192895992859
5.516856006921617
3.9058704529000567
3.748367207260949
5.375433478700475
4.838518383838782
2.624280880740392
1.8982890666714722
1.5858861837478355
0.3541393869946935
0.6079486914565189
-0.23000556304472206
0.884856350091238
-0.14882682746333803
0.6488359729220505
0.6266157636581488
0.9599873750261102
2.1747662495422864
1.2810281215121995
0.6893329175353551
1.321487847613862
2.4410073183436682
2.5808761953311343
3.2808969869681275
4.570564792757369
5.281541196487011
3.5820971816045537
5.008326937526811
4.374802047981484
2.558968705984507
2.7598330339866965
3.0747904494013714
3.2425396100858634
2.2957606187619297
2.1037944324447375
2.4879140570349456
0.43896188620516036
-0.24793200264458282
0.5090878039391314
2.46645442124617
1.3081077261764593
0.5905840898840048
-0.21430025856739077
-0.7228652662792648
-0.42377154760653335
-0.5269234876067986
1.1102695697819556
1.9147246313298267
3.7369041906840827
3.16603426771278
1.6712157631701399
3.7278348381925523
3.7073305302576847
2.5101849543005805
2.182742215644798
2.7715434302608646
3.948276773183668
3.229262277562042
2.5299744435730727
1.6467924267775165
2.056134207032619
1.057280074392764
-0.7854787909535709
-0.751879669560898
-2.446332283181628
-1.0495943185701895
-1.4710956651168443
-1.1398740494065887
0.6507933846136307
1.0342942928785692
0.7841089794481758
-0.11789843972472601
-0.7620032408623534
-0.2065776702404893
-1.7322263423505782
-1.30783192605476
-1.415626793676358
-1.712659197852618
-1.4552280777791458
-1.0923035106390782
-0.6334314534388887
-0.34623216106358834
0.03645463706593749
-2.1251065588523783
-0.8904721145747667
-0.19464509486372839
-1.3242005367037095
-2.857774641051998
-2.4769308576115203
-2.835594759287727
-3.53154781633783
-3.793398924314538
-3.2541869604071665
-1.7060294600220698
-2.080464749275077
-3.128473301532317
-2.437832926177653
-3.7000199822394895
-3.4697584628981395
-3.588905817256673
-4.96384118750842
-5.105299061422524
-5.872785072666075
-5.860489239807723
-4.95603730406942
-2.7608448710363485
-3.4411751764013787
-3.032560558525272
-2.5536652267276327
-4.863950311740609
-3.2920318541561358
-2.022532192073455
-1.2795362113986481
-2.611069217968157
-2.3271520812314654
-1.8468921911310843
-1.6696766592637327
-0.8324396186778545
-2.318758268754112
-2.288425190501019
-2.8411432265787004
-4.256892406739288
-3.8649014949336813
-4.065008695887753
-3.6920875197030862
-3.6788988297754077
-2.922970055225756
-2.8787790003660514
-3.7799925994048857
-3.484029243988093
-4.68659198084008
-6.245307499771342
-6.495559509921329
-3.9820256563830045
-4.018171514458076
-4.896010539437867
-5.9043543865120975
-5.264307967410464
-5.411302154986088
-3.6812279505332537
-3.9313366698719836
-3.4410365006818315
-3.6936201667615065
-3.860416710506919
-3.5233825461496946
-4.3813537174135355
-3.577291965535147
-1.9406706054404537
-1.5544107385268946
-3.525706538682493
-5.988650039693617
-4.107230240820312
-3.118911268828355
-1.9230402513161922
-2.150068558817672
-3.788049454682642
-2.921876264365231
-1.3549491369656643
-0.6143655217378745
-0.4977085054809176
-1.5619108379103221
-0.8802826108434184
0.9140584629712825
1.7193334591676959
3.0386634574059834
3.1992786668432895
3.87592124090739
4.219644146131301
3.6227462452498913
3.2583265827027215
4.409926436682056
4.2603801648891215
4.539057272647424
5.342763430833018
4.707531864054549
4.1613311796993
4.351747430948697
6.670328938151327
6.422892020640724
8.048832410812679
8.87502787019256
9.255531600343577
9.650345647134003
9.001103055949294
8.56308577640724
6.468802231043545
6.193558659411639
5.165506546052271
7.504403899185658
8.006601706679453
8.6364699387507
9.715727476666867
9.24663472784415
8.231669312635661
8.966570898152085
8.133265906199325
6.89485577763013
7.427795432082038
7.419442190967474
6.957108232311043
8.2326765999051
7.6840667778294405
6.313775390683455
5.028245462236128
5.370166796996928
3.335799417458697
2.0547441713122554
2.6026884879161862
2.5328643893235445
2.4886627496358207
-0.1602255686533191
-0.4514585548085628
0.4026308263745566
1.2102130423340112
1.3604465544354811
-0.7725143299434872
-1.169980874960432
-0.7037008755048659
0.18208235161878256
1.4460713008895523
1.3851690675483375
2.736159898749987
3.372830411481297
4.3978102322365995
4.907892661303835
4.65312048639354
4.059609041995655
5.536808395379374
6.217002697864444
7.848406934011093
6.424136271086026
8.296835115034266
6.886684508000875
6.509727112634433
8.420952204157913
7.101182030136305
5.333298182630711
6.651900754175173
5.887604820828321
5.390649031049452
3.9262345562167837
5.041015500789934
4.401785645397758
3.2836506907552296
3.5121622376462627
3.8266996461882887
2.6875460439598893
2.016800421778342
3.8112854227097444
3.5928649915244026
4.268660532785384
2.224303478116197
1.1535813917014017
0.648710095763384
-0.10891113366548133
0.7595766211940362
1.3027855936135968
0.5623016621643192
1.2473886145425517
0.5659768133629323
0.6048404387277265
-0.7251834404351128
-0.7748849349263289
0.03496734221246878
0.17272097992865085
-0.5537403769345379
-0.6192288564873607
-1.1829971047041707
-1.6589586689726221
-1.3757142075480375
-1.894376152760162
-1.76811746102078
-2.802859229081455
-2.481940409359408
-2.282805944767394
-1.7950360690230587
-2.351479190392207
-4.448237455981268
-3.6677752607533627
-2.144772838159487
-2.4261067967804277
-2.481247949879434
-2.1491512960992534
-0.7700451711561694
-0.14032481745017358
-0.04541323676917988
-0.2283874577223188
0.7448962240096851
1.8772334730992
0.39513817670451445
-0.22666460206764288
0.3836984260205791
0.35465047331757815
-0.2627653814274395
0.05368851243705697
-0.739595793490614
-1.4297760319965316
-1.6824688818573525
-1.816861097615705
0.9933861163574267
1.931413336880034
0.6820577498396376
0.8580329748163562
0.28871358737657254
-0.5106417681995158
-0.4776435332345019
-0.1984330607821957
-0.08147744469763567
-0.08040073236716294
0.3492168989628465
1.0617287130060054
2.28165186585513
2.5459797711165653
2.4617700337802173
1.657730352726928
2.2806828878322687
2.5039163877583848
3.3239362351308346
4.282098778690332
3.7043328529525352
3.205949463674981
3.0968818318526843
0.1152754239284029
-0.4983641348366267
-0.35025568234925686
-0.5296619906437542
-0.7523391946559819
-1.358318884774371
-0.2326021211592449
-0.3779791418899281
0.7667332224047653
0.5104968884763939
0.7975412435393128
0.19600246409373295
0.3268870989242888
-0.15820571004235923
-0.9328026968705353
-2.268288017975708
-2.884750777140152
-2.5890677322696773
-1.942283518392908
-4.051252661381969
-4.982574915812731
-5.430445696188098
-5.585100160496461
-5.715336869053046
-6.453324487622398
-7.210283173449667
-7.900800778785047
-7.776386236747198
-5.3796954074531005
-5.415633926703323
-5.0509040887454475
-4.572458813337052
-4.716282240616909
-5.780246359135404
-6.419640972034075
-5.949092059223586
-6.426253881839489
-6.521029418997613
-5.653066358926246
-7.713820421593158
-7.235885786635665
-7.832091681129666
-6.4968208943711545
-6.036083565319903
-7.312991687008443
-5.7355339132788234
-6.866540111077994
-6.679798396424941
-6.947544549359465
-5.471400103226812
-5.531803668280671
-5.294995198264386
-4.16300576557376
-4.645123634393933
-3.1874080534641376
-3.3987067988149473
-2.6512087965941964
-2.6201502554804894
-0.8806618518252206
-0.15361654202789238
-0.023987737568777277
1.0595094537125604
1.9744262070079301
1.8788298223737225
0.6869200854222943
2.431749440365709
3.6166655200934037
2.5593340396183732
3.1956383893552123
0.7789742279928427
-0.24793745432805941
0.6574042768965043
-1.192238749654455
-1.740998943840128
-3.2762478231301455
-1.3278190930625822
-0.7193528627819233
-0.7527114017242085
-3.0456546089755405
-3.4156835174489837
-3.9309254681812
-3.8073145794345096
-4.7566327799960835
-3.301706257792288
-3.86044105058873
-2.8995774811338273
-3.1341827192518616
-3.545711240335882
-2.5932774785366273
-4.06921869330535
-4.1664582400529175
-4.294737615576043
-5.176262911304711
-5.046028886101184
-3.3416399063372753
-2.9223946863395263
-3.512805283187884
-5.106102551743813
-5.484610199278993
-6.289084736611754
-6.179983169354312
-6.604240127502652
-6.979428309825127
-6.905680037880604
-7.848955220583764
-7.233580015340916
-7.6198054056681634
-7.972309273463762
-7.7611475046833736
-6.044821331642738
-3.653663299812136
-3.2941777792780993
-2.4302124852172047
1.5962093577771899
2.7591963824705776
2.7651371071322735
3.14824845988569
2.119009202734367
0.6999255053296626
-0.43111989317236293
1.015281412163459
1.2724180884295133
0.6122183508060396
-0.987832715464411
-1.258132595416797
0.008538122161347292
-1.2456785107039257
-1.5698045073152287
-1.076665452714579
-0.4419666416010724
-0.7548127894605006
-1.1477814279931586
-1.4476799813499817
-2.0025942110968833
-1.0826526088802353
0.0864479923337586
-0.7350732676361771
-0.573975772904569
-1.577150281827136
-2.2141251729735982
-1.6199273649008212
-0.9252130177540514
0.5913696824355466
3.283908746813369
1.824982062434806
2.0731710724019257
1.891788256152287
0.6748928639693372
0.07300079291016445
0.9757539784690014
2.9163640530078796
2.9243092034173808
2.9986644843979295
3.8809076627832275
3.5717847908657157
2.834898772560081
4.458523181343551
2.7426373841603224
2.6640759842732127
3.57454125255735
3.287764300692377
0.6675347461744245
-0.5642759602232439
-0.7117013259488941
-0.8798453290083265
-0.7018230886980632
-2.2164120268579466
-0.35386323267827374
-0.44761617092203915
0.7023377317683118
0.28796295991914944
1.149861711357652
1.0117316516686532
0.6765642919068197
-0.5050305146775961
-0.5941562861991982
-0.814832861189165
-2.27696933025119
-4.886438813045827
-4.427899902280902
-3.561798812870593
-3.353307537396269
-3.6491810257401296
-3.4478566924863596
-3.8750117114281464
-5.2641482224907605
-4.409921923625951
-5.31472681585334
-3.41071105752486
-5.156132942924937
-3.8963434265631722
-4.763287451239378
-5.711063643593782
-7.9390572128693435
-7.576732688725425
-8.767149934497708
-7.362389266901457
-6.106092618095049
-6.977990962586743
-5.85942951335045
-8.531116027724456
-7.020653357880866
-5.231980236136921
-6.289779408449858
-6.706629487792935
-6.517692799017862
-6.650928036214243
-6.9175499229479795
-6.3372872497494575
-6.0640909014057565
-5.515833220986804
-4.9453289554995825
-3.547822159963754
-3.906236561115019
-2.985873964330308
-2.1922460296209625
-2.099589150069541
-2.7665730061633886
-2.0277377914670374
-1.9320223025950911
-1.9402897629327203
-1.7053350237304483
-1.7441527077940624
-1.7657684658992152
-2.5102749395209663
-2.5187569161882832
-0.8251235150030827
-0.8885890928245014
-0.25008735116701697
-0.8180927738601966
-3.32526711593691
-3.171679935835709
-2.7130083469080764
-4.5047386435155925
-3.3973282065170554
-4.216916342404905
-3.599763346633843
-2.981536536443016
-2.840339867956182
-1.8806626453313358
-2.1502626483193072
-1.7056601628028454
-1.5166229284047716
-1.7581396973720869
-2.351026909753195
-0.11809064431457889
0.8157527508539731
1.2240355993122702
3.64301447212765
2.7295476621037458
2.397454621756544
1.8300352290459183
0.9970027275165849
0.9368868728159656
1.4697789199766502
1.4548959620412791
0.7305865735540265
-0.9773776496784028
0.31293523816012186
-0.4086228991125215
0.3952852656851295
-1.7897258724499383
-0.004906191547919776
-1.2924035665461289
-1.0795301682899159
0.14247144695783337
1.2218712277739887
1.388085756405819
1.0660594261362601
0.18064814708384472
1.486369144670864
1.605031844932194
0.7700325547289457
2.151476897397879
0.9041024088636493
0.3951257750465472
-0.17648173865541222
-0.6009053414328733
-0.3282361747071839
1.8578733521196447
1.1548571066257076
2.160121516132808
0.27799776341549454
0.18622503129146095
-0.642107890340472
-0.4090047414066423
1.537274585575762
1.8755151696910186
1.0509129597888032
-1.2476914707221782
-1.5342815432543153
-1.9690367815366563
-1.1288881602840308
-1.8147863178885033
-2.890687578105565
-1.8385758127844922
-1.5824755092512346
0.5238009630850887
0.798938553556003
2.3314104103459767
1.6867459131541571
1.727469170974702
0.6942296222502107
0.5440912001106993
0.7572555491406147
1.2402072233051826
1.7668133265019084
1.9756032945790971
1.162215004920275
1.3569710201964156
1.2644852478394868
0.9163788733683723
1.045816793072191
1.1596554555592076
2.3392958951060487
0.4686003544985181
0.07121442667257569
-1.0539393280123472
0.241209952450795
-0.899149416090117
0.3986212040617483
-1.216003533895765
-0.7356178048172431
-2.9019895690000026
-2.8147314963062584
-3.720376968437669
-2.297738894919212
-0.9257035992830982
-0.6905748954927721
-1.2550482982436038
-0.3774985888710892
-1.1929594076776584
-0.33928785941389816
-0.4429412567565449
-0.7394081035544073
-0.09255373436784547
0.8914641607482438
0.5173580754559537
1.389625393599307
0.2826333485491831
1.3289502687095813
2.9334264836116772
1.8437236574329945
3.102148030630499
3.0581588637378587
2.7480228708981467
3.0446810797704096
3.9557568790113544
3.5385576410925195
3.6793253761324842
3.766612218350814
3.453949106161548
2.779467315685403
3.6961712440859658
3.785762983085643
3.253158243313424
4.028778623870483
4.434129968861339
5.280300357373082
5.1925291228116555
4.477632106379282
4.922477955916536
4.396292584478268
4.051596769160308
3.254226358946643
2.753430988803615
3.5931628428451
3.2108639008766975
3.1064108907394545
3.8509109980366176
1.8441833590733503
3.7305799169616862
3.9237970754847824
3.0185771905181444
3.1970791784546173
3.6097581022873135
4.684199508515661
5.836570625211476
4.7895995709771855
4.917634869238727
5.8863584992141575
4.717283867999709
4.193618184255928
5.960262415813049
4.353271838766291
4.623483530677938
5.219293121377114
4.254986584545151
4.197876022049247
3.8223995126917925
3.572674394876518
3.3044931789660335
2.479231186156609
2.5439975232589997
3.2501039554964954
4.448881925633374
3.3887427644209462
5.229848796367227
4.214228086453023
4.241520888108028
4.836410044710058
4.877442766372881
2.8115487566398305
3.5874965868261874
1.99303941626661
1.0818596660166944
0.0626589819576117
0.7291965439614788
0.24524319240456585
0.8297569721474688
1.5916192111810183
-0.19165491007170232
-0.9922884551545793
0.7759128251847262
-0.9750678551746319
0.0874329717644412
-0.21666700692763374
-1.2652245306999306
-1.5944798272141871
-2.1297083694162606
-1.5738505727570846
-0.7007141990534851
0.5167335351931396
2.469339722409906
3.301766372131101
2.259535698857392
1.968723568001661
2.281277130832728
2.5035592406342135
3.526126236150077
3.234745978821648
5.133515847171299
5.91507436951125
5.988995429863063
5.098778918109128
4.499318812671609
4.213412065726011
2.509454013284321
2.4014478992495394
4.044892305513012
2.8552768480629744
2.6697861012827677
1.2948340989230285
1.054782725560665
1.814747301650708
1.9578064105690731
2.785165607222779
3.061751971939494
2.677965717731385
2.353720393977392
1.9867124013621544
2.7611137526144303
4.49805887520043
5.688591891088599
6.0490155482651975
5.313373610429747
3.01631176638473
3.4636055865482693
2.284340812798621
1.8128696501801174
4.044517033061932
4.146124540291174
4.227010017985663
3.5333282284163015
3.0439545179384657
3.5095467655991603
2.0876746568112226
2.4344518682405503
0.8005094047958333
-0.03450508727445731
0.24294207031728596
-0.7540440978155876
-1.2929777577120154
-1.166282417202295
0.6227806970805233
0.5700513487864309
1.4062786444237836
0.3324631698204609
0.38234785075952193
0.48392267049053606
1.881327811163536
2.195924665526475
2.1175099209909543
1.1899094692366663
0.648913205858334
2.1042125377583094
2.549290271321229
3.5763629428900163
3.4015296679121936
3.278357996507631
1.7642882238331214
3.0336082465861627
2.0446997145070056
1.5638478884248312
0.05774501091861443
0.07766599782116432
0.6309905877286239
-1.275607200419101
-2.062988002808695
-1.5745243797377104
-1.9406294186369044
-1.3669630192788442
0.8487973297656768
0.7141181526182977
0.3540686684975138
1.75653584191724
2.6492949186508277
2.80689189047655
1.158406775800217
3.050809292362702
3.2119233045391273
1.2214121195341434
0.20998991309263354
0.368231702102649
0.7123409208254627
1.7751310321892124
1.7513237408833082
2.1834128664355927
2.559436755613064
0.9745062179671896
0.7062634538888946
1.7863209462925587
1.2873869103778344
0.9571270754568046
1.3087512046196716
2.8348901106009063
4.336051651532401
5.3636864851915975
5.572121268278656
5.550146868201393
3.8317947967784853
3.2025229865958766
2.6194585646374753
1.695543519144709
1.2395849842131275
0.5845120654227355
-0.46621826276434664
1.466716567132409
1.3929371208428487
2.037693001977957
1.893329124951696
1.4206806433605872
-0.030956490810930284
0.699395362295006
0.9758983834133381
1.1072565134559442
-0.3794058386259348
-0.7274807897844198
-0.9546382325698216
-2.763590648169421
-3.125009052438012
-2.478679888901536
-3.071142703278974
-3.1608526383363302
-2.7680099772069235
-2.043689277269313
-3.3281551885080276
-3.236743093143867
-3.5018999639748194
-3.587619756339349
-2.2176591619059023
-1.0107250576626674
-1.983758765274877
-0.6481609367412657
-1.5291669025331693
-2.329774079983898
-2.7452451066557164
-3.442941316849332
-2.839192026287121
-2.4871763344888334
-2.43585709260088
-3.50105379547
-2.931687185155398
-2.343410376844008
-2.5952616628146026
-3.3534752227997098
-2.965451876190091
-2.5789540725226265
-4.147360347445917
-3.0309554709362247
-2.5276396955593667
-1.2858366279754925
-1.4605908671016672
-2.4673390642246007
-2.900936476303293
-2.7369324134839568
-3.0168142400933493
-4.637179497902609
-4.319827944274941
-4.32177846613743
-3.872074692435179
-2.491195669986663
-2.609256565415015
-3.0866472890160903
-2.5599973485568217
-1.755695287017948
-1.4022214842685794
-1.7564264782301946
-2.7512861406311857
-4.15960561974836
-4.020808823764673
-4.21171598701475
-3.5057282466270294
-3.945329768303568
-4.028142199105085
-2.300218773796154
-1.4071010224466127
0.3823103453403431
-2.6966511846656367
-2.3673590179069786
-0.7177607469769103
0.6913086577148398
0.5256821561026643
0.009683764805485606
0.16451951399072767
-0.1759918640923938
0.16856287476342185
-0.997724657139713
-1.1754252716953832
-0.9995623398477029
-0.13906075786383565
-1.3098692937270493
-1.230731801370498
-1.6233301936621016
-2.3028993703443588
-0.6194962717552748
-0.055354276446385284
0.7159690072933736
0.3883095769473491
0.9801739856097412
-0.09572921312652538
-0.3657190274428784
-0.21893417454888342
-0.09363182363450472
0.2988069121015295
1.5240431086885213
1.1029234950269493
0.5231904981117041
0.23520266952991425
0.7290321490196983
0.372026871863388
0.36131351385219684
0.0260749669747115
-0.6000039042167806
-1.905799426319132
-0.36929669139630833
-1.1432989585909028
-1.1818870086700524
-1.4920513143863254
-2.1250264229036366
-3.1685519955016255
-0.7083896865567211
-1.5647208224403575
-0.19531466880590165
-0.7945477608887699
-0.6145692601916319
-0.6660962839639213
0.262149185899799
0.8663668095930509
0.8787259253575687
1.2730054957399244
1.4235441961152708
1.2120266827398212
0.787193920628659
0.11470925851623219
0.26981870158704635
-0.7885666669558598
0.7232279741191976
0.05338943966389424
-0.9659544958813245
-0.8725496347189521
-0.8027291039921781
-1.2046553567924416
-0.26982500593309644
-0.5232161234211932
-0.20746011195588457
-0.20702260879889403
1.0069656043480784
1.2404385108345442
0.6123325180843073
1.4020442303983924
1.2526802127867038
2.3014997200288994
1.3426244824276554
0.6243574357223358
1.3193243428612695
2.0314024440820764
0.8041104802158068
2.317667132852773
3.4811856691910483
4.194662125179752
3.373390311726304
3.350776127976866
4.160321085752854
4.821501982701909
3.9298854446561666
2.916343974879827
1.4011081450637541
0.08909669122268038
-0.4319696959203444
-1.0075292592522962
-2.0386832823468595
-1.1690800846646112
-2.225884792713826
0.8752493618441091
0.4829524904010268
0.2740118427227458
0.7756847664482889
0.04635381065521861
-1.907404764680911
0.11225420952402945
1.1575659189322693
2.2762196046164838
0.9766569715377473
0.2825363742045975
0.30712975720013186
0.6157160210234953
1.9240396631873287
0.01783104443197664
0.6560795278473855
1.1447393500187721
1.107840305312202
0.861807772214535
1.7552574389819207
2.1507880128954953
2.2465435191509413
2.068700517840021
1.369168565993809
1.6989350961901015
0.36650632325944565
-0.887151371016031
-0.9982090796007383
-0.7794515520006493
-0.6212038625923838
-0.18327290151464268
0.16236678446087036
1.5862016944091022
0.19104738194627807
-0.17669539520731378
0.6361520730866924
0.3737943253619844
1.8222809289097817
2.206361597614401
3.460274339456441
4.628564492854404
4.951117550411331
5.274611695252602
3.0503197939206905
3.779358503720155
4.19695824469387
3.194929305714902
2.139393835183954
1.7334895530675212
1.352700387891705
1.2908569343589635
1.2600640710206943
0.684329144280878
2.3254923194560373
1.6756715611290869
1.5320112117172489
1.1523969342823988
2.129773003027181
2.170701211486515
0.7244880584929637
1.084679162203167
0.7820979145926722
1.6325001110992676
1.6844558896218669
1.594729870961884
1.3285894653287251
0.12571715582322307
1.1371081564235133
0.8995008046214165
0.4477567750101089
1.0152186140219979
2.2764854152631955
0.4664129703928699
1.2248581558242915
2.167073031803769
1.837159479812087
0.5998850844474737
-1.2196992718734014
-1.3041884406551307
-1.4089229212673307
-0.3059857892117912
0.4538790392937921
1.6071958443779948
1.4677742998085146
1.1620413334279924
0.8351730946607956
0.9895056259018825
2.286773499730323
2.671950668362718
2.6229298438127353
3.4422941483083784
3.5073182610919065
1.1868418923351554
1.8670310271861632
3.054974922416874
3.2200074002032366
2.642737070852125
3.2493886681152677
0.92895833487233
0.40885540332488834
0.08581829234366496
-0.9305328818749122
-1.8528088699805623
-2.1404663509890325
-2.013075643185798
-3.6857983571634105
-3.061096926587801
-1.6990027463124133
-3.0271628373607453
-2.63206135262351
-3.5533337852095768
-5.386671567119003
-7.23522812278209
-7.804784843374486
-4.9862489782841735
-6.429231835434555
-5.595138920706084
-5.671216868599989
-4.249325172186302
-5.524439501517113
-4.691400865613615
-3.828877842933004
-2.1625787401668073
-1.9200044540558365
-3.0366245793464652
-3.152595975046017
-3.4175005929202706
-2.1873054786089834
0.13178413720727883
0.6154850273621693
0.9253811476582074
1.0687666598028107
1.4057387194249236
1.3649422549906254
2.1307068969146536
4.290970851196896
3.966002819128576
3.358553812219932
1.3915479722220945
2.1620276475370526
2.8448256605727082
2.921910691077047
4.357888031221326
3.8831454845939297
3.8209729541599313
4.96530335654955
3.2014315083731524
3.7130999778694975
1.370818773352348
3.1569105220119154
2.503968263509441
2.6437901746647356
0.5465330723071294
-0.0883405801008604
0.04411151443740634
0.36321083759428135
1.6408455906182375
2.0918079061956547
2.20871922678987
2.955003766868048
2.8105086820666734
3.420078747621856
2.055610868846884
2.5733926911768616
1.563903610314984
2.587405188221911
2.535191346322592
2.2014048490380578
1.647649532897457
1.4843594662873794
0.3037968804249135
-0.6485935424734233
0.5577059493343532
-0.4418108928890083
-3.3432684863046815
-4.651423012990175
-4.868865072452486
-5.510971693452677
-5.885058919599349
-7.594517019144811
-5.555912317309224
-5.225212944604852
-5.637863908949536
-4.871688645211566
-3.5475129471371
-2.5433793406292304
-1.9348195276761497
0.3640211311874628
-1.707352755138513
-2.540019889097639
-0.3872733003112906
-0.5779098464613607
-0.33017774401739475
-0.8979984242096097
-1.9804103514555027
-1.828060356511475
-3.275600307291944
-3.3347696526560124
-3.5914558122282685
-2.66392529099293
-3.960243966974914
-3.656472199743133
-3.36658852046612
-3.7994474384017045
-2.3904490183010596
-2.5033297111924275
-1.6390771212343132
-0.7735142495608013
-0.24182783643456046
-0.097330028823335
-1.1555438040581418
-2.3812583292233667
-0.4757531174483992
0.08145130851782131
-0.5192866331792236
0.1261988644262812
-1.6074976965079404
-1.2530495151914147
-1.9962027823090587
-1.455198532639261
-2.093472338113248
-0.792364790356279
0.20760491627857802
-0.5424896146371768
-0.6806878668344067
-1.773494146328996
-3.524631862948428
-2.3941223227366444
-2.0427559011188747
-2.3118717858588904
-3.584357102627722
-4.10310345680355
-4.09206553428084
-4.677041380492459
-4.0156934055284035
-5.3089455291557295
-6.0234596113357295
-4.682073440191993
-4.613549341787639
-3.624688575054501
-3.8799332548801044
-2.4185690684715295
-4.106918921619189
-4.310133379584877
-4.181583010589807
-3.716129662106905
-2.7077768253630365
-4.410977376610491
-4.430100971754328
-3.05821744525822
-2.5830935487549356
-3.9355792387302175
-4.1054689188203435
-4.4369695588500315
-3.934287219335824
-4.827900228799565
-4.834139495463079
-5.2971156353572315
-5.791847635339292
-4.377985123671846
-3.878464974373608
-2.7891679449369864
-1.4050900899297
-1.684222900205766
-0.5425122198311295
0.22803421126968498
-0.09468873182069251
-0.2141721253094539
-0.13986500898759194
1.1337712751360884
0.7017062094224772
0.7252820051861383
1.420602475199164
1.4719455957240808
1.439645723848558
0.11672620906717693
1.1543130481846873
-0.4899731558860758
-0.9383594286286814
0.3524245637030347
-0.08929484457932133
2.1771995217564784
1.8241325464202731
1.8400127517095959
2.768477283101842
1.919975070203049
2.113654171518226
2.920238009867985
1.6936212599407952
1.6499122148813532
1.599863123991596
0.7536782787359225
1.4034457405742462
0.3163853486479977
0.9192912170454937
0.43777694854730353
1.8924323522383566
2.081710895255649
3.835740900079431
4.047016450766949
5.69164660074625
6.0429441684724345
5.254644539600635
4.652402759640801
3.386614344907824
4.194231474948703
3.3298700656106632
1.7113636438656077
2.668569700684721
2.723061801751854
1.3252335031398483
1.3489995125828094
1.5731351039310562
1.043583530794415
0.9441830605605892
0.32436521975046156
0.10153248348293797
1.1109687823246284
0.023874435798594967
-0.47074230383636223
-1.5360099450473617
-2.5493419227900658
-1.435883947368033
-0.9695149230976241
-1.0435689644836708
-1.8233973752691788
-0.22398008703810912
-0.25439562909979957
-0.4982928170476423
-0.10026422710933933
-0.7273489733196375
-1.7910415978667564
-2.974149294951262
-0.8423642518761032
-1.9610232915478925
-1.5248567785125395
-0.5703934989827476
0.8966067109332434
-0.5576146851545045
0.299223208060761
0.5745145213168077
0.2859247625535333
-0.20521584576885654
-0.00795098693167294
-1.5628259466652703
-2.6016841957049563
-1.990517456848082
-3.057711790772944
-4.3657112834179514
-3.455837032614044
-1.9249520537383447
-0.4199926261551185
-2.7618849018257117
-3.5082482806424626
-3.2891534930421615
-1.6742176478435233
-2.193655287686017
-2.0480683196651617
-2.8631423212881724
-2.61105139629793
-2.3845975379549005
-0.578081818239677
0.37250759920885823
0.7384690456615248
1.7538751308396043
1.4225246691949198
1.99642041381839
0.9887550398607508
1.4783309970347085
1.0594014356464672
3.382467560268665
4.616018568499668
5.342813342731819
4.346782869518129
2.597770585270423
2.574902614167463
1.8656835215165974
2.8201889473097745
0.5457395953248088
1.2039419796555
0.7448155934906746
0.10622769284262396
-0.35119093008055347
-2.0952173329370996
-1.3476432220650512
-0.20510272258084922
-0.46459703556023
-0.3316297847544196
0.9846507497660215
-0.7909915148012168
-2.2385215214051386
-2.5355484639335155
-3.716349523828757
-3.8527944575793533
-3.9822913616199176
-2.9525610216572953
-1.976114937372633
-2.0735246466875865
-0.8764183390879359
-2.557253907193356
-3.0752076100943864
-1.9319245244545131
0.09210339592546946
1.4969742095000467
0.16713017216353598
1.9233701290804972
1.1611064050168705
2.1588387531877764
3.518816102019495
2.948156182357585
2.3054853959743364
3.641890853002163
2.2208463560567413
3.284416373316323
3.1295672318759125
2.2247708143986125
2.7531621105562336
0.9320760665932827
1.4641774207342293
1.712980395529477
1.7999568098437677
3.309196810561869
2.7641907130972654
1.1055398638582943
0.22715091862231612
-0.9083636432492899
0.5377316369235092
-0.07505134721860518
1.4402609769171637
0.027401202266180404
0.48814900572031417
0.306964951976717
-0.009853827833100348
-0.1345931005580393
-1.6204058428588133
-2.4914415057688397
-3.2029321881459354
-3.5058838292112164
-4.6855051568661
-5.166676780361558
-3.74669275974766
-4.4703809298354305
-4.8859430738034515
-4.700038509966082
-4.039419409979185
-5.77662104611661
-4.166879711537258
-5.627345743964842
-6.10890717870066
-3.5398313579423433
-2.7228020888553988
-2.1672657615459934
-1.9383666569723101
-0.7429766857477197
-0.623378523034861
-2.512095867718106
-2.7688658485241135
-2.869942075111583
-3.5263773848620446
-3.535427025673658
-3.713622793350516
-3.1076459525859206
-2.243505926726167
-0.3117237096764174
-0.3846551084820465
-0.7501665586415571
1.1831831257141323
1.4392812455820856
1.2531705440305854
1.6430350715571531
-0.09885285558205746
1.6279604708072921
1.510876437068743
1.2855820965349736
-0.03410498458849318
1.9768612243638481
2.875920546000763
2.00207562999481
2.9659442224693975
3.731567865222347
6.4569052066198385
6.712222759199118
2.9925301440878873
2.631509913424803
0.3881749026819536
-1.0876944135074058
-2.247421866668197
-2.995055445075129
-3.5112268723401003
-5.9304562261193645
-5.437705322421135
-4.787579241068918
-3.228478845945142
-3.967518867689111
-3.4526152347622805
-3.1485996491487875
-4.8812573450419565
-4.342942953574179
-4.431211782526333
-5.119682901743286
-4.920683308866048
-3.057066381222333
-4.058755391219347
-3.4445405710764794
-4.223283420619977
-2.1642911682380106
-3.3432666847612493
-3.2628237101332314
-3.2557423615015026
-2.608128183312768
-1.8115211437644616
-1.9883298533900624
-0.9912086464450587
-0.6134743331593207
-0.20534945362585916
-0.2759601643020665
-1.0023553740709237
-1.5771876566046674
-2.294600942545497
-1.4297781284118258
-0.506394640308451
0.9503394614130584
1.6694664713312668
1.22440498480564
3.0522381226989674
2.0420840386946977
2.1131171346021396
2.3697609247948894
2.5512694264859714
3.211748535363344
2.991762620825563
2.218162697067247
1.3014066839906862
0.33928541975793414
-0.6914372393198628
-0.49689331355563243
0.16644112800993652
1.0995328312023518
0.5049505510339566
0.9806971432695418
0.8167552840189511
0.3276590141887568
-1.121503055049196
-0.28171939964463205
-1.52924755104031
-1.9100655466375658
-2.177381047559591
-0.7004838231904568
0.08590806258108259
1.0818917014081781
1.3658886010033013
2.1820222348897924
2.2741677251658636
2.886277084866326
0.9262743968683388
0.5004281352681352
-0.9223821625110591
-1.2741000558998548
-1.5915898013175775
-2.488865125134131
-1.0240087527538795
-0.7332898889453434
-0.269741149396311
0.16385895146551988
1.2816987666425268
2.387943444610236
4.458258034155351
3.9898335778016483
3.8136851310169444
0.9896326626743235
-0.1257376095475241
2.5541031013023794
2.480846435627896
4.270746642636831
3.704808688545141
4.231955079997223
4.760602951342607
3.555127119710994
3.81884068006765
4.572676732033422
2.5913497119981335
2.4270359266522683
2.173221608438888
3.1739913554298846
2.663261299126793
1.8977179007147356
2.107039349615768
2.223119611979544
3.538648362424513
3.1231327687933623
3.361969339883778
3.9639353770958783
2.8518803903618646
1.983982639777823
0.034092709335667395
-1.5167695893801245
-0.8994468144739658
-1.1344811855578056
-1.6366340326297002
-1.2722264794909335
-1.3081492480461805
-0.11825659924905894
0.03135153050611508
0.18659463031224688
0.5006789755278682
1.1854501982815642
1.9131415198200457
1.526964887926687
2.35279939140767
1.8175824785121384
1.336594501294089
1.017489379384691
1.4809480625251628
1.4722609854817337
0.2245679311075157
-0.30093107841767275
0.48960138474934994
2.580887844926188
2.495513371533665
0.28152065441731167
0.19422777699703844
0.7251127481473342
1.3464281733317538
1.823440101043197
0.6598863368180494
1.0376027444177296
1.2188807519260718
2.148842098402071
2.243922828300616
0.47108258886314014
-0.5241530009238817
-1.0080184079037922
0.6078411842492496
-0.9483418396836476
-0.19956266492027383
1.076017947034212
1.3329431471684483
2.9230663753730823
1.8428105014063871
3.307862186051604
2.7368087578952887
0.11916983949110148
-0.5288198819948151
-1.349373564404717
-0.6813633165531718
-1.267977702450535
-1.112743726946437
-1.3139127205427088
-1.7076001736022366
-0.5657117197634555
0.4911196264350275
1.4581849051845908
1.2866705151592506
-1.4716299388601293
-2.059522661798905
-3.638476379238009
-2.5987399265556057
-3.9932539164768848
-3.5226243075987695
-3.772501310085077
-0.9459726985188067
0.030245161827421645
1.9176958811814653
3.2933342293312897
2.2084461512136326
2.907114026709615
3.0787365703798035
2.3247488839006434
2.9573557308818033
3.4468580191693374
3.1370452189739204
3.6892398707110883
3.0543756185013256
3.019530088590702
3.3866156802837053
3.3083876719127594
4.722734412934235
4.127526822546428
3.178437383834854
4.436778299831718
5.085365498021582
5.104708683374738
2.382156847807517
2.5906862622510425
2.51923875269895
2.0775891943846028
2.5002536479776425
0.9709626930209767
0.07609845570453701
-0.878576059084794
-2.170339747285758
-2.628913446804002
-3.0201261392476764
-1.6013611369908005
-3.002155399255701
-2.0619484742846295
-2.51396658839003
-2.9316491122348145
-3.191224846511248
-1.8555917237805781
-2.214145302386019
-1.0974971474965605
-1.8035497091397439
-0.8160097657939767
-0.9587289538558291
-1.3858269780045778
-2.749227882970838
-1.2717978782436967
-1.9340358183977922
-0.6157475017419748
0.00589924645166344
-0.19128683890831388
-0.814010393575626
-1.3348610377142518
-1.7017399737708356
-2.5124605456086564
-3.9100924975919615
-3.298284174127389
-3.4091044489901114
-3.4670248154587613
-2.2088834693356527
-1.3721130394590277
-1.0140832260424528
-1.5214889334239141
-0.42722148025733225
-1.521882884515187
-1.4031083706362049
-2.591102995933452
-1.8745783234998479
-1.7872008949071174
-1.6744247404220463
-0.7227621130062677
-0.7969833228038272
0.5827201689741007
-0.44306192828350294
0.39434191566041954
-0.15433997980121172
-1.1270432495356097
0.14816324612842002
0.41076423839459303
-0.08737717707543047
0.6964628551348002
0.10845991476354858
-1.1626246047263522
-1.5124171098195671
-1.6722425761990496
-2.244386534079661
-3.928503305172729
-3.099131744731992
-2.1248902929029687
-1.5031711417293776
-1.8614869412177308
-1.1353796300301489
1.0398371282610845
2.141753941863952
1.0298248528673188
0.5153949267221696
0.37055632721255655
-0.2088093408366845
-0.11492194548436635
-0.37219094637710226
-0.8216965828103517
-3.457918473008949
-4.006139465749793
-4.196695797918172
-3.8809556836659116
-3.4463233404548914
-3.650767510804227
-3.331445777383775
-1.725352406897587
-1.5031706431762897
0.7497008594789066
0.37410117384817976
-0.48491127404814705
-1.4846760974355564
-2.873172825965927
-2.8875981862220224
-1.7425667571965398
-0.9963696807867776
-0.5578895698494675
0.26739560204084556
-0.7290211599124441
-0.26680550768649475
-0.5001638040350758
-0.13848588067062453
0.23218333460982366
0.36997572086588326
0.5695369906084987
-1.182394142255683
-2.4475418086996124
-2.7744281879717216
-1.9724969814795115
-0.9752540440321945
0.16896737720752783
2.053818547694923
2.908496098313964
3.4320621676779286
3.3694505888949133
3.0625564786829402
3.0075509716581434
3.234082379205348
4.193066399289892
4.914680015241296
3.7218136385885385
3.7491572719923028
4.007064022582656
4.047685839644304
3.31665914881311
1.1446340014829617
0.8074113304718982
1.6922806344237789
1.5913915667767555
-0.4765695263802181
0.26551652764138917
0.3566177923531517
0.525195792519485
-0.04293781782146386
-1.687135738719471
-1.7062172495361785
-1.2611867792951186
1.114091229212733
-0.2605393363018927
-1.9514034649913574
-1.7164074848599813
-0.7255333144427812
1.0855459466980633
0.6251112452813853
0.3875821994462166
-0.5567214717642179
0.2002059868989364
1.5125174073684118
-0.9677711429516599
0.09681615633762156
-0.8166184981715755
-2.2574875521204705
-3.2739346917642482
-2.7931198916597757
-3.0778381816563067
-1.288657336172606
-0.7808792067693813
-0.5263510036410826
1.9720559781304519
1.753196139593781
0.9417167097099908
-2.3611497052658956
-1.3781139767410933
-0.40100555726142484
1.3005557100311405
1.5285802035664495
0.6924570365997309
0.38428458132278004
0.913479314538584
-0.17039548446314606
0.020131197582131208
-0.11987173918386655
-1.083952233241626
-0.6199752236989503
0.1286731893375029
1.842271264108525
2.5532508378133194
3.1944657006721457
3.600500503596417
3.0078515187771067
1.9720290987650253
2.0380971530948706
1.732829486859568
1.0389316721232962
1.4894038242512229
1.246609193324314
0.8944639192132366
2.0979486491007724
2.78571253732109
3.6526360369493283
3.85719284981412
4.996472287988705
4.054109748059239
3.574943009485921
2.32627934427004
0.7691834789652363
1.0051732451688469
2.1594994796206337
1.1269426588169358
1.7482094655339346
2.9638530330598933
3.7949450928065325
4.2302906867833165
3.4448448285070294
2.9448547514289425
1.4433175578745676
3.116403338207651
4.282981790794795
2.251831871616964
0.7771308381053657
1.177096846524544
1.6895118238985452
3.408269538995641
2.8520099711318654
1.5609474802286265
2.8570170306026657
3.7557952610838443
2.056033118626233
3.426704360287196
3.213959747693193
3.047656394431275
3.4155810731699874
5.685482349121658
6.996283876136127
5.721077398505424
5.930893990830056
6.833598819636333
6.503279757198028
7.000007967620166
7.139664833491848
6.564767567411807
7.199313321322441
6.384702011996146
6.047885224810473
7.249287059510889
7.339036032475149
8.423432838816135
8.079660566317521
7.998413822624089
8.89451786657086
9.682925445486068
9.493133432535682
10.311604788467397
9.780437228529767
8.942092385448674
9.789915212286445
8.986506239123807
8.607032106515913
8.44415177541798
7.292383345629957
8.264945611117811
6.252179480139697
4.93063810696778
2.7343444698403125
2.7683811302113397
2.3514914572019014
0.887856194255826
-0.530358370182227
0.8575618810044672
-0.19248935672741005
0.5376604392851646
0.2002429887116694
-0.0481800698548457
0.5348917226423096
1.314763904500253
0.9136961659477532
2.073869871584975
2.8858828668278997
0.8114576591960388
-0.5726207887777288
-0.8469899508258867
-2.580293773619852
-2.210399042217987
-1.8396376785200728
-1.9520227773382965
-2.3774373589764024
-3.919027038307783
-3.386502250007657
-1.7630755597120518
-2.2597501797396977
-1.8214418084870185
-1.371862825521252
-0.5282031807621101
-1.1896584808662543
-1.2699213870677133
-2.3969578589191616
-2.025650508686006
-3.990496888004718
-2.7383046101588358
-1.9667603174295727
-2.6817223692078365
-2.803412355420409
-1.6456622129138256
-2.1270783815581797
-1.4160468956795804
0.7450959369054042
-0.6921662530625897
0.046175076304642
-0.5730872440881327
-0.7447972538780032
-1.3235769078393345
-0.675348288026509
2.2840793285523766
3.148801722612377
3.7021810513844895
3.332025499338915
3.4206777735517493
2.6942759894322745
3.2266595712447286
0.9015589816807816
1.4019867241365946
0.8055746718435887
0.15166801776558436
-0.3898166928247277
0.43690695532414103
0.9343728027984449
0.8059195584037667
2.2716835093494314
2.4907638075602434
2.8136464098084955
2.510113479181124
1.1757040157253686
1.5036514616798218
0.8645213550264055
2.921305662587213
4.172861309066526
5.842869961371862
3.143122465436423
1.5868440845676293
2.8400763790064647
3.403959517426827
4.1509260519590825
6.0381177759009415
5.266261726511112
4.594908876840146
3.7485156139468887
4.503630634047561
7.331581800415098
8.42243577065061
6.446566795536276
7.073755392778779
6.7675718821686965
7.964595534373706
8.589824548748943
8.341397358930339
8.285755026728292
7.59004233967531
8.126995143426655
8.30136937558171
7.381716478725087
7.2554613806025845
6.813421608780467
7.1766600283815825
8.395840676578981
8.637411233126368
5.683913824402996
5.156219303670173
5.569058224066957
6.75164121470412
6.689817639534188
6.8510964085201085
5.987511320824221
5.028208961018702
5.795626370829333
5.496845504623854
4.398990687430497
3.7648079012112
4.457323450299693
4.267394707312385
4.415301102100682
3.9014516950438027
2.956972519173275
3.98858509605592
4.189645707554339
4.4070801589119
4.8463331414594935
3.2834436024413716
3.874566402646062
3.5862520591206435
2.857328842759872
3.496926492385822
3.7878418317528197
2.3607197307874337
1.0466184299939352
1.5734955119095535
2.9417929819781685
2.484786982450896
3.167403633645058
3.3321762506794013
1.3036108452043438
1.956461880120807
0.9574666009034781
-1.336118047097161
-2.3422912131595273
-2.369458180908779
-1.281851154382429
-1.515383714684404
-1.3764428008219725
-0.9817329034491614
-0.601653646347387
-2.1592220757090965
-2.044119198964832
-1.9870966600570532
-1.2405248483853406
-2.1385529913153265
-2.795998129075474
-1.9098000282620426
-1.8682957162629608
-2.5836601272054622
-4.417855286261331
-5.54940900458038
-4.486030544280734
-5.829104497328103
-5.948509879662071
-6.530132857476953
-6.458598383436658
-5.90424893422387
-4.310672361874162
-3.7238056743906136
-2.5945250907101505
-4.645077149085626
-5.645241494247086
-3.985374979117843
-5.230228590425626
-3.7681582092825723
-2.2408336168898955
-2.3722252503109242
-2.3434458407225507
-2.5544701190416608
-0.8104613132880777
0.4127577618511269
0.5632061464751126
-0.24565475723751318
-1.6403251391876414
-3.1135617244676217
-2.630179168898549
-2.184211708153421
-2.6841421799073775
-2.3330222029535093
-2.4917393587011336
-1.6545418266925378
