0.0
1.4838681364883417
1.8719347592222517
0.9519203459207551
0.4418602822893535
1.680237319825724
0.566745888100519
0.9617783041638661
0.6242182540905135
-0.47377762931956774
-0.32069490036635745
-0.9232182907088354
-1.3205233643095062
-0.1296016942255274
0.3161269554166268
-0.5508248531457842
-0.4223641243897991
0.20115487291544892
0.3111864570832643
-0.27805113613070775
0.4893579972362637
-0.2563351126793679
1.0047117214324652
0.8332752603326695
0.8697868888166168
1.9757784556367013
1.507850277974796
1.972901462904431
2.5695413681628994
1.836423236856141
2.5717022973885477
0.8512722739603813
0.026332098524692673
-0.7269782584610152
-0.7347413804285525
0.47291781043952713
0.9466693979516082
0.30901119887662204
-0.8767144342925259
-0.3102016141980842
-0.3526013126788213
-0.988558660657392
-0.8355806076672616
1.4425813436036696
1.0891103598311795
-0.2444611594061165
-0.47261218792608334
-0.5788149283776274
-0.452664923405255
-1.496128864274626
-0.36037983739484203
-2.0170867251102864
-1.366773139178685
-0.9418566540638919
-1.0001438659169186
0.23656762116091576
1.0735399860855717
0.12100545707200656
-0.913000970678896
-1.68241423837424
-1.277607856694917
0.4962620076791038
-0.011792065620389385
-0.8576185793360942
0.059019501052189234
0.9530605092637117
0.19189127474965334
1.4032498035214822
1.78314414792679
1.4641957924404214
-0.826262319200797
-1.078857905749057
-0.03498516400410287
0.5751217494660081
1.278665643339108
0.4824552779089621
0.9988205277844917
0.11220441181493118
0.47664941112462567
0.555166319853904
0.05981433938893166
-0.4813624725330845
-0.7350096175883545
-0.9960162809286747
0.05526903121213017
0.5699477667402356
-0.5589872614283867
-0.2109539938797395
-0.09488939581900643
0.32342603655977886
0.12475430204629098
-1.1287243776399185
0.4432617601037939
1.3788771219823224
1.108083702351896
1.1759960119413304
1.219373691171153
-0.8597222585310796
0.8529279579151453
1.0283075237313146
0.32365837368357786
2.1486024133720023
0.9987305863963881
1.1403714465103572
0.6546044097058226
1.2892248623183402
0.6599250000512722
1.052269838371998
-0.7002263930083348
-1.5492892108418281
-1.383985922658484
0.4646434814022906
0.24007602404688333
0.26303125525350063
1.134914998249761
1.590567279339563
-0.2638546854445421
0.21743846634710065
0.13274366199429416
-0.13361385357318417
-1.030516825773346
-1.2170366437211237
-0.1173853957129638
-0.34020033893179374
0.6333278613139223
-0.28869206410446413
-1.1081696023831773
-0.8231703865782474
-0.11901266595507351
0.1974591745811184
-0.1457782831311718
-0.1270727288589728
-0.40748226494581175
-0.8405540758816804
-1.1736121902330714
-0.5037505236251345
-0.10900683116569918
0.21907976085605851
-0.5914941933891866
-1.0417580743658879
0.28119669385941326
-0.30032354402272976
-1.229376528525314
-0.8170939026536901
-1.7333274864389996
-0.8778350468509071
-2.1084268905721317
-1.6758346300783933
-1.4833205282476543
-0.11026553901066731
-0.36251527057796556
0.19972740394634053
0.6948431890649597
0.12586024185059982
0.49953678677041624
0.5721984722408067
0.13504195215484427
-1.014064985823886
-1.2470220561497867
-1.354307754347096
-0.2960560290053048
-1.3558959333353435
-0.7620862998763681
-1.7424900536369756
-2.7268827910117293
-2.4235878084007076
-1.8493917502771535
-0.6415630020803728
1.3062522354943928
1.1535536026067268
1.6189796367211409
2.047580590514403
1.4597576130850485
-0.07020833490034373
-1.385628558484716
-1.2081619217603132
-0.654928449225622
-0.9304147386243266
-1.9341075178113036
-1.5538888630584349
-1.4375845734945436
-0.7646202684129783
-1.0332311063408688
-1.5149642106374932
-2.543483469526499
-1.9186159320835032
-0.910018508374007
-1.4002238175435202
0.09192404009375489
-0.5199611144922178
-2.0259622940853186
-0.08222742463305718
-0.37932030144010337
-0.8332677765476223
-0.3301351606927791
0.14126694512366317
-0.5835737202588205
-1.774822835570754
0.31177333894933457
1.9811433207552458
0.35920493249953706
0.2856137361177618
-0.6017164191190466
-0.27919671100119553
-0.09788183629725972
0.3770688526101031
0.6464534726126865
2.156427242243233
1.1405901676023231
0.950199536199405
0.9877193921542872
0.962179907896233
0.341561746189811
0.8797090771996852
1.5665159333701875
0.17783903628312414
-0.24204988007317507
-0.1311516161407931
0.8904492900116142
1.0141876722762195
0.8275098410480912
0.18077030367082203
0.4386247645238474
0.6763081812930806
0.8665272011976298
1.8589041012747098
2.06370046536199
1.3391052576295774
1.017210725396011
-0.19496340854264277
-0.9162799346217998
-0.6103372748167072
0.3659343354103866
1.0533168659667589
0.9124133249684522
1.4869627655705127
1.2052675357486349
0.04369032167354758
-1.4623425932455307
-0.653472910212585
-0.2981991376478685
-0.04824376942565731
0.06200750806119511
-0.5564783936274038
-0.6329817885003082
-1.179824147228606
0.8640641978098867
0.25331577958067597
0.979349295322001
1.3002031165288888
1.1765193098299922
1.1605276953123906
0.8766380247014437
0.9864783356334897
0.537847392904663
0.34239216070920375
1.2199583347641412
0.992818301852063
-0.24490499320370995
0.9352902837277169
0.10839370467578616
0.48578706480830447
1.9111690792355474
0.30830081651437374
-0.30225265726174255
0.8170707948718502
-0.2706286280429711
0.6745486329880214
0.4437168174841486
0.08875002451436925
1.6068528459699654
0.9506028131510171
1.4060665282691125
1.5676843691592874
1.261014431751113
1.1221658622698212
0.5518972335643747
-1.1444235241136023
-0.22928008567310945
-0.3297481514226048
-1.666624738612875
-1.2954069172211393
-0.7471001349909779
-0.6530347350018139
-0.07958651820007077
-0.9202573389524242
-0.4330179713109297
-0.7317026137041407
-1.0121633658254596
-0.0007983776329895942
0.2966888718674999
0.5612792701423422
0.14464141104192194
1.063520929144002
-0.5226363489068582
-0.4918601116874161
0.7177486522408169
1.5601025262575
0.9850560987472053
-0.5871969413034733
-2.5091794215773806
-0.16136414714442737
0.3694922470742187
-1.3324023500591125
-0.8381447206243916
-1.5696985162187709
-1.8002545352382233
-1.116910184655421
-1.6013638470520826
-0.2772875456769616
0.31800891720605373
0.1796694682688634
0.845162519110766
0.7199767722102863
0.29720895169360273
-0.3842362007981154
-1.2131892471298578
-0.35765204266451583
0.6675420781310496
0.40884185354623465
1.4568368424564464
1.4788907587784135
0.692940379171752
-0.06134045775749605
0.2776980244963637
0.5356120534672243
0.9061098325219644
0.6611058060705197
0.07937299586845138
0.4403039723242031
-0.4781670164655505
1.4082761227397347
1.8353668715206715
0.8988045522857753
0.5229592518686956
-0.2635423391198276
-0.7808756572106819
-0.08356173094129761
-1.6713804942745727
-1.5024379235665548
-1.7825747884234873
-1.276174221779182
-1.1001448471944004
-1.8365856402555525
-0.9456044450205201
-0.38851456596885614
-0.4346961521206144
1.415890746545973
0.41595248171567334
0.18425830336183696
-0.542201166154719
-0.708606169796397
-1.1044353873966313
-0.3618417982521145
0.5184117077108559
1.0955598258425425
0.60695924754703
-0.048877286284115765
-0.3702593414993929
-0.272275978971305
-1.039128101127175
-3.124271888648515
-1.8730140232548613
-2.1608079258946185
-2.075265098584737
0.3574237936531969
1.400175963338198
1.420959458939695
0.36272789575711084
-0.5116607503682233
-1.0357049455117529
-2.9363522217731615
-2.530439860404641
-2.133296294190164
-2.4232674473435467
-1.9099579376732665
-1.304268935207916
-1.4369353404848606
-0.9481230729809917
0.08380087937640063
0.6454108126465118
-0.4059494762325938
0.24502770446103123
0.036890728355016736
-1.8188238615566974
-1.5989591207467777
-0.4858990250200504
0.35638860020936647
0.6930214122615784
1.0370281075212717
0.1303036886779356
-0.36721179042900115
0.2515895328874598
0.5487117454214654
2.583283928512275
2.3746352739512777
2.1085490643220215
1.4769770118521763
0.8116904264051055
1.0896654523433424
1.645910855863954
1.7381253042966731
0.2341032247983929
-1.3369243777354045
-2.097304622310273
-0.16757384255467694
-0.7233406801903388
-0.3555626876792375
0.6154222904679761
-1.224532951852663
-0.8588535761401797
-0.821273140220401
-0.24578441142384272
-1.1400602188806197
-1.699120186249569
-1.1305510171856414
0.8445471871879169
0.002581787739942526
-1.0202020290741352
0.6753816116453041
1.6534077495577244
0.37835899201371853
-1.6738340387966173
-0.7255376373354938
0.21310653274801286
-1.4861391044839085
0.6880050364301805
0.1688350069064145
-1.1804847792725865
-1.1549097952093255
0.08933021034510738
-0.7847962427851524
-0.7243338959854293
-1.550693610255649
0.49054684127547465
-1.0871830089946002
-0.7365731608606008
0.0029066272548740474
2.1102028326494904
2.445815770448376
-1.0471439626472236
-0.5776293995349803
-0.0879976945247476
-0.6411844087325396
-0.9674197148780171
-1.9725871852509846
0.729558799496594
1.6240046427647148
0.9474095053556143
0.37621491304930355
-2.58937606150799
-0.7305121322059954
-1.3624513464408765
-1.6012521465125136
-1.3033359505258701
-1.2074127101691516
0.054012598223149785
0.2625778924723366
-0.8823336081842524
-1.5786061781262284
-0.41575015078155997
-0.3492856707417547
0.9191394071871395
0.5013670561834243
0.6985223607671112
-0.03466535609502709
-0.24994816016771837
-0.17501892476769743
-0.3640834932395002
1.0914388898450822
0.8730637611182046
0.9821311070558664
1.0339925131274548
0.69243439156932
-0.02694598543470539
0.4137736616632372
-0.15653511458636363
0.27768066728115215
0.8032410489112067
0.32867275106359384
0.4818063903170099
0.4579676570139548
-0.16360270051404543
-0.14573174747983852
0.9779188569364856
-2.430124960293241
-2.0958417995155654
-1.1565963426088157
-0.05104438932229424
-0.9727244615059216
-1.138146020032861
-0.7512630858649654
1.3066572261459013
0.9636152971092988
-0.10600816566528588
0.7813137428065487
2.0491285538415758
0.8769171863777764
1.5905302109538033
1.3589037333220733
-0.7832825061951837
-0.6146433250047821
-0.7907816020477645
-0.6616352855698948
-1.1003248371892522
-0.4169420526248107
0.8099081423150674
1.9231989282862347
-0.19872943691125822
0.2435076297838813
0.7762334063902625
0.28278793677886505
-0.2511202028868541
-1.2847550893579984
-2.0740331774608753
-0.8380978751759512
-1.251305447953193
-0.6581200530234598
-1.2382291901232048
-1.3611863912053115
-0.2895414972976759
-2.101180707157954
-2.620584991838348
0.5388090405147891
0.48985903899379063
0.4297016826765944
-0.3642746896229213
-0.8542153193027427
-1.710887094270963
-0.8415710582562461
-0.2359575790352143
-1.3895814137337394
-1.3078235731795513
-1.092408412993999
-0.37116752801621195
-1.9456550716284
-0.606337570493053
-0.19059172965287446
0.018554070793922083
0.2081198374376975
-0.22099089958739676
1.1050676840882339
2.1497741130467447
0.7186473957927413
-0.8915121958710633
-1.0806682193678259
-0.830348708466499
-0.7822754813290956
-0.3785436238588614
1.5014881058363518
1.2184735618451221
0.23183109432040483
-0.13135966906060753
1.3099563002268795
1.1044985075592004
-0.2180878167876567
-0.2493600912647525
-0.009927880062656894
2.0012608969999617
2.2662306233575893
2.833203783858761
-1.0153357358717194
0.17856740106215047
-0.054979237356705894
-0.421933038443688
0.7169764396522205
-0.49564143818182405
-1.3154658980466045
-0.24495609488715184
-1.025359040433937
-0.09171247026543408
0.6520911751585682
1.3361233059652358
-1.089739609747781
-0.4608447124182012
-1.1812314888195081
-0.30665657160400117
-0.011412544560992284
0.1427930233282424
-0.2973727823489074
0.2211370886318567
0.1299500925880753
-0.04879271130686712
-0.3064758369865517
-0.5447904873686902
-0.30187613562863064
-0.07028952171481234
-0.5654014379200136
-0.26485074291496785
-0.6625751303053938
-1.4645012139552902
-2.839776973412839
-2.4775967336445253
-1.018076309280401
-1.9140834517118794
-1.2234725927779755
0.057583278993362116
0.7483110835380213
0.7365926896143915
0.769728271773124
2.1273713537849384
0.515602561119862
-0.27288949954729447
0.8982910444866994
1.7496555264129248
-0.05945484622900743
-0.9616395005822662
0.4124475851524863
-0.1609286871482828
-0.9676691282336166
-0.9783755487848255
-0.649404317056475
-1.9388881966157467
-0.4618566009520344
-0.2594965302487657
2.8844135487207927
2.3626239681395442
2.041163071898421
1.5233166888162293
1.9907238615671765
1.331348300163924
1.4244273052738834
1.25172077560474
1.6480201577470222
0.7576236545710641
1.4556270051592184
0.2338040869174271
0.3384514140388915
-0.09349901333634
1.3649343930247915
0.518794999628782
0.31398830890788837
0.12300151453579573
-0.35105410240194956
-0.646594246758616
-0.1417818612910382
0.9512255467649345
1.6774210133978158
0.8731271436209042
1.154535580666263
0.6235852650084687
0.0036072575607862256
0.16907411944493234
0.021366354204758076
-0.28953922754331196
0.1887023654038065
-0.6472681167890857
-0.6158566484210501
-1.6508707171128296
-1.557119182765527
-0.3321832145708294
0.5124046704045445
0.9677792947683814
0.24616055561118128
0.9811672811944753
1.7527278116073357
-0.06548145558102966
-0.3515588986055199
1.1746501630696788
-0.11961040947171184
0.8096476159162325
0.8740823075373481
1.0044306327220311
0.36984718301387065
-0.5250292843691086
-0.8907421118143912
-1.1351607425490964
-0.010098745633155187
-0.13227651051598227
0.5881367926104488
1.8306461970649501
1.582723786677359
1.5883239152759503
2.37509874493437
1.9981805848616356
0.6502478075691265
0.2219415822589204
0.020893220106690036
1.545124095569101
2.610438402690483
2.57576723459211
0.6041368080180469
0.4313334456434944
0.8279083317239673
2.3762456010676316
-0.4364721095173218
-0.5601963389627035
-2.1754671915094517
-2.3988036739610314
-1.4087552379076715
-0.4824495922709744
-1.2432700064182443
-0.19185821644330092
-0.21689361494757636
-0.843279975248032
-1.3115716300646658
-1.7060426503736872
0.02904766894066496
0.16385210457070673
-0.14957614301586192
-0.2633324110796756
0.4526756888225599
-0.9935301032967854
-0.7314314599780268
1.717445811071603
0.9381189184201391
0.25119114014218924
-0.15884912770269305
0.9836746226032351
-1.0051882062634983
0.4826719679847648
1.1116995806878944
1.0553000251079707
0.66995286879445
1.1804218511583264
-1.0477561535306537
-1.8519581195422974
-1.502800540070093
-0.9727563324588121
0.5368974596867453
2.1633008901070725
0.8205124990044654
1.5838105748645803
0.4553648546504372
0.49788528988137953
-0.5955493995926258
0.154278999996924
0.3159771402895812
0.8943886717281881
-1.1403105391368977
0.7461141961607652
1.3272448266270782
-0.2523658247729269
-0.2606755471923794
-0.3781190111698953
-0.250309900628864
-0.43532088173374084
0.05147227979996839
0.8837934145751526
1.0013357702912447
1.9688665328314265
0.9024882689679404
-0.14174111164467385
0.5127387974845165
1.616805874929764
0.18000447596077662
1.150413047607772
0.9430546139202733
0.595582112494107
1.2841155217385785
-0.742523910032082
-0.9676690970241116
-2.2723933746415668
-0.6914317011193603
0.5531737625940918
0.5520254691770218
-1.5281650306385404
-1.314774946403761
-0.43910289777044437
-0.6251603451907247
1.2325861085623788
1.1361894056749284
2.029670662162509
1.0263437343823458
0.4001527778427484
0.7399891694158086
-0.05767875589168631
-0.3109609177661924
-0.5128169340346318
-0.08763459276078281
-1.0055627593090768
-0.9397948093750124
-0.1614303373100331
-1.2595722442515207
-2.604739674541877
-1.9434473889169768
-0.8930518055495821
1.3962914639156905
0.8828078746319238
1.9282790150506177
1.5176596670795237
-0.2249050677536421
-0.7693259627202822
-0.21552010928390677
0.337720968266202
-0.4274201242643558
-1.3261869128663086
0.052737654944934195
-0.25028194792470215
-0.07017855064775759
-1.2235642165456078
-0.6370538548763978
-1.0538652788619793
-0.9753939414311982
0.19807362355666616
1.2824786174397607
0.6720208007908137
0.8791487242527595
-0.3568801816959901
-0.9873919566680566
-0.7159389489259147
-0.8556207568777651
-0.8650026513488149
-0.6067317632098006
-1.0452395927998932
-0.5982650797482476
1.8127276280342668
1.344694859727591
2.028805566441112
2.4551375863890597
1.468127946346946
0.6012979704237635
-1.37466283569514
-0.7217644719540971
-0.7436874428771889
-0.14684847935603806
1.4000535819363422
1.8241356016397772
2.9748095566007526
1.1165670299011148
-0.03686441996124984
-0.2914657003753609
1.0248411176080978
0.3691226388834121
0.13380657747490024
0.4785623962421206
-0.47249805948021967
1.4405786359912538
0.4388151815775179
-0.5725208397624691
0.7397777398381726
0.3907176120908913
-0.1642378770433838
-0.09425621398279357
-0.8914902610855046
0.5684543942116342
0.5462892270139627
0.05424487443925613
0.06147459853220462
0.21814836049322078
0.06648524365817922
0.9461980132467008
0.09582986473099797
-0.4393152418201024
-1.5343856298589678
-0.41415335795117236
0.2405755527619748
0.8498040379102088
-0.7074176811528596
-0.6864599548226303
-0.8216817370614884
-1.2707544096293937
-0.9834233417401206
0.37454869689676495
-0.02002295650370306
1.4483352462730086
0.6255648816487928
-0.7216392365925811
-0.6579561685343029
0.12086707263220582
-0.38968797230991653
-0.5907042439144041
-0.2936514355032333
-0.9001222637061943
-0.15976205149308995
-0.8329477984980309
-0.060938221635545714
1.6400876860857796
1.7448364704970696
1.5202963942970604
1.0736891303532015
1.2509278896076947
0.6643181392368398
-0.47511913989501464
-1.1829420415479956
-0.7564813016283972
-0.500775961893182
-0.2995486604927246
0.08080960624356817
-1.009665428543203
-2.1774349471890537
-2.58461080528662
-0.9041129725539873
-3.1719251031752784
-1.3366862055801436
-0.9225721616944202
1.0223086863514723
-0.5719477421935738
-0.7123409297758919
-0.14811872343327237
-0.18103445740384824
1.7911169843390402
1.7785279252131745
-0.1689627314113828
-0.11301769184843223
-0.3213337002133308
-1.2988800273302572
-1.4216619559016754
-1.0761856735774917
-0.7599256308768567
-0.5337595132635018
-1.0229219095161164
-0.1756287500789891
0.655434722976819
-0.1940798073334819
2.001610446672448
0.7982208534584375
0.6401399478445067
-0.06508421178661444
-0.9785804411129928
-0.7372059419099857
-0.6320713117913758
0.6776107609880497
0.5197053837185507
-0.719577398611945
0.11911473184919985
-0.562504887741453
-1.0795443485837872
-0.6399469156013522
-0.4333050922719267
0.061418977606751766
1.1226204906614898
0.716456666601033
0.5848576423385425
1.436136764054123
-0.9578281776904344
-1.7089527815382417
-1.6197395759916409
-0.27828747428018497
-1.6951994013212552
-0.5799074206842243
-0.056418316990242634
0.2704927105711618
-0.7112747229508751
1.5519611212352704
-1.012787590007259
-0.49936711096039865
0.864695065495505
1.4488029189075833
1.3181853398793553
-0.10171932720122805
0.49158639065069104
0.7225424729750216
-0.38052661382341324
-0.724879493976493
-0.3003635564424234
-0.5366805406099333
-0.2657986367688725
-0.02033910374121424
-0.06534009715236982
-0.20534845373350807
0.6112471814960875
1.221599306465128
1.3957741558952603
0.5617159155556131
0.8150863119767218
0.31640209238548866
0.681802497991652
0.23255997677074175
-0.40302602099478774
0.6108935044604337
1.4254370871691995
1.299345175758203
0.08818085312459893
-0.27810022180588034
-0.13750866510628917
-0.3638366289498821
-0.6684105906370941
-1.380454488552881
-1.115805629185557
-1.9180832924501061
-1.3565242143386969
-1.9402017246388519
-1.7311884708752152
-2.510063201104552
-1.4086097754839881
-2.2922683483757784
0.33766948867853763
1.034390860479028
1.4583591454109563
1.3433637306816137
-0.07188463984033266
0.1290656680706551
0.12046918442508597
-1.0679775732351666
-0.9627710041908994
-0.8044007107019006
-1.5741120507538748
-0.6324786440165738
-0.7546006014442647
0.004841490894567351
-1.206765363079958
-1.0414407033563187
-1.3300824027971974
-0.05403619248786182
-0.45255637031323726
-1.009588773242848
-0.15485493527646124
-0.135391951517912
-0.5825780849753829
-0.8455118304053546
-0.6314443002530175
0.1739374299385958
-0.8350477978226993
-0.2577144893524609
-0.5304782656179359
-0.1149784260427564
0.4541083673440131
0.4738630028684131
0.1721127085351281
0.6229916468796529
0.774729918517065
-0.040913908653490205
-0.7263564185807208
-1.2103276375986165
-0.03214400910913014
0.4713013521793635
0.8917061072794568
1.8170048134984538
1.4384747355087872
1.698348515406933
1.7583304548635028
1.42329602503222
0.06912126979821019
-0.036001100203349345
-0.2617419672464516
-1.708661281035589
-1.1622427361972525
-1.6364716651679636
-1.7915118133876144
-0.5828950797840616
0.268847404377643
1.6043757327956132
0.32831134770075754
1.3364628759078028
1.138188527297903
1.06294381787663
0.15941720421855438
1.3064441012106873
0.8650342197845884
-0.019289326554391976
0.009550716736681286
0.3232008962253748
0.13019282939417257
-0.2102127535592115
0.21235735858508642
0.7933548133333962
0.8104425200120846
1.2099444804467507
1.6523645191209855
0.984799760529005
0.715321945161915
0.5213570398127042
-0.4009331854380015
0.02626016518585303
1.0174200071249844
2.4604273930431093
1.802261710930812
1.1799707163506585
1.0459226377292623
0.70820424427401
-0.702823506975875
-0.5893800692021214
-0.33237082847077026
0.4087741688385195
0.22679924222036793
0.4343408441503297
-0.11459816215667323
-0.3046904200696419
-1.8217103048696264
-1.3265386331498348
-0.5511170069466943
-1.9379681443263752
-2.2892747123847994
-1.6754508778244146
-1.5592290178456663
-2.357899969149245
-1.2914268091978673
-2.410775157997049
-1.7306869479611278
-2.878413874694383
-2.105977138907859
-3.0465667139447996
-0.3158962647258027
-0.06245409286005929
-0.3667348803102166
-0.42857983619016493
0.9751797732842046
-0.1182742800235416
0.08085818318304067
0.5615870967066563
0.40129325474242805
-1.301142263366952
-1.0418346524659916
-0.9796005001745128
-0.3588077846651247
-1.4961327875254744
-1.2387805651057202
-0.70555275050077
-1.1545312043781921
0.3830459094827287
0.44403128158302124
1.3246509110689164
0.9954209298002419
0.10446223205757832
0.3834234025150046
0.16091802931376442
0.3227839014913808
0.5448029080601774
1.009190319958345
0.13685311947436882
-1.1391076368232547
-0.4207723609558539
-0.4094283887960835
-0.2419840909003612
0.9351817861988705
1.162579230480819
0.14653780869354596
0.036982614254776
-0.4771506963722221
-1.552235602835892
-1.53962379432562
-2.0662758750214656
-1.0236819507624813
0.23948826619798547
-1.164615568413414
-2.4670681428551813
-1.0144292112691295
-1.8754212743175303
0.07524385404074796
-0.6908053848967292
0.8196310049276538
-0.3146053869009125
1.6538417130347725
1.7732077779362725
1.1184048872620937
0.15239026455333204
-0.5528290966727848
-0.642750041879665
-2.6281497195074204
-2.200041190681482
-1.876662698480793
-3.126144136381576
-2.876997518844137
-1.0498418084448358
-1.8848672819242454
0.12208545313260287
0.4630447416970785
1.2110255167460369
0.30111928158392093
0.9558028035187868
0.9502207350835419
0.5957411844951015
0.2294432941771875
-1.0533083604527633
-0.5834707659113807
1.2071032660158827
1.2767686593749772
0.9054551026298052
0.8117026610265439
-0.1010156042527254
-0.9295438976701437
0.0003064257275551402
-0.29780617939670123
-0.5091782744790035
-1.5425430474141029
-1.839506166794432
-0.6686865758939775
1.0439808060854312
0.4334502979997404
0.09522686377181082
-0.34537150023002283
1.2580613337233795
0.8624638427638988
0.6045037318328812
1.2542567941366194
0.9057538529343678
0.4432925129982213
1.6691616699398337
2.159298821883332
1.8901065604567158
1.9674504391407153
0.2945546909106055
-0.48880361605231326
-1.8097895575327794
-2.062510062682824
-1.6729478522304553
-2.700204439586417
-2.3750261906282266
-0.8707704778923377
0.48511899920827606
1.478211184536196
0.7560290061059728
1.6280635664756806
0.5473545205775191
1.731338730398787
0.2231419421890922
-1.526434534555545
0.1407555880361767
-0.070712447360051
0.7158377841641793
-0.2744705849098762
0.32361105275330576
-0.20550177249264345
0.4543860847288248
0.8738964832128653
0.23574576397422933
-0.42238790479038035
0.29886065776627063
-0.006967369312191898
1.5729733058397506
-0.26809655969857904
0.2766216752965603
0.6289577048329156
1.6488285269092764
1.0447077175467305
0.6036691678621753
0.23549648482164837
0.022535547632729275
1.1156720833952736
0.9822772619386703
1.91251366203701
1.2544634821631016
1.043202187321419
0.692551696418916
1.0692395419607092
0.4967629581449354
-0.47850460104789994
-1.0651351266856033
-0.23014228085195693
0.990893798533925
0.30194158217124123
-0.8978866210804356
-0.4715758785887372
-1.0424148571899936
-0.8989384457366124
-0.720001563516577
0.17143676643771816
1.083684555943012
0.119776480560949
-1.1959676382951014
-1.1158441501873826
-1.8639475408951127
-1.4042884034317669
-1.2758511890471194
-3.04213510224604
-1.8338532620560595
-1.6185175180630575
-1.8252518670092064
-0.5637966841739692
0.30148844260369373
-1.12516458555952
0.4704550454237104
0.14305182649556653
-0.7171657046372841
-1.002845168005117
-0.8710864974048418
-0.8434773784544342
-0.4566931407371587
-1.0318309432598933
-1.3398943506417442
-1.3477385037363319
-0.7640044893553732
-0.6307895040414994
-1.0110883514058524
-1.1592675127746854
-1.0554079294838061
0.7416062289124064
-0.2248733292999516
-0.6636439485952818
-0.6654248207649033
-0.48506187278108337
-0.09688834305402735
-0.062343708865075495
0.8143325627086004
1.4000048968937082
-0.14643817428556752
-0.21084251462964476
0.2973991411672461
-1.4991779516236434
0.41468174561149523
1.6581409162579879
0.761524782488249
-0.10249415394660237
-0.9852544111790738
-0.721687115755519
-0.30169861898091227
0.47527208546614735
-0.5730803539264386
0.2554973212236149
-0.5830251861593005
0.6229708003305994
0.29586732322102727
1.4541262740904006
0.9211065579699711
0.7691720374335176
0.5764911969266138
0.4879427480481958
0.40095828727887806
0.23311705404888083
0.3987319676179167
-0.14631113359262482
0.7108410908358547
1.620538159220075
0.7132046543065121
0.20070916854552817
-0.046649435084787
-0.3484438466371703
-1.2661412765462003
0.07426330765732345
-0.19949170760293045
-0.6647986450777237
0.15663928330963872
0.9907271699733304
0.6671216766884103
1.2581861682463715
-0.289029764381848
0.2266684201832178
1.4548544094528064
0.6213525087144667
0.07196907038271515
-0.010744604871042507
0.8050629415599687
-1.600381976376266
-1.3683007053901153
-0.622433213849869
-0.5088336713583471
-0.04991036739704524
0.269389154245101
-0.3700443726952187
0.681876586806975
0.80443507445915
1.1514894823875284
1.6659793320287208
-0.7207705426272878
0.19136418456518361
1.1758566552996383
2.515238280303884
1.046181345706022
0.6288186962727331
0.12517122710671466
1.2270337744960425
1.1119889988001534
0.549165959921458
-1.1748762277643683
-0.9021767159444642
-1.0688518208715825
-3.005270507760004
-1.918252309460835
-0.5961240884082777
0.04330072724042383
0.09199005151803918
0.8035353919606435
-1.0403630754606115
-1.3302074676451119
-2.6163445588527328
-2.12398372117084
-0.8807880911861937
0.5601011534796396
0.2076164564205318
0.1550497274253036
-0.7483791330890305
-1.4298118469594063
-1.1979208898837237
-1.5448983174123514
-1.931307913758501
-1.0266151658890177
0.0615935129528172
-0.7291961955583234
-0.03590485594451992
-0.29725718107114163
-0.5598762587257601
0.09107853623094894
-0.6079017023131579
-0.429338791498899
-0.48673413323866455
0.9465660748373295
-0.460984959090219
0.6083024081152899
1.2295944219048105
-1.0951267275192418
-1.0758917215684887
-0.5530199610965597
0.009172209466077608
-0.32145753550274386
0.3112926623268535
-0.9333652966304049
-1.8454910822252957
-0.9582989326694332
-1.110372156015135
-0.657112483990618
0.3429327252482882
-0.1259609829441018
-1.097606815246155
-0.5944922112091846
0.11254167366539015
-0.8590509436124616
-1.1956413530251804
-1.9050169405134725
-0.43729930127219224
-0.8813581797293211
0.23950088001933031
-0.8130361161057117
-0.9667444530864169
-0.16633825043746414
-0.7095315799659807
0.44641421561971617
0.2635752941156163
0.5452710229539375
0.9067104077389498
0.33617057026156527
0.1697464008082323
1.7102492400781588
0.24139634325788448
-0.07251088276157625
-0.33371492459681906
-0.025073086903843897
0.2347855045809626
1.36025861544803
1.6892728624750133
-0.21943281788198757
1.4180315219700173
1.2432247166967587
0.676676646048071
1.4736573307064118
0.591948921428147
-1.5947813902575474
-0.18494827162075936
0.6249045747183484
0.5701489573539488
0.44029912126612014
0.8859801114098285
1.8026615948875302
2.0807385837198757
0.7491109629482853
0.30148512585355414
-0.38213031647847917
0.27401963673619145
1.390409048802075
0.8132085950165968
1.3569017058078587
0.3340548773810933
0.36638384734501117
0.48524400640216503
1.2744878894798553
1.5520489950086993
1.4953383099112663
0.013288579452902105
0.9411086286562436
0.22400930913474362
-0.4183041477978201
-0.6912638054425255
0.013082450274476791
0.07325524514718625
-1.4770865434043208
-1.4779633006063975
-0.2863078567332445
-0.2383978309314923
-1.581574297464266
-1.403543122045939
-0.2026988641640105
-0.5619255070371323
-1.542398930618606
-1.9092520324973241
-1.4442600848140836
-0.9820301380830849
-0.20003840823085645
0.7627863269766324
2.634214786058996
2.6289006145190474
1.6596347496770698
0.0715125101134765
-0.7107006793600938
-0.1803149344961264
-1.2211930437795522
-0.024795832106481647
0.6815622946656192
0.8284651939638565
-0.8988506315040079
-1.9207955815164661
-1.9512776835987033
-1.0259180758104947
-0.37204276061315744
0.008624413709878487
0.002597645028888651
1.1235684916064212
0.5783368803619677
0.6944341948360269
1.1788988571254333
0.9582546425033868
0.8003503694418056
0.9738295382870586
0.4851792101480532
1.083191749844471
-1.2192980314965978
-0.5428301026447623
0.6536376205959298
0.23738300385317862
-0.051436787684176935
0.45458019140388145
-0.975113019516649
-1.3721197897656552
-0.29609720130581385
0.2306155613286754
-0.9147803577540337
-1.6550552938523155
-2.8252928624988787
-1.240853237563527
-0.436598922217465
0.6786350717539246
-0.13813449188678745
-1.2255447481503574
-1.7275514500738063
-0.17917488412171728
0.9833277513056768
2.4081390901956183
2.429049012043118
1.8957873156561886
1.7989471890640631
2.6728597651706605
1.3363416543336126
2.2157508851125662
1.1911563058078363
1.8705189528303865
-0.36830650439952917
-2.080495751163274
-2.2046825809057333
-1.3303394350208273
0.181124628444761
1.8381943173736635
1.553259861938607
2.247390009642848
-0.11378411200643186
0.15885343129604937
0.3793682669085709
-1.1153544559734192
0.16109201581839946
0.6041030893837703
-1.031498297009543
-1.2789190379464284
0.4692319576521905
-0.06369750265723215
-0.40568294230126134
0.8450955582810397
1.1725843335189476
0.5549047279180935
-0.14855176699690353
0.8638947770980636
2.3232617741266743
1.7033399347577485
-0.12525027124347532
0.06087898156133101
0.5718439969072104
-0.6533920852894298
-0.31744146352932057
-0.23451937622320962
1.205446103111666
1.7861826281380506
0.7601867173466514
-0.322584157917601
0.4844487636544974
0.37711148687155177
0.4692995485980398
0.8336515246631258
1.179758466596716
2.291111701837804
0.742990375204623
-0.0759994521235242
-0.5031556660987518
-1.759442579324509
0.030165376159387747
1.0456749059266597
-0.34892350409462863
-0.1766013610160507
-1.1309162824935266
-1.1785060277802522
-0.413172021365832
-2.0075015235005997
0.3552960281697653
-0.39485354103692155
-0.5222482600947767
0.026412631328263658
0.4915224608504996
1.3803297932988887
2.0957124962513802
0.7473029736048062
-1.0513456000348307
-0.3050769348050365
-1.8819395919790973
-0.4461533948121885
1.270331250574919
0.7753344986428445
-0.5309273851994869
-1.7232055686863452
-1.3086070320380014
-0.7678169144801673
0.6865419153988106
1.1451786981363665
0.34816882728725906
0.236459954784257
-0.5777282820056677
-0.287758374820595
-0.10911207348415033
1.4411781395253394
0.003606959656797349
1.4904902948757885
-0.7632349234435584
0.2362132600135673
-0.16067594411281091
-0.3359292419975184
0.05907724715727383
0.22252962573439258
-0.7344014643197149
0.5244958286904315
0.5622229472634825
0.2798651190564329
-0.1715400999404349
0.8079192812969345
0.32231144600971484
1.0669844272881464
0.58587446446226
0.04627061744201498
-0.420443484750869
-0.47229300584130246
-0.9049757084289383
1.3965275926879266
0.8133320531483382
-0.2657108507869297
1.3732170502645407
0.14281048307826308
-0.05989158365088715
0.9806225666735104
-0.5564425232996579
-0.22932054204825295
-0.5636880896436277
0.8935982366275035
2.0074016978663116
1.9231740754374973
1.4633362236264364
0.49006319065991566
0.4929758398499225
1.5994350378678834
1.1885435238161612
-0.029394222453733465
0.1484927640678385
0.8786872428892772
1.6867436785250838
0.6653249324741932
0.9510593183898763
-0.4371764736328156
-0.2477517584403766
0.19079996330189192
-0.3696539863085963
-0.5439576345440482
-0.9299438117567927
-1.551776686005822
-0.7301339541988844
-1.2653720447508403
0.21526863988507403
0.5751783709324398
0.2566130027138469
0.2955415797072135
-0.4839339227445707
0.42848103920488234
-0.40239614222397213
-0.15747115100310452
0.7929182177983669
1.186356619232475
1.0463165752894434
0.39324020451917907
-0.04536286169840441
0.20698003058592362
0.5690517173017123
-0.0034546069997513293
-0.32445764050039505
-0.17845459600450259
0.5552407589730254
0.08500160339729172
0.944591032037925
0.5671842231437332
0.9751605271885992
0.47719036743441084
0.4809284874103432
1.4601526189922869
2.531545866807422
0.6764524399217879
0.3411124548588609
-0.6656189384126335
0.4196928706335603
-0.0047231585994750025
-0.07345370887023137
-0.656805088161949
-0.023985320152537792
1.2511421773655669
-1.1827028028015854
-0.8325388212560794
1.139007596092239
0.8846922172067894
-0.1532644411459591
0.9029992482561615
0.9100287746354724
1.0117478512881775
0.40411811294728994
-0.1477210376312956
0.4623238138886572
-0.051119592030816355
0.5457378109288289
0.003390704074667829
1.9153522552867637
1.4872901972885888
2.0811676208811614
0.5606540785442896
0.7656616970472067
-0.7470171486873427
-0.5811117402325543
0.27368766854432186
0.28276850464296577
1.9711720171322307
1.7981224807044491
1.2235724996588955
-0.5109414047310876
0.08780045448223531
0.08249430573996103
0.3090168905387861
-0.4814067059064446
-1.3532152014363183
-1.3407787465811447
-1.1538519226297768
-1.8119650785995458
-1.7001555462073183
-1.2903043129653406
-1.3263724195129096
0.016665583513695514
-0.8209356732074209
-1.9588130518277511
-1.4062223345354294
-1.7419210424517233
-1.822398069997248
-1.7526450161036848
-1.1657275571174874
-1.5527346940448563
-0.36297019439068257
-1.1076478206516398
-1.2116479437260217
-1.2808916133362016
-1.3216031558589305
-0.7429774055420858
-0.140520819389267
0.3307955934169328
0.5593859621872487
1.9238834638902051
1.0823791102980724
0.9881488834296022
0.14671543526172903
-0.49775364054293436
-0.6391726446166257
-0.1254102677950002
0.1411828213133775
-0.7453932143735833
-0.3919935530241662
-0.2942496242340885
-0.20227655190278604
0.5515498865280626
-0.9157205115099316
0.6529125049944022
-0.35488594098646387
0.5586678533391676
0.15701516829266998
-1.7447796387853436
-2.0725734009387704
-1.493871064098905
-0.6201980618493942
-1.4500994462740173
-0.07493515665723308
0.7913380208487427
-1.2461622746877516
-1.2224682857354843
1.0994255365967407
2.2818058528024534
2.427376103165781
-0.04547935582437877
0.14655834070074858
-1.0414877451472424
-1.7198441257430317
-0.22904128439865606
0.0771310776674283
0.24262774242942894
0.2767582870945098
0.8751227497857844
0.9541217512947399
1.0042472640991595
1.3299863263313463
0.3214006821798276
0.8428126012342727
-0.30382477704835353
0.04918305880530686
-0.9664637311927594
-2.6285779045448088
-0.9841957513239645
0.11430381640948914
-0.5528215268506094
-0.6798419428797202
-0.3202347078323283
-0.1809159802649577
0.5773593982965759
0.45842178190213406
0.9088410590111392
0.5550112110149806
1.3105777492328088
2.178891047023986
2.488049295163286
2.0021773200367265
1.327901141196601
0.4268661544513511
-0.4747641562560364
-1.3605995031938136
-0.1901968750420884
-1.0943629011512914
-1.9463477018066064
-1.066928504196809
-1.709500420809675
0.5081590381858225
0.4637976835222848
-0.2303900553161168
0.553132621853186
-0.14019765991407632
-0.059020956161560736
0.18094897322955403
0.7372555244215251
-0.0026143289768492534
-0.022500157924074837
0.32650456315342846
0.07049307326780657
0.5444782698363992
1.2328186745550593
0.9010224721383531
-0.5456666089630144
-0.9301290145058783
-0.55286502847369
-0.43315566858791776
1.0250510905815533
-0.017414270944930553
0.39635669750547786
1.7503302227555844
1.542275505335311
0.43398698875267927
0.6986179955368891
1.4073381427980727
2.3890655228960402
1.1712148580195922
1.9797729926384702
1.7430936399061714
0.06418441578593687
0.6854062219749185
0.2068703440825617
1.0020300195175913
-0.30974702896212813
-2.17479379719748
-1.898071160143919
-0.20956219005450058
-0.008105460221065688
-0.19215624614295426
-0.2748606654177357
-0.67167483902611
-0.26777624209616896
-0.6535727910236868
-2.055684433985356
-0.959425960350835
-0.4723273655870358
-0.7532886482311032
0.4385219695013697
1.551955853921291
-0.5948996057212391
-1.211948521896818
0.11104908318646364
0.7785982929513768
0.9985029224219502
1.6252990914208165
1.8537874694690384
1.6567493319824773
0.301656240692335
1.5641694801816104
1.603918868513289
0.6387410718325057
-0.26589448527365245
0.2905471284447528
1.3831647844773178
0.4922076928560314
1.7859903389600826
1.9123490657349271
2.1063415429144663
0.8048169631358683
0.7921716579297354
0.9287999704302586
-0.3391926964929702
-0.10454919747082644
-0.41430020064811923
-0.36992806120702715
-0.18107829283033597
-0.9491590526453061
-0.33938183718533016
-0.9995322330432774
-1.5115113653505086
-0.6378496829254926
-1.4313590858751437
-0.5614314241592188
1.0819460063476307
-0.433770240964053
-0.7891760496155495
-0.28006958342000465
0.515611188612835
0.4279420839379395
1.1852573340693944
0.5995356130834761
0.30323435017056377
0.89534513054473
1.9528419539535673
0.5942100812232777
0.9051599714166907
-0.6317233767566153
-1.593154639573825
-0.2367816005435888
-0.3493977563055438
-1.2083358611827002
0.8797393783880717
0.7374447467626927
0.2893419740875909
0.8394842428438252
0.3922845476710665
-0.5070581167149493
-1.0864206647117385
-0.8023470301669443
-0.5123176676151087
0.7242237046229383
-0.3506477476656432
0.8894738644926553
-1.6472930653806648
-0.11950569460819092
-0.8621752759949365
0.6888144812857211
-0.5471194593522106
1.00186547084344
-0.2225453534171045
-1.5942249429346442
-0.9461185124795999
0.03774301714809333
-0.6080947652526921
-0.5195163690129788
-1.0963684651930448
1.0338271211336902
0.7278454314131647
-0.3023435712512583
-0.4212269618630337
-0.5177331312937721
-1.4213920208540638
-0.10181419257499842
0.36475950546776603
1.2449427743367276
0.956734870301867
-1.36034414989289
-0.6306339096967674
-0.5859776348836093
-1.1352155024984083
-0.6249143175809981
-2.137280849980589
-1.0322170284581205
-0.2693572416668851
-0.23041957797430535
2.059470139764881
2.7933277696852516
0.5092497261263437
-0.32397326898626144
0.6829514746359904
1.290806792240777
0.46281240999013906
-0.728023367598611
0.5321965591795104
-0.5721218178485354
-0.9891129975328494
-0.06008794213399615
-0.29530056204123045
-0.23693823190079905
-0.8487465829491129
-0.7596150070657316
0.060317007038725334
-1.2470424801852231
-0.018888751496192818
-0.3103989631812521
-0.13901243874714425
-0.22660649072787437
1.1375171375080697
0.9837975020006743
1.7147227930907838
0.43749961902960244
0.03340092186184007
-1.92465318641578
-1.1115274936007955
0.21564365172707223
0.1225114016311617
-0.7669024718942213
-0.610367376512912
-1.007774615867916
-1.121551110018469
-0.37457730249645527
0.05889203265836443
-0.351145312027427
-0.47093768274505304
-1.1986060211011813
-0.055613533101198404
0.13984031319020113
-0.705308317833854
0.3918264562090388
0.9510250845283473
0.276036638576151
0.3662524589704764
1.3566894663293991
0.8505816438351677
1.1365404301727062
1.8536638069800562
1.5175138475820826
1.6230938347734607
0.7679954382282704
0.8091772416419397
-0.8566558322187645
-3.071757843427774
-1.2621454911721148
-0.3095514735342808
1.2235500472364271
-0.28230495746441236
-0.6524428228858713
0.11632161495071736
-0.6938749945182671
-0.8131190393768937
-0.8752640327539809
-0.6859475372561941
0.03023434303511828
0.44073525955667137
0.7501188130455335
0.09087177231250426
0.6696568755462635
2.1081530566618727
-0.671998216950585
-0.29729516759519403
-1.1241469695560706
0.33803870180870715
-1.377290133563712
-3.446635786906283
0.0911449339445181
-0.30522942528230157
-0.5679762030574079
0.6570978617837337
-0.008979418188706997
-0.20021670779320677
-0.6645703470132704
-1.5506746323510914
-0.5037958374993688
-2.282496392333843
-2.5320819968635315
-1.8421171105734744
-1.2320174869106695
-1.8905578324310022
-1.3258738829958188
-1.2433691606907782
-0.6107092571004523
-0.2943278247215101
0.30690189084018366
0.1404722446453166
-0.3789038914400973
0.8553894523223398
1.483435221453356
1.5292413715363624
0.8278218881046173
-0.2858159934381028
-0.6275790261971465
-0.11170373868237304
-0.6687857249726081
0.8533052032502911
1.2770790234798575
-0.9048712174376374
0.32524336016768207
1.2515189856998203
-0.22993078120853694
-0.49408089253524407
-0.2929152333750754
-0.32093549572079183
-1.3004943319619227
0.853288798111535
2.0300487393969746
1.7993020319783584
-0.11266530074220679
-0.3946102940070267
0.15686207530034912
-0.9872295747630326
-0.5332299595547201
0.1239873081929366
0.8068959488380891
0.9834361310083533
0.2886523000295689
0.8601716168414653
0.6899207433198823
-0.5068678862920825
-1.6104696231583764
-1.5281712395840015
-1.9225460123818634
-0.7538043405644528
-0.5841875245467163
-0.5152547020901398
-1.9876232999123642
-1.6844754981901362
-0.683297534787778
-0.6952239025108866
-0.34447004183251917
-1.786060894274312
-2.7137561975078377
-2.171899301460397
-2.4859990394450753
-2.6578740547560193
-2.0205302715435725
-2.6676607300495
0.570501184002884
0.9278730107403563
0.542785077376906
0.6556885745246909
0.5886932034517623
0.026082522987380063
-0.006784724731459704
0.11161907604911102
1.0673588903745663
1.384380987312366
1.543137202797126
-0.4538026244896368
0.9713063544175068
1.3301366010502615
1.1687062005837494
0.1081047204242801
-0.9615159023557345
0.8217030860145411
2.088226876156348
1.4871390145048937
0.14079952983176924
-1.3570977170129188
0.22188678659936134
1.6272996121444323
0.9786772172501975
1.039086695921401
0.43885797720222885
1.139141827936162
1.828771091963265
-0.0032001282067009463
-1.3628377936462006
-0.671804532978708
-1.877424556369682
-0.9945322320992159
-0.8556633306537171
-0.43309988804791977
-0.265765181128504
-0.3746060130308351
-0.45804966076740616
-1.1540314212155873
-0.3808060355722416
-0.7474726464974875
-0.7425442201626903
0.00614844134819327
-0.5832027864228908
-1.4996169144900038
-1.010874940297647
-0.6571300965043085
0.3151778738482836
0.4580140923712443
-1.2195419742963336
-1.538872660011393
-0.6688520849377222
-0.9116250667062298
-1.8087261758016175
-0.8155546534734277
1.0124256310666309
0.867894268194811
0.36224317465632816
0.005588509131081332
0.6918394996391181
0.8261285934197983
0.18041097637272918
1.231787186971787
0.0983616763119265
0.49005265858507235
0.434248587806103
-0.3438734167596589
-0.4201734311011216
-0.8684931157751091
-0.6188944488243266
0.6777894089526919
-1.1916029475951722
-1.1541874544804893
-1.6367990818910825
0.23256234623261815
0.3342893465619534
0.9186221705535871
0.5795719685421001
1.4644525376599435
-0.35883650950137413
-0.5584876574187931
-0.5779463000816458
0.011478506987643536
-0.05176685763716732
1.3775885892995485
1.9843724745956968
2.4524402400738956
2.3811608257948262
1.2864816092017206
0.9333199279205104
1.756949879575792
0.9284809823403624
-0.4781567824778148
1.2270992485937464
0.678783068225421
-0.5089366111921334
1.8262976406951414
1.842990836451735
0.159226347340188
-0.3093611180374912
-0.9679958209570111
-1.770755763203146
-0.9867356502826021
-0.48832400351480226
1.047395437414162
1.4381940492766103
0.9207855580418476
0.09755871668460121
-0.4041630549730594
-0.9286526771779577
-0.01017963019246955
-0.33279490339713025
0.10388002413460287
1.5961641004124019
0.8784305156616323
-0.43392013428147846
2.0824362693709815
1.1791871847546636
0.11756967600790816
-0.44451901749290396
-1.473944830116745
-0.7323233088109229
0.3219795857970692
1.1214194200688075
-0.20976222367320094
-0.7896554514539328
-0.7217261370318802
-0.494280106059536
-1.0379963366422935
-1.5271842678496692
-1.0869401303249502
-0.24219572301367018
0.7265499350490982
0.654397351213598
0.12245531203865995
0.07924718896875728
0.05210650281719412
1.2464248361379682
0.5896723753789719
0.7623814025640103
0.38751205582260423
0.4361755222972013
0.45302301820310575
0.6937350026545461
0.6118005586595425
0.899959786177574
-0.3180861048446413
-0.2667829018073646
0.4276205877843932
0.33127947530887486
-1.4445217250138207
0.46570902288429283
0.47534110346812875
1.480120179992966
1.7437271212412417
1.4431201667831954
0.9024585770871657
1.5106086771840355
0.4392001303269822
0.5018127398930918
-1.721704627523088
-0.9954747069925804
-1.9261908348850332
-1.002151727966213
-1.0816495955724719
-1.2240963878417621
-0.7955139665990087
-2.267061532540378
-1.9693043480200627
-2.343132816751379
-0.9370850510270934
0.7382470547710815
0.7872151765909166
-0.39919695143418865
-0.08885351307603473
1.1761236753603126
0.26918749365460826
-0.2446880122265817
-0.0616648621759093
-0.43477486452625763
1.0882556393216611
0.9821551057579935
0.06052279637991548
-0.33584532765587377
-0.2847562119125885
-0.8596383093301861
-1.4440011681014666
-0.31791736252577757
-0.5676755220016448
-0.7594881617925424
-0.4677285872934438
-0.3813543686755737
0.27310329900198327
0.1714894374292539
0.7618868632680686
0.1383100773173167
-0.1614397753220705
-0.3970778965325701
-0.3200748037742619
-0.6349176592748914
-0.8409311568786013
-0.7806094898588097
0.4547351538160759
0.7916951826169814
-0.007965313171270721
0.13695488077561563
0.7524025259210048
-0.46906762863519647
-0.5486927496879305
0.3541659080015818
1.009089124705137
0.9541552987848743
1.8188735149115598
0.02608142056195034
-0.060847622075597685
0.1913479581597282
-1.0067955323970974
-0.4226678349322922
-0.059490757830222014
0.6688535025732334
0.5632150535190107
2.512766521935021
1.1757987311474485
1.5336380084927284
1.4884770043654623
1.9943002759034794
0.10820361969743483
-0.2854129216796919
0.38321343349712633
0.3141779273703441
0.1279096117382666
-0.492436915580207
-0.8586464645034464
-0.6556630102483283
0.002309310574567597
-0.7136761784925222
-0.7731662533174288
0.3116263481193051
-0.17931600859831215
-0.41363311205646885
-1.3548652097779086
-0.12047873133321849
0.9161848331594658
0.6915709106887584
1.5000582200051187
1.133361583756036
0.8431968481624315
2.0570277808136326
0.8627789386599264
-0.9806087238674361
-0.1653201741559424
-0.2553125826376853
-0.9168930925119381
-0.3895368512033377
-0.12748124174290906
0.4630822526402556
-0.29220613532305745
-0.6858782935538844
0.21405910366779818
0.5429947356235485
0.16788039188599274
0.578821379160455
1.721107324532988
0.1815975373516935
-0.4303434650506886
1.3468994159888292
0.9042557490123165
0.7142083262976748
0.7949758961420245
1.4770078013396641
1.37379489103167
3.0166470140813675
1.8897156449863228
1.465056912895669
0.791059452895656
-0.9786106017429919
-0.12382883138910485
-0.47036375277603854
-1.1724165309348806
-2.8608570465625216
-2.8501302510519397
-2.0062916366638284
-1.3204406080756705
-2.3349664260833305
-2.0263791309550805
-0.22090535538463504
-1.2076879186823284
-0.9147510075815822
0.5924911476433554
0.8774978625155503
-0.33933617792995513
-0.4871786517731517
0.23009790699586788
0.8266648846872339
1.0025101197586286
1.182119008609508
2.242789232625783
1.0151729463173047
0.3407657587840195
0.07645388881873016
-0.282160207517684
0.1302733765481563
-0.4112357244745892
-0.026745486458064405
0.4689354581411633
-0.25268110655119347
0.3895428709735825
-0.21385379835717505
-0.1270140718276806
-0.11107489934260523
0.047444826627625336
-1.466484401900293
-1.3329479310670018
-0.408438078100701
-0.9292676277866075
-1.9499324311785338
-0.7653653200537479
0.10707542320256166
-0.5494904318776459
-0.9758886544734472
-0.6785103335062038
-0.03458978108839701
0.2437180762180376
-0.02147046899838226
-1.0406798611917154
-1.0447962706842913
-0.8078866601421715
0.6403980999405628
1.7917679419751864
0.7137409812023813
0.8223440519855796
1.193267607465942
1.0624690607651799
-0.24584182914800604
-1.3425662238503995
-1.1870464878100155
-1.499053476016535
-2.224214749531063
-2.0387899523626314
0.5178888722265839
1.5331739367475066
0.20370810331581865
0.19574323263354693
0.42322903522832866
-0.1992922910108521
0.5581871517407918
0.18803480593737554
-0.8869831819194356
-1.5278212459359104
0.617553670041977
0.579878367612974
1.60431528958426
1.398614671834227
1.2287081739111427
0.8617313172676251
0.8364891798133266
-0.5250435547857686
-0.8829592101387813
-1.8842887287956172
-0.3024229774670883
-2.020287130949526
-2.465016816251892
-0.07627705185826136
-0.8487476655911657
-0.6051023560924963
0.6130286190680994
0.5957365932192276
0.818405011247548
1.8331196104220158
0.5196596255689577
0.24728151396091047
0.13955857585271988
0.5991683760216601
-1.2942687743120038
-1.6990258016886182
-0.15526153019209954
-0.4708290037439893
-2.107695941286654
-1.6295865115129784
-1.2830861485667064
-0.3037660657578526
-0.16694085130008127
0.9263475191855496
0.3508488004261428
1.3532233278435868
1.0074584314834454
0.26811277042161497
-0.4865885114265548
0.0875419187271775
-0.22674385774658576
-0.44434757416977516
-0.4263559730243425
-0.0040531132774577205
-0.49815339441286033
-0.3141511294088536
1.3789543580113484
0.9446738236427507
0.4070786667383504
-1.231553078620023
0.3615726150114916
0.12147785668248108
1.1549071011862593
0.7953947745908063
0.8840661499803115
0.534698587559385
-0.6522036643108038
-2.57781815808551
0.2204154021887625
0.5502605574245261
1.9808327876412122
1.6390079488190195
2.1314033277343047
0.31098832360423845
-0.8777555762564879
0.24870975949991897
-0.23473521741658707
-0.09064976406842361
0.7148385150562893
0.2864179962868749
0.18282109594140059
-1.069646702422794
-0.6763395399454972
-0.2458292120689
1.15787535900347
1.90600756034762
1.1043132923031818
2.8098923924182184
1.937028264100517
2.5701293421500133
1.5510463123627682
2.62917374067857
2.732197242248363
1.4290165282400094
0.18849091141854246
-1.3989055469788891
-0.5323866050692055
-1.3964441115049513
-1.4481870591823491
-2.0827050609532702
-0.18756460366212308
0.6697777801999139
0.5761595451621646
-0.6664521904979545
-0.49336653589600743
-0.4495773630065266
0.6250061980680468
0.6424406527780935
0.5641299612876577
-0.9308793811808225
-1.4523222530561095
-0.04616314429709012
-0.4562404945724574
0.5224984178080235
-1.1959911813574233
-2.0977735161843034
-0.8353382263398808
-0.8312073147626733
0.2526559596346853
0.5694986480058111
-0.25765518308219826
-0.27273749989179163
-0.21971063030411675
-1.0363914714975522
-1.211345159909089
-0.7675018571732357
0.028246140123341035
0.06588164322629772
-0.5366627490803673
-0.18445970810521078
-0.7497141578141246
-1.06465377678445
-1.1667077376686983
-0.6364165153357044
-0.04129040618061741
-1.859636819607166
-1.8066880352598305
-0.03290797803543276
0.3912443034345705
0.6426472838176674
0.43455917401294003
-0.7145315010124562
-0.49096046439591035
-0.5601223468758147
0.9528284550023114
1.6651567124902107
1.865335427172382
1.0685694636145544
1.236846466478692
1.0585291391898324
0.5708362217318134
0.43282573596631624
0.16092098541877975
0.4809311757961376
0.8476733467633963
-0.3003334340115419
0.25076016213924174
-0.6310615023615201
0.10615164204742383
0.8265420333579472
1.1673075071793644
1.0856183777318793
0.029682017546140374
0.32629229205779847
0.018097496073732542
-0.12361511549355048
0.47093426543756944
1.4358555348374804
2.069312712707585
0.522181234426828
-0.7899360773200457
-2.2715285503881306
-1.3093173098033672
-1.256352862239539
-1.403297183002898
-1.1413883198638926
-1.0564051501310219
-0.7490006129555549
-0.5446303373098428
0.34815708135888
0.58879816296441
-0.7768227590058187
-1.3153131221236563
0.6349541864381508
1.3454068110457853
-0.5403720318003994
1.1004174463022274
1.2680069689689701
0.8880174405076154
0.6147010982069459
1.3920720557311985
0.6379023290538199
-0.563477089621378
-0.3392796515426858
-0.46705990184309387
-0.6777174403503575
0.3419374858849947
0.7434688108452467
0.7651110100318996
0.49644636357814753
0.25101490095645757
0.9954833906811652
0.8448689856103617
-0.31673205595667847
-0.8229978730371901
-1.7276696341525708
-0.6917088941169747
-1.8436425909282084
-1.3654328703496161
-1.3618335391568552
-1.0927848720964686
-0.5861095558149638
-0.6170699137912705
-1.5416489909086102
-1.2186954410401303
0.6320737920935904
-0.6668872070455087
-1.4657667498607583
0.07816586519156221
0.011563277586919489
-0.4224302435034823
-0.47302226041075973
-1.2085776542620417
-0.9866646545821582
-2.6841553949199755
-2.8786011401325955
-2.0544536356531595
-1.55820790612438
0.14496106391004415
-0.014701249661449284
1.9464100394276156
1.6882361459945592
0.42346503099600064
0.7817682449178646
0.22201858000496855
-0.4974888968575727
-0.4403235699848618
-0.014576741760255169
1.062115618656394
1.1213736728380541
1.0346933156952625
-0.4011748866533648
-0.6928787534860011
-0.06598640419179615
-1.3172746719712862
-0.7333996496761701
-0.6539677897378842
0.03595346263634444
0.12421970860285875
0.9641955597939758
0.4096818436905249
1.171173963479314
0.6634357326778634
-1.1273121979023806
-1.0315234015058272
-1.9280327432685014
-1.1548942748735287
-0.6190513367076677
-0.5373663229244944
-0.5001567143778114
-0.37397937797414327
-0.2886505603408458
0.33045120779906867
1.254663001744432
0.9761571300216221
-0.429943655580862
-1.3673357291192483
-1.2129623985561018
-1.2560734694019067
-0.00712309030015193
-1.0455318239879319
-0.8297060521462284
-0.2652182085384882
-0.5409055978978963
-0.7278029019565087
-0.9001032246606686
-0.9205144100807179
-2.7927877666640373
-1.6679114595386753
-2.9051419710229482
-0.27003760731982446
-0.7723742605424886
-0.13872862714354597
0.68169988477537
-0.3900540874371969
0.6484030132530367
1.33844586021289
0.8718259568783355
0.08600365085818296
-0.2703530574240441
0.215182399227144
0.605734188680588
0.8110115331329734
1.1592198954788209
1.4119461395484219
0.29481318394347433
0.3481720108554289
-0.9224010835956308
-0.5668398975779332
-0.7216065978044446
-0.8769472523759264
0.06059741982665279
-0.9889682711146452
-0.6106382701444991
-1.394560280919715
-0.4751259423213809
-1.7089442273819808
-1.9880051080801515
-2.545575818421467
-1.387312913638354
-0.44883730170933306
-0.7558258242737238
-0.80977733255909
1.0682998062904394
-0.9894468668993742
-0.7183102764718718
-0.14285184882007834
0.21666258370549202
-0.2396347875389197
-0.3570536624699088
-0.5464780540582693
0.10761641966657146
0.17917571975920168
-0.7641226371288389
0.2887424462188956
-1.0931708320916869
-1.3591030356619866
-1.1030702674392807
-1.8037025315658057
-1.5707366327568568
-0.7050828366880089
-0.8606179658064483
-1.5339618920598617
-2.0683500488889264
-1.4513014607338082
-0.08269731423477125
1.1103385773724712
1.856543751524303
-0.25123224361781216
-0.44439971067748946
-0.11865547225507996
-1.2648745866111157
-1.3157348834584586
-1.6297916161462578
0.160761032543002
0.5043059898607662
0.22727257031759998
1.5347804843891806
1.0209264439276864
-0.14389912004174477
-1.0735255300526487
-1.011331699299282
-0.8419016145183922
-0.46592754269617837
-2.0607335989782842
-0.14761095519849027
-0.8111327519654453
-0.7934585080694114
1.4589167608082039
1.1145928164431655
0.6610660210837592
0.9093801944688368
1.405122596333208
1.3753313877554108
0.0910257152969284
-1.2810475597917557
0.9453925789135939
0.7306089020436715
0.09774414292973137
0.18050361302270274
-1.6736002049593286
-1.716960688654553
-1.7420598034287689
-0.4003592973640428
-0.4051614940879605
-0.14345195445538922
-2.6358022722900207
-2.966831539709
-2.3637259527945287
-2.054243391986928
-0.745853684230639
-0.7562311059055269
0.12119608403641449
0.4554444280516379
-0.23108673531732712
-1.0767625036189308
-0.5612988094422591
-0.19726570213374858
-0.9185355204241636
0.03651068063935678
0.897851241235253
0.060337061162923214
0.18045775954265686
-0.21270758537973347
0.2716107665525536
1.4620525172817445
0.6458173060296872
-0.723946478172113
-0.24286851179089586
0.9432611851942247
-0.21955838889337465
-0.9552613882907002
-0.3467874907144004
0.9553887149438383
1.0174923010831751
0.7838342594825161
1.0759063108511229
0.35101485755421336
0.3377152230190723
0.9402714783505641
2.2602789816415356
1.2109384447354798
0.21698756433588826
-0.8728680699064256
-0.5662596345184565
-1.0795322782931391
-1.8452928160011797
-1.6406359288850756
-1.6808037368324824
-0.7894810109024563
-0.2208023293328284
0.7258171938139419
0.6872234942708682
1.3070305601120873
0.9871947440590871
0.3523575897855524
-1.408429642167112
-1.5180721246369306
-0.4377146809445558
-0.5505012273460891
-0.539079626988863
-1.760697172854787
0.36124335598295043
0.9094015038116113
1.7425789136773497
2.673947071041336
2.4290968519705953
2.1208898503919915
2.2440698204645306
1.6299373832976516
1.5706013471615197
0.5615988388870851
0.337434378498809
1.2700958007551835
1.3897657668729866
1.2592723853217525
1.322984035127797
0.564213226102872
0.47680831595007706
-0.6389863668041121
-0.3073723618967874
-0.6040572980381925
-0.05423367096201542
0.4039987284317485
-0.2847018389922574
1.1673374097856302
-0.2899583729175616
-1.5386497021793724
-1.7268169191725922
-0.8851454373175695
-1.720708821039906
-1.9048343644129218
-0.8745807620031965
-0.9181211667804181
-0.5340228430115471
-0.022402510386614047
-0.2888783204125765
-0.5076572282874543
1.12611459770859
1.8125452066857433
2.197321705495864
-0.6548634914003155
-0.5482771918289575
-1.0011704117641413
0.015386455770622587
-0.6719263073601458
-1.487132135141771
-1.0908096587515521
-1.422928375296374
-0.975602880915146
0.18927199568607767
-0.786389797626101
0.2328920169764547
1.3244812985211432
0.7831401398885423
0.7142917488324425
-0.29107084538514605
-0.5064507670486356
-0.8999392747028114
0.21793259400243
0.38983693929020924
0.842915030616445
1.737241184372556
1.7514433586587796
1.131349891061827
0.4552688545535769
0.2406560232082371
-0.6797591762646518
-0.934356676964612
-0.0497115169462094
0.6673011168569172
0.38388804763511253
-1.2559985596478942
-1.0978486833747363
-0.686887235872529
-0.5541956795248536
-0.9600693408165272
-1.3443726249576087
-0.19640960175650182
0.17761306503971303
1.0462922929410174
0.8054066397990713
1.4268444366671114
-0.9360935652056819
-0.3656301838441516
-1.185567845995274
-0.2958359959250014
0.8398365756718974
1.2049107819818614
1.6786742637499388
2.2141182716430547
1.2298500748873953
0.33431046443718615
-0.05000832677064301
1.6286040263664319
1.085588768094326
-1.0845659536259393
-0.9277063926198493
-0.76933147991334
-1.006006033074309
1.9763965881535412
1.5507773343530025
0.9041820682056547
2.4483843101516496
1.3714818050798177
1.6358913744200128
-0.9007678178646381
-0.8742750911379911
0.1833677054120578
1.143920255922232
0.3901544724817476
