0.0
-1.4446334347066059
-1.1570502740364506
-1.701247800362525
-0.3528255287452002
-0.45688486363090286
-0.6363853208353142
-0.40064618225463067
-0.6987987489811867
0.8223970814774908
0.8197756847513008
0.44210596947789765
-1.0435472733071494
-1.379753676127594
-1.709578328907668
-2.2497611939065343
-2.583405371033192
-1.3255495444884948
0.00924713810461322
0.6171699377989576
0.7136713770878894
-1.2903502999012693
-0.025066205633988196
0.975012023171079
0.6004205152455763
0.7566747241995914
0.6103717792626441
-0.3669360017970416
0.11259104117756852
1.310476697477366
1.6778987077807863
1.090695705968937
0.5111784070239482
0.4973782004253527
0.8406177595595541
0.4094462822128949
0.13632303447086175
0.7316354106226894
1.852367195114681
1.1960185400177716
0.5563994146153142
0.540563818564779
0.5142862117326713
0.825498027850117
1.3589589006862268
1.8451393515687708
2.6610421118122107
1.6354080208568
1.0319462587279231
1.5568213022884088
0.9133451764506791
0.7980480129252989
0.8953140233022037
0.8963481879270483
-0.6455751100492941
-1.3328373578661192
-1.9300806104417323
-1.1120253340758683
-1.2439984495268939
-1.6622336529199147
-2.2123264005061554
-1.1510276550382528
-0.9114520340436414
-0.9813939238091802
-0.2578513705092307
-1.6712633980105545
-0.77773393485867
-0.5392329337043068
-1.3058367975307852
-1.5477044183909299
-1.2710499882257404
0.1419845559621735
-2.3175493988337106
-3.570825585039274
-3.47557423832926
-2.8569242470657796
-2.0194097668795417
-3.051185986873021
-4.207123183169125
-4.067150495261096
-4.194762599886526
-5.835631954211666
-5.674375352286695
-3.719043035091485
-3.2252580656573735
-5.506459099580825
-5.196676666146299
-5.002672044311005
-5.492142487041356
-5.2060968745406875
-5.996000032995364
-7.372870189582804
-5.506061568127176
-6.5054591324168785
-6.498882723150545
-8.340601094047633
-7.360702451541341
-8.283428385380027
-7.481660984991461
-6.960075866335595
-6.3340395051795415
-6.678167368063025
-7.208385169721975
-7.4043069890244055
-5.893242484405395
-4.842993669508374
-5.511776489390989
-2.9467037541612746
-3.048989749072615
-4.305932844878753
-3.099758419337316
-2.144222865053507
-1.2280374812678136
-1.9351865389917104
-2.701758013653645
-0.6101523619947555
-0.20204034267467136
0.3465208272328551
-0.19770268791825724
-1.4296945546332955
-0.571129765679827
1.4588631248122876
1.1196476428805506
2.8066566104753154
3.2861324575086157
2.263682831760711
2.7691466835507392
3.3947121292449975
2.334156831964331
1.719665261583231
2.0417980092902686
3.0645093652255233
2.2305585326658828
1.4937312426647298
2.505661162153039
3.2779297942540353
3.039592270252057
3.1728812400544726
3.1478297226172183
2.4707710604181545
0.5200310594014611
1.0562226445442588
0.010282963037767295
0.7492614508153579
1.5665210040054784
1.8473903894792167
1.8111189208922804
2.1999806390485683
3.2810935270273323
2.7621302637068608
3.375443694299554
4.292156645015381
3.624971903521317
3.564785501613184
3.124376727152829
3.1622036740199846
3.1351800526645666
2.2528854132655276
3.1175977534483175
4.069106377415989
3.3646916729261522
3.261505127971451
4.201933504435863
3.6546450977014784
4.220816178175813
4.693557640120323
4.798589292109022
6.096841629157609
5.813551263360032
3.6772653935538075
3.596542661181576
3.7458239170835133
3.9406973793175464
4.564948207591876
2.512283583901318
0.7821906333034563
1.0033477672774738
2.283940795039824
2.858730024546447
3.817777771012687
3.5660495204722933
3.884761439332894
3.0165441870383636
2.46781736712865
2.1329961347214086
1.3716798291536323
0.8145204233035276
0.2023687268303937
0.40376630122493584
0.6615141829518818
1.1079340436960492
-0.15172585568336913
0.5901910374416834
-0.199230435624924
0.4120345166645753
1.1910885484572626
1.6209965437266076
1.3390649468081488
-0.6059158278568545
-1.5842120310185501
-3.821919989206882
-2.6098901316859555
-3.9664666257920946
-2.3486938065662817
-1.4293210488344743
-2.551547877651247
-1.32549342104562
0.04583923782616817
1.032039888188232
1.3300412859225292
0.42302000536853146
2.3554425226459004
1.7102959837806644
2.571229419812758
2.957681168870163
2.1179387356063906
2.5438512602159107
2.963568213790262
3.1203224445210105
3.4341923389824953
4.480865903871004
4.769986113480112
6.735290195214304
5.726440741377317
5.428037289531763
5.159051599659464
4.95056990916696
4.982720598785131
4.841652039514192
4.818713905437267
6.2580849152738205
5.292545512387934
3.482189256564209
1.504548438351822
2.709730126140137
1.8818009821060493
1.4292450735164153
0.21269819336279727
-1.0798938921577819
-3.7069556152448717
-3.5428935044492396
-5.363865794502544
-4.7914998188517135
-4.922180209191614
-4.676576182002136
-5.055654619225721
-4.931827006224997
-4.2618324221843
-3.6926313789915
-2.444216629995215
-2.560282966080783
-2.9390501019491673
-1.218094862456339
-1.8170085920940837
-0.9286048716805002
-1.3016859558887768
-0.9366245388573351
-1.2420270034916003
-1.1335184409819705
0.2930267247157487
-0.8350269248317248
-3.2810074244116487
-3.442993805247845
-3.690590196623244
-3.413924592961887
-2.095775109151597
-1.5127905224142788
-1.0330404578712153
-0.48090996511754114
-0.2848231274839695
-0.09888365814451712
-0.33457560291966315
-0.1477941134204989
0.14390537451090776
-0.9176791128175031
-0.7052962655177956
-1.5043764522826737
-2.3840320788136045
-0.9866111427705564
-1.1458229569617686
-0.1857641038358791
-0.14760247096484724
-1.5735644339417556
-1.702707391490822
-1.9838155901031678
-1.0696736184621858
-0.09830395460035807
-0.1633134035474912
1.2233029063883147
1.7408427358870717
2.4825527253341666
2.6610825224285377
2.45837876209858
1.566234650654067
1.863018800084478
2.0482973235026525
1.7424767339801217
0.462052653409419
-0.3491066884107722
-0.05266556731790961
1.060702970940187
-0.14534010556012822
0.8956105878263536
0.5485884120594424
0.9110115303816932
2.8175464224072706
1.5628826055301608
1.9069146073226177
1.560628613043485
1.9824726697416857
2.783033899524483
3.605431684248375
3.022676600616603
3.0214336896138114
2.8218316783738935
1.6839309771004523
2.9299317201242885
2.9020943925347
0.8217880571726637
-1.0738067923807981
-1.839918694862505
-3.7105714302906914
-4.622037862267561
-5.77694311310402
-5.570371345260673
-5.766591474141953
-4.217837770392726
-4.025315448123186
-3.0742040096619254
-4.147348481672481
-1.4322891050290691
-0.7777270644528563
-1.7505856693134285
-0.5657144874835881
-0.0019381081109792787
-1.1369117968220543
-3.142709833747902
-3.204865164285993
-4.164633875362853
-5.942780017351397
-5.144318822677327
-4.97550951954288
-4.7574174051238405
-4.39742603063699
-5.715450850101865
-5.591184071819215
-5.182158166083417
-4.329226283603732
-4.632216039842212
-4.416834591703048
-3.263856459963356
-3.6170105843814677
-1.5841236076335083
-2.1410535350046644
-3.280799840364183
-4.275130590657385
-4.027594046566971
-3.1429576996917787
-3.321573276860078
-3.256016007888539
-3.6149873789577973
-2.9932370629384457
-1.0065728674122083
0.5070740928946675
-1.2790375006899073
-1.6092726666029518
-2.378612801693236
-2.151739985442112
-0.7364150767069534
0.34607247617185194
-0.7180853550811209
-0.5764032340230604
-0.33901235770570454
-0.026973822048939416
-1.3042561389376488
-1.7233349558786006
-2.7729699172680595
-2.1882422504677925
-1.3217566318627645
-0.9826341833463377
-2.383737461780193
-3.4304151603959716
-3.6921738786520186
-4.220568103098044
-3.963998128178539
-1.422222576303967
-0.45110560493415924
-0.7950911276958413
-0.10253038895457542
-0.7761903295779796
-0.7546563517535313
-1.8521907069076495
-2.186647903386581
-3.3595530254984474
-2.082596265281894
-1.8039614632540337
-3.469983127487774
-3.128437927036401
-1.6689145952527116
-1.7472267653588984
-2.496010921216297
-2.512081104425195
-4.608441861151382
-5.057121019675872
-4.2481375703355
-3.9508547927940874
-4.870990512497311
-6.016887678654033
-4.345826149454923
-3.8586278253451654
-3.846495439806631
-3.3742419050804915
-3.743064537140865
-4.929035446321365
-4.486417716127907
-6.191895281478616
-6.628634313952595
-6.264109591077779
-4.7068992464073895
-4.611933584398863
-5.5450248938273585
-6.553611044286919
-8.049525207820253
-7.776387512515759
-6.797921740613322
-6.65241013680663
-6.9835773081361445
-8.696942634167057
-7.846948820057687
-6.21226823965245
-5.108308062728942
-5.526666569730913
-4.350211006284376
-5.755325560749291
-3.8214402145654986
-1.1321120802702525
-0.917407643679559
-1.8363277646027294
-1.1715321123403082
-1.5320426848899875
-1.4648705767765473
-1.523480105339748
-1.2789847196990778
-2.4418245789608353
-1.5355283469362346
-2.5122310992217827
-1.1443706956633308
-0.5387050953254701
-0.7299362198731628
-0.6801524947789062
-0.4948289074880514
-0.1928504046960359
0.28855618091031277
-0.7266720539604363
-0.6500948927949961
-1.008187406537077
-1.423054452075934
-1.088340015634194
-0.47522072032960977
-1.054950357748595
0.9794208873617648
0.25895803226807235
2.102202106591983
2.6427030863690817
3.534123295183038
3.951647566101184
1.7511275353263944
2.4834476999340738
2.964868581066374
2.4753485612576878
3.357901639592018
2.4817669797008755
1.8002155890714133
1.6884358858545678
0.24821986821275288
-0.030781449430703794
0.4861748077207131
0.6333111944903859
-0.11112840726146005
0.29365137156634274
2.9206895855683954
1.6435224554678414
2.357671863323621
2.025274449292381
1.3143297002892158
1.2668433606780152
3.0741217493545876
3.3292222455289697
2.4432211375703408
2.187348957363943
0.5148184547886036
1.6149518717953542
2.886280395355734
2.5494308809816646
2.217799438890681
2.4946500309477493
1.4820291394352707
3.721328993943036
3.1203535345748135
4.151298797952415
4.505821922977573
4.703981264021915
4.9489883153899195
3.5513418409694384
4.387741086308922
3.6968292902642266
3.390513626601557
2.29683800095337
2.3398830424631374
1.5751506554493226
1.7016814132678126
0.31485165692945527
0.22080547183083787
1.8087319156372306
3.0518784428167107
3.667675563386984
2.2988742873174255
1.402531247587278
1.2177086993236452
1.7069245800684714
1.442503380177215
0.6812729326812877
1.2022001415679
0.5075200615434408
-0.12363530352061777
-0.3263658632589213
-0.14388548009495597
-0.9118590143659536
0.18543254315646507
0.8962110862560106
-0.9360146879166503
-0.7106130791322723
-0.7154627478458655
-2.3967083465261894
-1.8661291902661592
-0.9494943530418711
-0.16740840844064175
0.4826215975975284
1.915927046991059
1.804481951458396
3.0834559124345815
1.7572082479258884
1.4922977928245365
2.309211711869564
3.1923195118365575
4.203879526170925
2.6935781985478378
2.575951871336653
2.6718767986207457
1.9770836511598755
1.3399377594389756
0.7098816578060337
1.1451487079142344
0.539022012126878
1.8864583331320162
1.371123251933777
1.4174129549400762
0.8744004281932147
3.3230211902302287
1.857543190385437
2.9267633426635453
3.653826186694677
3.7776636161650323
3.874399901048791
4.1965174290924105
4.256573978615566
4.798895107705811
5.9245295931124495
5.70057438676093
4.446327958598957
3.2282499992668554
2.7365575155590594
2.3662943106648453
1.6373579478223939
2.4681262444702057
2.8579686637369957
1.5739987614251065
0.8482472487097136
0.20717099458594318
0.35998544163123336
0.46935215435790484
1.6457560885848643
2.1839223926814535
2.2768966124987093
4.621810325538874
4.639059144192308
5.030778273538773
4.76272331600257
3.835768075939705
3.314772559867913
4.042309058173118
1.8271065125920118
0.4109921969571888
0.12656563990922962
-0.18611865517896767
-0.5863256431032877
-0.22462725560028046
0.22468522545880723
1.322616344440309
2.4530454641180532
1.182434116127922
1.7586137903377377
4.418435609885903
2.966436288358521
2.924314992001265
3.3108453204008006
3.4309186685160284
2.577749593105465
2.71774399118008
2.921507615728158
4.255165522352616
3.15535795215981
4.2724567564588725
1.8447945539992514
1.5568295077700627
1.049432645256392
1.3762999541166165
3.1448592354145406
2.1666380390884554
1.3705405916237752
0.5512959616788555
1.2984938508529447
1.9941438941194414
1.380963341393896
0.6150848325020462
1.525482938810092
2.6728823341218666
1.8545890305156956
1.6691725948216343
0.4082931759483963
1.9201892954924202
1.2382471488927183
2.223328448284271
1.8319434060968518
2.0207516223902213
1.5553666244622764
2.677138620530311
2.8762772424738507
2.9522193166011665
3.533828010125554
3.0666041430519058
4.273539251354687
4.544931259443193
5.104658860918989
4.596423341712923
4.948987886902342
3.8214177826534304
4.568702046890098
5.740450787492542
5.525597084276127
5.1697115621201615
4.7344305377079134
5.357869457434494
4.277249556296618
2.614570468956412
2.4400962488136866
4.264125151491158
3.748614917011974
4.230583830774998
3.976357296151465
3.2644085824876927
2.79768575959679
2.4562002649025083
2.946440935547279
3.4282707810151014
2.899323797323279
3.805971705647043
3.3354463008547834
3.0132143091065977
3.6194443111172365
3.899389080927165
4.04262994237132
3.2079301065986914
2.111649372159534
2.669408123393328
1.2301364280868132
1.4614729702247913
1.3850187694672782
1.22740050404807
-0.9340683745294037
-1.1617995101167946
-0.2713710405827205
0.5815521252045652
-1.4338155302727036
0.4846906861701662
0.6341171731046762
-0.17465957712805028
1.424402811439653
1.2126885140011572
0.5216012391709305
0.46396816524919976
1.9618550266540347
2.17287304176471
1.1319849085747535
0.716101270047403
0.03341923801208617
-0.5031838793057178
0.8926679681943513
0.6968426096401383
-1.0083479724631075
-0.6392870375066033
1.2087945948184935
1.084845726939083
-0.06089194004744812
1.9834710510657125
1.7344200309962685
1.244512477567247
2.3530596564978556
2.0853646733476396
1.8894047913477037
3.0977179901382685
2.1398951603178578
3.290893029632149
4.099425307139096
5.53338453641513
5.425976427975613
3.2822491625877097
2.6281382154251105
2.2472573174968553
0.43537122156373087
0.259566461011749
1.139505604045553
0.9290802312022242
0.29138833740701814
-1.0516841348961563
-0.940142772656284
-0.7533192842259557
-0.4025434120859245
-1.0297738069324947
-1.9423873825406512
-0.685425739562512
-0.3578614544189816
-1.6299687488704748
-3.2126754781577356
-4.354007166341895
-5.28967944898299
-6.124400740265306
-6.327538485670826
-6.026530736912848
-5.770583914291008
-6.242020808364384
-5.367740751595403
-6.112776513454727
-5.3083715039855734
-6.12688808339898
-5.222869960882319
-4.062816899825899
-3.2540108284543914
-2.1757359324510297
-1.8149765249591778
-2.834843871098712
-2.13545158257353
-0.7840064031373143
-0.36865983139328884
-0.2804085241755844
-1.5942404046152483
0.1687447383640898
1.4198816746322387
1.5291890733737605
1.2905380391891688
1.4736706929410583
0.9169829577145863
1.4120867654059346
1.1681909721756325
1.7287180552679182
0.6749679586254089
-0.11751155894033974
0.438179364783483
0.851503804790499
0.2941850800440164
2.3245008290285814
2.9914506980289497
2.521962179546259
0.8223736196873197
-0.49794088272784354
-0.2788646254395916
-0.529207927313726
0.009045271581603481
-0.8350105411764807
-2.3088596095613974
-2.5528126330422833
-2.4831507773594286
-1.3113157040671384
-0.4967264916679059
0.510947712447343
1.7704477041269824
1.5933861652192998
0.5764765436087702
-0.706307992217661
-0.5170545933933376
0.42454894030198276
0.36894673995909233
-1.583372661534117
-0.7751225702786253
-0.44424344224979273
-1.5529634995922699
-1.4483017166532928
-0.5429123208514407
-0.6537863084844716
-1.1209498915412903
0.7774714828495228
1.2678185905605641
1.0638056685033772
0.8319267445247769
1.9270513044901203
2.526103000508637
3.868403094735356
3.383223036187569
3.8522175826093124
3.2296473042994442
3.3788168203316906
3.9056093101754845
4.192229273753667
5.972937845165237
4.913489818159085
5.879060796768456
5.213284407754381
3.7652675502994764
1.3241749345389022
2.5124451109786503
1.4607291108530605
2.404547897900414
2.2160513549929006
1.7525702204758273
0.9485095092727905
-0.9808041044471377
-0.024612224596970933
0.25155364058651103
1.111099285046632
0.5711479616294928
0.3901309331937633
-0.3676369597113938
-1.1908866178676352
-1.7099840440537533
-2.020719754241304
-1.295577026464689
-1.5836152400408576
-0.009694251732183648
-0.7429919846697702
-0.45097961089562805
-0.4603906005851105
0.5682924940606644
1.7515372362375068
1.97735738421075
1.90472684132158
2.1682761896855762
1.3059637335281378
2.1964273882968435
2.206402723790802
2.705469327542569
0.909940442218408
1.9183068344446346
1.0992417174625857
2.4015734948028036
3.74529056326361
4.757889790925805
5.039574615363176
4.0956674430157625
4.830257694371772
3.933964797459649
4.431809706445118
3.9288305642876975
4.522795231005491
3.4068371411334595
2.264797965264992
2.7288562462561154
2.6967842760181364
3.4225395437495925
3.505696216567085
4.223572141327467
3.1658299188276104
2.189701704951368
2.0152483331554754
1.7216789976404256
1.8169193809646569
0.9763258273187414
-0.8201142838622568
-0.991853996392849
-1.7539868177830027
-2.1668579556091174
-1.6719627652788125
-1.5571657849434861
-1.4927880088251622
-0.42679997678575365
1.09408992854446
1.254187993154538
2.1460990466293235
1.6563107147789509
2.7842340833591406
1.336785694483461
1.8471522913824576
0.22143814555620256
-0.6619276775192199
-2.47947242784868
-2.5816679155117526
-4.423819100724684
-4.4036210575463945
-3.715589250367994
-4.657897911844634
-4.48137882200904
-6.2995772985121885
-7.045316020711464
-6.8955620595725176
-5.490469187419702
-7.095585595351012
-7.565277441597047
-5.577186909877069
-5.139734838697114
-5.239550141574391
-5.072134626705334
-4.667711852443431
-2.871470500311531
-2.9187252417719964
-2.6857934106011108
-2.6061805649678313
-2.86083572971397
-2.3390929447667603
-2.7344722023921273
-1.0245792485414875
-0.7219963017045001
-1.8504376646104979
-1.3261876995974204
-0.40720715733742874
-1.0699872019076546
-0.6640906076926983
-1.2810990144957124
-0.20129807982021472
-0.9802190330439334
-1.6912332812949245
-2.279343199018081
0.8668628827600154
0.3925559316661003
0.5374342048314446
-0.04071704244820229
-1.4396808497749727
-3.2572574630864457
-3.2221936595094083
-1.8172621484433105
-0.9682077623828838
-1.4782035166461234
-1.9401191905811754
-1.6258882665288785
-1.0743366400225036
-2.7676360890737888
-2.7849359445974633
-3.078961444238122
-3.774891259327221
-2.93480927385386
-2.8494034584114787
-3.0750173787814745
-3.251274902888546
-3.214726038671563
-4.26235785166974
-2.243445631510158
-1.8844103713827016
-0.8811814063606199
-0.5909166879661498
0.23471219844141805
-0.23343784648701643
0.3261808252147495
0.2492591239768847
-0.15875085111492993
0.613956609549538
1.5800628690792795
1.9070110977014376
2.862103260552125
2.93468946006543
1.7748157603436532
1.0830732763594932
0.7583239294945663
0.7811501493011336
-0.2286203135448469
-2.093363011394794
-1.9971833951230242
-1.2796439499723316
-1.0011721804718237
0.2579007799683771
-0.680627470808336
0.20023044180597535
0.2518879190483644
0.3270789637928448
1.0510389155083013
1.1488996543259282
1.4788045005811623
1.50624816797492
1.4912375244548663
2.688791483034088
3.166464150128435
2.8137962217955472
2.6344996926760147
1.251969811565722
0.8278360701601176
0.990211871938659
0.8434263255336356
1.3538520781841517
3.263166095351552
2.9758490454816364
3.976457108424781
3.338707072656868
3.293129214594686
4.945521690449099
3.5755871354451894
3.8685721625358833
6.5811232186339375
5.36628648304698
4.700500232467362
4.4937916562436735
3.7727959011425267
2.358515001748039
2.3836502195954323
1.3050004980749212
1.1933869216594948
1.7572349882050853
1.112555940018783
1.1520938591351708
0.860883850067059
0.8267189223833239
0.0851823378525369
-0.28795775858841466
0.4437300746066807
-0.9195492431772085
-2.6977551424831385
-4.476405051750992
-4.256153384456207
-4.049812625144341
-3.7917100815334974
-4.636725997909996
-3.4514857646856707
-3.245431371147864
-3.803980147020821
-3.4214777631140607
-2.05099881529139
-1.0798186623204025
-0.1900882831117422
-0.5510658304673558
-0.49126937787974057
-2.630596291273604
-1.7304540410684728
-1.7032697624498787
-1.3344798814390493
0.4178455779828157
2.0772980445940665
2.2512413389902757
1.9426521803920451
2.7110137687594276
4.094769945755998
4.131325829303266
3.3193858419976845
3.6017293636187886
2.0996435329525815
1.7500865656447115
2.1692585783135243
2.2986753838288854
1.8060816079140807
1.5374066853851527
1.9024457759274542
2.2492618679995826
2.479062808695186
2.473919291773334
1.7269983974150223
1.9774324888957115
2.0832580834496737
1.18536405528182
0.8580476250085494
0.29384692153822867
-0.21844460818987535
-0.35547265034310344
-0.23480815449100526
0.18920243620049226
0.03156245427372753
0.3680427042272801
-0.3679851950927333
1.3389926655923299
3.8762691977164723
5.050330681813779
5.423369824949866
4.311967227723565
2.974625705634009
1.5665801061583928
1.7798711388924482
1.4831659118093903
1.018595773458838
-0.5756420752935918
-0.2442283779479593
-0.6827313758306334
-0.4008765976847185
-2.2481860873422996
-2.4956985058922405
-3.0441437862126075
-2.7904655024597984
-3.0467058217542458
-2.52467978019761
-1.129581312133495
-1.068164151277873
-1.0203765272451764
0.2944828224468196
0.6153029832449773
0.5057077537436372
0.411785367451172
2.106499798534962
2.7243100501519497
5.337860727162228
4.988568859327465
5.549788715303513
5.311776249493272
6.036982672787245
5.947515248879623
7.54248665563079
7.624007049773683
8.086989432559735
8.257065239183595
7.907941062979484
8.96777213341118
7.3432885407758155
7.239438115265542
8.143461216224841
8.20343290123593
6.966021413275548
5.623327999892124
4.011866995673023
3.743237419174194
2.413783776893632
1.060718089576855
0.20264536658371946
0.05066454770616881
-0.5500741331046445
-1.0883728992128243
-1.5831501498155833
-1.798927892388713
-1.690472576606306
-0.8093123073549648
-1.3454443799314062
-2.48573468733731
-1.7746676270982056
-3.183934242944229
-3.5954105666678755
-4.5381672500058245
-4.879484694494221
-3.793922049662656
-4.359620961172181
-6.079787111954556
-4.9309558409615875
-4.474852066607732
-5.669908030097893
-4.819985819432139
-5.6637627604562795
-6.187751619166195
-6.587727451637032
-6.513674871448315
-6.534431604130975
-5.652864850775696
-6.4802132135877395
-5.8924674614420365
-4.486371336441297
-4.376883938095717
-4.784068209441666
-3.648713139238626
-2.2149497185759994
-1.465421743420417
0.260500284928343
3.5460029146480796
2.78968315258084
1.6692565929672487
0.9397565134629509
-0.8554821758551262
-0.5956848748548994
-1.9095644666790217
-1.9251830735620146
-0.6672587985438732
-2.0599201511378644
-2.9256764494056613
-3.545338487298685
-4.230193007054782
-3.8417377261182937
-2.0028395828968213
-1.6941097722471135
-1.5956688514583823
-0.9992065461814157
-1.8740515716363324
-2.4442717712145514
-2.192879160700702
-2.2692466594247436
-0.3836234131922287
-0.24151616675300863
-0.04606864688999567
-2.270431387448302
-1.5735598721052557
-2.5629158698646624
-1.9109827184043262
0.3809870718652288
-0.4106756605854227
0.2307713512925209
-2.151327714393351
-2.8990764145455836
-2.463102933447993
-3.1110236220503755
-3.5243875446139374
-4.077606491709999
-3.1709643961008247
-2.237333410617603
-2.400894456340652
-1.718119920317977
-1.696423475396352
-2.2901439458574337
-1.680004804430996
0.4736105045646763
-0.6617265701428033
0.2538248982824632
-0.7268058623613076
-1.1385208166509497
-0.9576880013706145
-1.4778317851135092
-1.581852982532061
-1.3666605219992018
-2.625708944896337
-2.623375339529252
-2.0086424572479475
-1.1156914747484208
-1.7893113890229684
0.050978350783072064
0.9177886170222173
0.16935312647151482
-1.6870178923533488
-1.0753218355625311
0.24003038784889025
-1.2797444825194042
-1.2610440224680906
-0.6309309686992023
-0.6998584708513566
-0.7279815330910413
0.15646823424051998
0.45928360832977877
-0.8015217603226503
-1.4471562414782944
-1.9528053307256625
-0.5915243779493153
-0.7614955394057888
-1.6221756990267377
-2.135711251916077
0.2697882052920775
0.5217041709056722
2.6735975098723745
2.578118877317294
2.6560622129049523
3.8755300906076156
4.335707859269723
4.519809533218267
2.3095582665538688
3.886376327592224
2.6180492026917057
2.799788735910991
4.089334346261995
3.6821400434939644
1.974022737948807
0.11292829102610613
0.041181122512674834
0.5653027260306804
1.3309771798243797
2.772590834273683
2.635608498023896
2.8460909236787804
2.4023124572280867
1.7996695492780608
0.8531980493989333
0.6134573010825972
2.0315339235841985
0.800751633144363
1.5196338247881054
0.042236592806339915
-0.45369496215301935
0.21856863689215747
2.339991597482031
1.8365252223663173
2.3007026541473374
2.3327874603497394
3.087648527284468
3.2848839349140233
2.8950150582340823
3.6606899173071064
4.203678995072288
3.8867991983037333
5.8682058518829505
4.495693532104879
3.585163005623782
2.20340521121102
2.657728081591936
2.2210700190199217
1.5514986177369536
0.30113797531579806
-0.5788280303975403
-1.1356875509162738
-2.5016870187964892
-2.5602363424078396
-3.680264675638352
-2.4265310517196124
-2.797037783351435
-3.2260678902975832
-2.38834749106157
-2.224535806091236
-1.5166130344019175
-0.8405704830414077
-0.9809621828094895
-1.6315104510841638
-1.858111126213427
-2.4120198526670062
-2.5057240083884236
-1.6221775460994665
-1.6054901791641776
-3.1873243592575333
-3.066735242603769
-3.0592349711643783
-3.1623768931091862
-3.6206244091067394
-4.215370407525709
-4.3907787162343315
-5.907172132084735
-4.334995761200661
-3.3883958118389255
-4.264759885108001
-5.968561042722161
-6.469238379098939
-5.776446175905009
-5.144598702397446
-5.024217772078461
-6.768323121968632
-4.835753197849472
-5.398344503462136
-5.822287660054546
-5.093033998398498
-6.045595990587227
-6.853502402989162
-6.192106700081829
-5.661984142974523
-4.983425435965386
-4.387035333460819
-4.118696498791446
-3.9058601293876576
-3.9835150308798717
-4.994383090393595
-5.438045955563158
-5.812621174448311
-7.040752595756022
-7.110414874515467
-5.371338678802644
-4.731547048735382
-3.073727470040181
-1.5297635321545928
-1.6683058371673236
-1.0436969686491488
-0.7759797264981367
-0.3403790982225646
-2.2508842804596068
-2.533814782058079
-1.8985295067505552
-1.5970720199034387
-1.971131979025557
-2.4565689248709157
-4.113868498854207
-4.819047127695123
-5.602704726762919
-4.978441444131756
-4.659491703332525
-5.546052945913323
-4.61041021100861
-3.456835039199268
-3.90676865034929
-3.6423913748778327
-2.71622430378412
-3.5313368916962538
-2.572465755528176
-3.306495050449141
-3.0292937327403098
-2.3289979784708943
-2.0514426937631236
-2.4586152136789345
-4.229196479470096
-4.338461655259448
-3.416282531592277
-3.720089605980949
-3.71360244515103
-2.194006695392861
-2.9675990521179028
-3.4057015009801277
-4.010708517622353
-4.7642133100532735
-4.639563725474212
-4.270360825596671
-3.415411622920798
-4.654919603902246
-4.640244043215763
-3.9818682408138537
-4.805473219871704
-5.725658840306211
-6.408772525422105
-6.1681510189566655
-5.476851423853298
-5.266395312450219
-5.681189934039838
-4.579463213686467
-4.988905449389424
-4.707130595190768
-3.1130134501893125
-3.7065925225028162
-4.561277258518197
-6.7391238135189635
-6.146921917183252
-6.022875458411081
-5.442048512937869
-4.6397759162149015
-4.832274967888367
-4.4055684869346345
-2.979179213303637
-2.1334287065369075
-3.6047405083223194
-5.558937791994637
-5.478143445323919
-4.269307694827781
-3.116826573484755
-2.0634616715315315
-2.1580185266253897
-2.9300558822641882
-3.1470940925409363
-2.9386035775846637
-1.99977625562669
-1.197710580075705
-0.5434953743154596
0.3585273773646005
-0.30336908900065307
-0.4246153049460951
0.8586210130854056
0.7216639370883455
0.8465389007074132
1.3422033207272668
1.938048540355603
2.0934816038551527
1.3685492859221862
1.9870508543909036
2.129062018417572
2.7156011956836363
2.733984588043419
2.573508510877381
3.921785616385592
2.865126907141394
2.053981121037033
2.9577309780876595
2.495785539497065
3.123857304599345
3.0309216498663187
1.8431835903520983
2.7868359316122184
0.9287419593262887
0.6056609759289471
1.2004650223538331
1.6025471562748026
1.665805072078603
2.4524800758527476
0.09830609181453763
-0.15954662768037273
1.2572558520972
1.569108810593272
1.2395917609981104
-0.4692969710341784
-1.0493948559305752
0.6445812494655033
1.4075227865218485
1.5579774599505958
0.6906014483676199
0.43825213770629423
-0.06331187230489933
0.16272392490959603
0.10220431816395092
0.42909755713713077
0.0279609420746183
-0.5447312895478708
-0.013525843092893036
-0.5440317359244488
-0.8759833253866387
-1.640282978016896
-2.369255801493284
-0.3234470599605447
-1.529711662393958
-1.94662203920635
-1.4878848249745653
-1.1537938595413928
-1.2104598338453705
-1.269067074381763
-3.004190416615224
-2.1962884639947027
-1.1515383574454439
-1.5576646323389471
-1.7107368430663494
-1.6209428045176668
-1.5969148348188225
-1.5685004392200053
-0.0834978604980415
-0.6943399671921675
-1.3354475478704957
0.10569366483392978
0.3237071131890955
0.3514105970249242
1.1383575117207658
1.2111798208482671
-0.01633897455983757
-0.24222309589828944
0.7221775097562578
1.9611071901117259
1.9265858196609904
1.2265041517779018
2.374450595665355
1.5499695643179692
0.7393683813466108
0.5259368193244062
1.046063327983863
2.5479257438768608
2.8908998493926283
3.410376970755011
3.3257071334203028
2.3889774985970123
3.128205599529204
2.1181172570279525
1.1151722891326925
1.3168075764337432
1.329649894604562
0.332837173654297
-1.2804858623565256
-2.3952272197272855
-5.051104846007207
-4.751385541374914
-4.8586184887183546
-4.889552682278096
-4.8660547055841805
-4.263815431319256
-3.8827331510619567
-1.6508912123089727
-0.7295006962718698
-0.36330177200520886
1.997584881967205
2.776799030972187
3.660378862838494
3.1022927374565903
3.350141582358537
2.6017239382482975
2.2003024424840847
-0.019969144171895145
0.8880882199388468
-0.7631088486051484
-1.2884985365713229
-0.9090288431108042
-3.8277104319774438
-3.1348166029521227
-1.5303196493445244
-1.177112424142277
-1.7354890056150925
-2.0216177773528727
-1.3282882261701356
-2.565481454701117
-1.2278002491640323
-1.3284258301111351
-2.18123598099342
-1.3680500035258885
-3.0049037213878163
-2.6046807084555756
-2.5861133813660175
-1.8802362747831245
-0.3584581271399868
1.6406045325386225
1.4724448171307425
0.7703577995536781
1.3628790034621985
0.6272683582112688
0.6592088592858955
0.4128144989011547
-0.6571946819140883
0.807597631217281
1.259935271808886
0.6416639296963187
1.3487967162080883
1.8617382794578432
2.955288580115873
3.3633158319086016
2.220328953246061
2.216412987241386
3.8031756231227902
2.9301240940037934
1.632526757145422
1.2369338330943123
1.013260226769791
1.082240839937779
0.4885858829672303
2.8893982237137052
1.514772257683213
0.36912441482032343
0.47112382188098306
0.8405206819757216
0.1933123550074109
0.1374065839759237
-1.7969824130648635
-2.013737501209743
-2.124853824700395
-0.4769342429724822
0.9065654354640861
1.035523727759547
1.92167911450107
0.848192965384437
1.7116747738861076
0.3961494368108987
1.7508001382925042
2.3634017836718146
0.9235400850137974
1.4516489575066323
2.5456713341945636
2.7503108578254927
2.375843541136581
0.6563120171964659
0.9653245747912916
0.349219814355275
0.21556576907418223
-0.29473245649803803
-1.3240359787070486
-2.6763537699759383
-1.1291219738928302
-0.5854825440631696
-1.5202940071068727
-0.7854025725869084
-1.513637079955185
-1.446527785363197
-0.8272331500645682
-1.1734994569784214
-0.2723182829793156
-0.8205613991165597
-1.418558710172147
-2.075435452056656
-2.480322043962382
-3.7794374478635833
-3.684152976717456
-3.887677872711257
-2.894344706806154
-2.0684162637712635
-0.7368619106482597
-0.6926009967984325
-0.5061979397849925
-1.016503132293385
-1.9165599503947306
-2.253213048157497
-3.2393185680406584
-2.4395950587547133
-3.8591105595896242
-3.9367733129526945
-3.3864190677002473
-2.7219798630330856
-1.7702766146623843
-3.9709151923471113
-3.5814165988713618
-1.8115218217828102
-1.8437166767831803
-1.8029557137547056
-1.807771367036428
-2.9704008012005696
-4.245367731045084
-4.030827718791977
-3.9213530840291506
-5.854212187544601
-5.902472271689865
-5.219606946589644
-5.788725883905014
-5.851806020780854
-6.59774840278452
-7.382775347507824
-7.7242822089319
-7.413401444456705
-5.176191461089907
-6.310399516986551
-6.211423721019978
-6.172299036488035
-5.236459113384554
-4.237843386505292
-4.713264084735466
-4.241356985124869
-3.4987592926098907
-3.608940063387908
-6.002700048437387
-6.741295086000792
-5.424568037982974
-5.685011622765301
-3.268618773022748
-1.2117003763999223
0.8359839689101712
1.8734581530857528
0.511936129526519
-1.286830591572571
-0.4140254338763685
-1.3975908997570723
-0.778612815840978
-0.009949925503499907
0.9481731904904888
-0.04827626126416201
0.35112779841122366
-1.7629801645945398
-4.4935489996964755
-4.393900755424426
-3.3375321174846286
-4.499548750499978
-6.383060084389303
-6.080932728750191
-5.765056921736595
-5.5096715547229405
-6.119954579803611
-5.98829319842546
-6.170457824236283
-3.9326582419616294
-4.007353175825742
-3.709124529797019
-2.564641393418461
-2.504537968168142
-0.6354347669040523
-0.8149011776978442
-1.300385864620384
-2.374311005893115
-0.1871525671151884
0.020269600178528524
1.0393368903843394
3.174639491934939
1.265571592520443
2.2758740506706876
1.215459675768809
0.7799113872546654
0.6786379921523727
-0.3330441952845129
0.012905285197921279
-0.4438484194854835
-0.1533469452977606
0.5689550819814838
2.136805526866568
0.42894356441868436
-0.5386293461074675
0.42061648088224624
1.3328278722113511
1.373004245981355
2.489218160407307
3.3276390644090448
1.1333178727017328
1.400122901365732
2.2572921636229872
3.731066014316461
3.581418074772693
2.2980516970876343
2.9781545905796403
2.9891899211644435
2.683006865875501
1.0678505083390437
0.9189130723891858
0.4105362806630345
0.48800981243821534
0.42136797962818107
2.3676952814746643
1.8796229445052017
1.9710448616100282
2.4667562315703213
1.5093845406006505
-0.186352702990552
-0.8348752208563914
0.5849085028650223
-0.697357544144435
-0.032804162031994766
0.8204194130341317
1.4887090127854572
1.7525199426397
0.9094744421558919
1.690207063513384
1.2408680016388598
1.9039657341665488
2.219341859733015
4.249381402616468
3.631539972194328
4.203794020111776
3.5149554646324677
2.4290892114607208
1.611197973403773
1.581280479438061
3.1198248276409735
2.695345807554308
2.106988115443505
2.6363331777827845
3.0987189087762452
2.6690401889027564
1.7041385621924823
2.661805862135943
2.775145643548493
2.5921664040738537
1.364207908184854
2.1849338162103416
3.0601747101597474
3.6031447445797724
3.094519976939418
3.6231614454758354
3.4705722659093134
3.2037390247636597
3.564172354173065
4.811391618516833
4.895731071619398
3.5761302573940323
4.147896373314576
3.4197227369948435
4.300308720788701
4.678101851555222
3.6590637299610966
4.825554567806429
4.639745013309256
6.992577800687451
8.193024266686006
5.894055535353186
5.844504687984748
6.765016546185799
6.038577119548866
6.683776848292132
6.8780704921436495
7.090899288996258
7.62893478207451
6.846601577694024
7.098952601649192
7.196315337074751
8.276160741389624
7.283483170653685
6.760559041020615
6.987236442644557
6.413306423544405
6.777361703906202
8.524818427923451
6.940708070350174
5.0779278354057995
5.926892680249476
5.12852793311889
3.62985808360574
2.8770053985171407
2.9335860623833714
2.830130841928134
2.481536037873132
1.1693667984071388
0.8325533888979653
1.1503368371756628
1.9478830004267798
2.392954780838015
1.2812168309442984
2.0698407544341935
1.302598361443884
1.3492214512325638
2.4254587621378803
2.474133841512286
2.7225478455419947
3.1635163233543744
3.804650301357681
4.535232672126536
4.628332292008639
4.545254767389344
3.9139996095901655
3.6875296166676557
2.7953812272682734
4.638934935227512
4.448544564241282
3.4754487110090753
2.997883700910288
1.632938214713798
1.8412197646270159
1.092298342528838
2.054960021947438
2.0836567915740383
2.397729309436603
1.4642443408703163
1.108978219358062
1.9294634272596192
2.9926676520878654
2.8316546987988276
2.82268019079377
1.7273172571339135
2.1439322465722888
3.18913700525113
3.2832846879142106
3.829520556343088
2.2565462875600786
2.3871160711149613
1.4644345602973918
2.606608248339364
2.7181289841547485
2.694909472341806
2.0861411662763345
3.0770518521445376
2.641350475729855
2.461771247101736
2.134543653360227
3.3908561848062995
2.908634972754736
1.7604229215986247
1.0416896972320941
1.4356245858473944
2.2845023905988087
1.3558812677311667
-0.3608723930499495
-1.8985935606811517
-2.213491030257564
-2.220066742713838
-2.637538633690741
-3.029874824849627
-4.034838434615217
-2.1267180014110973
-2.6205897830217353
-0.5202516048049829
-1.5346741292444042
-0.7714064261939354
-1.829637919518113
-2.331836146876033
-1.7429872005147171
-0.9865010214893882
0.16398708639119713
0.5340657469464635
0.5554377022435337
-0.6225352561369285
-1.1814551851480273
-0.8284475361512452
0.28447925015176173
0.8358838176566976
1.3077263354518076
3.1718190702260896
3.293005123927369
2.520325910657806
2.338124129521194
3.1114242010986035
5.295886018222671
6.327338165842207
6.109698213099049
7.120665777183926
6.448548853072186
6.529077856656474
6.575146708642521
7.3436026728442645
7.322715243005542
8.190737907934276
8.016756478920716
6.978690884055781
6.115516400243832
5.338198932803645
4.914726963410545
4.538459086516004
4.813867192941658
4.327887307339972
6.223974021457564
4.928764079594382
6.31853270939417
5.877777940559043
6.140188989265811
6.265702654697522
6.517909102691034
8.27328501367106
8.975958217221324
9.193780921264226
8.31148085590247
9.080995628286654
8.503615485539706
8.58736922394669
9.769106618191858
9.941971777900084
8.66818726327438
9.771547702419268
7.421270897896922
7.2399597374400715
6.673745498106759
5.833574914690544
6.441610711298008
6.938246024735502
5.330377177936669
2.9361795892066476
1.5781161244459216
1.0368101505997567
-0.3823285638152346
-0.4059879823424125
0.24917587362001015
1.8904340354392961
2.3144246569006435
1.9668722506534626
1.8467860358334338
0.8910474396181607
1.4943913283253532
1.8312995927764115
1.3508594501408748
-0.8597471745258253
-1.4761005851977282
-1.279572796370825
-1.4726778523819126
-1.2800648379029702
1.0065356130534593
2.3703967319190107
1.9680743744931322
2.3495230534216525
0.9771337409429117
2.213930263446865
2.729133037156556
2.7965176963654814
1.5181687676646556
2.445073747345288
1.8300121520888522
0.5247690188590313
2.2400649978501637
2.346096428661118
1.8925599754513047
1.0077324172135729
-0.909135615116748
-0.9469504850468309
0.4857539718042397
1.3484684743401758
2.4126548946993367
3.1874670212070826
2.619823308238773
4.513290847421631
2.905386090995538
4.181883903551392
4.063459873144845
3.2801816015840894
3.5061447698685835
3.5512708361341088
2.6744059984140964
3.3869860920626778
4.332414292260366
3.9486297774908565
3.8478234374542053
4.512329385217986
3.7457015032272913
3.0601265369644897
0.8199175373530415
0.5177145014634934
0.2527975595328946
0.7239282531476571
1.3466708917028136
1.2468126826584716
1.0210140466060211
-0.8453282213732678
-0.7697113393677233
-0.46790370467772824
0.8273879140587537
-0.23918268683259336
-0.42953911198828104
-0.4627809535229018
0.7030579082087612
1.4174256601062687
0.802040186402624
2.7626409791913566
4.400412731991734
4.552745153430024
4.890052077436399
4.456576221973588
4.459822036358966
3.5179228277710566
2.966833377079468
1.913250639151314
3.504107734495267
4.457882034921603
4.254494553879367
4.26883960563863
3.797960159354897
4.455620915633217
3.34557010223298
4.3033068927802685
4.293372796081439
3.9428540182615714
2.83193973463498
3.210049413112801
3.4035073694788847
2.183877258086919
1.2656911343965378
1.9109930154516257
0.74884099179912
0.7656336009770338
1.8256018285715665
3.0518783411307244
3.1746602378736446
3.7460938588151653
4.746937540678358
4.824613691914154
5.654420635970907
6.522007731675708
5.020143080472387
5.7649466049374976
5.717668603562031
4.5673648980077965
5.049192249177243
4.552993665553431
5.582800655882482
6.365894236174735
5.9497769607247575
6.502125794785219
4.533194887736832
2.8677970265634256
1.8619770494471042
1.7494479393208615
2.2927966410707037
4.1247822228998015
2.984224690388321
3.251883639457435
3.2869863977061047
3.1289318682249148
3.02090439270554
1.5778022926355288
2.1157961392587215
3.3547939298055107
3.770538312321932
4.207363447238118
5.716935666428206
6.306715624054984
6.429693336106023
5.812383056316926
6.354349924536421
7.069308990411387
6.067228378802158
6.646622912091653
5.812638675522394
6.663770843857896
8.269837144640787
7.853677676555418
8.139692627365218
9.87049325207115
9.984554755458475
10.540497533802498
9.937264162913483
8.587869407446428
9.085636157674836
8.317835660697536
8.476182997954036
8.360715122501421
6.789790793622715
5.336503220488379
5.136682062910387
3.9388825461105137
2.861442271211199
4.090254713274732
3.1406207657842318
2.876489196122457
3.703330325519897
3.1834885575295595
2.8798523039303894
1.876007817988505
-0.2264905029646045
-1.048961908292204
-0.10203784574216782
-1.575841202446794
-1.699905401366343
-2.2923754445305544
-1.9995953485220404
-2.8303649373019217
-2.0458984933761335
-2.710115347545442
-3.397173550784501
-2.6207856029508756
-3.236586735366433
-2.8703991718269886
-4.734935873883672
-4.690537045345555
-4.445409895952941
-4.759528716778071
-4.693209915133634
-5.757616037404558
-5.361593406818506
-6.491851754532758
-5.643462430111646
-5.3748334815136385
-5.848439258302095
-3.591301845829766
-4.664583862553941
-3.970999582818932
-2.991342410560102
-3.2466007930335565
-4.064077239896541
-3.52822723080458
-3.868703593384015
-4.13545773883878
-3.127881517010018
-3.53093830895283
-4.619726846529238
-4.102594985261787
-4.152810474392273
-5.843869151240884
-4.908852561493769
-3.601375369757121
-3.820629156391459
-4.008007561078736
-3.0444107142552084
-2.329428021077701
-3.5031324492871536
-4.220730323983053
-4.4983062281878565
-3.2858807392345097
-3.985077736006464
-6.305462560656982
-7.783419181537344
-7.30776948538338
-6.611582351442655
-6.047716773791606
-4.903484224860595
-4.437981297450611
-5.141684267173781
-7.02422612322278
-6.505835074787799
-6.39630495551813
-6.952905830627213
-6.8705854832314
-7.738285880503176
-8.468739631250553
-8.927747224140878
-8.28316212617199
-9.555218018233775
-9.324404654100697
-7.7530430404535915
-9.353585271279366
-9.97314886405002
-9.34131039202701
-8.883084449592019
-9.51894153895954
-8.793831496933578
-8.963859463429301
-7.498449739390877
-7.873875566950987
-8.120984259979164
-7.098924342187514
-5.8075037414977535
-5.068988150911084
-4.228210505261513
-2.90769935873157
-4.271145744325819
-3.253263940090077
-2.588040107341736
-1.3070052139057629
-1.6542892064029628
-2.0743353049366116
-2.5576214685422642
-1.577909494500895
-1.7452991486675664
-1.950755433810088
-3.0844982124998053
-2.6203126019528376
-0.924582098400978
-1.5479902085897985
-1.697765211614135
0.26796272810725424
-2.023674639701927
-2.4823404170807866
-0.991162646485617
0.6674573275975337
-0.7379387079042146
-0.06140639374582482
1.557792938833541
1.74775776413411
2.0504101570328186
1.6480641898041128
0.7113338739076673
0.14772915309949658
0.17518600948762508
1.4840918437358348
3.2770375386210175
1.4033529358532724
1.215189861202892
0.4768309354686132
2.445992660465915
2.8381421880357625
2.828365713020976
2.1083137703603816
1.8311139099096778
3.8213495689669257
2.9708368466369826
0.9924072048309827
2.0691165138475536
2.1428614461553805
1.9951741923189044
2.438973306602561
1.5839472085043322
0.9196315130805223
1.7108152800872782
0.5448550848605543
1.5031601597194904
0.3924639392271695
1.8786197625718262
3.5817531736924613
2.902071648891977
4.506945426428421
5.6201313223969525
4.033676590312722
2.3402449642023218
1.9458711474467247
2.8143006346941517
1.17684700745783
2.486274258356255
0.6814568068913837
1.367833053505613
2.558422899131009
3.709097826980039
3.7828555762971026
3.8913251392319004
3.447327877076343
3.124833042139563
4.253746028231888
3.015043607265982
3.5585757211073794
2.5333666878876264
2.1119448023434066
2.8065875179262747
3.121475016193227
1.6091728913094474
3.2656692873028637
2.5726987014769156
1.644867177429749
0.7532210965382785
1.6778525554829744
1.836926455689609
2.9799593942060723
3.163727969964788
2.1448379927476595
1.951495423363309
1.8117538442170056
3.188703048087375
2.279136760372621
1.2403028386903165
2.234128304514855
2.7263092162354567
1.0594243587914538
-0.1443337637273675
-0.8926886256940567
1.2468455570287185
2.398723405079044
1.3004907389754292
3.4208102975713564
1.8844219760224499
2.8951481984047756
4.050790330230505
4.455794529093968
4.722994444923248
5.561021823022473
5.848195097380198
5.731377099326048
5.888069368371321
4.483252978339934
4.380626965760142
4.0525384194429535
2.494182189420508
2.1595086991586356
2.234617966134367
2.58916738781254
1.378746849915656
1.1125460400588063
-0.061884175809226345
0.5223240386211556
0.7901049027570036
1.3816933475200819
0.8856998394213322
0.19038543999632623
-0.49360657521608053
-1.3876272046562346
-1.2001423510193248
-3.339670308837501
-4.691382877436883
-4.066179952106906
-3.8458759732457803
-3.7764019203721655
-2.7349924177903397
-3.2923269610080674
-5.013113500065419
-3.0098656704227285
-2.550978511942668
-3.1103211177484953
-2.046785356618877
-1.2071150383979368
0.7041560662657987
1.5647255802544475
1.262148184875152
0.572330542894055
2.7790993806244306
0.2691826453334454
0.32273982963458414
0.34294441255192437
1.0305573120862954
2.3521023220573527
1.9827071604046036
0.8789994696407101
-0.26132641833875736
0.22462749329611825
1.4034488066460837
2.233504057052724
4.6445320329098365
4.226007431286074
3.9270751599866354
2.4935433244586602
1.5785631282875585
1.3290308550019907
-0.10970445517876169
1.1529772307141524
0.3551334387388265
2.1665446005802753
3.2644015910030006
1.9199050459099414
0.7366599612538598
0.6121063297601299
0.5259125648840558
1.0757929572190044
0.1036874305206627
1.2146739725194453
1.8116650443303044
1.07745175075418
-0.6968681723414719
-2.332452117853897
-1.1678466908587721
-1.8127580838156732
-2.5262768533357773
-0.7638009849280862
-0.3342872133160064
-0.002023395046751489
0.15503740463387483
-0.5211178200662892
-0.3717355428323198
-0.4275923621409509
-0.9287636827333607
-1.6067100803464678
-3.175318818130858
-1.7267944118679808
-1.0673440029850547
-0.38059058896640413
0.6116272698680336
-0.015105186976120288
0.725027528908785
0.3027304424295879
-0.6114198296220271
-0.26044144526952895
0.3846602033294633
1.603009849216923
2.0189205334187545
0.37305200583897447
2.120162974799262
3.076343480495712
4.723139783845165
5.799494329819253
6.048941162588265
4.74368372126309
5.4469126684079985
4.733686188670489
5.011038083835555
3.7253024403021664
3.347146505175801
2.561154169840757
4.114573501975857
3.7259078195039255
2.011120108012955
1.1450905850757516
0.5369443891002712
1.5271543091922848
2.4792916160381138
3.569254154265118
4.612573747133091
4.658453844930584
5.2668442498171
4.351330354270676
6.569317219586457
7.455728831499138
8.297716863432957
7.631008597411212
6.88857802677027
6.353567318235547
6.199504617273704
7.079150692924
5.442875265591041
6.210051692644114
7.497665699623515
9.048657962386566
6.914092396660981
7.304751651875964
7.819079381463607
6.668912187487818
6.494928981070137
7.6789729165220875
8.48557017280441
7.6542541983078625
6.592469773455387
5.662945640567603
4.641640952975674
5.44062595480454
6.33192062209223
5.563662214765082
4.786830063596301
5.606786752805457
3.8296595982589694
5.58477935010834
6.053576607099928
5.755544754860937
5.955591597287372
4.527405433766383
3.79248304888623
4.324623465234946
5.277572944066333
4.93921315396079
5.598299598570822
6.0245328331493635
6.920385383298181
6.336443192812525
7.264064762973708
7.617911539919894
6.997435951337625
8.694150916284892
7.097407656837056
6.794529551203937
6.532059631754408
5.709625035019406
6.654986962652525
7.937244859170051
7.186180605499056
6.580523762643528
6.446617927421282
4.416123635537617
3.521869086041631
4.235122966052789
4.575357565842677
3.491353833996236
2.4273185598731004
3.397587549690327
1.5522225605028956
1.129958226865835
0.7935414294247659
0.7460425571057726
1.0747826314480764
-0.24469293739721854
-0.2578927867403922
0.17496129240515468
-1.2305112543720347
-1.2601836519324356
-1.4063564530901442
-1.972140685215417
-1.8857554736840987
-1.8069015253715195
-1.6015541726315188
-0.5115883060270958
-1.211024534461492
0.6290969731534497
1.3029056460922115
0.531289075362657
0.9197619464528872
0.857275283174742
1.0724111239585976
-1.256460718667599
-0.11047147317282632
-0.7877493505894078
0.23074882970066754
-0.8085883464131782
-0.02395225813450759
-0.1853131127645222
-0.45947646535107056
-1.2044873368557325
-1.1244324418884912
-2.2953125119174893
-5.018129097865841
-4.862923174958444
-5.015921745699435
-4.022269135479789
-2.827579635791272
-3.57513395414249
-2.141109132824992
-1.8550594823389663
-0.6544469874319414
1.5853618166017915
1.0883061223631225
-0.360284018289083
1.5137101359687228
2.8709574428649622
2.3143662663358273
2.9302784156123676
1.9257880646556258
1.5872951101007473
2.625472902637433
1.6509647203568822
1.7893762289186939
1.369432853506729
-0.03222846695080356
-0.40034827823673025
1.735467003780269
3.4317663060759407
1.712075557239161
2.010901032933669
0.725089707053564
-0.15927294759889307
-2.2069746580338623
0.12303394461782144
-0.7603959605866467
-0.6412630644384181
-0.8328714102193829
-0.050595104771542596
-0.5290048351854779
-1.2634922807113462
1.0061457428041967
1.1511274064963453
1.8308919725801747
1.522714737015923
3.2094919202859087
4.435098550125468
3.1581341069084505
4.063696942975549
4.59484212158278
6.86456997387417
7.633719080864983
5.80791092849176
4.771976397053373
5.68164992873096
7.147907858364296
8.301255912317432
9.288504592976128
9.598097350114474
9.220758796424052
8.990759163872898
7.2787326141768505
6.159753820620975
7.023224886063961
7.15249174980874
7.930607307736929
7.806276307178812
6.570965876988183
6.441738275164428
5.9949531456143506
6.485433826089842
6.900444350248141
7.570204881430147
5.155330275701328
3.4697647751883225
2.677842649626526
2.2434367791531966
2.7613534765532415
1.7969137518405962
2.4867992375309638
2.7577027565379386
2.121330041283587
2.3045959511668554
1.1460246701450305
1.5116712621722213
1.1088601257458877
2.3158728197516667
0.7286343414506674
1.105807243087838
1.1777281371533626
0.4017728801713875
0.9611338000077277
2.10795420793174
0.5244005833136134
0.2595031105726378
-0.23976423167601177
-0.0850543817846922
0.5364407373255626
0.45863656301101885
0.3030639846231
-1.0767003274234246
-2.7821314563724537
-2.9075719636031847
-0.9711393217342487
-1.8611582814480818
-2.573973452305205
-2.8772614498454816
-3.5503702209237744
-2.53600757016069
-1.6861358185225124
-2.746170214331675
-1.7557076518375605
-2.019882972019717
-2.022956735414211
-1.9944723749060063
-0.30352152672569643
-0.784616370384404
0.3627201934463048
-0.044045675986816295
1.4096391073721082
1.2153401851594587
2.139084152850141
1.472593928017269
2.1926444027895484
0.6842378287719878
-0.5610239066226822
-1.4958047849411051
-1.9374013175283902
-0.9031598804456736
-1.1696354263274993
-1.629583476507676
-0.5984646628950288
-0.6071777860203444
-0.7410430523628664
-0.8522614914283524
0.5632809427453717
0.7842653944895311
0.6068924613505139
0.2902367192558256
-0.3416115477287203
1.4580396366574513
1.9054773943913041
2.3899658877220777
1.08869189452952
0.045641481912166756
1.602735059212131
2.479089627744192
1.9753044629122705
1.1144554087352052
2.6623988129224037
2.2673357962439296
3.772280504108123
1.6149096066120308
2.712450806440403
2.8522959077758667
1.9067229507047274
0.8967981354598735
1.36280530892169
2.2863206745866753
0.9729171536932835
1.3929740432893334
-0.25903888102381084
0.2362956327354169
-1.0276809174906807
-1.7150054621253605
-1.8071928486609894
-2.2951609943893376
-3.213364639755172
-3.9470188478470813
-2.946274526170783
-3.123635942505634
-3.175606464386056
-4.161756198236966
-5.705537026935842
-4.5225815956189805
-4.332416036586384
-3.708024655103804
-2.64262409360519
-2.310065865370884
-1.1797718481824693
1.2780530417820546
0.7293474448539106
0.44393101345118935
-0.03653609365123847
0.6006835889800055
1.5389193552426934
1.7318236952961896
1.5136337040054728
0.5270831408758538
0.05684414211922953
-1.415106345676596
0.18449208061356054
-0.4232617342258459
-1.1122636962961097
-2.0067293951925347
-2.7045470004728127
-1.4906511669093505
-1.2445103692400517
-0.18734907861730926
-1.3842416137157694
-2.5631220447823653
-4.203988179287
-5.036067206732559
-4.76067970482557
-3.6393213425123165
-4.636323871905416
-4.022142866273334
-5.0487497977533105
-6.487346747026837
-3.7351008206983467
-2.559995681173987
-2.348678908460959
-2.3198764691066738
-1.6018957879665623
-0.9680867856162002
-0.08773289167622286
-0.2034448304099897
-1.4263609221448073
0.09596612417441425
-0.8086234696410064
-0.18445107355418067
1.1478117945271002
3.6712438847634425
1.7886522482491105
1.5579409813669916
0.8603014972110006
2.679349930282834
2.7760386998661435
3.268687525083265
3.555535470017998
3.1253201422692487
2.5395156394731426
2.914086081526367
2.392079929364027
2.87943043717551
3.239557990788332
2.5353107027191397
2.224173111347133
1.1121328198129687
-1.4034933732112156
-0.04072202299064141
0.15156177697207407
-0.6357710308613639
-0.7260304118577534
-0.5789282552692931
-1.4752250403169718
0.5631444813481858
1.8604749726631415
1.810064184556245
1.4121928721462198
2.3908527836394002
2.3871794995391724
2.7363412870126496
1.2523022726401691
1.6387181115112914
1.7963703780258333
3.7753848380789643
4.081523160981423
1.892899947794196
1.3361907851156951
0.11544664283912534
-0.09025978099357401
1.9472833173418211
0.7564945108775875
-0.27352817056223905
-0.5882070176638172
-0.9507860187605566
-1.2235418679543923
-0.5309201698427084
-0.13322635003150587
1.1540684824908722
2.417806011134005
1.4653720199313596
0.982431957869793
1.0312676234933846
-1.5597903565786377
-3.250556412980098
-2.2398039992195926
0.6568187266877588
1.0256050609989529
-0.294379729633834
0.1919343153774407
0.42384023941519566
0.6935915424586947
2.005212439060328
2.113804782728161
2.8596371372213696
2.678794308456166
3.1627056706469503
3.3201222441379117
2.6913271802196417
1.5323679230079708
0.8440072874077139
2.291485786005193
2.6619694675577796
2.232090850211682
0.5541764573579325
-0.009124765784163213
-0.40861623745373954
0.8939932617980174
2.574100958366961
2.600934345814046
2.262997435470677
1.2969280300711699
2.638344401162678
2.097573332793454
1.2127889706241415
0.44976095657069326
0.3428405444286347
0.2492883990732737
0.20227697864906619
-2.222706222416643
-2.7447739976780565
-2.2191869486001683
-3.6919711044649537
-3.1844131901138937
-2.517422074978473
-0.9548277607765325
-0.8779112068634015
-2.937308586595572
-1.8104274343866673
-2.0341259704025134
-0.88367749570357
-1.10510439112559
-1.0781070530412167
-1.205121540283378
-0.9800175001324212
-0.8104076103003933
-0.8664512851691822
0.9625374926217174
-0.15027821377345474
-2.017432759877711
-1.5887210990887748
-3.0908851617089046
-3.5623181081325628
-0.9855508614902659
-0.8671007467147348
-1.731968086647672
0.22926240481375876
-1.38874647036377
-1.9192168817846962
0.23315963006979795
-0.23806325777866894
-0.28250378530631864
0.605707840250797
1.270770071152702
1.4991667396516335
2.8003196835143696
2.9216705608616658
3.9557354494990404
3.93012631622997
4.010046750853513
4.848258463073998
4.458210205942408
6.259475813558061
6.052017430238192
5.687107855323089
5.245886265327782
5.839672123493468
4.702135402061116
3.929056668561669
3.852627216774182
2.289204547265852
3.384085241263658
3.6288079781951583
2.8219336285606587
1.8512142079526785
1.9606088714692582
0.5154947512750669
-1.5297262648318066
-3.2826598566462946
-4.747166822083612
-4.178284151468717
-2.8965220454626612
-2.080754661452766
-1.640888353122663
-2.2548498233291143
-3.0140574683460772
-3.877271901911447
-4.680137796366906
-4.9905436335074
-4.111963548150007
-5.726658314931454
-5.0792769538829114
-6.064449635730981
-5.764501645205233
-6.062564022218325
-5.305259412429958
-4.749644846565534
-3.3955478527509904
-3.909524708414295
-2.308881661435376
-1.0887856241404361
-0.6250385597502713
-2.1876981057899405
-2.0249058761909526
0.2523343062883072
-0.4515397965254797
0.0027225346325971747
-0.46260523678837534
-0.8041195766564112
-0.04303628440503322
-0.2571326902406968
-2.9568689875958465
-3.058702129951286
-3.2313051467232476
-2.5453157575155125
-0.8246650453866547
-2.2951076048756955
-2.9012607349719035
-3.0673696282249585
-2.6340355824123156
-1.1664279052445103
-0.3262446595880607
-0.3666944718496038
-0.5624925428424361
0.06143581605073668
1.12734686784983
1.7696905327302226
0.4409987355421784
1.2517635202353905
1.379770044918316
1.0134373667528316
1.6326958737438428
2.4419249745970104
1.7977048239299824
1.504585260038894
-0.06910977307226333
0.7285052088517268
-0.18886358061787195
-0.5133999117968
-0.09210206232837895
0.7275957593357141
0.8347985476266365
1.6643245648115041
1.5829765033903436
-0.09943415995830715
-0.6292823203051603
-0.6961508274885033
-0.9847405270733164
-1.3034020564931663
-1.6002954579877071
-1.0455804850590267
-1.9916199145526732
-1.3173814166941273
-3.1345437013034982
-3.484152391995767
-4.1054763183882175
-3.9109128788548575
-5.051332299063603
-4.287028438214517
-4.8418644066146115
-3.8869592132893795
