0.0
0.05299887549894808
-0.6889172978780707
-0.35427453580596185
-0.866281005723248
-0.03055813824417669
-0.3948921362842792
-0.565815432486469
-0.7205138301298372
0.4517655845796448
0.14195574637379316
0.4422645303186483
0.12837970173436156
0.4560738828053551
-0.8376097448938638
-1.3852725531173022
-1.735280230483043
-1.2303780858296633
-1.2606055872294684
0.07634360648957159
-1.0038390718328405
-2.074156192561451
-1.208330267117568
-1.1676205753629
-1.7954089326208553
-2.154241965498326
-2.112109573217725
-0.7006934543688688
-0.45982008688836296
0.2739320342739186
-0.4454312509261985
-1.689486538240772
-0.8115448192522435
-0.9107966287746798
-2.1797538478953244
-0.692375693814657
0.9092325882291101
0.7001122864000137
1.0783646272911216
1.2903028970931334
0.3376986205973401
-0.8901601750987793
-0.6645410549827383
0.01702768468155816
-1.5581720915046167
-0.8905193695422577
-0.14992339176632768
-1.7547406038966566
-0.7988327799697842
-0.1251113533937572
0.3992247404574344
1.4985338931589198
0.495958106218264
0.18573037883070762
-0.7206030862842292
0.13444576620601573
0.28933083691199724
0.1921359575442408
-0.10809725754732599
-0.7801459507858239
-0.3817456225412925
-0.6311835210688279
0.058315328823274795
0.5712895456279223
0.32717952970709047
0.44897110260079476
0.5155460803268139
-0.2549153673775367
1.2573538851034256
0.2218585885704231
-0.28129376396767825
-0.9055233069613725
-1.5996893626766977
-0.6905584813142974
-0.33208279242243766
-0.6494784593347944
-1.2478135246615116
-0.5862935461137473
0.8128076504296414
-0.4164841015437698
0.45420632058120736
0.7373992294630025
2.2989769613488744
0.7897508457057092
0.6165627999432126
1.7722860164647511
-0.6848924403611768
-1.2271346933450857
-1.476850918317255
-0.43941668592345406
-0.9297969022583619
-0.4763846976307937
0.8667827056862225
1.3411005476162432
2.2759474156931963
1.016899516538475
1.2202504229407245
-0.4164575641240216
-0.03756013230364748
-0.632956482651023
1.209504207970692
1.3597333230101687
1.100765607279648
0.04193352315994853
-0.6920822895829934
-0.7576708719730233
0.32981670074804825
0.14722593178208818
0.9313367115717394
2.3936599861498724
1.446598647334409
-0.170241702691459
0.2862104340920068
-0.15813427737314986
-2.6040796239811512
-1.1300815698231859
-0.43809482469334793
-0.08315754045771898
-0.9454161045364601
-0.7145686702122536
-0.43205309666241487
-0.01135053490150531
-0.8990018557264318
0.08490245217146006
1.0376533423063163
1.8253835512663346
1.791919721409841
0.8438276410499578
-0.09702277251688614
-0.5604133105799775
-0.5061013486958595
0.10357101327745791
-0.5248834113701067
0.775352798041741
1.3341188122802177
0.5930680645878088
1.4681835338596678
1.1881496100988085
0.0334523886730638
-0.014250599717617218
-0.2622426688341884
-0.9916210487350896
-0.5250060994999735
-0.37542767398215593
0.9656834380959365
0.9825777120812936
0.3495554036287247
0.6690125888525952
0.917740769133299
2.076185351489193
2.5409209839920974
2.781482076106375
1.375668107954144
1.3815091324738613
1.3423973858870186
2.502438749020441
1.0948917074850602
0.09837231388755643
0.2657716954397412
-0.7014769864537252
0.5820004523335691
0.7501428239939163
1.9303960564090907
2.0870179720879807
2.072480865720062
1.306620430653114
1.2269528321280088
0.06737824193324854
-0.06864710231880339
0.015365091843639211
-0.7425239784317155
-2.2247820420199833
-3.611562757249683
-1.2189497439854529
-1.3069385977198529
0.18144876179002417
0.06985136684180948
-0.030238104135793663
-1.5350964527396225
-1.6389941679435551
-1.5837378441248156
-1.2146948094599903
-0.8200962979462657
0.10774428928393212
1.5993640518978556
2.3229674064634085
1.2991129307615326
-0.44760158415635987
-1.2734266828979603
-0.9366691768004317
0.0029422434597741742
-0.6640227893582291
-0.8665217282568858
-0.9853711452004988
-0.7096091881067418
-0.18559312791653043
-0.006739627543050519
-0.2560443641009248
-1.9041561685454171
-0.885683848140022
-0.5825470052951564
-1.1023794300569838
-1.680733362722556
-0.7478238602839162
0.031652036998631665
-0.30532890032882226
-0.324096444993123
0.5887306416421136
-0.5757598153481153
-1.088308002500074
-1.3303417164613043
-1.873595157503866
-0.4926891940381001
-0.22729011544173836
-1.4841419690616422
-2.2701003850738806
0.09448480724456819
-0.2316258952037681
0.7224835238318552
-1.121275986759492
-1.239686150435789
-0.4112029381546594
0.647053212973977
-0.43739779805461726
0.13444564262799993
1.0770182466474945
0.015033570171023213
1.4236831455202548
1.2683074741836904
0.7844906471546685
-0.7187207530791389
-1.72022686203347
-0.3561168624515113
0.16634502447035393
-0.4812058746088106
-1.2717511395862566
-0.014097569888010447
-0.7949324665961545
-0.17772294398174937
-0.13750305909249727
1.4635846052620431
1.4202447684503963
0.7935038981479944
0.5351464487297923
1.5463852898254722
0.09143241609256078
0.9023761514004679
1.0208673461613242
1.714488692110093
0.4151058322372613
0.8358017215817108
1.3963493718365974
1.5139491445724114
0.39305835103670084
0.40839852577203983
-0.8546582119293498
-3.0957371218800933
-3.49845799875065
-3.115549204689418
-3.33332753209904
-2.0021640619798426
-0.8553010004589443
-0.7922820707594863
-2.2891127467726684
-1.815811037958066
0.6987269506108493
0.8514199947792385
-0.7943176943515718
0.2975990908270921
0.1897665564077885
-0.26070241188022564
1.260871710336377
0.19228659043402924
1.595609376493335
0.844047826874526
-0.06310889211424361
0.2583119719201592
-0.49009697069846936
-0.009141449298282728
0.2183851021156114
0.8596809444642981
0.6056881572965447
0.9684073693625047
2.3788903952111515
2.4893398721857576
2.136920454960064
0.7180892635698114
1.062782085641346
0.5938087313760453
0.9930261119514041
0.852935810859329
1.1210996441311838
0.8717700595611263
0.4593733819992062
1.0148383575379258
1.2194487980930642
1.3285372165298963
0.9664749523731124
0.6740870173704387
1.161719468858267
-0.838050194897721
-1.2920305429261645
-0.35531721708733016
0.16021479624069335
-0.7666679679794056
-0.5485369079694192
0.2914574904036427
-0.9542381741540663
0.1978529237886596
0.28444033493914517
0.14647023082848093
-0.47503981348112184
-0.7047932864115638
-0.509199726897353
0.2946947663722587
0.683210907791676
0.5542222791594568
-0.41354895097408395
-0.15264262821736735
-1.1204202655614874
-1.2309377104770074
0.4606516541893545
-0.0868042771959548
-0.9115000803126281
1.5582661622555212
1.6286818129564427
1.2966779064828975
0.5094391384454156
-0.4758213214090926
-0.09825492996139468
-0.5105520694341138
0.23117754270483593
0.21884998823907825
-0.7954140456450897
0.047303408124887286
1.2144737097786036
0.809245375268623
0.17026601010923842
0.6457012742215422
-0.1698134525270905
0.15653642844886928
0.7781512652995809
0.4215433527872896
-0.32430227474873036
0.8132157222163002
0.643895480072978
0.06613088331852437
0.1405306539423407
0.3714849575818026
1.4137063554007385
1.5574725888939782
0.46640927331400805
0.21694767731988385
-0.00013522007182972806
-0.07978573788695978
0.3220638425077232
-0.00720887703018655
-1.0652695420902933
-0.2832280474614064
0.3582146511327972
0.5154210875034033
0.5470305966482115
-0.22649850661827964
0.31796284882994785
-0.023828753677461345
-0.9369505992085608
-0.5981459527934623
0.05689747075984039
-1.1016035734037726
1.69667328644382
1.6145650664624527
1.9542823736353627
1.3829637609003536
0.41286741219865486
-0.4655531687350686
-0.3635367066392805
-1.1761945823398008
-2.2087169871338634
-2.952217545574942
-2.2756412109214508
-0.4904014283534741
-0.596437168192425
-0.15252788136122852
-0.012535909322353732
0.2405485463933937
0.8136265030797117
1.1177857858324225
0.9207700534563217
1.4468239532843277
-0.3036664651867282
1.02995055950475
2.4750182862930084
0.18077499427192634
-0.5514006073223268
-0.9712266506889407
-0.07832206086196349
0.59981310367652
-0.45774950305807843
-2.1445223603571684
-1.271550208536215
-0.4329873157750669
0.2576731744949481
0.8663233797537642
0.6200705367495057
-0.14074330458315434
-2.2108957907490456
-1.289311620663809
-0.38814694699506236
0.4056786028984887
0.7919639922910559
-0.3240609426257243
-1.5593811545846061
-1.261916655423606
-0.32194055887774864
-0.6695255637158837
0.059509581613573594
-0.7512677644458076
-1.1624622335896395
-0.790777315851954
-0.7587887917113942
0.16229982880273805
0.5405742484852153
-0.09180282051151074
-1.0932410844038167
-0.46002004229400006
-1.1584497716877606
-1.0362708150635596
-1.8931014087559848
-1.1183484737988525
-0.11839974398667469
-2.168880869505308
-1.42620200837778
-0.1993630612359012
1.0379732435916662
-0.8522947971170665
0.4032580188156615
0.861016402590951
0.5512864442142317
-0.5850408962549315
-0.5703281139323118
-0.9926053772579113
-0.06764126372014984
-0.5634406094082314
-0.2172077977547157
0.9807002528928069
-0.6662586321865601
-0.4726544414958424
-0.368629664229778
-1.1416146658679958
-1.4851562855216462
-0.5981766898512008
-0.2912192448636045
-0.9167850737223127
0.3552029744940916
0.48848750863301194
-0.7038932146234198
0.2253530143686746
-0.30485361794340904
-1.2365822576811185
1.0055827423846675
-0.8133684780339886
0.3566259510188242
-0.5616759476002624
0.7749126900824546
-0.525499304720159
1.1088832652290208
1.4157261860309949
1.0457583227836813
1.113468851055621
1.3958076547415912
-0.23590821551509122
1.542187531649603
1.7397713780025674
1.0074634540294392
1.181856905871342
0.2863374679706224
0.8112420743516097
1.7094203542973547
0.9788437467504992
1.5102484555827254
0.789030251927474
0.5579263108510615
-0.6319964395173361
-0.5849645949681375
0.1356736923896556
1.182901343202953
-1.156255764396274
0.40707994640050715
1.10527090729531
1.1482142823034724
0.6635488733231193
-0.8443986267688789
-1.7150934640844702
-1.7135791012222257
-1.7705424953150464
-0.3458405785184555
0.8657219810145713
-1.3789342354066583
-0.4968699775873934
-0.9998183385037106
-0.014039506160373028
-0.6166225819667759
0.07698472030384454
0.5680631627694903
0.10295971812524671
0.32198246182693424
1.055388818943726
0.6874024253148607
0.3662583767763774
0.04377427689729204
-0.26246357735718323
-0.8888440200926718
1.320691844757241
1.3741803275876738
-0.779363926064964
-0.7099589637334588
0.16447620233236687
-0.9836775239576294
0.14712723807290518
0.2082554492983743
-1.366240841754953
-1.948715784736208
-1.5051128439699548
-0.8282515614542472
-0.8282774879501865
-0.9831706192237704
-0.16521554387965603
-0.31333707292461865
-0.4072542914704995
0.7773058495636481
1.0046418682402483
1.2108634639140985
2.0365624541292155
1.225717709907913
0.7187943189332804
0.7995219939360969
0.3414721936063408
1.2292222161436674
1.1704809215346506
-0.20797922457104817
1.0697267575534726
0.8540306339630187
1.2995419397294539
-0.6224442013856915
0.09559979324332518
0.2368068393556501
1.1461960816221437
1.6094353719688714
-0.013851641606686595
-0.1519234041268669
-0.8247484639821886
-0.4363539112161643
-2.0526319400834114
0.017061793481870785
0.26409279059741836
0.14016883632222144
-0.5581206172494946
-0.3408290290229268
1.5376093507857505
0.5219951358523838
-0.3727258152046863
0.19080371873773927
1.8142310331273293
1.6807565563882165
0.29907250081793024
0.9520983879547771
0.36780637137389427
0.22583009096706813
0.8416025959422918
0.7926404818270081
-0.07230781435366788
-1.5674552518461553
-0.17158001517155086
-1.6364364836287968
-0.21672254447875483
1.4124530762127947
2.8665215904319834
2.536901295533149
1.0472725405774521
1.5079807263135208
1.4082092565887265
0.7124249359570953
1.4435435225447983
1.2250360069037733
1.009133059509671
-0.4638632193589729
-1.142450635609903
-0.41693729179792327
0.283377882283509
0.9791150633938555
0.08097047030009744
1.240936732507522
1.2428768310238683
0.45641279367371856
-0.0740461420285291
0.9464139241691026
0.6555653466419167
-0.1930043545372339
-1.3861330502454043
-0.9660374846933896
0.12871166660705397
-0.27336831864116873
-1.7605037760554494
-1.162262081508977
-0.3458771120357087
-0.41362721683314685
-1.013556004559665
-0.6040429170413947
-1.6718958397637325
-0.5640701334063898
-0.4393440496049393
-0.09627426453778933
0.31635719358396674
1.0856566317381386
0.4533932754635232
-0.43326604056888185
0.7476940326713508
-0.19981876239339955
-1.5480408805701602
1.4598652089183677
-0.7569222585837256
-0.8880894582629815
-0.7458391918932773
-1.089142072126858
-1.1052597120970276
-0.907205216172033
-0.4282716460120784
-0.22286818090358107
0.09741805403218394
1.1654894916228493
0.6857363724850507
-0.09545419379122105
-0.7035180255589524
-0.331867749540539
-0.45825176396758754
-1.3575514387641663
-1.6549207909640915
-1.3959466516268155
-0.6258903273877424
0.5339214210169333
1.0163421308815825
-1.023875653968498
-0.19444554624041854
-0.1206388445868733
0.3352059870844783
-0.3038557603122884
-1.2647037948394522
-1.6202594684407472
-0.20829731780990868
0.5549805642796424
-0.4053284105125916
-0.3777868028305539
-0.043835674434635555
-1.3204204474855485
-1.2003089262874214
-0.08744624430198428
0.032969541879356676
-0.011027970661349334
0.20508386421880215
-0.7860154719353045
1.000456868707359
1.9473275785609787
0.7265045658115017
0.3220900140265226
-0.19523788886014362
-0.8370759789727554
-0.2077735756550001
-0.06936411931115324
-0.39855188454088847
-0.0967077852128922
0.48583498637453937
0.03505262804944728
0.6510743326840479
0.5850334287268814
-0.2516551706833325
0.8510827820791753
-0.26087916010954726
0.9368610317432403
-0.8262348128974355
0.45610308782175635
1.295810178227915
1.432936829870482
0.04923854410742354
-2.141159540668136
-2.2694223887859413
-1.3465286318526817
-0.9335256537676663
0.8375503794744492
-1.0650453911877404
-1.7034862438414846
-2.3113015254929383
-0.8781364967338634
-0.6785738163712737
-0.3033808621724395
0.6169924553967935
0.8928368505398268
0.8694428282962123
0.3637924460769713
0.3270411460427006
-0.240339226650681
0.15193575171699109
-0.9299063019685669
-0.3933626416142467
-1.8070377941934195
-0.571464088061792
0.2748749816893449
-0.04457256579405632
0.25281441086338224
2.221283668195009
1.9464979141083325
1.8991618016322551
1.9044757384014914
0.7535868030771504
-0.1320984511307112
-0.4673849354314083
0.5080347085761899
-0.33688328492564756
0.7903586237938955
0.16808525860239937
0.4539767282198554
0.38055606090128125
-0.13103686964679812
0.4602994446392618
0.5340548167965474
0.6241861161069439
0.4149690626788744
-1.570081629410357
0.35660599488681977
-0.5558794253981414
0.5253876894088008
0.02821792117917382
0.8571828774659882
0.9731853160455477
0.10188545788219536
0.0355096103592676
-2.0485201106315474
0.2946649564245578
0.4568781187255645
0.37253575512894727
-0.15413319694141456
-0.10977381838882697
-0.17909074168615574
0.023057439829046705
0.8391679837823636
1.1388758202232991
0.5183191922685307
0.12921544921403927
-0.16348588654252907
0.12563319371258186
-0.8765737806999239
0.006326783533302127
-0.08782525300468276
-1.0197363791882157
-1.0125994013632704
0.2294859374786031
-0.07459964282045727
-1.1258530144601355
-2.150332172326037
-0.8677044598099672
-0.9764309625809398
0.47939292910596293
0.4040690249422959
0.6966831506594442
0.778038624092425
0.6392996432124329
1.4501764569944369
-0.158222626458388
0.35295242720823894
-0.0695333286994115
0.8412707713836141
0.7233812436082901
1.7053789705821778
1.6137272816220225
0.5083768636019158
1.7744221103386077
1.5545439237432377
1.4028242691410617
-0.1201478051586633
-1.3840896248558807
1.25220332833438
0.5840337013083556
1.9693393323919859
2.5623047934267715
0.41635700446776225
-0.8123311425958386
-1.0603759587075008
-1.1654492739622566
0.49669805153703994
-1.0997293902658998
-1.0068970558083135
0.9704677947315375
0.3004856468135224
0.7137068176071639
0.6517450530434171
0.3030569163909451
0.7925894039430375
1.1578795623938372
-0.14207543877051063
0.43727979440029197
-0.42528158191060517
0.9250812464647896
-0.5994441204692187
-0.3174043799199828
-0.5989713942119266
-0.5058066371153637
-0.39952866896343514
0.06461158059526867
0.313783326935014
0.05135852838175489
-0.0592584396839716
-0.0753229866814149
-0.2022971562703667
0.08405726674949726
0.19711628523698768
2.0639766673601416
2.0500660679071054
0.5534624938727942
0.6210734605943026
0.04615737862765125
0.1808564045299027
-0.3409652616507822
-1.641533868447385
-0.9274950601169065
-0.1880337641108696
-0.35685536250550337
-0.40131491623362586
-2.123120209666231
-3.4930167360134883
-1.7506346874470446
-0.7530740945673602
-1.0284722273505416
-0.2199381967725437
0.10109797763385198
-0.6976240740197819
-1.367226745082056
-1.964966028976236
-0.6478848006935682
-1.122331373396966
-1.4192718704880216
-1.8868367550510459
-1.085760466113456
0.015705909616239827
0.1873712825794676
-0.08240331951284974
0.013860342474509638
0.3968335518483702
-0.052407640797183574
-0.10550973775412215
-0.4849666473305773
0.9492342642879644
0.3596882738316707
0.3579566820331841
0.4570569869903718
0.2566360522185681
-0.35796247923261676
-0.24958454148575215
0.2185394299248081
-1.1594579315431655
-0.3563097175509173
-0.7771532262353027
-0.5247651062199692
0.7884879421911568
-0.4510770692654718
-0.8339843385263909
-1.5459356312172698
-2.1917232479570226
-2.1493507672080416
-0.8697197010792078
1.6396849796554032
1.6436025844483941
0.2896566848116085
0.2861426436142043
0.566510557246884
0.1869003277855813
-0.6706573568947904
-0.7542954193693919
-0.3899928796256933
-0.6628193760942126
0.2521944658008191
-0.36558558266250263
-0.40138298219621127
0.36219687729659944
-0.7262875897004127
-0.24900930666314858
0.7549462761467579
0.1463195183696403
-0.44571384007839415
-1.1689198090869601
0.5669435372600722
-0.521164725802876
0.5829397303852148
-0.028762723789965583
0.04978686347592817
0.3991437814170786
-0.41427677632852883
0.7537923266631117
0.5222122619200249
0.9123598203314364
0.037265917240241135
-0.08471921214970535
0.29103044635422687
-1.30497309827885
-2.2595619340350694
-1.6095303881260616
-2.2593966199337348
-0.39324745615652973
-0.11994694549067164
0.6046756711449688
0.48994127205545973
0.9590088789889644
0.43154014980294614
-0.6114584107649321
-1.2393515662615955
-1.1890241211999957
-0.49122954368587346
-0.7086284550579214
-1.5610117084057977
-1.2562173541871489
-0.23079388592334318
0.11762007865370194
-0.2662919439443306
0.19607025362217234
-0.3094502926232775
0.24585407366636647
1.0231139259240345
2.150910808737765
0.9579649230200713
0.5836195927935157
0.09603667521264467
-0.13934162592444474
0.36255367845443687
0.7664386792912593
0.5217193387322876
0.34440783111401785
1.0018775771783628
1.286902534589893
0.7461242197265046
0.6483012292780855
-0.9942502929090913
-0.5788821055146587
-0.46332060777973255
-0.8483798885649411
-1.2009867078236505
0.2904357665076151
-0.31510248606227576
0.0840179826604496
-0.09930580646655524
0.6916657470052688
1.0937213400099606
0.3099570041650067
0.8970349234374662
0.8655741624575406
0.27954604795781546
-0.1293579633006529
0.274857637203312
0.005217342818957721
0.5909349713975938
1.1089484686811342
0.2763162487560479
-1.3216078378941019
-0.1563200550872207
-0.42278767080902263
-0.853495858387727
-0.6447979995048327
-1.4921449724909697
-0.19334242442741278
0.8456450652779992
0.8683280555822441
0.6596791485287273
0.04365954842959356
2.344602783882558
-0.006975967335178211
-0.15983201736925
0.8055434278541356
0.30544169880055794
-0.5335173166042255
-1.180645628505267
-0.6395400380866021
-0.8011502917150563
-1.118493136144355
0.8976532084598781
0.9271417185584893
0.9068398681164909
0.4737335176371985
-0.722750598370081
-1.0068808967409975
-0.24282093740577881
-0.5553894248334986
-1.4962738045691966
-0.27004927804993095
-1.0179493233081
-0.31285487563832026
-1.410811650532021
-0.8659616978878206
0.01741761196929445
0.9446232546813447
1.8979176922189742
1.3353422951520035
1.259709335413867
-0.13074635031741647
1.570772326889375
1.0954579099642396
0.3370481297902919
0.9462107246754263
1.388290024829817
-0.16362389986087764
-0.31107847978579406
-0.030296315831471694
-0.6892825974193315
-0.10127097465435879
0.7182132705590634
0.20845743013725504
-0.6434128022353907
-2.0314992775876703
-2.4409431302863713
-3.088472961891912
-1.345781471859854
0.6448707639302822
-1.0795476826376023
-0.30120591478256126
-0.15204239146628531
0.710147636501379
1.1585517872690714
0.5698722642719306
2.9265109699148155
0.783624434353603
-0.12668806335896307
-0.9904074305757086
0.493134357106104
0.5406541206686664
-0.07608771796055896
-0.16574304232515372
1.1143951577719855
-0.05318527917455464
-0.4217489291378474
-1.3059935900403938
-1.1658104573388688
-2.081449125622817
-1.4681422513795472
-1.5631858299174446
-1.7251211104070767
-2.6100624374401336
-0.19623396725603257
-0.5381601510160996
0.23764654076045008
-0.24337104857826675
0.13415417703118693
-0.3640002224157241
0.6969390414762494
2.2724735694409643
1.351463656946893
0.0698771732120967
0.236537822957953
0.150769636473931
-0.1692972975139125
-0.1930446599309572
-0.30095168466785227
-1.105139131841097
-1.414227070931104
-2.507327344251257
-0.938229175797923
-1.3670060854816273
0.6613943962873047
0.486863073236445
0.06376173612295905
-0.20710887593493466
-1.2950405499692859
-0.9986168345221944
-1.0449113716460843
0.7050867928960983
0.5559217160439868
0.379369683237171
-1.7312138910336599
-1.6803494531151235
0.16203772724662172
-0.7212260060240687
-0.11592607654586158
0.2763801283248821
0.5736356698908228
0.22943586393612286
1.3673052491302684
0.4743098950068709
1.456507449419064
0.20113619418512968
-0.6335928304383485
0.061758798507301205
-0.8708084325204233
-0.29233118263314195
-1.642445982863263
-1.9731620472409495
-2.386719599342665
-2.244512958286566
-0.3599889792701879
0.403024414491133
0.6602862842833155
-0.2397155387994483
-0.5448724401833498
0.06244978025606687
0.07088887417815563
0.4646151403426957
0.6029247130168539
-0.594300460591743
-1.710220071428272
-2.365429409275301
-0.8617341484525297
0.19966056505148294
-0.6546540484327502
-0.4475206975104392
0.09717826414644357
-0.5378711849571517
-0.5337542403833774
-0.9150806228316191
0.20393481125337798
0.6990477235071294
0.31226029873108163
-0.5653622230065911
0.13791054598276073
-0.5293595558656777
-1.601179419111637
0.7156011100963914
1.0493783593763621
-0.28069302523020084
0.11328310616414906
0.4853786701462806
-0.4916342699508385
-1.263917869430644
-1.0590934533060044
0.5772262879377997
0.2733250702926095
1.5653638153656984
2.1069516344443104
1.028277073539406
-0.47107176628875275
1.0221931344623785
0.2522749002986906
-0.2510307343897225
0.02178548432131483
-0.19403025003825522
0.40040469588620936
-0.17660041050670022
0.41056712995626676
-0.672043021497395
-1.0660476466910798
-1.3290118231523838
0.37578929902826125
-0.18757099010626482
1.3476508317922247
0.8315450851919092
-0.005889342420469873
0.9798926467173993
0.3151092255263943
1.4035830019805442
1.1328799683308861
1.371140327691174
1.4081921777754203
0.6819441018897875
0.648122526969501
0.6364869207024646
1.8903507366278778
1.5489976776378256
0.3444781624719555
0.3025930926666496
-0.3770349513329514
-0.12632057765129928
-0.9036581694417212
-1.6262126334248026
-0.7423968848174316
-0.3826845881211224
-0.20512040314407065
-0.6416341890235133
-1.4475718455016267
-1.1058731126111776
-0.36453742318833243
-0.2947107604204483
-0.3273679072699243
0.5312914381589695
0.5860180459770898
-1.1382682350042082
-0.15586879661584635
-0.5400324811432047
-0.05679265219910293
0.4251350679615471
0.20224896501721196
-0.3573069116715113
0.06726278829626885
1.4498262596179654
0.5502747385155135
0.11325950625175171
-0.6069924355180683
1.2264892981207216
1.2074518974586312
1.5622556198324657
0.42494816871520585
0.7624532142495565
-0.5872343820819514
0.19445415783891276
1.5791854207270115
0.23535968849886138
0.011689877749672728
0.29359404548296375
0.6351878209907396
1.7608505137576613
1.6734453467595083
1.6970954114758805
0.20757016867759126
0.7143101237024582
-0.49126001933931773
-0.893374462589847
-0.49990280283737343
0.4716798586550237
1.1460803369480035
0.2708183213412597
-0.141228231608631
0.576844709708281
0.8504163277555312
1.6956590440284218
1.9111685198795145
0.8953474995895709
-0.07661875418767278
-0.1994538016066169
1.0605737240377353
0.94861043856041
-0.39102860526967265
0.6596305659791215
0.5961099283384886
0.10972794185103234
-0.18249812969103185
-0.011813554937818813
1.2384229416170667
0.3683096205841715
-0.6363293756367294
-0.9891061976037994
-0.467913441741029
0.9153647422800266
-0.039098070543388305
-1.083236907360613
0.1570224516844825
0.43462378307386473
0.4648963440163107
1.8916061957848034
1.4847122160554909
0.9005438385726073
-0.07703357810990658
0.12009337747125093
0.7655429066206726
1.870936191626728
1.2618851710696397
-0.7337737928123408
-1.0126487692933692
-0.6387202066161504
-0.03240070964596065
1.1425864724458257
0.8529047298691439
0.8755263601464367
-0.13040727357323803
0.04194804359476215
-0.6723463693959103
0.22408809664637075
-0.4646311789825111
-0.18837272165961097
-1.4616967713543922
-2.2589733618949515
-0.6060718274352399
-0.2847665323693154
-0.7239145974096675
0.7258366908900891
0.9855859390325603
-0.038690484419652754
0.37232539626180805
-0.5642451571482621
-0.8995125346848499
-0.4081695692014684
-0.04194690308887273
-0.8517711970107864
-0.42023035756760446
0.061654409782353974
0.2680760911768968
0.44436733308606596
0.12935677006973473
-0.49122856220147243
-1.8188517987054562
-1.1756597461242086
0.40398689029525975
0.051952032255914715
-1.3389063029486183
-0.2821933216449458
-0.22669285319567853
-0.8624920789488079
0.3052646161527406
2.0836631708660693
2.142706884564485
1.1446155684822465
1.058465567569104
1.1770221369908356
-0.2154956114983242
-0.18862713516264668
-1.415429268077201
0.3270261772623101
1.3642385459796607
0.9207890119825777
-0.6887374538496142
-1.4925284010137672
-0.4981562827616809
-0.3034053595438754
-0.07038430467781508
-0.2386430596151005
-1.225368191862866
-2.298451106200905
-2.1525347888743678
-0.6001392467406942
-0.35220109585423487
0.8167436265137507
-0.5353880315585586
-0.36697058416083994
-0.7739504442852536
-0.1565473143428745
0.3416161913406194
0.8118210680480086
-0.4116009370617073
-0.33832401304930604
-0.7732159817432721
-0.026974939003964776
0.04056595338294659
-0.8943498462980862
-1.092493939459418
-0.7360403833954688
0.6418760642808395
1.3954724504933096
1.3233496225529895
-0.7314825590967488
-1.127216918300994
-0.3520445727488986
-1.037109517278741
-0.1920690213539641
0.3532907757437911
-0.2581238635126418
-0.0703250420945821
-0.7783062526455066
1.3973076245081333
0.3044669928967707
0.43201813926717125
0.3188086492745803
0.3279525804995317
2.4000303984268987
2.2613669802036998
3.036374184020605
2.8279609464933455
0.48161216781693056
0.09484011021285785
1.1200160790403042
0.3650547500457741
-0.37035395332097143
0.2880462387355621
-0.13823528814635463
-0.281106658977521
-0.4614273455858698
-0.6496297351238111
-1.3650055436146968
-0.5329169742463962
-1.3073427172632088
-1.8383402853114732
-0.7223784446050296
0.15127148569816778
0.3357697853726808
-0.05022868400041
0.9642777579226702
-0.20234684251404111
0.10960827398100381
0.030349027998441754
0.21495404145811872
0.02220608925194039
-0.178655889713091
-0.4012361637882139
0.3739127935644202
1.1225947735396193
1.325853101665908
1.0813583379884533
0.16969592664968192
0.7540963289524333
2.0446644710449853
1.8119575955237575
1.4712995074980286
0.5609047841508166
-0.35955016707304616
-0.4966032124189892
-0.1367649256851625
-0.8941298277968054
0.36426329977318117
0.7821044967277916
1.1394920408281815
1.1957958400406932
1.8987140757791028
2.2022270466988454
2.497480711437233
1.371293693998045
3.1987748721936735
2.734258654214525
0.44153346432716356
0.7744695747287621
0.545892886027481
-1.0340829621225436
0.6087111937553067
-0.7372780670560367
0.1222792418795764
1.109778504657701
1.104911307631315
0.8435297697974838
0.08153752704164213
0.22569411182329877
0.6027243325109267
-0.1833622237958134
-0.11958594904729888
-1.2602973710465397
-0.3169171128912433
-0.7229922349217198
0.5636336512442076
-0.3309731903722852
-0.7635857511928718
-0.5708958200065177
-0.23278831391021668
-0.3155294062249274
-1.1320965067989333
-0.6968196321508784
0.1777909603860648
-0.13936576946125356
-0.056291882587647474
0.4834983105654156
0.2625458899415232
0.66501563425555
0.015715897504815626
-0.48169436240050073
1.6738426135941737
-0.2875576788595735
0.2698010992280347
-0.36806716837297576
0.00743146817034146
0.8071523215670862
1.02755657462234
0.4423325552679377
-0.2526983907635637
0.18139421470291475
-0.7622604759921752
0.37666658145380616
0.37466376276616753
-0.07332381025991799
1.5962954199797514
0.6588031339091209
0.5029810760324821
-0.5821884955704879
-0.2200641790659778
-0.18449933732695337
0.13240430192919686
-0.0480166125472688
-2.1322319378165604
-0.8043102583346946
-0.4050555623333165
0.9230076732703909
-0.7893714469593303
-1.1846743932086818
-0.6858086199302834
-1.044745124209603
-0.4060284586029351
-0.6267562062370227
-1.0575159287190505
-1.4382516374667897
0.42575767562363204
-0.2362692336742981
0.48453533870791454
-0.19620119139582054
-1.0786520207097154
0.013618225748089942
0.02035358781461017
-0.3484005764523478
-0.9706630942287939
-0.6234088593997568
0.8758044502547148
0.4368656658446669
-0.9402483782406069
-1.2455751599857676
0.9691409824106896
0.8334629980816322
-0.053240245826935095
0.31147431435998774
0.2853802357900157
-0.8712872574081508
-1.1735416140219066
-0.7378886756439327
-2.1939512216957153
-1.1800524530291627
-1.5135750276301911
0.25851820339226317
0.13852081268300015
0.3862874004894641
-1.0023028023359597
0.4196385717990229
-1.1954001099463702
-0.7187195004938214
-1.3783064238137692
-0.9525334940686156
0.05912310861211828
-0.731693554559855
0.3178330901266354
-0.06257301079416111
0.030909193526762965
-1.9390513514295995
-0.33408595934695573
-1.1110317207347986
-2.43258382882401
-2.0932673129599544
-2.599522653754616
-1.0283699668117305
-0.9882187959744709
0.04616549924711397
-1.6418693522061514
-0.8596144905119876
-1.1886335442138323
-0.19801584371834188
0.36592909125239625
-1.5853676112428756
-2.3824365681944277
-2.5809021661408105
-1.2836440568504441
-1.0057783791359687
-0.5213071599096254
-1.2474905928189646
-0.14589913090599482
0.8014619823778804
1.1645359826338044
0.851880550252561
0.5898678411071352
0.6417909518811227
0.7229112895624316
0.6474667253144457
0.318380660079658
1.9007227429376639
2.15332203427981
2.368810516802502
1.0755286949783138
1.3849746314023037
1.9085631604668414
0.8346946917499292
0.8702470012969843
-0.4318036399078101
0.8436467368962359
-0.13764952063457186
-0.5785427441200817
-0.5736021217993116
-0.8041607415447127
0.8062304921842217
0.8423136805363515
-0.22395107260481453
-0.6798444396632246
1.5046350935090156
0.6141784618488376
1.976217010336726
1.5046994195564043
0.05108456311083212
-1.10154296408742
0.1945395953300783
0.524367025124048
0.13822563552323552
-0.34140645571220585
-1.479434464582049
-1.4409282239575456
-1.8986672959624415
-1.7257450162855277
-1.797601680526732
-0.8239965160562671
-0.8077672659569111
-2.3713295725158123
-2.1085070257457805
-1.9385675078886258
-1.1910817200828097
-1.0436663128400592
-0.8331851351940793
0.4432645436390027
0.1359551618856268
0.6168515766422894
-0.11813298162687086
-0.4466994952191075
-0.9562695197969328
-1.1249709927815426
-1.2126115446071752
-1.4557361084708869
-1.1714469771720175
-0.7222485148910974
-0.9848898996910449
-0.9420864117215946
-1.2293186047103837
-1.1546915048597237
-1.2821670881303446
-1.6873682188033279
-0.666078817061239
0.2354809664896128
0.8517054613363301
-0.23348865648050685
-0.32609640630539727
-0.06145826069929575
-0.3625800687319797
-0.5285238099937792
-0.46060543465686926
-0.40228338903083144
-0.5394797917833616
-0.9189742157069549
-1.6312207323536374
-0.5582422524385446
-0.6540454054309357
-1.2555948960272691
-1.3427303407255207
-1.1998212317180634
-0.6547819226266538
1.3268029364680343
1.7006352561284137
2.024550350363665
1.5750011720652
0.5623865920320503
0.2989884670137482
0.3931019419062065
0.5380395907666957
-0.3433760127211729
-0.25539521473477933
-0.5177877743864455
-0.041460234778270724
-0.7887697633400768
-0.5371440766306902
0.41877724229493557
-0.24136129441173163
-2.2426421566584525
-2.103067635912793
-1.5341021280021707
-1.129513651595102
-1.0341829900176394
0.004729658281588674
1.2343011619590156
1.6554895010427368
2.205409198076017
2.44527322244117
1.4765389102860333
0.6442926014600477
0.7801449767532787
0.6121641943538312
-0.3656512967231478
0.6242360060500732
1.9767586402504536
1.8161077882434993
1.6144186470557678
1.3207065912657434
1.960055167000273
0.3808671450495476
1.1463820470113562
2.037346455700999
1.5076095208100249
-0.1887926174296137
0.5216576052987738
0.3884647815743454
1.2994505958671203
0.7621754454080185
0.732260352991168
0.8187705114977186
0.17592658832142474
1.0134527253905725
0.3275729249917525
-1.0649111574123131
-1.464429132933824
-0.6343552082372601
-1.1129072762545453
-0.008837798037083788
-0.480958959442381
-0.9414047199208709
-1.4184960512382963
-0.3253993489140847
0.20436807758729245
0.11721349810311935
0.6593499063717148
0.48632428667044403
-0.8969422664389495
-0.30806253907956016
0.24654344682720553
1.3145932590911966
-0.5829873171447462
-0.42625389587696993
-1.338707177537476
-1.25712647590033
-0.2690364739652214
0.27666354082050526
-0.014708841447625992
1.1911765671767918
2.0015833924564927
1.900570195332197
2.384765530839462
1.8974024941997865
2.5522317541059447
1.1122560295066841
-0.7504017954140394
-0.674241018445126
2.0828521663827146
2.1014807999120624
1.7492706770430617
2.078471817048664
1.2462028745889941
1.7761146462164412
1.2666372325854975
2.0888230408675446
1.1849045446705
0.8494337456181686
-0.5372536154667216
-0.8283983089883312
-0.8547851064266946
-0.2126279281349207
-0.06959258787046183
0.8803210149416508
0.9717552772871964
1.5483877052781942
-0.03119647675274209
-0.5962474688876551
-2.3367168398774028
-0.9101323729562764
0.8833259442497554
1.1514588557532017
0.13803336596976312
-0.5493600401023001
-0.3865230291242527
-0.10209770470469015
0.6158866037144997
-0.521904919693721
0.3707550456618156
0.6531222493899607
1.6726209854193188
0.2957887183672966
1.3357568444119363
1.6689475605472919
1.342393963326568
0.6682976795731189
-0.04646119480084637
-0.8582326166249803
-0.19706100600210857
-1.2689142659944253
1.0772043755597256
0.622048841849588
0.9704275780808562
-0.9129513130897366
0.4339224702320764
1.7882841976852304
0.5804086905343445
1.579281909668847
0.9233905497666124
-0.21851915937901015
0.6289075350941685
2.563599269429348
2.0777568754222533
0.9828767807199382
0.8507611374561417
1.7890948388974137
-0.31972889272913696
-0.9163165482340045
-0.16486359304618675
-0.24767231288404035
-1.2835441750883776
0.6071204047484591
-0.7935240331027098
0.3768040859968266
0.49178464831529256
1.799936845849989
0.5729608352181981
0.922172979251547
0.7588470182464354
0.8457233612409105
0.23862247160550398
0.516963041482169
-0.19677137314937704
1.7574365111952912
1.139099645061357
0.8288202899114572
0.9796480588529457
0.14699450572189104
0.231579754896143
1.195876414648866
0.7311935080934143
0.5434846072118911
-0.6060353191612435
-0.18732184990224057
-0.19125779100418927
1.3083571758602557
0.8018568023287257
0.20744964036461006
-0.5586265295711775
-0.05914377697547232
-0.39523462031632894
0.10156945348905788
1.1943694035156984
2.5840940977287583
1.766106415769648
1.2881670992171768
0.8353988896145231
0.03376967657039795
-0.8951182329110446
-0.7147105839271282
0.08849511584877336
1.5465508326482016
1.1503972060240064
0.17341650593173152
-0.503787860490595
-0.9104539895811259
-0.08968525853274736
0.5970581171918761
0.013227464539676742
-0.06382760868126952
-1.0207190488683169
-0.3752336933131182
-1.0817415305312945
-1.1472926030740362
-1.2311897149947524
-0.012219312260729136
1.8284346127566578
1.8470507473254518
0.33080072618466455
0.22547923816503068
-0.07039445317952575
1.0956908636826044
0.20190362164807168
-0.35026897494673387
-1.3857560637573159
-0.5719047916416848
0.3911516982090521
-0.3315188238197736
-0.23371493591317194
0.24644594432819128
-0.04829555881471306
-1.1489671384067601
-1.093836479438005
0.40159348944074347
-0.5099108293189613
-0.4847777321832842
-0.142352542724695
-0.31810141209615994
0.4857407513836268
-0.35890375425117327
-0.5773614545788006
-2.1372947420039172
-0.46927152076959283
0.6811172774449576
-0.5140607357973859
0.2886296839038942
0.636380068775372
2.031156712084287
1.3004278241033365
1.1946585991716165
1.1864502552337144
1.226786168989106
0.06887039955494519
-0.40743053324408407
0.9481637597193167
0.6681277315683097
1.027720431814825
2.1237906006539653
1.6714333454371666
1.1944633698312774
1.0000758551168822
0.6574368373829744
1.5995013718580025
0.46128502320554854
0.767615052259422
0.8414793976322984
0.9342348479684597
1.1067875843618629
0.3758090304852814
0.7808224490900844
0.11326768698559664
-2.2960823495653635
-1.8457625325890348
-0.9641342277617119
1.2472828648965806
0.8285525872563481
0.6650700482272847
0.6466179624974607
0.5222204181439466
0.29702867034280567
0.6196525379774079
-1.4285365482514694
-1.855451624737342
-0.3582321440976002
0.7379438443903088
-0.3747709783235698
-0.26887788225906184
-0.3370627318977239
0.816353300562158
-0.05350248816580119
1.3879527764073658
0.3648032944908759
-0.5238804058885583
-1.5002304780502893
-0.7328262967219298
-1.5318084397997755
-0.9488870243953212
-1.18471541894399
-0.40777811047048057
-0.8742803074304636
-0.36289929741484395
0.14255967812982762
1.1518756644431456
1.100253603303669
1.6335923760481208
2.238100135169842
0.8314829232954455
1.3030820234076752
1.6656677800558677
0.5813355483788285
0.2715717929791187
0.7636582688339679
0.9003241616076272
-1.1794350066206167
-0.6868526087805469
-1.0448522121087715
-1.3701580081973321
-1.8081027904783904
-1.2713755375579907
-0.3367886510924816
-1.1145537084061536
-1.2424662005542146
0.04335878362747196
1.6856813434098652
1.123878464021501
0.21486024432313555
0.9330175983702971
-0.20514027866302253
0.9712180801782704
-0.5145645238657017
0.22542992143853416
-0.3767975930870887
-0.4704328973148106
-1.2416170360678953
0.15912906555334647
0.5353786134320343
-1.3970235411136596
-2.740884658749785
-2.0607433305938336
-1.2886017333888862
-1.1597996798315702
-0.45513841974324326
-0.4693454898951661
-0.071648118386789
-0.6750745881033604
-0.8790302282535702
-0.8253339377361131
-0.029592390674023084
0.09995426437818997
-1.6677991439347069
-0.08315942523393939
-0.5419546248874832
-0.1880377479310694
0.20573564881911466
0.7961036705172145
0.7616211957096987
1.366176847027457
1.5533484709862655
-0.2006706320233063
-0.36573390886512264
-0.45164006876292306
-0.9755255438489977
-0.8455146168961003
-1.2266508136526808
-0.7746635397497661
-1.0489845779718578
-1.1173784823229664
0.214881164703465
-0.994285730877979
-0.34010715570852984
0.6683714437083227
0.20462396934779045
-0.15570518664502425
-0.18928195678273013
0.7916526359116447
-0.616489288296782
0.08059906398428075
0.9584960450127292
-0.617301839175687
-0.6509478077082921
-0.8824854210478229
-0.1826996918751007
-0.2707085351470318
0.40634134223011487
-0.08957698693072108
1.485487130628519
1.7214327548737653
1.2607263411337475
0.1587380625283879
-1.201865756031735
-1.4059961518423658
-0.4813130772642071
-1.1705250402103555
-0.8119698224987865
-0.37328912144553716
0.43404280256379074
2.022988033841237
1.1194445431878373
1.1268527133227286
0.20400580305488406
0.12514604714890942
0.6289807907134755
1.6243589621495815
0.4138723974714764
1.3544820487192646
0.12744787498526847
-0.39999874444284295
0.8129992066684435
0.06503161785983477
0.24105597967363626
0.6810442233006402
0.22783585768768913
0.6217997130780826
1.146342401233842
0.4538974198181116
-0.5354553026169853
-0.8273780714207477
-0.7977713537137184
-0.15984635125779686
0.5256700240023116
0.08866172242855169
0.6664188988250301
0.9734994877176685
1.7974684835844736
2.095905921503553
2.783235820059194
3.167793429627599
2.934202592466518
1.2095686003907162
0.9438200564812896
2.033618676992686
1.6897733312542602
1.614241968557053
-0.3980161184509987
0.3701879668367234
0.7364542437822722
0.3827297649473936
0.789523722609202
0.19038239691253273
1.3580043759955762
1.4083593007426958
1.0083048811208237
0.5156511764611497
0.5752396977954529
1.7514526145834206
0.07675385288899089
1.1016938830362237
0.7740293576527416
-1.7279795556482396
0.09491619864418138
-0.7656019489172428
-0.5624426561461002
-0.204124972382032
-0.9445922074971774
-1.6352074271419141
-0.8661053616541671
-0.4382973226845694
0.40380980544839906
0.8925326367855533
0.16134783581960332
0.3179573643163796
0.14896382589121604
-0.2110133776310948
-0.6361351165735345
0.3034081472427616
0.15273048747660622
1.1419645230804243
0.36045469156522636
0.17295617446711942
1.2876582547500304
1.560300476324634
1.278987845220367
0.9177186059480179
0.4925777447327052
0.16052386722885761
-0.2406228575225493
-1.5919406253275556
-0.4110708609147974
-1.0682152586296882
-1.0885847952169039
-1.9140661554718916
-1.0365683515840098
0.06800997094891362
1.2654495641179198
1.3755721611004867
0.6234556539311114
0.9583159236632277
1.0554310049848399
-0.1767955833741875
0.07854456065488277
-0.6397852163320196
-1.3728183421109228
-0.17629137156203314
0.21861137792996568
0.9038573329403756
1.981402730373771
1.3892500066257403
2.1708232772794576
0.7624443937147368
0.40826082816692033
-0.06812683908456535
-0.5190928878142335
-0.07771776041244058
0.7710089087128797
1.4212039458024177
0.04925125702909233
0.055921640774470815
0.9465067053488928
1.0690557501129434
0.8143210708324937
0.47194314951081034
-0.8644122239834897
-1.1047286999039834
-0.2660077158912144
-0.0669341169810485
-0.3419077004872009
-1.2669711597653814
-1.4867032457731133
-1.1291713382302715
-0.17621135389233744
-0.5333735801031081
0.03371773804490627
-0.23298106589854922
-0.5995865412417918
-0.16946221712007936
-0.9537849924904125
-1.0222811989540737
-0.8551237047945032
0.7478361865020915
1.0930890375980709
0.5800940043797502
0.567281444760533
1.2202539021542123
2.9162163934523493
3.1110259938344327
2.2628117185886616
0.981149962143218
0.4826181624220201
-0.5548070564559753
-0.6884566952366177
-0.9968997530360214
-0.6940019630732283
-0.7015991534244076
-0.03932694230551022
0.2281851846603764
-0.46922308101491833
-1.4327386542909926
-0.3366262281313349
-0.3220721295870071
0.4074419764562676
1.343186568701407
0.9418335473498816
1.3980620239406591
-0.09022194288501115
-0.5930821891090292
-0.6623436767094821
-0.10886199404979427
-1.2624571974446688
-0.8546142745378023
0.6807143832321088
0.345124428977236
0.029093927137950934
0.1918961500920435
0.0532671986182916
0.8783036839701635
2.629073458956392
1.7225135270141456
0.6905787385029545
0.08488205982799038
0.21806615631906182
0.41316192425267073
0.5612881568933906
1.0652078855777796
0.3363779279565413
0.782532696765585
0.9358091051948925
0.6393935393691939
-0.09389966696327867
-0.32441911526279754
0.6811618950346913
-0.21314873761567288
-1.1815261316655086
-0.23679338557246976
-0.5915052675451429
0.40464959432758596
0.30996781315215116
0.4041021973966008
-0.5232781993809097
0.12521382621866864
-0.6954542555050873
-1.1797682539734067
0.0044526693652454236
0.7777077229770873
1.8585241149036205
1.859287698357888
1.2348381851784098
0.7834052890595613
1.5548356788712494
1.157742907070974
0.514918785943441
0.42458172923190857
0.0789638786015249
0.6193796522989776
0.423996020437456
0.446564885585699
-1.1539022495853053
-1.5666690593847559
-1.3593491106958784
-0.7366331447663915
-0.3021206481473596
-1.1092257583667153
-0.21716064215917028
-0.30554121184035016
0.40091195261334306
-1.6298359972888998
-0.03546309151883792
1.034013484516953
-0.7455522431872759
-1.1614989852303146
-0.03963196079925549
-0.12155727803342235
-0.28431277512680764
0.3209270117085635
-1.0623326805115467
-1.1014039280660657
-0.9555228689334955
-0.5005786248900334
-0.7052188019516636
-1.2579061882685003
-1.540286047200196
-0.4704077070933602
-0.7948797495872982
-0.8717428136293975
-0.07916223675930714
1.4832111411215674
0.6443405913540328
-0.9393002360035096
-0.2839204219695531
-0.19590827644785003
1.0019488655819777
0.35126735178382773
-0.996429964134535
-0.9544982835089073
-1.2487783463292812
-0.169831195449632
0.3315551968425391
0.7584303233643133
1.1923451558256941
-0.18485434123960268
0.2193891187948963
-0.1713115336677014
-0.08338411506766912
-1.3901833981217262
-0.7081724433962542
0.32575914853659693
-0.4757008435990619
-0.5172846415602651
-1.0012007837089807
-1.3415068289858658
-1.1184517618259768
-2.0889245085785566
-2.2792850280428967
-1.2989169070143916
-0.8466387972543828
0.08068536572274852
-0.22956758560797771
0.17452164353441124
0.47873925483285895
-0.2089658078369854
-0.8445350052559585
-0.26024201812176206
0.16584823243260896
0.07912975270849695
-0.40684618267343353
0.3508732590829209
-0.8180875900296528
0.5589765905154777
0.37950535534522367
0.4024835644353272
0.9284818365878844
-0.814226213938967
-1.351134832017063
-0.8555476105493638
-0.7727874027711127
-1.61252850173914
-1.8221026115801717
-1.130915336129064
0.1067222661303312
0.3851831842286409
-1.0357392297944097
-0.90562010978197
0.8357765967472116
-0.46558903072617597
1.201902905759988
1.328293117252192
0.20818761242344144
0.8262116107665405
-0.8413486590861957
0.011077001848332046
-1.6207988319022184
-0.34969501101130795
-0.16183563310725751
0.04072095203412203
0.8312251179110179
0.05028805639528802
0.3993911648862151
0.931673933163649
-0.6089994188665447
-0.6555401563230572
-1.8602726937007306
-0.778543764715701
0.04190962475777732
-0.14975737079246437
-1.0140237303365176
-1.0232671933798865
0.7656288188593218
-0.021657971460064068
0.4454927720186819
-0.08004293767750789
-0.4026320654473748
-0.9504435945170955
0.03443956854108088
-0.07599970284425381
-1.4471375786938958
-0.14925723768680793
0.29825724874327875
-0.17712026356569002
-0.29574009365283643
0.7170076744018207
1.725989631559182
0.7372469734045899
0.14338780305842674
-0.696672492565302
-0.3539950366179183
-1.704680951118887
0.17439230135506834
-0.15143631367411414
-1.6385717218097706
-2.9628681231733083
-3.3785967238888093
-0.7698005868625036
1.0824985885307492
2.100142127894216
2.8451916472644805
3.062385599017174
2.3701915695993208
2.1310521823529105
2.57400938349639
3.076329691123426
2.683474735300036
0.92679949035957
0.6458598353293441
-0.25039719662087856
0.1289558327621495
0.02053690296984302
-1.328597543860965
-0.3975382834279992
-0.5290607114159191
0.9164464092514255
0.5071756882301645
0.05066152550603331
1.0015310484721462
1.380708523127775
0.5000623510009485
0.07144122139318589
0.6283466955603565
1.1221045107845797
0.2041916801470299
-0.5323441507546931
-1.9361566269387673
0.14224202369836453
0.7531047653428534
-1.0506903872290336
-0.9088344553192698
0.6891741625044217
0.1664285614420032
0.03180551792486718
-0.7658676319696416
0.3362365294108513
0.3016545962894185
0.16130392965426377
-0.4350547732085574
0.6925308250538772
1.2382255173677867
-0.14582912171442497
0.7885534569371087
0.10231500756290536
-0.52512577568883
-1.405858105535477
0.642317539326825
0.23716137744803464
1.1159804077441535
-0.7164429646636019
0.30266716168961305
-0.28078352354700725
0.35491888046262154
0.43002963282607637
0.475632034965408
0.7513158165801743
-0.9752031938238188
-0.49633111738981023
-1.1305432812914458
-1.163293315978102
-1.0457440251843688
0.32662805361253466
-0.9430795620984835
-1.1829978848461835
0.24413016904925758
-0.8635583876038265
0.22675391124606664
0.022834233052940734
0.03482797556099761
0.7193947118862518
0.6008361887629312
2.0774549634437913
1.4350723056397288
0.3420647724446792
0.09045360345924072
-1.35889877399338
-0.41750894628064955
-0.6671908092530848
-2.0323474621312716
-2.1041887245682127
-1.2850603286981783
-1.3864752906930005
-0.594736331837294
-0.6153939449654396
-1.8199921547121465
0.1981265316872448
0.8326928078394046
0.72971805945811
1.4438777143610502
-0.2546899958433822
0.29134658774479305
-0.40315809842825573
-0.045557414050655234
-0.3291367307160581
0.6380150095310344
-0.2992515908993893
1.6757806961595347
1.7245157906982564
1.706183187290777
1.413694364441807
1.0413375598276924
2.1979979309904425
1.4273459651577274
1.6245462097147076
-0.18601464283682506
-0.04034213427179146
-0.23005813275161796
-0.6543259801587922
0.2591259060276821
-0.2461059854376977
0.8784182019210784
-0.47723111910322435
-1.0131508123799609
-0.572165575574573
-0.9278989271353176
-0.9424558134642289
-1.358437550570377
0.09937257977130758
-0.5373477761243995
-0.497730215857482
-1.4188210204926792
0.022557110466391042
-0.5174374493481543
0.5515418985287903
-0.3854807639516097
0.37463385992092496
0.03956504313216955
-0.19823973857995847
0.5630985923820786
0.2931978230645558
0.34821683516284074
-0.39598967491180803
-1.0987232436290522
-0.8942449482627103
1.472308095416361
1.2229583352617244
-0.2671997867741517
-0.9832822175041488
-1.4217759451821343
-1.5912661912987986
0.38523655840727805
-0.05708277363906081
0.13946446451009914
-0.1366403154688331
0.5093578882277764
0.278574855668171
0.7688356154274125
0.16819326269685886
0.8531885973639806
0.7079898879885406
0.15299161873997774
-0.26802867457907054
0.6662329973960786
0.42644288762793026
0.5517706090676019
-0.7197390978490111
0.018886694688695804
0.5605434517904813
0.6204963434116249
0.6024875284145144
-1.341107894830699
-0.6595023080018395
-1.3187402183320334
-0.24442381767135263
0.7911694261429671
-0.39208631889974227
0.013376774766018618
0.30371677067792197
0.7250456396871968
0.4797708090835516
-0.15771042331117457
-1.3161081094625011
-1.2220487865873786
-2.826974670559465
-1.364337355177924
0.32820845927913284
0.7478633437320723
-0.2714500958787849
-0.4483387700080011
-0.04613376989433478
0.7070031071875456
-0.3572593365864474
-0.29987211706299643
-0.5122745102400975
-2.2300229511028737
0.3228464155315196
0.7609483907432154
0.9705289944409683
0.8927855360464998
0.9282646287837414
1.934108495303407
0.14820020230386488
0.2096816438321723
-1.526655102776876
-0.4479143884008547
-0.34252048566568116
-0.611103945609514
-1.7740714009482859
0.40758453959044205
0.03433993381355507
-0.9858044233943921
0.1326518992594286
0.2546756492041792
-0.674112261813094
-0.9150332148625994
-1.1325565465747667
-0.584392946446163
-0.833504120167568
1.3424425712801846
1.6976260817528164
0.4595308191945525
-0.7362198811180771
-0.8208439732322143
-1.6939396402756315
0.11021214361208181
0.9727412615516269
0.9290096916715446
1.0244324251036834
-0.5357062472801848
-0.1264370504414069
-0.5601737128720079
1.2689289098257135
0.9994104004239668
0.07486173711070332
0.10691010496741674
-0.47933741553867654
0.3034096818619393
0.16498059557493117
-0.05018485353203228
-0.828191978270905
0.11680958630936912
-0.9023125437309445
-0.819158537070936
-0.6889917775138696
-1.255465521788068
-1.2931294689048045
0.3949835260317407
1.604123277757482
0.3583895567104956
1.122254705253047
1.4711742945347288
0.4749100861626642
-0.03320886311184906
0.12229589787240339
0.3938300700745315
-1.1136839555734144
-0.09972322541869341
-0.030764432187196475
0.05195283672063324
0.2768361255631768
1.2774876954587628
0.9456809299781322
0.8313448448656626
1.100833591484076
0.5691143530314955
-1.0456521895357584
0.0718954243931669
-0.7598933795606725
-0.06715436485029286
0.5368798734129175
0.07455527332252199
0.15812739670545067
1.4554201010472907
0.7857488407548978
1.4692383365591848
0.3820679110001339
-0.09664207093734703
0.8632164964546115
-0.20149282586857253
-0.9871558428559879
-1.812630361200778
-1.188794760385181
-0.0015610517168371252
0.8451323495190519
0.7708245465247398
2.538330977537905
2.005214271909925
1.9811003776115919
1.6438246485328314
2.1529913234639966
2.3377230080961486
1.7118435493143254
0.3089987881892147
0.40981629565736966
0.0381552618852655
-0.36186945523931463
0.060897998694123226
0.2599017001207743
1.492749134535965
1.0306476807012903
1.0582149414024027
0.11746237402929091
-1.0415455818155044
-1.9196046035445555
-2.585043536519171
-1.9312760581447368
-0.20110330986330355
-0.42289053215764627
-0.26045801678557595
-0.971017819787387
-0.5739312808510731
-0.9361958549936114
-0.8572646833768894
-0.4240390790464599
-0.07343459493747867
-0.3293045173137298
0.41719335723265555
0.7308033329721108
0.15105970114664174
0.7557454652212366
0.14853115105496897
0.5944970446933423
1.0924452769774522
0.6999357997768059
1.52272712981989
0.724000468946484
0.13575718195831205
-1.2892984304885429
-1.6067074056022943
-0.45476868905441287
-0.39313186481547296
0.47502026868723574
0.816135878406454
-0.10876214083534029
0.5318380180438392
-0.3739674461923672
1.2345837537444064
2.063848564858073
2.5976721649563688
2.014938752961573
0.8168402880337311
1.5214693889858886
2.0218598688458846
0.1132863156753208
-0.31624970430365745
0.12022161092204572
0.6956314902308007
0.6557850975008789
0.3006962293362885
0.3738618166063863
-0.8265755902491031
-1.2777066765832104
-0.7838463419842049
0.5108003727789783
1.0792123513513023
0.06809325623180301
0.08344318147190664
0.7974648829823369
-0.034631339780501244
0.9227139629625495
0.9859953085652765
1.7051927251492458
0.6146148420908826
0.7741129516827108
1.5854069334410976
0.964093267829062
0.6432659209382303
-0.4661671114615659
-1.3163290026457675
-2.1941048994211156
-0.8511254371432148
0.6490552320855539
0.10662224672051707
0.10741921800998179
-0.07057251775604535
0.8776400908395542
1.5238154354413214
-0.42708558177270634
-1.1765340237519946
-0.13011111660994654
-1.2463463278581821
-1.632243281685147
-1.371517262553601
-0.8423301932988133
-1.2684501611679748
-1.510939670819834
-0.712987569730182
0.03616537100441816
-0.5188544556807524
-1.3533015162259314
-1.0486898382236738
0.052075984153600374
0.5000574409497356
-1.6734394049186552
-1.0243182146152217
-1.796908759394553
0.5348210543655147
1.1060437987651839
1.183255890494993
1.0703982522257016
0.4108440829409331
1.5580031463155426
0.3341944598317611
0.029399737233593987
-0.4819960801508364
-0.2529128194599053
-1.3806946666481112
-0.5529972963385437
1.1940922504097216
0.33807340264016933
-0.1849276861894327
-1.3142673305412211
-1.54585000384705
-1.5492847893937813
-2.3355027242430118
-1.9449420431035505
-0.34682387674086107
-0.3545001623889041
-0.41442691972688667
-0.0634267690569072
-0.41344768225000184
-0.3588101456214129
-0.7595445091228787
0.5735738128431336
1.732903685668245
0.6375576022127378
0.3852671557603415
-0.7818627852804808
-1.3797205116186488
0.003965750382936062
-0.38396831623785926
0.3466829391130515
0.16455467863955842
-0.1296927669811009
0.7718344840661542
1.4035267103776168
-0.43579913739017845
-0.1480241665893083
0.725972731509135
0.8141562711198065
0.5093182356585874
0.7106028153842738
-0.4673723206937173
0.9630647002270085
1.089624371486949
0.7660155025631231
0.041838042900749495
-0.8471051747275449
-0.06362264260490108
0.17177365425161784
0.2547636083512087
1.0387164747773798
1.6088478681795375
0.8916253816800949
-0.03264170245934653
1.8061359750354489
1.4444726068535059
0.06963805619081082
-0.5087178804214737
-0.6714127256664021
0.48768737324024275
1.9526700316249481
0.699456070819493
-0.806117183200298
-0.43086031160346605
-0.058875182951118016
-0.20306183781526665
0.220604604422659
-0.09171028467577771
-1.9377373664659485
-1.6128787501916806
-0.30811708267509313
-0.8422453832379182
1.4977862717096104
0.5597291172196371
1.205382544563466
1.1555141771808644
0.5344913444093328
0.14592765851458048
-1.8792508990632322
-0.861017690060435
1.2589439365546666
0.4613705393332283
0.033584847300861614
-0.4365604678232632
-1.1276351303175252
0.30411471093294257
1.1428143708581953
-0.9202310966319811
0.40029228588422344
0.004043755783216987
-0.1355881460366903
0.7401508226986924
-0.08385944271416665
0.4624392703408841
0.4404018973185034
1.1322382205454817
-0.5157090350944515
-0.26992602436379354
-0.7994733967930406
0.8247261817769436
0.22638421867388606
-0.11876735100072403
-0.12469719429297586
1.0416720617218265
1.5020853222434634
-0.2138344548702521
-0.6852170264713711
-1.1992209736753165
-0.43291198936004793
1.3030516387803277
0.2897487705160817
1.2798019403040428
0.7685958174851597
-0.8658357775854332
0.033798168195186586
-0.47158846332603643
-0.40255521188612853
0.15399938933896007
0.033642135371573914
0.4211735112297665
0.9414582976444954
1.5555190635358325
0.4471584489771513
0.05463120101110633
-0.8866134410636961
-0.0024018080554450774
1.499119214461053
0.2923644477853303
-0.026596704682907493
0.38111867607341526
0.4563252881802621
0.7943473206691078
0.12537128355114707
-0.30787281695960367
-0.12948043585385607
-0.47972826261673296
-0.005212450661440354
0.21264454982324094
-0.9059132266851455
-1.373104429807729
-1.1446857913529034
-1.8157421856133813
-2.046605700269696
-0.20979490531280665
0.9733651372027954
1.1690073905206302
-0.8572402430822039
-0.46306572416318825
-1.396818414806516
-0.7288439175160445
-0.33887808452102475
-1.3629703335190417
-1.3658339109462434
-0.5568351538810967
0.41543779706219314
0.8312392650097691
-1.1682161916558687
-0.15720234768018695
-0.9882646257934922
0.42018562856455677
-0.13954037325556817
-0.2681046394413293
-0.47477130487606345
0.3760670578717686
-0.21239520033038622
0.7419014740783476
-0.7708500417961764
1.1381574993657222
1.3131058764181236
1.153529603310154
0.8494843935942177
-0.3015526505647834
0.7366956316080042
0.3149477666076513
0.6685100328926182
-0.2844113444354547
-0.1038106806745322
-0.05529144345265763
0.8763127985545482
-0.5878698967339833
-0.9664700964121447
-1.391597625863144
-2.011353542523148
-1.719112340530081
-2.048519181244705
-2.670357062597237
-0.8601853144808752
-0.24429142254608008
-0.3326641723285768
-0.20299273648873306
-0.6391308742055535
-0.2791414306278974
-0.08141331675751551
1.3341936518865956
1.2401589524948275
1.2391618432930958
0.8492620457351407
0.20365214882008625
0.6523669900035277
0.11277129326157465
0.21910059357784842
0.11029506586471174
-0.1991065614854576
-0.09856270429766656
-1.7921659513241266
-1.7771329540113188
-1.0385884288318958
-0.3604864028168858
-1.4874396942571328
-1.6473845543046175
-0.36771541073050396
0.9275353173220454
0.951827557636183
1.1240234727645266
0.27826335805951835
0.30110059564967406
0.8690578281419744
-0.46433543388010695
-0.8314925817494115
-1.2556726916954
0.18118537968948786
-0.09352763508410811
-0.23987828273731443
-1.09464552779323
-0.024989242080659335
0.5757370660351068
0.9803532356912699
0.2577616597863648
0.4903360326535898
0.3507611994050731
-0.407296731923137
-0.366681505436727
-0.8768431131021359
-0.7498432717947313
0.41169503138669983
-0.3437960342521412
0.49859670373892456
0.389898154362701
1.0648566343655583
0.5984921399375643
1.6825628963478234
1.1662333599054395
0.2399519366089859
-0.23349615104923402
-1.0296863664866736
-0.5238441283041633
0.6261816780315747
0.8015402919653604
-0.03762895381780528
-0.511588242234846
-0.46632636147024037
-0.6830742227728068
-1.0864436164229079
-0.22938880926125255
-0.3622230065748079
-0.10439211991348114
-0.43547557887846644
-1.3965796561353327
-0.8208482756181676
-0.4967749080541678
0.3119701611035692
1.8604082752670286
1.4301939321927202
0.421940784379481
-0.22429465337037147
-1.0527874447019123
-1.4026312269947305
-0.966843849265274
-1.918006226121672
