0.8962492314256676
0.5310606511614385
0.6139915578080943
0.579108234866011
0.5323259801450506
0.7749588771369789
0.40736741132238263
0.10202202231915422
0.30617723431577776
0.7439461882645013
0.35069515842187393
0.6387753519366398
0.7462152343144131
0.7925109699190096
0.30442441444631807
0.7985244965704498
0.32560746726776496
0.8781406993936929
0.13163003217791577
0.03921368789422755
0.5354066616151847
0.7186997167813376
0.9636806547080561
0.22091118567595602
0.33977206840300406
0.830989884929562
0.24454354898654862
0.5366863456189814
0.8378970054251118
0.40374424765236777
0.17178458207905575
0.5260473789957653
0.6824513664315345
0.842044562965098
0.2338085205084856
0.9741912808522637
0.35082680100877406
0.4490904459368291
0.8304060689806985
0.21445686758072563
0.03610934317043279
0.28551377438537967
0.689927536186429
0.9367743897512364
0.1639118116883999
0.542586211061823
0.9067124499943694
0.36449789597692894
0.38037821686432366
0.40918701368497307
0.6804585358413096
0.17970960917959944
0.31542141127596396
0.482426736698441
0.8441807658633778
0.25341872140769095
0.5502959025054034
0.1867922704782952
0.5810394891541908
0.5340041466406497
0.39210260930073804
0.5204509377616371
0.4755866864274435
0.8631125227096869
0.5854103450170811
0.7817034347726591
0.6039251232086318
0.6020889350618571
0.4030691193679506
0.6363116092696139
0.30956220019317743
0.16354070637580087
0.5801408058480213
0.7634691620201319
0.12881731228567955
0.36695947613771546
0.6669867002977325
0.9251646287180855
0.33241205560671133
0.25435700433268155
0.6335870871979421
0.9933245704565188
0.42899086221938537
0.17091621796497203
0.33710160449105137
0.3463884252302663
0.5765703578766411
0.4216882768620072
0.3539015009396348
0.4120451192043168
0.48122213615945736
0.6817542220650437
0.23414181755393665
0.28267589558154493
0.7448521997536603
0.46003752577981266
0.7117630466554514
0.5166918590389907
0.43736867644532534
0.7072974267186117
0.2930895117789477
0.8245619682344367
0.7427731421602468
0.6975769995764768
0.5153464907688659
0.3535033682912835
0.5881968758462357
0.2904550815688104
0.24399682343727747
0.4077053056411319
0.5800725586023305
0.3552213836715174
0.7216516485980782
0.6363052496905873
0.5786398967905617
0.8996313888303151
0.33149710108254843
0.890421988602758
0.2823424251323864
0.8556471307789522
0.035841127897638686
0.373598118440937
0.34650313177571346
0.7036874417362095
0.3887283077922298
0.975220692303093
0.22416032466710242
0.3000829079064274
0.6727067362695656
0.2747171793827864
0.8616442469083698
0.46154223536672084
0.8704558781470151
0.3358552124429991
0.27361046377351694
0.7385597310121326
0.406996760530497
0.5868842264882356
0.6751571006550712
0.5585620424632257
0.31960432947018336
0.26676669906860606
0.15854818292926984
0.7386933636107686
0.597738499792316
0.20747872761551647
0.3490609883256547
0.784308683915395
0.6045314123051255
0.9005671139650893
0.484058660585877
0.5584653059732829
0.557875438584224
0.5186629736313682
0.482138780177818
0.866565368615859
0.3840141570738635
0.7798088702147355
0.41239809679930545
0.45931217601527674
0.6855659221387903
0.5496577126817193
0.8087407146552353
0.52554738672367
0.9824218234441472
0.045431632872872336
0.46948549796427924
0.5004408727933732
0.6691075216175995
0.20252115692084827
0.7312924102932468
0.6125635513316664
0.08607570631783462
0.4156645033871163
0.41155897880890263
0.482803804233589
0.6926192247622891
0.8139056709342454
0.17484326153349636
0.3884934007588584
0.702335368877304
0.8584607073377034
0.6165403765501074
0.58277979304517
0.1802923619607817
0.31866790920218774
0.6798660483901746
0.4534734871237347
0.4661373391239487
0.7869039814527792
0.6094615831266522
0.5494823715035053
0.5005848545016354
0.6160224987075658
0.14081364318710743
0.35778634269995013
0.658536174333068
0.5265433447680724
0.7084050709594062
0.34906307552052934
0.8228662589377436
0.3407057205719178
0.6320939393441773
0.4783311233180675
0.5893651263162032
0.8077805388754727
0.12534699126194018
0.0702130865631446
0.30489502236307575
0.46498691003347287
0.7149994035472422
0.4574962036712344
0.5324559480246124
0.9419772628757117
0.514073770310195
0.46205813003982815
0.552355345823433
0.33411971860230305
0.5829635379614194
0.7959880546549811
0.6320741019477983
0.7335966362280347
0.3677009266405431
0.36112483223911007
0.6222848866736391
0.8194096122404755
0.6353916265040667
0.571725431155499
0.8848208860560912
0.612983847206351
0.9082033378310734
0.26143452828913005
0.3843590208923224
0.9191032037203046
0.3492801716336289
0.21849449455542702
0.523201285653627
0.5561863486580535
0.25032903514012267
0.2411854590782446
0.40138978210225706
0.5312704252709277
0.8063987427927193
0.3416474172331126
0.7365056341870249
0.05031180688572388
0.19828772851634224
0.6740343273168075
0.576614777804156
0.17211230406380137
0.6626449010456498
0.7140340592207439
0.6521624017895015
0.5695156690794294
0.5128652775526339
0.696157484215217
0.931727758437922
0.3118365663444635
0.31641277927338424
0.33255058884197647
0.7471853900574916
0.16849127985745765
0.6278512674771453
0.6026649552836174
0.03599824337965223
0.4788285700005165
0.2797521980007871
0.43601592411245865
0.883757967981772
0.434628471660108
0.8136590791109045
0.19977579566075065
0.2353444337560359
0.8164998632502528
0.5345195723482363
0.8936502768716001
0.18391457541907874
0.46660853377642186
0.7525803728335225
0.04716771998787532
0.14331363267815656
0.6453338346000013
0.8168147632817686
0.2757303553769208
0.09636641563593872
0.3693321003581005
0.559819061828539
0.47403258949281524
0.7174071712061689
0.42632811494717304
0.8929877583179582
0.4072319065210127
0.4981910796399487
0.4028196818425717
0.8799546521347444
0.36823193358445805
0.6560343332386447
0.6186540808401373
0.7124691498408764
0.3768609887038009
0.8879685347177667
0.1922886160021449
0.28012352233236937
0.4450902706871766
0.7093742800962793
0.7377796097219169
0.39234695986608425
0.4211048720320676
0.316066207048668
0.6244240005510683
0.37898668720441026
0.43613690853894455
0.42007995081951777
0.7769731939803961
0.6953973302651171
0.7366064090712179
0.595617714480132
0.42291651700760235
0.8861941606981216
0.1447354929283659
0.3969943720565351
0.6498123540080272
0.22828148576321308
0.5240447885198505
0.7929512417866845
0.660468861801022
0.5881646662379851
0.801550654398328
0.24045813389050405
0.7825619674071871
0.5494705517290348
0.6306674609663356
0.26702561429471516
0.5251481412307271
0.7329782609771895
0.7129810422768361
0.4839188918948062
0.6284154104185358
0.9968760344945206
0.05674575432048727
0.3700758878807962
0.2120065371860353
0.5411491421516899
0.6402254061996955
0.29517631450228654
0.783104803650553
0.6054057231027368
0.713477554059948
0.2587649230949304
0.7607606893079562
0.4323060783027312
0.2731696532315304
0.3471020791711886
0.6971662510981964
0.34923661328584316
0.34372474752456594
0.5929371860827498
0.634834165079982
0.788671835445031
0.5540036203900034
0.9564644645101807
0.19146044739599957
0.4938760130887432
0.6257422053470977
0.7487154375105638
0.7739142679499722
0.5525412006562698
0.36472796242560257
0.5112278030573337
0.5960761574184553
0.6161343845965441
0.4057512143066605
0.92605538528503
0.04772731142128571
0.09276517760817697
0.09535123558761505
0.502276763554264
0.7685022479363515
0.2878168945976917
0.4491121870331953
0.44322995269899
0.46621491639733464
0.5393742342319907
0.761378862512877
0.10005101218987911
0.32669314601668364
0.49457801141785823
0.7505951845405288
0.6049709827074151
0.10374516479887361
0.3530345483578579
0.9906478106309189
0.04753758485664589
0.2717058783286521
0.4657386898486531
0.8030380615669477
0.4780997575405682
0.9764769415378283
0.08545436444616095
0.1723444863166798
0.8246411993908513
0.7896730450797662
0.7698061442435837
0.2471203668112607
0.8221609374160832
0.5519695609522653
0.7114807223300383
0.8214544015076826
0.40723501607714113
0.149926005060486
0.10674187592318263
0.531817957285601
0.631529992730431
0.22682213423280312
0.4480028632476685
0.43331773573343957
0.6773755033993805
0.7746923148159215
0.17347680625759465
0.3999447318492542
0.7733350964296014
0.21115848639915769
0.25492417812377705
0.7016785616863344
0.39947775635914373
0.2545764794106791
0.5202148611539199
0.5607454682777958
0.16106515247626224
0.2717995129140241
0.14603296333914662
0.6131096346353755
0.5599586496813013
0.1707908914878126
0.2973088530863997
0.33460249508149464
0.9123948539312499
0.10438880075955638
0.20905530251969862
0.9051909768304249
0.2674916791124265
0.43974955611692806
0.6077983980898038
0.4925987608905793
0.7071372430508645
0.8895293424825201
0.10259037856035083
0.33613225066264546
0.9684250089558994
0.15691406889744314
0.2078553952594972
0.42193592104004024
0.7874897710023754
0.4977982059943883
0.920836150807681
0.29746183394003045
0.2043275496123363
0.15678268553255786
0.4968916831437159
0.6046969876044654
0.561200836262201
0.672864151683926
0.7643054140435963
0.4771915569802514
0.5146714646236963
0.43332854094701356
0.8406405048684178
0.3401542803871133
0.15233057706881784
0.6883408810934386
0.77086610937199
0.4757295282837161
0.5273633194288762
0.7807086790309795
0.39166210578078364
0.6514629731718126
0.5190033995916647
0.4045144128472851
0.7723418517242633
0.3421009462267205
0.4413276363337783
0.25540981655606665
0.4807677371662452
0.8899199960467777
0.06431290945043916
0.4443533913437271
0.6792105753605711
0.6335506905996651
0.2819102384927016
0.5621949299964364
0.4815562287349674
0.7232305688638916
0.6744345744413561
0.05913245904010191
0.28541553617199455
0.42708802668475154
0.5645030149963455
0.37804177866589544
0.4788109137331391
0.4774158090525149
0.8062642539895608
0.2707492396520632
0.30869616349424345
0.177877662465443
0.5051131741702237
0.9445468359689211
0.08892586161210722
0.08651841520889458
0.4729193675724225
0.7758290957969054
0.624713068664557
0.23197129150549914
0.7993093596201748
0.8578434910876493
0.3374133311386101
0.6789586845839238
0.1236038990453865
0.11615825458466693
0.41067995855551265
0.366642504684224
0.8424894531136136
0.036957880668400105
0.4652846877853636
0.2905628218377393
0.9176800244477352
0.43012455907217734
0.6494851496160805
0.5950037799030571
0.6042778900355507
0.7020564760546536
0.4885344670771376
0.4362488217571106
0.8152050539329856
0.40393401467038526
0.07761484196330934
0.5329177910335958
0.49583019346280943
0.6405850622420459
0.2644115759582429
0.20303263445559916
0.46351652083401174
0.62406928747699
0.6325379247899128
0.8007738908879491
0.42062954239279626
0.9099062561323914
0.18753535401131913
0.310101049028293
0.13707388898085854
0.44367335856149787
0.5766066955032413
0.04923959753504277
0.5050993038854859
0.5423937409082603
0.7769858214934388
0.5482343771945154
0.6875165107556478
0.5913552018475948
0.7140937632127939
0.6196855193911831
0.6027595063359574
0.4736976846015885
0.8889304614389628
0.07752830737826807
0.529208560857227
0.4538080292747533
0.6773760297505768
0.0733505216816328
0.3578403283763143
0.6327185099408179
0.4673450868005384
0.4420801517209788
0.4608839489072625
0.7541330123233851
0.10563282455878896
0.15467283926783348
0.29627803113682066
0.6600004442073732
0.14722262378333906
0.21012360292143
0.563229550804021
0.6623731755927887
0.765429302803208
0.18234178084803718
0.3838070255897925
0.8928527542019625
0.299662997674985
0.9811875811489716
0.19343364462880913
0.20458131347003017
0.6210888024139994
0.5570063501491253
0.46532615657356285
0.5089669388943436
0.9011663598994254
0.11183152606911576
0.3082164418515075
0.26535823593459235
0.5601472426529811
0.36443264355963956
0.5229913297227773
0.40801529325392316
0.5896948612140847
0.41071546435901907
0.5933950300884107
0.14670281741919958
0.45742065310170893
0.6461820021678073
0.4009053209478829
0.5191415233459143
0.4862874177994121
0.4956696470873446
0.842572706128818
0.07350431355997898
0.06164670199342461
0.2253383950031555
0.8671363807686724
0.5660929616583628
0.8557660696723604
0.4180361738943757
0.5334678699630063
0.8763531619956695
0.39338578073801
0.4695776913429704
0.45984544781135656
0.8643821072480566
0.4489733390259175
0.16732504477126425
0.1889106320158276
0.7936634412557022
0.6846571891994039
0.7494643987292221
0.7285452877259244
0.5017923587715631
0.7569339451651269
0.72891227189249
0.5448238184697666
0.2981619130275269
0.5919079230152932
0.8534879727604358
0.49239626660094465
0.5622237467297421
0.3158883822039402
0.2419077726581746
0.33228258769643015
0.6425870658330586
0.6780617200236644
0.6286550908925692
0.5818296603721498
0.46873143701040865
0.21969570437778024
0.7197603624502624
0.5598268691219046
0.6751301016188676
0.17428583927630997
0.300164889874046
0.788491956267798
0.15999452777551762
0.30399010460906645
0.3868730206795467
0.5990000813768646
0.3861057818216327
0.6333052916480587
0.16993511857028407
0.5223498367133014
0.539722372548572
0.7436413913807921
0.037790581284021685
0.36646480339440024
0.6252066602511891
0.5168902881197759
0.3894335744635808
0.8074713313449545
0.5050013980364583
0.47608383416826383
0.8716831984301949
0.5646205722377611
0.6519198972026499
0.04747575196155757
0.4241849219752233
0.26079772849220184
0.6588703469044863
0.7348731605872677
0.624124458736959
0.6519403243868773
0.6288200755115569
0.045091374289477515
0.45130287617082476
0.7593197959446332
0.5754586867651259
0.8855338975442848
0.6390762315133958
0.7707609243177173
0.3680534901098311
0.363089450472713
0.3277658566764594
0.5004221426773411
0.5062515528479197
0.8455693081285733
0.36458766017922484
0.6931651109864836
0.5934054648234286
0.1589950265016813
0.236146619762692
0.3703456437490097
0.8219077778072968
0.78569452395499
0.9089618766965748
0.4583124891321403
0.5400500744140588
0.8543808576114789
0.5545834019310869
0.9577929084258512
0.429720034288952
0.08588974115039798
0.28717097608839093
0.7755187140497797
0.8968312241251419
0.4918012618260217
0.7441737399311756
0.41004296157602477
0.4963004631822754
0.7745914797762012
0.5198256635470166
0.5470673639699575
0.81921215057676
0.19802646828771173
0.45881758730415995
0.8702546551083056
0.4963710242851026
0.6414980533870507
0.6240034721371198
0.6293662148378788
0.411291287102072
0.2576990722658789
0.9584092966871682
0.08419497444988885
0.42914823234971544
0.8761790974633374
0.5693889529026862
0.8332350150063927
0.34241885110964687
0.4629020738068306
0.46259908056843874
0.757823282124088
0.5639782920029897
0.3960913913881886
0.6755549900553642
0.5567184155055827
0.21057277860032916
0.4129492584693625
0.5186514758120141
0.5899005350254776
0.2193096322239372
0.4258445896214603
0.8090942792574554
0.5829250173131288
0.7058504336292775
0.4238350153703232
0.9268634452168986
0.20125535215685314
0.1346777920496659
0.7677192363473819
0.5596411029705493
0.49921885871093774
0.5841370486832178
0.2895058789251253
0.6697771383309139
0.911320452615437
0.12215505134520674
0.20361841672532882
0.3433024750153697
0.9501351206654536
0.2632765712331277
0.4590997407152784
0.6606838495592054
0.673291070272003
0.5704962603372031
0.3952840873828697
0.6539393166015727
0.33850530650734845
0.7157622967294517
0.6941653738438022
0.722465108813359
0.16231519151192078
0.47633347027924255
0.2728719293614351
0.6818180648391962
0.5967362549702426
0.5210054786726589
0.37604657715672024
0.7034631893292153
0.41287215910262254
0.6972196691027093
0.43993132550283626
0.17229837738462864
0.5400366492904816
0.667491833252129
0.7413203412708842
0.6686180076343653
0.7129985295569363
0.8202297237901031
0.5410806529303973
0.2732403929337197
0.921562251982861
0.2550820935038253
0.16923241428333452
0.29600912965843723
0.6158424713576582
0.868516948116265
0.05304158642510446
0.0998997083924795
0.35800160712388523
0.7850921144654057
0.7433998791523788
0.4967629649126219
0.24194588484917606
0.5478405227409296
0.2289725572879462
0.6928686254682963
0.9695362509799698
0.09968244718129385
0.06411501192986097
0.23590114870984863
0.3412995324953589
0.5972143489039887
0.18632541310938772
0.29415776333180227
0.6945120325817884
0.771416764970507
0.7678054288494677
0.8561287464362344
0.4856258306812876
0.7383823865279994
0.18396226552085104
0.4314368043489885
0.43348560588965707
0.42762946803439367
0.456761299594138
0.5765368211724441
0.7056412634803984
0.817473315310072
0.3629007823242859
0.21284494324194003
0.5001291210868988
0.6451501625434433
0.9833139615472691
0.3551740468805697
0.5024152474406155
0.39254095162597236
0.5795637543949533
0.4038295004881281
0.9219904044878573
0.46355602858131917
0.8410732583749767
0.5514070098111605
0.6523977419940994
0.673004020606971
0.2665784299385162
0.4962882101303052
0.5821321337536184
0.5363128457115025
0.940189621335271
0.3775476056677215
0.5038489831932526
0.5655961819968083
0.17948718772181835
0.8739945891935452
0.5773419046470871
0.8205312226284096
0.2489773970800906
0.1930398926674486
0.25925831102231284
0.6839409551680062
0.38980668815148406
0.9921908758207455
0.13724727056607278
0.2926602660617574
0.48064334901574435
0.9456722285170863
0.211160510056158
0.4998882517062925
0.7990420912986558
0.41150439322318494
0.11912992017161576
0.09382380675039229
0.4091900379200577
0.7048602204790887
0.156675438101358
0.28093072294506244
0.26227244825365315
0.7385546592151946
0.507535306031479
0.5738197745115663
0.9384214183961004
0.48488472101746577
0.8465568700686947
0.4156128124127358
0.8476123759458738
0.3072073482221924
0.7966789476043177
0.45714167433782305
0.4363031506313483
0.5971040299333311
0.246344354556982
0.1819817827887846
0.7921794477538968
0.3928983329890995
0.6564345379401505
0.3792081785564291
0.772302301414958
0.4701806097884876
0.6227404478789645
0.6562640041040699
0.5082198502322569
0.8610446093078857
0.2896345911837189
0.5874746158770054
0.6745024239757489
0.6514082810043951
0.30568297549452605
0.34094915722966046
0.8664803032129347
0.07453156188727013
0.3165921036866811
0.7850583228177682
0.460978704533342
0.7698463731515386
0.47783432972354933
0.312177819004988
0.5779274261581102
0.5205624285851991
0.8370169466958128
0.6898831963076915
0.9248009722781907
0.42487390806088715
0.4584627532138961
0.2306867269907209
0.8767736141429749
0.5975028738463075
0.8849971743306769
0.46590226051655437
0.5381322268326312
0.8346603513422948
0.6003899186051856
0.5211922783124985
0.4318347554054757
0.8627994839613939
0.1804892356087287
0.7442752980274884
0.584275923565332
0.3335198373731505
0.6499246400427656
0.7752576843959731
0.3229444068717398
0.7626183461871747
0.19905913656867452
0.20330582331113417
0.5335438046770224
0.9112392377473879
0.4096887560756647
0.2491524863312906
0.7549013539709803
0.6509179807899903
0.8712526513266683
0.19581725698464214
0.6659397723131406
0.6582644665867354
0.35122446810287683
0.9263927638167394
0.22791358352226848
0.7084669618811797
0.43420044761259013
0.9338620382768594
0.06646708688348686
0.14716918241453197
0.49684470425003957
0.9234067611992467
0.08865898845892375
0.3532634963936333
0.6328912074888229
0.6931871522594062
0.5632967731505737
0.39922842182465335
0.5372470789631726
0.2886508837442961
0.7324900016335705
0.39560642929064094
0.9484306842049599
0.29813876400016637
0.2431612784452991
0.142848481496568
0.7078458627664699
0.5003370227485736
0.3461087725556118
0.5686902708701848
0.17537093263722814
0.383110945327161
0.5819001402215198
0.7278848701941694
0.7549302524512262
0.5855011832635275
0.6547646082488006
0.22710099243933163
0.2758967006497813
0.3495763525641883
0.6904008316834911
0.2569718817216595
0.5355024765634284
0.811290621985715
0.7823589741248673
0.6961903589387475
0.8011515042456356
0.6320123662697534
0.8514459032450908
0.4722894484406811
0.21479633894352432
0.6192643155239653
0.5598040416757197
0.7824671071556026
0.023150406767609565
0.1920803008142306
0.24487926217872957
0.4179811269792118
0.7544116432247621
0.05525857901139321
0.38953496008159705
0.43828579287718894
0.7300592435188501
0.3131032530152929
0.6505982594141022
0.7285024640955486
0.46485964845724154
0.17843882589871565
0.6335958967336087
0.48666519591808644
0.7504062886047083
0.20663612790568608
0.4206850303576589
0.5749008503681956
0.8583351045212062
0.6547096484837395
0.48002162207747656
0.7800305834420622
0.5576638991583169
0.7587333741152501
0.48472716798795
0.7278545949370093
0.5580930006535718
0.6551616488389077
0.6459197003945019
0.6120956953111982
0.5845302927988915
0.32335420307941964
0.46975962400234617
0.5201471623936826
0.9365475926341493
0.22466843302419182
0.8066183752596876
0.6777525571103248
0.6881166085540634
0.030023288159486686
0.08992591558389391
0.48832236892710923
0.8373417141346926
0.34996103454914984
0.37669198568560924
0.7344389715189448
0.5118505373954303
0.4682331551171606
0.48723535364929504
0.8638993523028476
0.43125245411641755
0.4469319620741904
0.6924551322675692
0.6647779782796108
0.6823723774507422
0.4634208532322009
0.1615862562203122
0.35102508935217247
0.811488801283027
0.07427585666917946
0.41617261325427274
0.6999811720252828
0.24733553949482856
0.7173837921471771
0.5965363171927581
0.6728606377612687
0.8261165477191361
0.38505484134074053
0.4588257361032394
0.5585017174729241
0.6665436006108392
0.30290867591874676
0.7974252574672063
0.07414368416652903
0.12286647453768312
0.5370509484059844
0.9728072928980973
0.20247685290490308
0.24745995211504906
0.4490723585887133
0.8899552270558235
0.5360018123526501
0.5493560281090633
0.48295322500434623
0.64349146816933
0.4158480951581163
0.2711700661048181
0.5317664476978102
0.18311357118989208
0.45169261046560905
0.9940496143334387
0.34026043151576885
0.4634838706173356
0.534401719337352
0.8594743473391759
0.4042847243095219
0.7282217394793302
0.3599328408577279
0.5492281874757454
0.7901626814723766
0.590993647182267
0.45987263522072785
0.5263834213525573
0.7245513155585582
0.6695754002949788
0.8067525022954123
0.594188052128303
0.5894821545199125
0.8960566655025046
0.2892500161083196
0.6252335435573602
0.4644305930466964
0.9076693957606394
0.05130527853020908
0.1837679289227959
0.5010635398394768
0.4638342610453508
0.5028196229518654
0.789577022474454
0.15583274141102782
0.3679878616971937
0.734076166992091
0.16166948719013563
0.33930033394018355
0.24508730047348146
0.5508314335980226
0.9498286954985464
0.2319595617035099
0.24244487614698174
0.25444106372406206
0.540060249352947
0.47817147076664873
0.7324203822659714
0.8019823054778805
0.847176185541169
0.5545378090565114
0.6900516900891613
0.19624373367705852
0.31152940787345235
0.4576457972933333
0.5469961306344049
0.5828957939351391
0.2622295217422532
0.6223911459759555
0.6375517684499583
0.791690341728159
0.43247238990515535
0.2848711327068742
0.6508860262125888
0.7359117645194252
0.17934697037475103
0.5464249239151282
0.5767317951217108
0.6009623619904385
0.39127897704994014
0.3553527356985803
0.919318078032634
0.1994916249792128
0.4095840084334343
0.4871316385960635
0.7363049634732994
0.6389097097727329
0.3208328821090861
0.5264640714678002
0.4667598085705354
0.3932756873314416
0.8655538991195265
0.13596524007789995
0.6670305979340785
0.5410502641589158
0.13708694117014025
0.47958816563646944
0.8764534295032841
0.1995222476228693
0.391325548465572
0.8235159428884596
0.22166054864728274
0.5504949409054237
0.8772441546418239
0.499093964286962
0.4054783325848744
0.8970475164610634
0.5128566533403772
0.961694367851597
0.3810745464907932
0.5241549213559947
0.6175568867213648
0.6388279079365851
0.5529370239178271
0.687823505618244
0.09091040966328043
0.50666149060272
0.7482801655232383
0.07851124165331076
0.163711825165169
0.3939975985858833
0.6467792185782053
0.9065219720160331
0.12683219412716168
0.3544393347075696
0.46409136397680056
0.39474977257129595
0.5517064851714804
0.3486012173831744
0.22749049293233023
0.5696849455508742
0.4370104786750968
0.5848549721078878
0.6563291489590286
0.3704062368746808
0.8301159314205038
0.42827148660115416
0.8645131224811523
0.5760677206839058
0.9109303684737785
0.34029112220169705
0.957088894205244
0.30249096391118324
0.7416803191724424
0.8348742684044692
0.26865157790161776
0.29049838030429037
0.2579339776100923
0.6063991579097778
0.44490556947702176
0.5615294612446009
0.880584742171999
0.15992547995729117
0.493868617301617
0.959830640286443
0.0946647802544596
0.023299116590197205
0.10951856709434954
0.5548599076817289
0.864438789568253
0.4093322755437313
0.23963390448724278
0.49920128194954494
0.4523816245351524
0.7442252291712919
0.18033488082284993
0.5225112301924784
0.9561975740354189
0.39850559676069286
0.1492018736438837
0.4914685854755136
0.49655199370316844
0.9345743132264251
0.08747804348802052
0.3459781360810521
0.41855075622116145
0.48046442340464185
0.4386490411473276
0.8353577260739931
0.19733899326023657
0.8460987474270332
0.5838783471684161
0.8832397076520736
0.386915340687637
0.246989471443319
0.8889194583470902
0.4045338575054134
0.7148391629790714
0.338819922002856
0.5736366757202276
0.4826696361298969
0.41190200889786
0.5574320253733984
0.13872807083126948
0.6101599883177429
0.8171100768551895
0.1963207400055127
0.3643169096684368
0.6764767386098065
0.19447968662244736
0.6893364492342691
0.6606627501914157
0.07697901834343956
0.3033023647870272
0.4511109518168069
0.8033800545138559
0.8285665329275085
0.2778378874383923
0.7027774072403742
0.10080890964109124
0.12056445970798796
0.43120310390424577
0.6718445251841481
0.7389758458238025
0.32572006041890555
0.8495877029933105
0.5392263818048212
0.7072302340533748
0.8587199051371965
0.5131599303014314
0.6518675454340592
0.41605289675275553
0.7149795093462233
0.158245114154459
0.5730355915247248
0.7126275083047406
0.795190973811393
0.693359426026939
0.7557391954700021
0.7684898946384127
0.6274257193420482
0.638159141745863
0.24504845957953605
0.9120356594861561
0.3124823464518907
0.4286091548574157
0.6000769809648949
0.42944698059529973
0.7276589323016205
0.12851215830154633
0.21974978658712352
0.5343887474256571
0.8898912265674539
0.28104216911052127
0.9324382877164055
0.3138464304118104
0.2454473361448764
0.6001358853148965
0.1641870903465586
0.5785066538602028
0.7678969110228845
0.43724283339614584
0.22968442700561503
0.31426634582137924
0.9514075607945791
0.5760660026698303
0.7347104734843353
0.7751568899677975
0.41203889209460426
0.8639989309108796
0.5031768982852954
0.5471399602154363
0.21681984998811768
0.7890395554066312
0.43566059054043377
0.7134215993323518
0.5546368790638475
0.594931914177133
0.046434159694819586
0.46640578870302113
0.473783318721238
0.46894934994091486
0.8842346418123548
0.5456837600543091
0.6385631721744157
0.011096740951538658
0.06371618519511059
0.4216789789408946
0.5897428905310251
0.5740581559516832
0.4345614816301166
0.19433340127457982
0.4807249812548565
0.6117334756623498
0.8908312293024607
0.12256797596491711
0.4368899883846206
0.965032454271946
0.3366003025944967
0.0703746570797991
0.2553384527972051
0.3707570075658908
0.9567425041653588
0.44688800691260566
0.14106157051564983
0.4030137175973618
0.8044543518039029
0.5432603297397544
0.2545893111471447
0.612721349711735
0.2752553157986423
0.7901090446497445
0.4857037842586632
0.44673200213231423
0.4803507483166127
0.4694714284694794
0.9634871605391551
0.11431448148714371
0.3749145829279692
0.6592147786866087
0.37837907143793675
0.8043313522384684
0.6338553303417204
0.716040837407227
0.5767128777043684
0.7610085113403289
0.09464812871621216
0.3488348416023663
0.440869577304774
0.6942327374851638
0.3566601240438933
0.27037789831751297
0.6756311669423456
0.24082459371573176
0.6171656217505652
0.6385760610489369
0.6398787501018899
0.3570807795404835
0.9208270874161295
0.3002247517863277
0.5034082762569163
0.7054159483544735
0.5393752512385834
0.4100805579441759
0.6110689503946282
0.4237657920233838
0.5595937050979125
0.2811709334415367
0.2786268422147568
0.5800774103892147
0.8328586356219789
0.3547733717642994
0.45313622668325493
0.7177628290783936
0.6509440544530166
0.30133560585813474
0.48466998755694235
0.5412856018725503
0.47437961470694895
0.7317680420658952
0.45971638684027477
0.32238132354087706
0.8247712094003967
0.10841845382332935
0.422972422067001
0.6003500097442085
0.7574556924225734
0.5119132491944791
0.7992309174927387
0.8955563790728667
0.6838767949390969
0.6141984114659212
0.01055933389108294
0.4552759021804143
0.5354270891780608
0.4023678019076096
0.5996963411389356
0.18191781199155144
0.3198955978514284
0.6698313310624902
0.7889262953223413
0.17475082411125392
0.48906361463405057
0.7956270164956232
0.38014809882083167
0.5881248778482175
0.6219186999215311
0.3198650269634315
0.37493116259127685
0.664273662833032
0.5227784404993564
0.3775354245299391
0.8947473314580346
0.3170441335757437
0.8938727212895938
0.0714104083899921
0.09244759631670864
0.46980014897653843
0.6967981403055606
0.3844704271924197
0.42110260723220394
0.6255416262027144
0.6828709277755292
0.7313691792169293
0.5446760776747491
0.27591466010997867
0.6915498498510282
0.48336000923427547
0.67851596057083
0.5469978231721007
0.5117399293048577
0.5242561667893696
0.8987700872559308
0.07188999525251687
0.4979395416457752
0.8034458511048881
0.6467361756227701
0.6870156762379099
0.07788588310475913
0.034942101737483466
0.47885578118121
0.732112439334951
0.8555690251399777
0.31098957371428304
0.4654969091464519
0.7491152445050633
0.8113295422576146
0.5239282404651647
0.49395128533941624
0.6600618259224127
0.5341526608832187
0.2943878373178217
0.6226722356203257
0.6680737096369801
0.8286667987310239
0.4151862610909424
0.6140942205022845
0.3029252196272559
0.6599043051891937
0.7672637535504725
0.19670954281665398
0.47551156020340696
0.43958234293577886
0.713308362296038
0.5422975321074144
0.26732040497364784
0.8727730712669377
0.2883251162286536
0.3754159013250913
0.5077786808756437
0.7391362445485877
0.6753234846222886
0.6608841309188047
0.6634866078680776
0.019696587455956812
0.29864087335630685
0.33809784571975626
0.7894830251743186
0.59568718473167
0.6687884236816712
0.28964140298792623
0.44637417447028077
0.7452256033006396
0.5832461196307612
0.8080968374347877
0.7529724115738734
0.2744314985593176
0.7127981560709836
0.14007443646718398
0.30323231931548095
0.346202659954048
0.3971271439392716
0.7368499872805023
0.45362686819595793
0.4304355719300256
0.3689002441596707
0.40132969954977793
0.831272150576251
0.45190440425759504
0.5542774353269416
0.7407697904608423
0.6849458212512722
0.4388967127271287
0.10913026099225706
0.4613404413866101
0.6484455678492977
0.19996992913224027
0.1389507767846247
0.6973118047986762
0.7066822052969345
0.3084901256695339
0.3005498114318643
0.30183664249183784
0.9622240101593516
0.07196969243275742
0.31203909064883606
0.5896935783785558
0.5065875745988297
0.8754323028293831
0.26193533192911744
0.4656199598155951
0.5511849310878616
0.04185651304236358
0.5042395139370293
0.6723421788214966
0.5519499491445027
0.6771186401261722
0.7106179500343317
0.7384514685009526
0.42039901766358245
0.3499873965026966
0.6221878560624932
0.2981117348544779
0.42253697162725923
0.5212705340260732
0.7247939633963709
0.23574044085723211
0.6932136531651636
0.2722668656038293
0.7791433192593586
0.5834695124929405
0.5944065689158131
0.28220970066656625
0.6685902111251123
0.3060250025981536
0.33629175722767857
0.8382421836601072
0.1727248122187749
0.2170036171170132
0.19071352367519173
0.7886796554697167
0.9223888014745302
0.19655745283828788
0.6240286854185262
0.4691117133013796
0.6670547610515668
0.449481493522677
0.3794742896049574
0.507263298455357
0.5349097739608212
0.5642349042246216
0.04219027273588473
0.17023423415612987
0.3422977596691515
0.7505571190188969
0.13005430614688418
0.6711875518281023
0.9063288934081924
0.31187670661730266
0.5307626233772327
0.5788534912495171
0.5647012543294884
0.5764014750986441
0.6397009903206885
0.22282895045598966
0.23436912821047218
0.38209843673681243
0.6804375890270279
0.40655802877621827
0.49616509393395336
0.7277525305907333
0.5186976430675276
0.5712215562668801
0.10982268208153448
0.5866982699512738
0.6032049510038306
0.28461375253020893
0.47196212603061477
0.8582346072802005
0.29912782674883487
0.7812419246484918
0.36693763789693806
0.5330953585318258
0.8342468154804477
0.11029183951771532
0.17653908907969668
0.3923245503902952
0.48833779469609556
0.5731533225520898
0.6821757763061903
0.48434853892979135
0.5502175391396534
0.24877417744364272
0.142282792382221
0.630052135593917
0.5556385140984056
0.5116993606051473
0.647428557298407
0.5258306573123552
0.7937561801279069
0.4805989626640867
0.5653023588078742
0.5224243750243627
0.5825097105877597
0.5502560815905495
0.3218518744491625
0.7287716533575263
0.2551241340604938
0.360405595405661
0.19515557777333542
0.4236978406867199
0.7316901463292624
0.2016261297289155
0.29329666505528745
0.5496033741438239
0.39142090469970237
0.43163104660241186
0.24272843364395394
0.7756830161495231
0.9360228100817305
0.4155756415252527
0.7966130997920472
0.27217798118208586
0.6180850515285263
0.42309806131555583
0.5812981558549442
0.8157118314909839
0.4452869514160893
0.5965693839269564
0.04824085134024373
0.4813027634553395
0.4382001500156549
0.863870194084883
0.7463357211058019
0.8814060797263847
0.33906283216051314
0.7308339519373963
0.4266124906697647
0.07064105687931607
0.26368777133961757
0.3036750872623632
0.6773144419924053
0.14575145285469995
0.43113768213498144
0.5477309887025008
0.42482463919714447
0.42500371452036706
0.7231949773884032
0.7016761825151485
0.38914742957982296
0.8403850906868526
0.19175895601150558
0.4937851052651404
0.269335782296029
0.9624114453668983
0.48651061941371176
0.3115380660385929
0.8840046988203321
0.284442608346971
0.3982390492683872
0.3167640670656655
0.700272616620584
0.32222257677476085
0.4028446997537326
0.6778915402719558
0.7400486506260444
0.11271666932352584
0.3957836482616754
0.3042576564397896
0.8180491517112165
0.6788692018899998
0.5447842536296365
0.7100271873429091
0.7047009618360354
0.5227098963341755
0.8708007530900351
0.5271756257369478
0.5491375013178537
0.8701716009958179
0.5302658094976621
0.9051949414617877
0.22292309962734444
0.7071124205403729
0.273492233778207
0.7139809137000555
0.9646358545000391
0.30630096186227157
0.4414367087389306
0.16211859402193177
0.5021850660358247
0.6056969915888424
0.33377068751571537
0.771735446090283
0.19455003855413686
0.4287369364367233
0.6374494290869085
0.16134765310942156
0.23488692278704795
0.43134946066838253
0.2957829977147296
0.8281681384659003
0.0508631954514914
0.32792453529048105
0.5566542163787294
0.47659750895975267
0.534390282732607
0.5889201247740975
0.5261363509955322
0.4712798113696494
0.6529179342911051
0.4504602626597459
0.6140644338560677
0.16956891001835442
0.12744926534066128
0.13722692848496576
0.4834602661037279
0.6790609565023942
0.21572525896451455
0.38268544035123936
0.8257155691505682
0.652006699165696
0.5755204363843579
0.3909311180337552
0.7178050299449998
0.7720912343700465
0.3932660133773361
0.34630778553962094
0.6341413032142379
0.7102534932218029
0.284571823297121
0.32020387261517747
0.6089263516082666
0.09076831001919394
0.6095650766688544
0.5634552843927103
0.4408422876823847
0.6607354040392387
0.257545214934205
0.4216092536784172
0.9687186446234424
0.20854466686093978
0.30037137937394626
0.4525584555100612
0.6261448276002036
0.6589394720069777
0.6416059738620913
0.8569086387728246
0.3574138611083142
0.3321647337282657
0.4726098089659576
0.3215765604784278
0.6189535000381565
0.0419645910663724
0.4754545461388719
0.33115489983575286
0.6132123392031315
0.4116470172465806
0.2503844052343672
0.899537117098236
0.44578308451926574
0.6347619425313881
0.6615297902579517
0.4110238465458794
0.6173923951676913
0.4153751106168701
0.8767363672068696
0.46523664284494504
0.4857652369870407
0.6566003115450352
0.6610506432701336
0.3132987663466011
0.31703614841219274
0.3847429879187706
0.6681418426013906
0.06900654102481296
0.43725724618073475
0.2963088345346795
0.33759222973014447
0.9399111285355894
0.4329008238804476
0.12871958414098
0.4764923326375724
0.6376529822335303
0.052826708710998406
0.25662605789474024
0.43135094303156973
0.6280219335523347
0.07871351691918348
0.47172825490643167
0.5366028907158212
0.9116503761650709
0.33564615746191395
0.628490153149361
0.40238228791561337
0.8240490454480998
0.4243858178970724
0.5387640497735421
0.5309281497020866
0.4081473433176883
0.6113105282118685
0.281872792348271
0.7121479209611612
0.9751077303166382
0.22957442579129644
0.13670363181354395
0.6404908924893009
0.9313532679179848
0.3508980416620756
0.3368415416107571
0.8311251188839657
0.23629293167715465
0.11868590878883586
0.6134875949577003
0.5586461986126194
0.3854952322928443
0.5084190688270145
0.5504365906925848
0.522727670353353
0.3783808253608918
0.8125855209549879
0.2628151730021576
0.15034362321000863
0.2828529658713578
0.6669864530919659
0.27438087162307195
0.42680093913266604
0.6934509117131252
0.7370068669571083
0.4384733878203895
0.449931663739659
0.7578259062630481
0.8826036444250746
0.221892858624058
0.31009840359125657
0.6629516824708239
0.5995280539776047
0.6066122757356087
0.42269622519270134
0.52392587134535
0.6950809717039379
0.5876491567862686
0.6606303454073154
0.08917214071179407
0.206545432520578
0.6722556687240788
0.6665427680645485
0.18021794068977556
0.2901074458673387
0.4374350150080763
0.6694590876416029
0.6366487362906182
0.4348584272637436
0.6615310368861803
0.3657860306256282
0.5997817320646048
0.8858150369909767
0.11159912746988984
0.17185062913396823
0.49965302722077276
0.9604138456261722
0.0382338160900361
0.25846034726264216
0.3235236830061668
0.4395625342929955
0.9117801680219302
0.09024723597815351
0.07783201437282096
0.6870935261244937
0.5945950816879436
0.21901598964645144
0.5759706425315374
0.46653845472198396
0.7849228210451128
0.7918747888544939
0.3126833181509265
0.8702102584922757
0.2282241073092218
0.3731969944692199
0.2724278560802076
0.5557642703414493
0.5470004317448566
0.2441058403319874
0.6762729700917531
0.7540929882839035
0.43088717209138544
0.7426895989151285
0.7302248429337584
0.34023107281214005
0.19274717500661917
0.7025370048584549
0.8666380856136522
0.5730003623867324
0.9589643834384085
0.20432504186470776
0.4356706203794127
0.41025932820993444
0.43480511603101774
0.6528344327069548
0.3704871536364763
0.6425697576423935
0.23773545545237468
0.5490560585332691
0.6875594235910278
0.7686916307769992
0.33089847871968503
0.48224987932757707
0.22012142313736566
0.5863500177160379
0.3659094459155913
0.826355081655082
0.4039329293270182
0.9131520150661963
0.5276309752769426
0.5593906055646934
0.35005396977730585
0.09494366482010294
0.27249117935923206
0.35506645670983694
0.7082179744928667
0.13936006606226103
0.4525394818546964
0.9438961712123426
0.42648182532194845
0.6822347390792908
0.8802345041049229
0.3082753354759463
0.419566654390764
0.9054725803600827
0.4246370261084528
0.8755752109636304
0.2563719483334567
0.489152454016254
0.317595035723819
0.6207469903277909
0.6191302482390761
0.8312156020606833
0.2540578917092061
0.7635736653830063
0.1693791928900478
0.41061101230830915
0.5222531745161322
0.6845991573806133
0.9556341569954165
0.22053126989690625
0.8234073058484277
0.8205609338158375
0.7757930617956006
0.844700078291575
0.46983294509563056
0.5916478953879679
0.2050636358038049
0.23224505038500617
0.7748478632173846
0.5249008636495495
0.5831651924964606
0.749290554555402
0.42833784209263587
0.7165465823646437
0.6993970864815726
0.7010309445608107
0.3913208449953658
0.7621372755998237
0.442345999844221
0.09966467473263971
0.16637222911222063
0.5486402314428617
0.6786883428216944
0.572951840426855
0.8157642800030511
0.44040173195679044
0.4204443997973771
0.7951648273486305
0.5186667534586447
0.5941565100186131
0.6154938971719348
0.8438321049298894
0.07250338651758864
0.24767494842177318
0.3248283401414429
0.4847430298996237
0.7943232512700764
0.3572746746805975
0.49829823660190886
0.4190693455108606
0.6433835828382708
0.4594422671350973
0.21559915088857906
0.6850045030453907
0.26122780630493203
0.8338609466738853
0.7303923765331346
0.6454405004174073
0.2529403711075059
0.2588476170108491
0.2989094986277721
0.5387386558198439
0.6708682233639702
0.34025277254511116
0.9022503038877023
0.337201254543947
0.8070772724503423
0.6411027289676475
0.8599200055459191
0.56240262093019
0.7309109282888808
0.321210531672827
0.2998341441214277
0.29616675174321067
0.7154163076885248
0.6530571115887687
0.27932781315395283
0.7832178772630016
0.6270514182091482
0.5743973624697749
0.7746909093208092
0.6391150851666094
0.7667967322488396
0.4855381047345359
0.7950469567001486
0.26308156034566094
0.5128676654515034
0.32930203561809174
0.7706847643687436
0.2550952740186633
0.10507098705829768
0.22216067267034295
0.7515849191757165
0.5776573561833425
0.3554980340511825
0.6928308277947652
0.31581708609192327
0.2981378560124728
0.9823111921815462
0.37254517067724574
0.23921614356691182
0.4684949730252277
0.7952321251950791
0.30688294804713767
0.05163437336650323
0.3117838496800335
0.8975924410565466
0.307539869243293
0.8318382471928725
0.3510739220015589
0.46002493739989364
0.36411133380116434
0.5166452030562961
0.7125360164296844
0.3629789203172788
0.46478472230302414
0.36193081643151104
0.6394978674126289
0.3175060854665124
0.3317882088406829
0.4567118498625442
0.9849310314930233
0.3338281249657703
0.3845642023415037
0.2509181987907805
0.8243263810142734
0.47556829016489394
0.4888140152254168
0.8002048517018071
0.7735031777312811
0.5776401071373674
0.5787748553332064
0.4793953684058911
0.6151568516200596
0.41016080791398746
0.16758625336725907
0.32092686724286973
0.7441131068899152
0.38210055904856904
0.3970631951029648
0.420425026845898
0.5929059817351008
0.7352820063923575
0.23468656754982611
0.318593310759931
0.8447181532800677
0.3987819680662944
0.6088439953045197
0.42149558803992315
0.8362059360300503
0.20920786268139505
0.3883436580013736
0.48874264718507676
0.6889158183900846
0.22891997922777058
0.1324460205049699
0.5865716068081268
0.853716255389602
0.51924589036253
0.7254605206336664
0.015472168757113644
0.3536715422889596
0.23653117042642618
0.3288566292805245
0.6164569661086224
0.349113128273321
0.34172097781743027
0.36258066490436414
0.6912863675856069
0.7232423275436881
0.4116304297430994
0.6819234851111854
0.5140212019399322
0.9730032327265823
0.5393256944326333
0.7414633245638627
0.9428581378189591
0.3123464094334861
0.22745471121010435
0.8065778391062401
0.8659584305093357
0.7991195539965905
0.9087765452198625
0.29499112144336587
0.9225702117155571
0.12211124081476814
0.35481169077090396
0.8430465446259839
0.4170674099774548
0.3410850188073564
0.5800362049825789
0.8409785140554021
0.4159498766632761
0.6275163764788917
0.5595089213533027
0.8360168238065308
0.6083320591108203
0.6013778399209481
0.5778282211152997
0.40067131316791227
0.7885284134222825
0.2865994324372014
0.5550177448967054
0.5488680458362288
0.5177363056616563
0.29515525046519747
0.7918536390364459
0.36726243386896396
0.8040236082673722
0.42085240867092527
0.49133327556406015
0.5319109015125713
0.7639188037091538
0.30721109205369707
0.22550342419467329
0.5786913572825378
0.5951017843104547
0.28195615748375513
0.9547753055369709
0.17214007141060658
0.5111526042390154
0.7225792978008206
0.7790391276563107
0.5496440401350753
0.7681657190985459
0.2927469289192775
0.4275592014859284
0.7707654941684571
0.48053987137881654
0.4215412381989654
0.6402541019524401
0.43889003623753803
0.30446021775443055
0.6164268694888051
0.7219547495915144
0.25200679827404127
0.42324467984300235
0.6221619449617737
0.22026450745891415
0.41477929659806
0.9080041977183839
0.6256068746448415
0.8699395457246919
0.43775576558324114
0.6571080683647317
0.6098224969481256
0.25427733977758743
0.3218229813702912
0.6285346085500307
0.867769997872277
0.09456429250772191
0.5582392943752126
0.8603926070380877
0.7967662490409184
0.8171360090321248
0.2758026390710161
0.8104016046247091
0.39503934764214516
0.4251800924757628
0.4121785469151379
0.5832403508401215
0.6962273575426344
0.38706590467843127
0.7643785364206482
0.448528102700714
0.500737056291809
0.740823283888414
0.33377151016878914
0.877027854522272
0.6932405938055566
0.941716205278146
0.3230876275403458
0.5488972892038967
0.6141990447156117
0.7342137451334023
0.2318852696205677
0.7473657770396602
0.7555440584641387
0.4459830060804871
0.539495247590032
0.3012591850119641
0.557032992315165
0.5826622362065803
0.7543926995817317
0.47346745854673916
0.6249864433923462
0.15063404683090753
0.35587905682456306
0.5204598217634041
0.245528830210129
0.5718742129008938
0.49374404731197485
0.5508962548839071
0.289409844637232
0.28361347808351306
0.8139428028090738
0.7150324998647047
0.4696822836864619
0.8986861368730839
0.01989827389928569
0.2144889353597356
0.5201235351279277
0.794727816759162
0.4968393560248098
0.46115837366372114
0.6382196582532056
0.3040883398102445
0.465227335568142
0.5663348444033982
0.6786619099168911
0.47271726499623473
0.24910238596721634
0.5351298909996959
0.3388375574190797
0.7745932371050204
0.4041201771538142
0.5149392881000685
0.5726559813021652
0.765734080218811
0.15314680105551112
0.7745956328501791
0.6188551767415496
0.5487983612367511
0.5951242432654675
0.9254783454301694
0.22305334321596043
0.5626558925307636
0.7525954292405079
0.6380203371555956
0.4242728434454667
0.6727896453008887
0.5725114159710406
0.7040699184397893
0.38998965788580653
0.5823548829407921
0.5602968794371557
0.4218408491290339
0.35904466801128515
0.6069824778808477
0.5757589176204847
0.7106786834948797
0.3903271169616015
0.4702849069484068
0.5365557432112611
0.48603843657715085
0.7230326452071104
0.8371840752479464
0.21087516802596193
0.08493838792100965
0.3695481143159171
0.5730710764897018
0.9474887255421229
0.3107954864647681
0.4702633862728155
0.15578039173251662
0.529067153513991
0.611441599628828
0.46884882441707953
0.590901839768911
0.6950395652574253
0.40181777956328585
0.2464328599533438
0.6342802203500947
0.5074998332767737
0.2984300582363807
0.847627923675
0.21891696420972429
0.22776847798324173
0.6572227614207395
0.5131364340387483
0.27462395730886147
0.8552679507222678
0.45602955771669385
0.18179637283899702
0.6477698424429805
0.9499481733520512
0.2493513364873109
0.6470959225098405
0.6972772951068216
0.4396243130176963
0.47651486521122954
0.9632719125386701
0.465708403025396
0.3297089214315804
0.6601758791202926
0.7663650390825941
0.34475671123128576
0.6081705537313677
0.2958453755705314
0.4461739996652967
0.6893736914351738
0.040470277702414195
0.4420095985377017
0.20727748645932598
0.5828496743126855
0.39467608998783976
0.5911856790003149
0.25366482913457244
0.236309342397566
0.5055152684284707
0.6215113462711088
0.6659088858871016
0.42382129575359206
0.819042238197407
0.5527539333422844
0.7552665428400842
0.46905022843721883
0.9824655617492326
0.12856203111272319
0.4263961564159802
0.5365501362620368
0.3944156475453722
0.7115611346863234
0.24495413159754245
0.6967348756180448
0.0643173653521987
0.5393565595288418
0.5372180381061056
0.38842152495230453
0.6967924030101565
0.2517415614560407
0.40077253898846243
0.4528934154325014
0.816897102229115
0.3918497032579089
0.5065478281620839
0.8251335957790888
0.4243888566727152
0.6576906651795207
0.6227980591918697
0.2149678558219243
0.3451844276384776
0.8491495798312918
0.19656675363724743
0.8521459672290567
0.41437045229524144
0.7703152906132
0.2975347191455262
0.3216616537110912
0.5639789281330368
0.16576298410778956
0.13397590804413045
0.31433131256403557
0.38174016669603295
0.9388654403552381
0.32182982513283565
0.6516331515078666
0.3013027846758783
0.7908772752091211
0.4218369371509871
0.26676620207550183
0.5086864146580121
0.7525208915509309
0.9141693978530896
0.5956942576201929
0.5510609975710172
0.1231734062984571
0.1001456684199423
0.42289159016082245
0.3604303292801727
0.5798552568981992
0.2461061772559641
0.29157781768481683
0.4989189254529684
0.7982051057339552
0.3210194699322958
0.42975790069402287
0.8572097773083271
0.7387066915120115
0.6934893214033395
0.6289579678990981
0.4012829713203327
0.7292750740142009
0.646862442161292
0.9063397699457094
0.4923043476894938
0.5267340611337903
0.5447418679265211
0.6700063554517784
0.25065985644364536
0.42837445617975095
0.8532098455664867
0.16182867830842065
0.558596428307039
0.9432550269432228
0.21863880255423446
0.3577185723829849
0.7253407652131207
0.20327909739614858
0.48300669375380956
0.9476616513142511
0.2707078339717396
0.4610951323375535
0.2991775313394048
0.9651722683964093
0.07565407020091466
0.5884737456258745
0.5243019977925186
0.5627242717751476
0.464387010988974
0.3711848446055007
0.8721784921180715
0.3444301235408871
0.6469919485407101
0.55987176478987
0.14796864986515862
0.051763076444186325
0.325707360893424
0.8242898065832036
0.5142683441670417
0.5730375206566821
0.33837020482679303
0.44087061082373513
0.6732649010532957
0.042761724000664275
0.37851943900087104
0.329703711830885
0.7962447830469845
0.24218977045293283
0.686758802820045
0.6999048382664093
0.2687428173549623
0.9291733191511037
0.13599480624010138
0.6035330089700648
0.7288470765466075
0.17752485098607024
0.38270272624832574
0.7747841439205504
0.39827512216119476
0.5658136907439444
0.2584241306563793
0.1483555485577922
0.42211587233068026
0.6457135982349975
0.1561631908227535
0.4012377269642551
0.6344620044543298
0.5976977413422866
0.40955244443572836
0.7239639285626144
0.8412462376679625
0.7119636222474601
0.7129851624376571
0.1554665122057634
0.2840375660852851
0.7187015792314588
0.5400023025896031
0.9572684362897781
0.2594337721272609
0.6706833907145164
0.7131173412541038
0.4832056310823015
0.46892128974400993
0.7637637015006333
0.2823174283125353
0.6676948456371407
0.09857265202325531
0.7495861905033465
0.7848194844757949
0.4286700440427972
0.22079739695361564
0.5770004501456458
0.550840058546861
0.768506253717665
0.41846156800759915
0.7515185530057997
0.6621484384644684
0.8197757052392625
0.39334678252479965
0.27537671938897296
0.7854761067660267
0.4404835208394394
0.5657217900705269
0.6396564006622834
0.4684275602739912
0.8214804636667681
0.3960122881748487
0.6651229809725893
0.6121092587003738
0.5880027903719627
0.36911450070361146
0.6494106331483591
0.672834703729362
0.43323770046572324
0.5468161505038596
0.6203209977567041
0.1083491278696524
0.4958221890023389
0.672162395184422
0.9543142382943337
0.09023581723335068
0.5502025917202555
0.5308847664231888
0.810032794788802
0.3322719702934164
0.7972560947705447
0.3956794274022307
0.579515775949361
0.6028973211379737
0.6970328389330502
0.4744918020861968
0.9344251531178378
0.41404988819691385
0.07656919859834035
0.335690295032147
0.5766925029493983
0.2598338276601021
0.9055884913904302
0.7233544106675176
0.5678246665025614
0.2588713420971539
0.3031576738977308
0.4833022279088127
0.4572680915134745
0.8944092113988674
0.7542156319853117
0.9289258897716058
0.25754779731582056
0.4314364131832872
0.5293435159201577
0.3363610108410192
0.685776197388698
0.11801111127029454
0.516381134049554
0.9127822333428022
0.3643162652232039
0.21961430754916217
0.5744358849151253
0.5260563852279501
0.6953049205768417
0.7623188028999245
0.12665057668993712
0.47191206303624583
0.7282893336723493
0.12761517168955622
0.42002556019914955
0.5413585958932565
0.6200378254621505
0.8139850009416216
0.25298363846459837
0.40128518509499467
0.9236659382270317
0.37646674001172253
0.2610009594785033
0.5036789832063184
0.562368841996006
0.5904116518334118
0.28137069750834437
0.9055953690686357
0.4279564067066533
0.9520917017891898
0.3047957244857341
0.39309857934297443
0.5025968896831898
0.6552246605269292
0.4322535971963162
0.6123846759868351
0.4500544218410634
0.9002214909699672
0.26389504159883825
0.668459869205139
0.8412258743510981
0.26511730191537436
0.716350295086279
0.48171592629243326
0.5087775859652512
0.21030421625558499
0.7947128941929971
0.2432190112674254
0.5178989941296332
0.46768042149661027
0.6752308709648831
0.35124063289603846
0.45947326580974696
0.3469958665242311
0.337713095145704
0.9231489724552973
0.4608359384607673
0.5439210151593562
0.7760054354254187
0.20221924279206727
0.4760568514514744
0.2672189419407003
0.5954424816697077
0.22427392774880237
0.32547164890058383
0.604196720404717
0.5592614050686364
0.4051188521708313
0.6608708210639596
0.6741138437717829
0.19105424796820394
0.3317296758299232
0.20727979103836067
0.7722136018657986
0.8148903511517789
0.3563028672030085
0.86196569273454
0.2235002856656158
0.20091389245225272
0.6651024605367559
0.9568111884754265
0.20692763961893107
0.4185271926970537
0.799281065987789
0.694801760692409
0.8794307293404761
0.3142557855152748
0.1543707184118549
0.5409562991098377
0.7333256915909094
0.36270909925413986
0.7553577939587606
0.6880082610514997
0.30007149100254416
0.34698747126537755
0.8819782355595658
0.5158108311556804
0.9715775463946339
0.14852401642285068
0.2299047972235165
0.31142170824053944
0.5968100948165107
0.19729691794671309
0.14985258576968352
0.6604036780112297
0.8520228743159374
0.07239090878393069
0.5831703650569521
0.7938556186886165
0.5468517284840897
0.581386701161242
0.4416341082030455
0.6101291447037427
0.9862086055534198
0.025922849482712982
0.4640891806622196
0.31134640307061817
0.75345241138224
0.24421355334408637
0.10582089222252533
0.465681475979729
0.8262684214396079
0.457359813877294
0.42836953950222734
0.5249819816194087
0.6269221090555512
0.9085068784138199
0.5546537261569179
0.968311196026384
0.24780862361246697
0.682465149453858
0.5513768818049823
0.07728335568316483
0.349445486443863
0.4536063613840376
0.9036017735541795
0.25933809000736385
0.27629504727108883
0.3667739100088393
0.3668568948914996
0.7837464416745938
0.14970542889906374
0.7241981929155278
0.49077945219855107
0.4678590474427649
0.9527293171915274
0.03991072154230678
0.06760938337058377
0.12222659021650815
0.5916466082661483
0.6684638655841555
0.0818067243591582
0.2290515147780754
0.9527860214945341
0.21625671930634707
0.7365877210484454
0.6627610983100762
0.5464052835021591
0.62114965597446
0.6562165097157107
0.15258450567239207
0.15483240611771604
0.25633078996407366
0.559799637128071
0.37582676131311304
0.5017611442404366
0.5175850611990799
0.46189501665628707
0.7366529361766601
0.5217385525770926
0.8132026277361151
0.5991983407518148
0.3204910025207273
0.79427071737844
0.1147609905502824
0.2895077601673048
0.2424747949782201
0.6933829015749287
0.18053281368018315
0.6668779686179089
0.7050871965380158
0.5324077505601554
0.9138909892615178
0.45122316003202645
0.586911295113774
0.6872895996538609
0.7061197818476087
0.45789612634333327
0.49964036788550537
0.6486445808449155
0.13929334104996371
0.4321647556543069
0.7566885994157512
0.36056434318581004
0.6498751551421595
0.5448652588511426
0.28550389458770836
0.7589068531149277
0.4210092763918085
0.9079511655145227
0.5990652179637479
0.8635577551799538
0.25397187896972045
0.25570885388531556
0.25379101139109095
0.5487030773522494
0.38143231968347785
0.603943445389055
0.5442490129298797
0.18360296060664583
0.7318043145657194
0.3195191945700897
0.8163762982249875
0.21676920428303756
0.5300156133580904
0.7226970921853275
0.3100443206851591
0.7852247057578212
0.3451714466185814
0.6162099911637451
0.3174892391696973
0.4511729789000638
0.43724888445647925
0.5470709906628265
0.684490630979881
0.3691896872942507
0.5391598643998877
0.19041397269529722
0.7511372053074596
0.4072539249278734
0.6314566985982222
0.3923448791817239
0.18829962723035804
0.3926844048825348
0.8903048030791519
0.309708415519786
0.5883647459862079
0.3525406304386753
0.6899244045374772
0.4053610722446836
0.6248584635484352
0.46809237116450053
0.46875754877659237
0.6408300944333464
0.834450508381916
0.3105274644810623
0.5964139602182585
0.28911985009563346
0.6558276863434835
0.5541556562480369
0.24250113976656293
0.36357540527041304
0.396131824642739
0.7131158734033918
0.1627439961912051
0.42720974996703753
0.6255255439799398
0.5257665819000156
0.3937479631817311
0.5204234057230785
0.7988420048311142
0.4373726407107919
0.6626753702132346
0.2726570311515995
0.2582872621382138
0.5164626901655195
0.4035175677977285
0.9445770766782768
0.273560145692324
0.0774615666250079
0.4958658553805484
0.7128583278996884
0.4418061515554703
0.875508889920264
0.29920343576923
0.16226946224384847
0.26901742592446404
0.6500968374551788
0.6285754888950238
0.41004242506616045
0.158482497855422
0.33384656935243306
0.717403726001643
0.8804409430570668
0.25034502609063813
0.8523631146531082
0.5381937070343442
0.9019581444280601
0.5277169222744049
0.39026887591382886
0.8825367532944003
0.7582987396157346
0.5861695715801003
0.2280096901001822
0.4452282557839816
0.7779786949849614
0.3104307912281254
0.6708265701835618
0.7750214049936909
0.40923325193910476
0.2701680762699908
0.9394883282765578
0.05961209263954633
0.0938080092727156
0.5851785383463515
0.5693610060481307
0.41391066740351623
0.33316537099616217
0.4536166051436313
0.6676764811381588
0.6138838042479957
0.32547672559648083
0.05571485029725268
0.42143966440078684
0.7065506252884097
0.7275192125783233
0.7011950878273157
0.8223082315804625
0.22186607711536122
0.5095417741023881
0.37790400928659146
0.7004227765868256
0.3057941830492979
0.34508549298453856
0.31230311697352514
0.7682115236424694
0.6955015513669531
0.5496264005686383
0.44523261035033096
0.8307815159537137
0.6899152531898651
0.44019421074471804
0.960160083932399
0.20596257422665354
0.5810755609303373
0.6550909035189334
0.5520042860043155
0.604525215824195
0.22353325603231794
0.7664085886110079
0.49368004458235293
0.5632004626450093
0.666260341248363
0.17209324195537815
0.047678611611533375
0.24882723911173038
0.7177365977478036
0.5516501649533155
0.11300431500908635
0.4232949778976347
0.5803541136651601
0.655698369506889
0.6346892286659208
0.6590470048326528
0.5867599733690256
0.7162989128296792
0.08546404450528049
0.13861675535290774
0.29841267087335227
0.39276823144135903
0.6572859837700111
0.6187099070974358
0.667755238135758
0.5480233263185003
0.8357623771441929
0.03575101554042112
0.03925328033638255
