0.807028982708151
0.841736528916496
0.6851338494971336
0.878793545334948
0.2439798673712726
0.3092443393408615
0.4319515938962779
0.6870877441481991
0.4194336007503878
0.19871632848116905
0.2343305411919853
0.5028043307606112
0.7311462160534701
0.6862135007333604
0.6284700763429845
0.6979680451467265
0.42009321337586475
0.5233409068118934
0.5698556035493577
0.4096946892733179
0.5803624876761023
0.2231462847647448
0.6588781569703722
0.6585323799802145
0.3213688545347719
0.40111308250575817
0.6890967670491491
0.495386903111523
0.9113826757685299
0.6818315623178994
0.7838908964384093
0.31763283178037816
0.3370109071679723
0.2840043880839384
0.44141073259229835
0.5212372653181194
0.36811592471810795
0.8589100384564428
0.23677890953560157
0.5985751532477475
0.6562686652049582
0.018820951871278878
0.3904859303130482
0.3479527247678649
0.5949687240314483
0.7501974970910561
0.6089199040836377
0.47780016557362526
0.9209894858604786
0.5189868637206168
0.4920211856245378
0.6910372588989466
0.07501727967204562
0.49577464328632215
0.8559125519299966
0.41240633970712637
0.4911468670159144
0.42051039818526476
0.9907074821772275
0.44819178781639
0.45598407318091627
0.49112063341942114
0.7435354829421545
0.9051818657395525
0.43316270725203976
0.5697165262673669
0.5525198427446147
0.41166845190862683
0.06123093721312527
0.3780931446760645
0.41959301936492066
0.7336693488144399
0.43931187028528973
0.5209426484014272
0.550661105055124
0.5364839655734543
0.3001281728258653
0.6587518909465255
0.2678193050260437
0.5498895282344768
0.4672183403597864
0.5213871891099561
0.5898579210520306
0.6181487930989621
0.43391776534516047
0.47175772663005533
0.4909122179538429
0.5370018866161252
0.2567070534834931
0.590826459380483
0.5362145027889362
0.7315676871205588
0.43495809930996093
0.6902314335555673
0.3994437477891226
0.6536066186521089
0.9276404518226531
0.325742437074919
0.7113388880908715
0.6397792213589275
0.6999375123978336
0.5875421011807157
0.4377732351866248
0.06829418977770975
0.1862763890373364
0.4739554108203663
0.8274711565304722
0.2613755293356788
0.5432203896837353
0.6364796054054728
0.18901629687551055
0.694673123954199
0.7683602695494712
0.2061184156950593
0.8339744081455438
0.872296609339918
0.7737645856755315
0.6494020891555021
0.41482169010117864
0.5049399495855202
0.72518543377411
0.22923995681720327
0.6395813448508352
0.6129379939582832
0.04069583408459036
0.04813660472674354
0.4944072854917288
0.7916491793172081
0.5765789335629371
0.6619002173637422
0.8043990692898713
0.300878553219604
0.45593377405794155
0.9114644675243582
0.19401738305817195
0.435633854582792
0.3550542330789115
0.4904390148246299
0.7123656804397495
0.23415418522816647
0.41411532604858636
0.7937516181679991
0.38734944298885793
0.492276521162107
0.5442083281567092
0.8539979318596602
0.18129752925840933
0.614237628777223
0.8811214535982957
0.4575151902933265
0.7527108388969642
0.8572444445480107
0.44212911668557275
0.7254062912272508
0.661639736098576
0.49755761452376995
0.7849252886484146
0.545457614646601
0.5666250274911663
0.6961147428650308
0.40342150815987743
0.7307135211090721
0.3081326827792177
0.5838220614250488
0.44290488323871835
0.3011775140338783
0.5707916920678218
0.689282101445217
0.11820358172141353
0.3542763523235378
0.43082932578133143
0.6656812545798186
0.0751210811213867
0.4451622306345955
0.9149799947425035
0.4048276227475901
0.5007093267534745
0.33370181981205427
0.7175860341459775
0.3986383668975528
0.7607184783091785
0.3973944465795501
0.8270530348755676
0.2981731666683335
0.4712265536800783
0.6737646864528322
0.3378676262852665
0.4566417715553254
0.3837594800719797
0.72426526942699
0.2919549461721479
0.34772276744839814
0.8856709261384845
0.5384715987665153
0.6534896915020666
0.810413846640737
0.7747326308516596
0.668238150852811
0.440141022836957
0.7993146855648987
0.7085842087374669
0.9309808277910461
0.3360682984951484
0.3591983959023451
0.22290578138954203
0.616173193826058
0.7923443926172096
0.36038877655361073
0.4366255250611391
0.6070743169223718
0.7941304584179623
0.4226561423466614
0.7017298543623203
0.7861995753456991
0.6246887191653111
0.9584520644248721
0.2288122134005877
0.5377490131033219
0.5725608449833657
0.09121395696670433
0.5099642402320099
0.5614430330050758
0.5357117873376827
0.8112241266302436
0.4288143927978591
0.6002376388177373
0.5183743006257687
0.6220365612948412
0.49173200162889724
0.6302831412483597
0.7268974447418532
0.45524977919027226
0.265163613440829
0.3442282414110324
0.9567318400880409
0.4612551268084494
0.6272579013115842
0.8065335207629826
0.4214344420640099
0.34237890226206597
0.6887190349426492
0.3286983063816368
0.5437667732690834
0.49598467314209005
0.5079164889377298
0.30623992454365123
0.9603527830106844
0.3411413514874349
0.10416141810836557
0.13127429608074548
0.7410865299805298
0.7614921692102185
0.199183721276294
0.1720782261796704
0.492365043597209
0.6225821512000661
0.27110490760982964
0.33896743080030756
0.7903435456941585
0.5625929341493101
0.6399885087313619
0.7873322940361736
0.546012180800715
0.8228619895359586
0.16661113360093613
0.7850117431541475
0.5549948788681817
0.7226845477490106
0.7295094689498833
0.32834853716400214
0.7698196573409434
0.4112931672323185
0.7411729505567234
0.4913712985325974
0.6780259434977166
0.4314445241256311
0.5777967667782588
0.4364936559903191
0.5193887347642729
0.7514942049141443
0.40417125462608805
0.27657048488266356
0.7116991278428955
0.5047609481940176
0.2711939533445461
0.9653413180470862
0.06972637502977813
0.2874634316883209
0.635871379429653
0.5527155874678568
0.46951385980282306
0.42284725326816575
0.7523480469547199
0.4562615135161039
0.7789914136256805
0.44227879171679485
0.6237903066387515
0.6707671756681512
0.7762792544049928
0.2843149730409983
0.3038757720930426
0.8822468554172886
0.17635145679705538
0.484086089112033
0.526371133319803
0.6364917375014405
0.8738983206812172
0.3519723084589137
0.6066322502474275
0.6101141513885388
0.5612957398885945
0.8475204141667139
0.38135342142615836
0.7805283015981258
0.46049208032150557
0.5630699811548145
0.5747317498662406
0.8536964251994879
0.19097816763835473
0.45476393722200686
0.5404617501072589
0.17624422915540103
0.5458059580723784
0.5198150876395559
0.4594605327892264
0.697031190592396
0.3289250313957579
0.5519742799328833
0.0861069900173715
0.19024329531439177
0.26247661194253225
0.6219634378919041
0.06486761612352993
0.44395912546515337
0.580837590409532
0.7955062313969778
0.10360354517941328
0.3501965704844956
0.6567715269772794
0.5751789649829461
0.267253174758613
0.3925033253361222
0.5065998245630146
0.8006940316987459
0.64965895579899
0.8402555925463642
0.43978868302902113
0.5523905881285935
0.5987765819907935
0.7227565944408118
0.7326583439832279
0.20415582783000175
0.8673149558997446
0.6532573960741161
0.8290949399111949
0.4400804647324541
0.42458444127002937
0.8847622676680642
0.4543252923441377
0.2754201204693517
0.6470736948717442
0.3018278356432613
0.7296591371522253
0.22143731503948724
0.27486473326983346
0.18570826263369292
0.8194993384414797
0.5523836617872296
0.4458095161924131
0.595420840700108
0.4196648442875746
0.5453927907854811
0.8636657377657548
0.12254375411003346
0.46479030294726237
0.6444872940465118
0.29264286903613507
0.5166010088358185
0.8195483018527238
0.3947442518502441
0.8955019647860213
0.10508027007297109
0.6515820055979709
0.681241019861901
0.20661066200789902
0.6185175825484234
0.6662273235063954
0.450724998027465
0.7953127139904066
0.346059693694526
0.576874734598376
0.18094119449749207
0.7226427540314421
0.8405573726870548
0.38866782513750336
0.14977583910275818
0.5207118368204324
0.8313914757365379
0.25092193932000495
0.20933252853033538
0.4954470346037386
0.6199051073176551
0.35387185119828096
0.4494825014592365
0.8153802214919798
0.14126179486638257
0.37506157230923254
0.6141288836454464
0.6460986179686771
0.5292976778359857
0.12651301848827692
0.5220803178027422
0.6175741549547772
0.15560206620916342
0.6136308686775445
0.573717318575907
0.40716623738835445
0.8573216394329228
0.299118268164645
0.06330941250115711
0.2287084811537376
0.7080432980983883
0.9701957714713049
0.30752068907507635
0.2208774025481507
0.634538935943233
0.6690225454550802
0.5291723712382614
0.6095664577184878
0.6247957350756481
0.6832731865067297
0.5165672283892035
0.6344065237360131
0.2260951734843738
0.34378963761258885
0.38229284381279444
0.6013652868217702
0.5872054727606719
0.7115555119519721
0.3098681155576108
0.307675619901139
0.8322798268131097
0.21710007303302487
0.23827049847801005
0.3984884575531886
0.7655308313351143
0.9509314433567815
0.48158949396543166
0.4145876926524993
0.5533956402898373
0.3274268339078894
0.29609364771494906
0.5825085523689519
0.3321249299349214
0.5547215776975861
0.3089643125038634
0.4990705315299605
0.5980001474183549
0.22356672355910698
0.7684069047755234
0.5744973126887919
0.23825687870683443
0.5388515715480336
0.7612476450533436
0.480573613157336
0.5686241778179597
0.5474016050417254
0.5289785888844265
0.8770577509986237
0.2886861211012093
0.160597797445654
0.3931481038125393
0.6057489212257069
0.8795067374804268
0.3925216627146564
0.46177953929516924
0.17320749117604584
0.5643002026382378
0.8407697149831599
0.0818472511679123
0.5185833773050867
0.8720689421711462
0.1834954875630015
0.33953703008774566
0.64968934673866
0.30274860277445625
0.31690170025211906
0.45649632000261636
0.4428987714827716
0.7787008106077058
0.6150278025833817
0.522326581239558
0.1910147773794228
0.6443755922807135
0.9122650528385916
0.6869414879596825
0.7026334422481457
0.29742485184720263
0.297516818973637
0.507886080187729
0.8477275906805476
0.09310192146028146
0.34487875628649
0.18193607124158806
0.5083622913846252
0.8909235618998317
0.614401047817046
0.7678799122384172
0.2707601555092944
0.09698794489023038
0.5128066412814718
0.7379429590217581
0.43081164830767876
0.883712194682674
0.10866090643956137
0.6568436768720818
0.7588862411725448
0.12419151153526257
0.4527882175967732
0.48883364105388283
0.7170998518168272
0.7683138792006255
0.1893000087364664
0.7781632873415103
0.6145256523133841
0.915318837432519
0.16990446455111785
0.7581280171965371
0.8141811356104947
0.7252380151773071
0.8213799362058518
0.5013523806688097
0.5321992103549624
0.6852336560416151
0.7271117427015009
0.803823144165878
0.31672492875102237
0.589488061231948
0.837403663324753
0.3474359568209447
0.3143740631767853
0.42400378567630737
0.6465015064744759
0.7672626559673346
0.3044594332718238
0.4176912068134123
0.254265008204665
0.8513088672061901
0.23001338043212918
0.6993309196496355
0.5853691407533563
0.20914389423406546
0.12466377172244802
0.40501038278226487
0.5361672718523148
0.3562620660440041
0.9283384167415181
0.4056110131768176
0.7748177051520391
0.8850787124432924
0.5393374469405335
0.8281083299312155
0.4266147078141121
0.20272529218227825
0.5331803141840612
0.7147599501774988
0.4538672725550735
0.5279106121360728
0.7550058742183543
0.8841421051306351
0.5407554146114397
0.758612003687676
0.16670180907754978
0.43820538509511997
0.8670052282091713
0.09577976688458151
0.3517787798025612
0.7677249217457254
0.2582392595649471
0.7500955391403266
0.4314540326490072
0.7045861056404591
0.801717624803091
0.053832160094340886
0.3427156088641135
0.4141243094331026
0.807316691573765
0.5565080434160479
0.9523980388102107
0.26004645140665733
0.32601261650535795
0.239179221628953
0.47368961894540074
0.553046901412204
0.2371916431475124
0.2467681941136212
0.6689264813521444
0.4049550634156855
0.564264889350516
0.5906439031143681
0.4616196180494003
0.9699452581161829
0.100634960808109
0.19884201612268632
0.4055019929995505
0.29498745454451014
0.7380818352910445
0.2509715688420662
0.3603681381187647
0.563226345783925
0.4910586000165346
0.7488112553915502
0.6916402421865249
0.758230646049501
0.6839198710707448
0.4772479760068823
0.8260804365109334
0.5321630086331381
0.3505975592927993
0.8090395511367268
0.26542325048154564
0.35210596566415553
0.7018815950302406
0.629243116703427
0.43763247990678417
0.6633997005225952
0.7479909669974871
0.3330369027096049
0.7465372791312116
0.15250208589250996
0.6013546615633707
0.722153071840742
0.2004675365877815
0.6495457794456009
0.7616432600481241
0.6654266362513994
0.582287107706976
0.5358532730983537
0.48928962323057784
0.5246329433406476
0.7520292924814682
0.3291278188085197
0.7758081753964216
0.4464844239718663
0.639735217443405
0.4311083007132141
0.6499345162727784
0.07544876187422571
0.3350327686191896
0.7730596472507916
0.47511708432969857
0.29400068794726364
0.499285822558901
0.42326130189789574
0.8557695056441834
0.42048324901287315
0.40752486463400417
0.6511399127743978
0.33007710064632867
0.8971644231217795
0.715564878414942
0.9200315961790319
0.10412775559223297
0.2568181308412043
0.7238859048437896
0.8790465589868921
0.4349899305150859
0.5268255729266755
0.6290616942221333
0.3398797257912797
0.7845637098374421
0.5443561643588445
0.6202652003477453
0.6124534590929781
0.3739665431480675
0.731079132637913
0.5998083792763795
0.9746188362975547
0.36151056308068136
0.43841027103819524
0.4817599848808418
0.6800116462754046
0.5341100425956301
0.6922971358141334
0.7534637959755259
0.2525973058358609
0.1643979859710654
0.5670334707421858
0.546499836504823
0.7697353560255105
0.4796813208103209
0.8853724722745735
0.4414316961348387
0.3824565930731378
0.8189927567525319
0.4121045745425183
0.14695358994396374
0.3244054635957911
0.4150958955787273
0.5840622100839277
0.2897514943977662
0.4053434488372863
0.38693199124660593
0.8303419705838766
0.6677064779808666
0.9434858144358793
0.18230501104802854
0.2515751951548288
0.5086895909355142
0.85323598682986
0.5819730509825181
0.5423250533871462
0.6026430002246452
0.5736474219817861
0.33482257525402537
0.8012852569480375
0.653345460777416
0.602307093533202
0.8116217544253667
0.43056793197109877
0.5041796067141103
0.47018261332728256
0.5150096291687248
0.4347140119058295
0.731734159304866
0.22452004617295682
0.5689759510703696
0.5589969298041175
0.9755837326223022
0.41449021432672356
0.42016319611137376
0.8595566185852812
0.4546385556518059
0.7654251350755872
0.5989265558200336
0.7913437636665837
0.48175119673430805
0.3313323567291792
0.9704069153731477
0.2029868158010687
0.6089047219326247
0.8264706411799421
0.042772261699667004
0.4650806659550162
0.6071278838093881
0.5793999205027163
0.7770895568801688
0.8678467883938923
0.3737294757459624
0.509695069259941
0.7736477321429643
0.3975854180738564
0.3887628657070743
0.8840580984460323
0.5436696193378416
0.7151752540533658
0.90680524488437
0.3211668971910799
0.23193119585254118
0.6429836388545753
0.6770229941008659
0.9683982331503331
0.029325349787816344
0.3367696470960847
0.43271170062419134
0.510739924915913
0.634953111034602
0.1968278902518682
0.34216792170827703
0.39474233376420814
0.4918553153367899
0.8829661893400416
0.3645254724192371
0.4679554103039946
0.574102924927675
0.411858148184492
0.657865727506274
0.9312599279570761
0.3896528454485497
0.7388154649122619
0.8013969677040877
0.44504580421628037
0.5612294138330254
0.7958090322618168
0.4963340987381623
0.7912201114518043
0.4795680507437204
0.4571989934172185
0.6412818216520437
0.6435696041054935
0.3409008339280275
0.8041086276429015
0.20762781162546243
0.4313000108570612
0.47307445199730536
0.7368469796711813
0.7177748502453275
0.6033968143848599
0.31838437202473857
0.1509653619501461
0.20468549184161564
0.7322198752922549
0.4471883890752977
0.5637715742980363
0.24764242534248854
0.5493107502300664
0.7518343920723873
0.7696475834558192
0.3480502663291154
0.6102681065195227
0.4431277548928976
0.5033287260655201
0.6415976759311
0.694997969494801
0.6420297206287511
0.6667795386736259
0.7136172514258667
0.9696039289876229
0.3271289225880653
0.25897139920424334
0.26466035886298356
0.7310807297351509
0.9232413637752928
0.3623926867987102
0.4426845476401457
0.5304564899692921
0.421593240053029
0.5796775008120358
0.1836374183359359
0.6380780015635357
0.5479372606489975
0.7384989422344292
0.3224785513529571
0.8501367328133869
0.5580223804791028
0.6826056752849502
0.24862833381334454
0.634487685032957
0.4236464457986714
0.772505521245533
0.3219871337555956
0.6343229269417938
0.8650976543350346
0.5612957480589207
0.9327714831487937
0.4378317266658581
0.36002213917739917
0.7526493682442799
0.3875447570646593
0.8737093486270093
0.7396687755259428
0.9043447111212249
0.3570269108989166
0.5758713702365321
0.615442189634406
0.7650716737588618
0.15181090442025869
0.4051883776072218
0.9064885027829991
0.34733653659795843
0.3323230656455921
0.3693378053719979
0.684254423602448
0.4360505280293005
0.24962559461577236
0.48925886671533264
0.6324767668837878
0.4923258974706982
0.31226747222767676
0.5914582366292074
0.4301864250027054
0.46146685476546134
0.30771170560479033
0.7778049416561787
0.7569261759293324
0.39041261291260787
0.5552526580534484
0.3262355596801544
0.5014684162442657
0.5101063986021889
0.8668293579922434
0.48063318476127653
0.3583315317409885
0.6438833205931165
0.1430057875540908
0.4974384153000252
0.8880962681449278
0.10813345539970641
0.23282899593854114
0.7494146571689968
0.27731567623530445
0.3033112875084605
0.6805549697295723
0.17127195104339482
0.4520104109433707
0.9763057850285084
0.12927622131289068
0.3871231046414893
0.608543458208364
0.9027179680258605
0.44893784306657336
0.9344842783510425
0.35926103069229076
0.6592019440288033
0.9512167812846286
0.13843961757774906
0.4263616529752946
0.660745992725675
0.5981334700225256
0.11541276332974132
0.47518183808658354
0.6848996064060728
0.5764180440972847
0.7238406762534686
0.6723108112619343
0.45002614727306345
0.9507939621046863
0.32600521682987854
0.34285184414051517
0.5634993709291881
0.40861688127123735
0.7410099427643229
0.5451009507974733
0.19138596317050008
0.7568471963834584
0.686482005363241
0.6150789297875718
0.6873113978248442
0.5375731303813773
0.9110345761688077
0.17184990749907725
0.12804229758488253
0.3968991522999482
0.7605235575773315
0.6689502515323016
0.4062173490816602
0.8159728945179817
0.7061776293193287
0.9562645043155488
0.21073273437163928
0.37134726370556775
0.1319137430283856
0.6365379550190188
0.8921458303314856
0.5946743123570439
0.5827664350697624
0.2875052885178027
0.3721967986111062
0.5685171879439368
0.6917721632676299
0.5478843372522696
0.6025963607369691
0.6791224273947942
0.2186588990051821
0.3579314720509774
0.6683263665652583
0.4717898511368809
0.8834891419525404
0.5083607411513786
0.36619460039547636
0.9804282764071115
0.16146281369959317
0.030153324855683346
0.4273664837993409
0.28695952938573854
0.5757444364301556
0.12940396952231495
0.12250609271888699
0.5170059116362774
0.5494024281808155
0.6214558094451371
0.40305890070655986
0.4243347929603736
0.5714234488948045
0.35560961666923147
0.7728924864872708
0.7369798517869388
0.5144270915830605
0.6742790727605757
0.42959389656682706
0.19508911498418638
0.6659022688942733
0.9842234182442555
0.13018953424926466
0.4376158158819947
0.6696069518474606
0.5420703276537363
0.5051865831130675
0.8625722938694892
0.4440782679216355
0.27181557145795987
0.6305923748123564
0.26507361232555743
0.42558790914131095
0.22846989121572922
0.9196239990919453
0.5563348058659491
0.6891770730078721
0.23987562536101723
0.19324391044809003
0.25013661279763827
0.6494938872797584
0.5584996354152091
0.4982454148152987
0.8433806829002342
0.5277717561853237
0.9715436695646857
0.3406103341143496
0.2640228461748716
0.5045103353302061
0.531422941380492
0.7978191615474521
0.7466922764951587
0.5581926223942997
0.624153544231902
0.26177515524604494
0.4405410646782908
0.7592646035963768
0.5892649130211584
0.20904384876657295
0.695194805937069
0.7878077516015043
0.6573856010055972
0.727742346940087
0.6331506594556682
0.25049365636480236
0.2525793918299801
0.38487522278786646
0.43972420465708484
0.6411432133360262
0.3753251466362087
0.8977084473142776
0.11778041598687101
0.12913174253187037
0.20428652403364173
0.5422902685973371
0.6510897382303814
0.35117082133857197
0.5245469163083671
0.5109693723669141
0.6357669704491198
0.421750582698739
0.5517027569834168
0.5082746567695484
0.9275584045946114
0.22975706316691624
0.2727990853415291
0.32862669561429025
0.6797595500010007
0.7807757169263905
0.14012199651475224
0.30099598502764086
0.8958015673242443
0.6944255585563344
0.6472744599979772
0.41773326501611924
0.42879798832089766
0.36424470336587267
0.8450731143374952
0.4685312915462296
0.8524812189955175
0.24973860890194466
0.5209141482090074
0.6899108049505583
0.6444155576598234
0.5752517641517073
0.28120763675987426
0.5935311164059514
0.4907073744360504
0.34197886447119463
0.5881515485938803
0.0967795647700781
0.5854757730880578
0.7300855859543264
0.386388697606395
0.5091359138621884
0.8240797855530428
0.32611812746965396
0.10011928685997737
0.19880088847705657
0.7036195620172985
0.6142885820478157
0.7180055462867669
0.4326972250203837
0.34521297806252954
0.30394139907852613
0.4747853962019391
0.6934942456632005
0.5288841429116183
0.6356298007846378
0.6431565512237578
0.1455053409441028
0.18460918840112506
0.5330921110063765
0.49003961838496857
0.7228230738539321
0.6062773444595848
0.8734760850750879
0.136028945996111
0.4611573568736356
0.5019492387020339
0.6143701254797508
0.5927309763630856
0.8288686224003176
0.3786418904306902
0.44286010271496246
0.6984627464871016
0.6711609925338435
0.9798492084054177
0.30561770861681375
0.43747416863669863
0.30345499331257936
0.774733727828197
0.38513061795842396
0.8037507766459324
0.3587117578683883
0.60188945986858
0.7667755950210389
0.327018235047532
0.5242513434567624
0.5877783242324707
0.0996776682062849
0.5411835050654514
0.720766146423599
0.853881316895018
0.5720836338233761
0.9486551064379322
0.4197548158555376
0.3404538553680377
0.21189960966765542
0.6345307994562726
0.9633836841158272
0.3643742789818083
0.3775640241050361
0.3322219482219559
0.7336417100677948
0.3370068376704557
0.31246041108552275
0.7643105645473369
0.9294529741550099
0.35261194404928076
0.884094720248166
0.36291137863183426
0.7507613395614099
0.5718881917941081
0.8604845836175852
0.6552169953160311
0.72988328813551
0.5568042935251046
0.738319140843861
0.3710290677814949
0.5920787439976729
0.9873343878973111
0.03123382526318523
0.1026755919549479
0.6650285285968467
0.609770001228608
0.3825984621525914
0.3134741383398483
0.7536685242475434
0.6777022335891575
0.5891385127944795
0.40686142992225055
0.7756246612310195
0.2786150411661237
0.5175540472122432
0.37760273288524415
0.5551876969876404
0.12495211772407044
0.5704671712759125
0.7524972900396385
0.4766083388662821
0.9428784066563013
0.20944364420382386
0.06644330167389025
0.18090799927165685
0.4725149174437504
0.6558993707768495
0.5794874280573699
0.5695231713211137
0.28754584226988394
0.5533516361806173
0.31902979975498574
0.5161125668629023
0.9054935819764003
0.22788025648392252
0.5866228129340144
0.30401260579060696
0.6465884343234105
0.6319047275962908
0.9337905768718648
0.29468909046174313
0.4652654734475364
0.574688533394749
0.9712574232772281
0.1376283657559252
0.5467976142841853
0.5481546817010005
0.685096725935215
0.3504917162868749
0.9205834557893896
0.11416090067174017
0.07016963033582849
0.34428243141301307
0.42760915868844934
0.764513881496282
0.5244794598734666
0.2757845225341253
0.8578204867396021
0.37100082364549763
0.34756811653239356
0.11939599966371604
0.4294815024561535
0.7027577261669428
0.4723498279778806
0.7685695097445036
0.4271160709792784
0.9737159144100735
0.4409809659375132
0.39232060532266894
0.7173748880019442
0.9069334311157374
0.4361285485909381
0.7509834642219677
0.17570797680408046
0.6279176457448807
0.43839198520600764
0.48453369501462035
0.6876215974177005
0.8911292588926305
0.1934723650484242
0.5671892107447409
0.9153910465069103
0.40321128166967735
0.8516832485134216
0.46737973269117705
0.5074688218034838
0.6696607020881218
0.7318415969310768
0.6579354184492738
0.7200392724773553
0.4714653336143689
0.6156637034536401
0.5796750686597131
0.11064069217868652
0.1279292961100183
0.2751051040570356
0.437742350325397
0.6437343114271232
0.5745934066855655
0.7379088017155011
0.302562398257932
0.9197889052927746
0.48095244360755474
0.4185804126427509
0.5778807823227101
0.5735008437710367
0.691487293752325
0.09691629042902622
0.13626067538815578
0.29882480964722813
0.8151810901529136
0.31881749268344406
0.8949962426506723
0.14676164533916838
0.3287183648384548
0.8868774755621602
0.42116336652822556
0.6048566928292436
0.3818990727155553
0.06898350281272286
0.4970824384468998
0.34166063973663263
0.8548085772478522
0.3466790827600127
0.17907104463896456
0.5345544061647111
0.6022409707155169
0.4973113200703087
0.7959763373569173
0.7012121641445451
0.9749604304305464
0.11619962895364629
0.3122706903193768
0.5981650293740237
0.6572418600945409
0.4476618014968836
0.716519730557277
0.765216733253181
0.8905244562501156
0.49115066928779494
0.3158418194283375
0.9407093668572816
0.11224962265928932
0.4105230019144157
0.3436216508930538
0.5984961497974299
0.9631226706569941
0.09294390225462057
0.26061327868655054
0.2119305711354456
0.4202276430570855
0.9441818023682573
0.5013147213433264
0.4795699952658361
0.7497366262222849
0.9075021669943346
0.39030429833177294
0.4324967180774938
0.7261175643513399
0.22709583036965744
0.4682072697593001
0.4181195987925454
0.6302813078219709
0.9035428713506466
0.3827919879042073
0.7914600764424198
0.24849578623658386
0.36898916897835027
0.6453021617428768
0.3815580153555335
0.6921170660514327
0.4566905704633905
0.6037989207813158
0.5750588644551913
0.4097193997789792
0.12787950246112983
0.27949558100265137
0.5810935553720691
0.5554300210931586
0.39182412726765403
0.2554983201591219
0.25491139924201195
0.5171540888103942
0.7631235262288621
0.46240268330770606
0.6382063745455926
0.631333102803797
0.598005931007668
0.8102925934418725
0.4264048190043641
0.8973634557255351
0.5603388199065175
0.8442992915878722
0.1403034198528873
0.18962269660809938
0.3262794365478141
0.4451795236104896
0.6113669146709766
0.43857219297716044
0.30480564355888207
0.7920370399034221
0.46932210511742073
0.8065943402549332
0.48329153038873307
0.6758763890179423
0.37378301841720724
0.8612664636146543
0.5567751759923758
0.9859598794843681
0.05054292416665168
0.053824367736620055
0.27706841707750607
0.5189676770848427
0.6417494401139381
0.7326003246834922
0.6291302579432099
0.5965952554958628
0.39659288998820386
0.4414286502965269
0.2090356970179784
0.4221072813570962
0.5952759468106613
0.8551909911721549
0.6624815834256841
0.5033391290654007
0.49018849584907265
0.5655761407521794
0.18127040259539448
0.13718055546478367
0.7878116358797964
0.6475716653159261
0.5331035653377975
0.5758591693854276
0.49814941569229665
0.49383640306016796
0.6992257466487917
0.48645334278133034
0.3026179339709228
0.9310758613064115
0.19956147822868914
0.3458058814996147
0.2694963970643739
0.6577197023751554
0.3061236990920962
0.8798929810123726
0.5252407769379551
0.8179906474700043
0.20592599082130333
0.6321150410906329
0.4898992164200929
0.8951505365620818
0.18989703626751636
0.2719735518535691
0.26804505162002257
0.7108624394472448
0.41425438766609224
0.7117648636356794
0.46600798928270604
0.9011329190015395
0.4503612697740698
0.4477903057790761
0.8804334191751844
0.4520205827126633
0.2696474061746334
0.4587050757231817
0.4812821338088721
0.609776340683182
0.8854839357828281
0.05174262599097551
0.3697587160040976
0.22630708290165327
0.900624692163609
0.24761173812363885
0.6984988101129574
0.6631040008528277
0.1170400883785549
0.442646664854027
0.6855690423598191
0.8653669161941748
0.6272913124320613
0.5986554292937524
0.3403665628100093
0.9196294879152594
0.33523511589171445
0.24893151254485968
0.5640333306562266
0.6134867372990437
0.5142316927647977
0.4893610087451794
0.5915938288642236
0.3421812578799131
0.5717733589707702
0.24759159536247355
0.5782840741524753
0.5572270584772727
0.4621702856937665
0.6216747214788159
0.05844168318819671
0.1749678210861169
0.2976661201204597
0.4103718616432827
0.609814249732998
0.28991826605753657
0.512770482535086
0.48571158272631376
0.6429539947935117
0.9549944153169097
0.2579951299201919
0.5400983189209868
0.6060965178687665
0.8848712331439483
0.3202423378754852
0.5162113999015181
0.6433578740401207
0.8853300684601446
0.49177756726917976
0.8838510345340634
0.2435280632171945
0.32196322206365774
0.26194343160052713
0.5453043954133618
0.41769786551659105
0.7633975726049773
0.424011095229621
0.6717094575450291
0.30557868167339464
0.568405482064048
0.06387894613989896
0.1824655641319949
0.4722699362507854
0.6985904783947035
0.7354443792651447
0.5550732203652587
0.564120187797338
0.43346973972748515
0.9568759807453844
0.0814627677727616
0.40731910210172456
0.1679308249811561
0.450767056899614
0.8166816009010561
0.6817322516153973
0.31250079777645967
0.9536869945633997
0.38028803235193714
0.24825899099235174
0.5488070382441684
0.5737994662222613
0.4281953446714143
0.9445805719899594
0.432676845338847
0.35381087650906706
0.28596908195667686
0.43958109479507235
0.7333003968362019
0.44632706271556066
0.5044853178620239
0.4780123491261981
0.5396279731670428
0.5885140421942461
0.8490665868218183
0.6003220244619103
0.7128017299392253
0.7044505984349525
0.6061212137617455
0.22553643525305778
0.6428738424727781
0.7621660228969711
0.8309564349360451
0.6273732048457035
0.8186445239305651
0.2226860966647429
0.4928597300765212
0.6251574844051438
0.5832546590332105
0.8198009590394086
0.36828479663072555
0.8461496083527424
0.4149889742249677
0.06965539992835826
0.21754903175723891
0.42621551329646057
0.7772286568164223
0.3376771810583438
0.5220208633761995
0.8032214854534839
0.5944676837589978
0.5786231706037501
0.24357151394062843
0.7685468659340835
0.5424030286698442
0.844886729240911
0.28054684568351795
0.3175583918217894
0.15247908830670098
0.48958399222268933
0.4851073613976734
0.48752083555851145
0.8367962872425767
0.19942012360737846
0.44707239004187954
0.39567866427978265
0.933150430206366
0.3953101910266107
0.47927892520266036
0.5709832839597544
0.42797012221210845
0.836520244543703
0.10702317531778432
0.2779175830554149
0.5335060409186242
0.7118654548989723
0.5779542784411608
0.08766146956553314
0.113631367822842
0.23763265530680597
0.3843668276107118
0.8560575111297603
0.14587471831369633
0.6429859073219497
0.6493788791967479
0.7392833008413284
0.4020334582689327
0.816828058533702
0.09745815488761829
0.3163217138320444
0.8385847084025009
0.3108525630056597
0.1806175413521265
0.20303679856433898
0.4449634104190992
0.6745300800639088
0.1888555087863864
0.3637825993463932
0.39372790870307767
0.8392614544643726
0.37662024340383315
0.37819862889422295
0.735205145110543
0.3597020475402052
0.2711415256448079
0.2090960173704285
0.5433139689888569
0.6181099649367731
0.2670438973994576
0.286256507282431
0.5226342261132095
0.3932292715636872
0.8450761005191509
0.5519093243961527
0.5623247306009498
0.31308385482517215
0.28011404476622603
0.3008869981034753
0.8334122246678561
0.6751715359267676
0.561636676668486
0.8545008945813395
0.579627794142245
0.8354445786512898
0.12807913766068926
0.38647528739931547
0.5806046301189419
0.11525678412554825
0.13681612158437395
0.6380371691900923
0.9736845579710796
0.21275418674056654
0.3565595259803869
0.9927979044861257
0.2498576890020738
0.1717692717802612
0.11234233928041867
0.3627334276561497
0.7142307303363161
0.17529322983767578
0.20318595849794407
0.31286263796306746
0.7597032200707959
0.8749670052855354
0.15829319878516027
0.40777743670007127
0.5929634876014621
0.1571881056117028
0.7287489735165164
0.6565598204694547
0.6272901880033817
0.5653860614484072
0.2673825107237774
0.45472685396741125
0.6141347672176256
0.07941170418878186
0.15440584980864525
0.22056554956602162
0.37491093674830617
0.5957008391202109
0.40923037862844197
0.6088346039580379
0.804495113542973
0.4659897001066643
0.5184549333213261
0.2599939416124098
0.8643841267350265
0.4021001910049653
0.6997032582876366
0.5907256147937926
0.020747404555144927
0.2064911805620575
0.5136459405230307
0.7288212392197595
0.865822367705491
0.3949433015286727
0.4507570426865478
0.4746423528097732
0.655435903072004
0.2818444526641947
0.3797160126497373
0.8667120643447214
0.5039457173378006
0.4826141719197304
0.6737831650837026
0.7449115685829605
0.3475191574499127
0.5867106351466754
0.5373008637982053
0.21311262199086234
0.7766263118356052
0.36806520640415785
0.8901964825365944
0.5643024136399237
0.7030207331451468
0.5976428053982216
0.5140553200925524
0.8783807813254801
0.3589543358823467
0.40463764816196823
0.7617540949807491
0.1517135677555354
0.1218955158262247
0.28808909857116505
0.6568278812924216
0.6075018973660444
0.25851075039388827
0.6264038979881962
0.49215781745100096
0.3394453176413814
0.9475268109000201
0.3175632510649107
0.5478126791319935
0.8922562895190839
0.316980404320182
0.37092520136208235
0.8247904443619538
0.40360889040506864
0.2737448735378866
0.6127295122949781
0.5031041651022082
0.3559220900311755
0.881948325786508
0.22381780431669182
0.3089658917257518
0.33763709343650783
0.708623886276331
0.39962829647852055
0.280564970059558
0.5982835419299013
0.7360073770606214
0.36704408789339504
0.52927602509316
0.5409349353666614
0.459346106255739
0.7213160938687693
0.38578582635117453
0.46328715179831986
0.840689115920054
0.6892035924339464
0.6458618984958547
0.4648630632384062
0.44815056562310285
0.3566730756233958
0.7702839895451864
0.14504506212767157
0.47048804170286035
0.5525366139770467
0.41943218804301335
0.2007683113004755
0.7478440544082783
0.7908395514731504
0.7627977062686098
0.5356334851816447
0.26610742826285155
0.7041132873107518
0.11301172165708737
0.19062257299555715
0.5779146069998264
0.8821916528817084
0.1888303891372291
0.5179008652110558
0.8780658903239948
0.4516149460684782
0.25730822823481053
0.7161290156178259
0.7872664183608435
0.7116732244454331
0.4184320146401071
0.7427794458171003
0.4388010209735092
0.629434666245495
0.21453153580369974
0.11628399883217216
0.5245082418508789
0.6574429324950335
0.3154710273513671
0.2462286772824033
0.2613715503830701
0.7591812589751019
0.6161032517677424
0.6002129933856354
0.15791318330897183
0.36104172430389914
0.5266168067351598
0.548625013857627
0.4015252668897807
0.740140337959979
0.33520828049650075
0.6578920765698166
0.6183213033278046
0.2609920713969735
0.1743567373624438
0.3690377070499799
0.7574025511072684
0.3112507217308319
0.29394182223261406
0.372816594603027
0.7362793839567272
0.16019366305069402
0.5440644467229488
0.7062187520233036
0.09952317374634181
0.2416323063206091
0.5525562117825745
0.714809492320511
0.3736242090234548
0.07649234211922075
0.6349553576958014
0.6641299953453977
0.40177515902485467
0.8028649240043645
0.5395893495384008
0.6845959791990681
0.4469877191278639
0.8192413804667943
0.8308944183389386
0.7689139109042298
0.8249968482194543
0.3310039092410578
0.42757880566263623
0.833131836637713
0.5036042796994189
0.6808457863262043
0.6741165268180251
0.9049084042805733
0.6132261643734842
0.855900055424142
0.33598860132198827
0.22850640086347382
0.48544232465288434
0.663697869890731
0.18865908398679793
0.4447347446775999
0.572930023296307
0.3491598354494143
0.19618074506382616
0.5055919386785033
0.7282679980547396
0.6199132735105303
0.10181200346526927
0.557429614431139
0.9815075471308314
0.2917538519676817
0.30858331470313416
0.786735669554359
0.864895956654611
0.6988427969478296
0.6300730551793198
0.50030224456329
0.5546737134253753
0.27648947728319373
0.3460363109990744
0.6932203661812733
0.5765146589520316
0.5708696351913225
0.3209834266412297
0.7434173943304829
0.42911945666223517
0.3524666813416977
0.46967515726645326
0.7374760251460157
0.3904781277988052
0.7951509067216156
0.24955919119695164
0.8960430990435082
0.35729256143541116
0.449640538479099
0.6005926941367593
0.21011236852620824
0.6838006248602613
0.7081591845299509
0.7619104336949609
0.666417070686612
0.6092955293985179
0.5674853726286504
0.935280716014845
0.19822444316285817
0.528872956654545
0.8492616324841687
0.10526713237095534
0.5569679182491273
0.5047502688987704
0.9335424897344213
0.3328354726987599
0.7822394524747682
0.11367089735335495
0.6090590069784099
0.8139010451711703
0.46597438452536355
0.5779332938557571
0.44856239136090836
0.6322109234201854
0.39402993266502695
0.8063978236814553
0.4609185537492951
0.24481620627692882
0.8977789360614994
0.1454163756314554
0.502225077221493
0.643987921715075
0.511376153049796
0.7067108734450614
0.43519834658771
0.6911491902048091
0.615062826636241
0.545507185558042
0.8065919176309233
0.26814290903823723
0.7339715634475945
0.20376580446058537
0.4847029919552309
0.6680992639454931
0.3225334919220219
0.41234938986869585
0.35381492882914545
0.7318675681546498
0.42397353326574816
0.6334209152147607
0.8084430140413308
0.6030641239545943
0.5529353734069754
0.4975583146512188
0.6769934575719478
0.6664633935096145
0.16300112907122583
0.19990294999846397
0.38328401869092493
0.6126447621376914
0.5209011385395473
0.30088009649062364
0.8418201255128086
0.223175625398341
0.14570088805681225
0.1768297194567701
0.681293600793724
0.947760484678251
0.3412940111594417
0.4498672001728606
0.42264877513658144
0.5651738195425112
0.5921941344439636
0.4800900790882301
0.8846347480534975
0.34976420676697983
0.5520491002787283
0.30110779767018087
0.7535376986373358
0.2792491960168723
0.6719460196726497
0.6328138539444704
0.1144812009498748
0.4571206589305459
0.979888083248962
0.019028866202030773
0.052650497847974126
0.3631572866795841
0.3822672797099558
0.5865830667049655
0.12138712796558919
0.4953179169166342
0.744115413083728
0.13158255244495204
0.23486592676902873
0.6296446798010416
0.27620268005548665
0.8466395781653685
0.3914630119684013
0.6054182740179931
0.5275211419581785
0.7220487262269393
0.6406214971508404
0.7839249666835908
0.3756025529016973
0.7689387354794215
0.46677893455488023
0.5474914150330985
0.1312027225044966
0.6385742436960136
0.9802958715989654
0.24967950392747013
0.6925716740007654
0.683292498793665
0.1678851722900407
0.3162823589325437
0.7166864127533947
0.8856757273012121
0.15887108397636704
0.47881349888325353
0.9468833797307612
0.4116981318557358
0.7184431129708373
0.7142063567486826
0.3691322261347082
0.07709329515522581
0.501206050316093
0.7547252389776755
0.5117514074360242
0.5186808567713233
0.7076401259195524
0.5700353077921032
0.44868477998769885
0.4536984211899076
0.6735667098806448
0.5480694705846614
0.7424813557996439
0.7470993342007823
0.5378831314305564
0.6049537402180754
0.6230360587989776
0.969436026732402
0.39343974410094956
0.2693030142762436
0.4267745470697729
0.5011806292214174
0.5432703091059816
0.3728197937432932
0.7297650616694642
0.6333849499713129
0.8102780045726001
0.5472150165104204
0.7938938056953002
0.42879971096460173
0.5688309038899515
0.27321568743415575
0.35890388905322335
0.8059631973059408
0.1763267994380166
0.5289500607528369
0.6864995789350684
0.3896777205065256
0.8798632197810574
0.46502806546014863
0.9338104343059954
0.2038917359243206
0.1869019808539613
0.5350187501386203
0.4614261404467786
0.6870876548643887
0.4860019434446188
0.6261544941323223
0.8653120482088996
0.5591635237673402
0.6932190860436513
0.7275680498213416
0.9011758563729697
0.21108389766587224
0.5816989711045986
0.1394278000376352
0.6157867083353746
0.7805512153157825
0.36971951326527974
0.81107553657402
0.12912497897483047
0.4875248291231066
0.44641872333068533
0.8090863171468233
0.5637150646955693
0.5857728643797724
0.48726922210664303
0.3309703734725612
0.7288715483618649
0.2856343123168803
0.9093382883690742
0.16810824262130974
0.3083912837430287
0.35197788737984476
0.3674887218868567
0.5377536654839147
0.5920421061879994
0.9524821962766394
0.4643111788743891
0.7149265999477841
0.7044682618967243
0.35262795663104884
0.5910846155978279
0.857083014700327
0.4383917144418148
0.7784757327799605
0.574205186393494
0.4520233300974701
0.8663820937627602
0.48256700019579635
0.6172128168367603
0.724227299402284
0.4495612488433019
0.3289252477473575
0.8446296476764605
0.34208851748949093
0.32183605028494294
0.6507359341564452
0.9531613952053946
0.5181011281109231
0.5579243552330047
0.9847529337540861
0.2956920332938996
0.27571665548534396
0.5717911002958667
0.6381711169721122
0.30850015956447896
0.3784147559898907
0.3719056014586304
0.7555967524259313
0.5553185053056333
0.6602260541414646
0.03912702479043238
0.563144023735917
0.4531382902916765
0.7303846196490766
0.6446963980010292
0.6874772431995757
0.7720623138712622
0.35417076000878656
0.640746681769476
0.5270923927486972
0.6996843351617145
0.49659082892863926
0.18020048373115055
0.4810563583283823
0.6404720839114046
0.9243500798980935
0.30119617801882026
0.30501309549047473
0.47039045294541526
0.4053412671882374
0.903033593560761
0.2836545566412466
0.9963504446086684
0.35933527770657936
0.041215980228357915
0.5229596209840657
0.7000432092944504
0.722016100212999
0.16769744979974782
0.7186955186893359
0.8196949801661939
0.09586132789866575
0.6031726275527807
0.6559399632172579
0.4109015926683546
0.11267953801930455
0.6614462076525505
0.6750077469319641
0.4327900774553927
0.3693527780392397
0.5153578592336501
0.9484570771985119
0.14670640683245473
0.16116506736346223
0.623162911708685
0.9499782165351095
0.28165891059524
0.2625503375884646
0.3008159545159538
0.8295513318315048
0.31664846147523046
0.7714615538798374
0.07468473144247247
0.37703070208050476
0.4437253012039323
0.6242450095144134
0.3169892652905544
0.6300348047184785
0.4677109235448578
0.8259439002771767
0.12365106174934908
0.5952338366751122
0.861793305434642
0.4448240795804618
0.49755934203251184
0.9756439014034113
0.1576060055822836
0.5485824792590579
0.45446937242751395
0.902606963636829
0.5086298451316659
0.2563580448546018
0.7425627314540935
0.2660703272552069
0.2752352619848937
0.47562350708850537
0.6175241016101479
0.31325888424925075
0.5781765719724563
0.7467690280233183
0.5843777835940469
0.6246896456662456
0.46265471769398847
0.3339884651407203
0.9601762878989988
0.1311908102934546
0.5360331363612081
0.7717297315624407
0.6474284493566325
0.6900931774544592
0.19235896111157283
0.3377977619984932
0.5043091345561513
0.6526266020090083
0.8248803080880083
0.11717724440636786
0.4108133507702739
0.23043043988045303
0.5588709190591012
0.8385163032638886
0.4615928589721783
0.5327281514806952
0.7632005298377507
0.3562771263503974
0.2832046257866328
0.6134459601337818
0.7145213853470884
0.9580019460688234
0.23360069536898082
0.33608327591201526
0.4835115244939706
0.7493613632854572
0.42455570167776113
0.6211646897806921
0.8857719718589647
0.3411855753943949
0.5938812288041195
0.579676168966627
0.7903523996408608
0.8547343715743556
0.4328298662890629
0.5203554619862479
0.5287124453456948
0.5288443764999149
0.16265177499115738
0.43280385329512483
0.8015680599554265
0.44222821204016005
0.47867913220851654
0.8372800890578435
0.026232619793932054
0.42331970718694306
0.5364104946386807
0.6923422955954242
0.39536637956673737
0.29658258475653115
0.5474926237454196
0.2840514053236089
0.26425287107803724
0.7731671953657433
0.4945957263003299
0.42232804803125373
0.5993035269579893
0.5749758761622605
0.9456803515124222
0.03820714936087996
0.29305402857342605
0.23159785225853544
0.3823576283353038
0.8277744818265835
0.41747164156760497
0.19584274727900156
0.2775883651487131
0.45069713963415137
0.6757919408512808
0.32553274791121173
0.6007379964438222
0.9045223310383234
0.15978974769622706
0.4294529339656007
0.788063501880801
0.06987114760159766
0.11112514033747396
0.5075827832641446
0.7746549353656608
0.47544639378540454
0.7230734255022417
0.964475749642352
0.565827218086479
0.8138059665342748
0.5736588551055899
0.4627973646845339
0.9263873569251471
0.15531971085517465
0.3507833012756859
0.17306338835352905
0.6925746788074864
0.6491266678578842
0.2842117278448473
0.7967802732637348
0.6309063344997485
0.6935775101024568
0.08308188122924812
0.1666618820944813
0.2982903713121018
0.5770579498947954
0.4058958487318922
0.949194907014423
0.5714335764781431
0.8966882822218778
0.7059800440017976
0.7915748333445366
0.22956093752579387
0.4742616268795071
0.5800224337597453
0.6153147781004045
0.2540267465681989
0.18225417325975898
0.2592794398998659
0.7155724084814907
0.7089973188216301
0.22591719681894754
0.3443389190680628
0.47028881997765914
0.8058366371176877
0.6563897032915661
0.6049059927182205
0.6905650671944643
0.3396218590462195
0.5904737639678067
0.19292041116014028
0.6004132811082162
0.6394935879052314
0.644241269277093
0.6330581211754628
0.38642384790615525
0.6483869190047822
0.41594711440654786
0.5468382056609473
0.6134860393227558
0.9882583815330959
0.3601067636908556
0.505574328706985
0.518476374312296
0.7807431394322737
0.42964483837073153
0.6169936681079428
0.7359756417155217
0.6468340924603012
0.42136004357820184
0.8544566321896535
0.24014206287812623
0.6114505981122152
0.9465700808516448
0.35857458434239975
0.24772035018227556
0.5493771306355282
0.38891491823392305
0.6861434912652319
0.8248414524317738
0.09904471285026024
0.30043320767021453
0.27742175506123357
0.7101414077679278
0.8013320459809219
0.3464133366743933
0.07590062169118787
0.1287076728347245
0.5033156052395745
0.5649942444375783
0.5716440844040275
0.6996172320023165
0.3669813529550218
0.339264217925719
0.33691784833349736
0.5862909121939968
0.14928298196334805
0.31088123997946865
0.3284077002047206
0.48217302020432784
0.7562646327897846
0.36589165153369874
0.1365649941666914
0.33947623493538676
0.7657756570353533
0.5108438499677461
0.40178430287356415
0.6944463429054755
0.04709929659258928
0.07217906857057035
0.4447484402337203
0.5254607493663002
0.5045610946220248
0.7160923055599133
0.21876163738746346
0.7754067608473896
0.6930237460149972
0.46927667959189356
0.6388208871341883
0.12630651472564858
0.3384368321371605
0.30999280491727343
0.5360378218744998
0.5055934220887253
0.6448416244018043
0.32068310703216724
0.8296339103419845
0.8119361932389577
0.5922964245724534
0.55888271057512
0.25475673362000933
0.2092800483873612
0.2890261326446737
0.6651199699936508
0.6990527953687119
0.3546782533226748
0.4793123816284096
0.7597584094467416
0.8001209127918713
0.6022883210364873
0.24682907258540468
0.5450727610765724
0.3979240238426765
0.2944144109214073
0.7426642204528046
0.35615653478086245
0.462398325806508
0.36988507468113513
0.5549752142914215
0.6233586405204115
0.28470199212845176
0.33522498178233145
0.5362110636710549
0.534116586887262
0.5486286892090756
0.48362933895961085
0.6838995350671823
0.5824155166903663
0.16809616461158544
0.483445298957181
0.6057873575576378
0.6457458785893196
0.4578669853466252
0.23932183339710136
0.6580469378087028
0.6665295171406924
0.1518831763915326
0.23355484032808765
0.607437292149742
0.2100434107059005
0.47708133978201045
0.4068883389215727
0.6864056756638602
0.6033162015406485
0.5533059485314149
0.40548041159412573
0.4552838250294027
0.3458943188062628
0.6679337113985686
0.9655345909508215
0.35774574956566146
0.6412649011994233
0.8590795547963659
0.25075761506397765
0.6558046049172335
0.7997772613365148
0.15411335328596218
0.2050210370918335
0.5512352869443651
0.6658609962725306
0.3627199221560118
0.05673352116673283
0.20577609543112188
0.6106214607152769
0.6073214330546869
0.15375241067149376
0.32398852485319024
0.5064705484754916
0.6780165658686319
0.15577750775629542
0.40612232129994924
0.6157724689612233
0.7203346799951124
0.5076100395263949
0.5543669548064695
0.7628781873548274
0.27707507576477425
0.39227306947089974
0.6004016217320473
0.7110620333540449
0.4357675001477322
0.6519449763082055
0.09670324424096252
0.41524781798529253
0.392601243955926
0.5787515375574186
0.2237686176305146
0.23690607862127155
0.9351976677276742
0.1772132258877993
0.44854173033020794
0.5692795837671192
0.3045409348170442
0.29861976727277145
0.687769216835377
0.20978403442874602
0.12727219903739306
0.27610081918904267
0.7255123954793637
0.7540321061880783
0.23130759463853806
0.43373259441767026
0.9035314249425004
0.45533136754792547
0.8951563191193677
0.047844903890082766
0.45004431227091657
0.6617016155134638
0.6984538556684579
0.3457125386491389
0.8113966375915385
0.34673230297728846
0.36434902283240345
0.7915251130225478
0.47351095384242836
0.9130064061888707
0.6358432895018009
0.8998641367997451
0.23554584657622127
0.3075645311856741
0.5216707232159561
0.4582258798772227
0.7238952225521897
0.2514013887797737
0.5304724739237665
0.8072178206850051
0.27002748047727526
0.6659879351108289
0.37549748747975986
0.4722638981394994
0.38224736566079875
0.767967277984602
0.34124673436559533
0.9533255035605067
0.032694984923735675
0.11051444630399263
0.4449344207547006
0.5506670880148065
0.45754958517141486
0.8638144643622169
0.1836019012073713
0.26021155114659433
0.3426554341201819
0.9400619884170757
0.5021058312952847
0.8913255170428145
0.5595984995742942
0.8468874750006058
0.589385541490594
0.9119156269279889
0.4600097707849317
0.9398864833482892
0.4631173273976201
0.46592748650884225
0.6006908815681253
0.63727934697937
0.5460929908056085
0.7021356266479792
0.6482154829213514
0.45269635266077857
0.47147270128817
0.4052340042394675
0.7127074028535656
0.7053530099293899
0.5726383144499608
0.9753800231723899
0.3764708813277884
0.23916613280905763
0.4149655248367273
0.8736121487695845
0.31681553265026247
0.4200993595918198
0.7244760680602689
0.3203892850761391
0.15227087861232103
0.2454769219884111
0.42274670360820654
0.49323255627988705
0.7248442550008586
0.4168018126912781
0.5187400823975583
0.3825281718909401
0.7411358637901646
0.3480731711930336
0.8456712616255797
0.4908640897540255
0.697255511392633
0.31981168731644893
0.8263244261428132
0.5316404230181855
0.8165661183562777
0.25904072735972483
0.4924596416875089
0.5286064726896118
0.7097226603637716
0.6557900600083726
0.7397864803152514
0.7131068382478845
0.5515915435449807
0.8059412632463115
0.2712854685599179
0.4603518144132101
0.6539987291579359
0.8759221459113733
0.41252562502263
0.6060086703445375
0.7247403223555842
0.8512353731108788
0.7807463293150385
0.7125728186121876
0.6418954932013123
0.7680521182105384
0.5424323114040422
0.472041562452273
0.45281461666675993
0.6540341946955062
0.6093381893556038
0.3170341750953618
0.6495350565487432
0.6873072458134664
0.4437857291425761
0.47265137521830897
0.38710593677107474
0.6288229391486886
0.529986689300799
0.5158676832940378
0.7097644979419421
0.9550551314135272
0.4284858029002062
0.46800971793211027
0.46407570909767404
0.702552754185223
0.6668200426235391
0.5003108964580285
0.32742314940307815
0.8468641839636872
0.4529715916937698
0.9000217227942174
0.6313927109162026
0.7872387285111905
0.16455872965250104
0.3306957460831543
0.5474020397309701
0.6983005125511259
0.5804818931698772
0.9458903854294409
0.2959020451446101
0.4321232747297072
0.2491387700714528
0.31461070878095476
0.5749022066927717
0.16589357746842293
0.4482159330261294
0.3209692223996382
0.561705636118398
0.5468865970230913
0.1823461137701924
0.24809217365392183
0.767972032247134
0.37515352857413947
0.3124603637988088
0.7778376229623467
0.11248048897815398
0.43802502133873
0.7763793641483541
0.7216709465345561
0.3252913803738178
0.7983768311389139
0.45816915741040376
0.06191226457921172
0.6379326082885085
0.9679508306013378
0.5459126757840189
0.5330821250367186
0.6418391218043433
0.531193528756779
0.661562351670429
0.5434201130776858
0.6887005916840652
0.6033631753204044
0.08595658569268363
0.37097715559035876
0.6334912167722477
0.33195371419461306
0.6866297945518256
0.20637882509775424
0.39315540684503486
0.2597712188870293
0.8063501183453032
0.4987836018762399
0.7343879209808076
0.5029812048100393
0.49379948667036366
0.7164826535722704
0.19296701736763255
0.37567362984918085
0.5187233819198701
0.2466692334099841
0.7114955272719503
0.4302237227731567
0.5414652663277028
0.8218212275321497
0.1489285802406286
0.37533657531090153
0.6376935934155146
0.27299299129396243
0.8797706450783755
0.5748595144464255
0.8645492456888639
0.3424364894984374
0.5111093952580306
0.5132550059111765
0.5411569210743705
0.46414155740105273
0.6076232349444154
0.5386778485075645
0.5329711671041676
0.5721649941244183
0.05756581452606638
0.1501891825893565
0.5176872289315335
0.48431954004050504
0.9010858286698108
0.1666044915421487
0.11335673610527827
0.28439647174851596
0.3528705019829581
0.7687154056383203
0.2950677218098725
0.45454538126171545
0.5699810592206805
0.35005829815146094
0.801013805539309
0.6966652933941304
0.9712454725990955
0.06161268302762439
0.4604164639755084
0.2808425844781658
0.8190626525805113
0.7623337728132569
0.4679535203505511
0.8081167045369728
0.5340008676951431
0.7904014339745757
0.6491351240687786
0.7289973822005369
0.012440982588941892
0.35135946851511535
0.2902008481985699
0.3262337367357369
0.9968329939060767
0.14684885692108302
0.032858705766971086
0.3135988991746811
0.6138636757862981
0.6751481267148691
0.1797082889924706
0.6421758703559793
0.8262846364937718
0.06764689917602615
0.3365526170502353
0.4506745119831931
0.9433371306752881
0.16420937448842884
0.6769530549542233
0.5521146883991681
0.8021874002858619
0.33246694119711456
0.7171393734556696
0.6115762480740102
0.8638739187334316
0.7498736925344376
0.9113346778573546
0.10821644872271176
0.23574944148554414
0.6630761586780908
0.6642492843492938
0.15475738047253912
0.16081439642700032
0.6805368643344762
0.6707610108794094
0.1096332844720258
0.6228806579257982
0.6874987849387049
0.4180745673538327
0.3818461556612568
0.9147314752096001
0.07960745287410717
0.3551900624233819
0.25242414691657056
0.6325945716097408
0.39474667077316605
0.5413229051389973
0.48440874454359895
0.7782967041655041
0.6999648781042878
0.6180811052533904
0.619983472917073
0.6759757012816474
0.6745469622443137
0.76811357270696
0.21806542438545606
0.3068093136299347
0.6031709563354781
0.7184370979531082
0.07512772325239425
0.5716074380015055
0.6672372580292089
0.4560189341083775
0.16125029736034088
0.3528155726535226
0.7451814896012303
0.4564358483651403
0.15296761743871196
0.4394269747563682
0.49249156514770315
0.5151592033228414
0.30357627188502717
0.9562524705222735
0.016409512026304487
0.08512984291691603
0.5422491965745594
0.4527176761131985
0.4678098596153836
0.6021954754235677
0.4044717673724124
0.6941991343818191
0.36514199165428796
0.6131638033501257
0.4465927420365483
0.9031065261477037
0.4924550200769925
0.6570296597230104
0.2758368369659059
0.46986685859405586
0.6117378450632953
0.8742460458243798
0.15487829332138967
0.5138226289959117
0.37144764558942406
0.7968923317192889
0.4371355094201757
0.7257737125652168
0.39258080062165257
0.597649053375489
0.7050984352485338
0.7308292400483551
0.5605543302054105
0.19613414652785927
0.45248480985814316
0.5200078742812284
0.6129906323786871
0.0543910052584241
0.3419806752591988
0.11212031624185811
0.3454546730713166
0.6793890904925808
0.5129290289913053
0.5836548602496653
0.7453213353696432
0.4974863212126469
0.7899288267166177
0.22219302989728562
0.20471626301215368
0.4715624381219393
0.5101255348831245
0.5257946113786207
0.45847002089419986
0.4061753135561362
0.8857597854526833
0.5047419270988148
0.9748342863570576
0.2997100645342512
0.4170654315118686
0.5850431392938128
0.584365764146099
0.8136829826346917
0.18975835721795514
0.18138806582373956
0.36812873596634116
0.5219582065952109
0.5350397289322713
0.9371502764806793
0.5117619948587291
0.967603673783556
0.284500750715013
0.6205295857160027
0.7233566210299459
0.18980480026846308
0.31313285979048855
0.28411258268768935
0.6811696793429536
0.5894594121559228
0.7296837650843166
0.4035802711006247
0.8911155286361121
0.5428042092543455
0.7334223124313943
0.5288461808359529
0.5523108719384612
0.40692315816098684
0.8031004054975284
0.32584069832414225
0.43776319808426273
0.6266506791551629
0.590847137593645
0.4012130606268262
0.5614257584029286
0.16727304682861105
0.24365585721709043
0.3281011660924474
0.5708934728075815
0.6055105502639447
0.8652724253013178
0.5681368527093933
0.5586056740188514
0.2663211366951909
0.5792765768255542
0.25390189726374746
0.3911754026482276
0.9786098303518811
0.3901019569526671
0.370212666081429
0.8987170059288188
0.179580143051906
0.666931365372726
0.547346565583438
0.4532841480165161
0.317811534156514
0.4459003867563832
0.8508138255114294
0.13033325805663487
0.08560598019567979
0.26475709467876873
0.6955751586155194
0.7420931105970483
0.013954317770736
0.4040799768493437
0.5948074553396703
0.8394068805121564
0.4808194557529042
0.8507428572319355
0.3972153499456481
0.9597821744335786
0.32888302128649644
0.40764595332545794
0.876278538933775
0.4158612044622064
0.5310750539295213
0.7772045320542329
0.3303775388595259
0.35928859597759144
0.7244284439393796
0.7619271963443621
0.6202870862655171
0.9072412794782145
0.422692355765395
0.7767533757924492
0.3736864502457759
0.953631313239394
0.24740429721955925
0.8211309211425913
0.36293171985597616
0.9496842386489894
0.143345568192649
0.1857307623510157
0.30242686481679776
0.7789498387852323
0.8586210424391965
0.6631090877253276
0.6756181123830008
0.4868298425257902
0.5871418235740067
0.6077257064167957
0.39299251443320893
0.5630412651105929
0.6489612384790759
0.4751223850829637
0.6849897926039281
0.44275380819188687
0.04073333537297692
0.28073033149382604
0.6511968489317753
0.9967717965445133
0.19662364628774134
0.36480490363921547
0.21696538298582696
0.5843072304407683
0.5933744794264479
0.5301788846057963
0.29508372551037904
0.7792297294332647
0.2393733398529984
0.38931233761136563
0.3914763944071443
0.9268657865582595
0.09490281599302129
0.09502132691269427
0.145480620438691
0.6684880560893303
0.5740719103761537
0.35886656606742595
0.13576808743014535
0.44314350027980115
0.5391407733949108
0.8028477063935491
0.2740822761935804
0.582769007117319
0.5223770829157285
0.6547335537598122
0.5309232588692601
0.8761253315570052
0.498637688572267
0.9685838720127631
0.2134945229090608
0.2990916846580683
0.6557474516931923
0.7385126843216187
