0.5260107034978051
0.5625080531056743
0.07820318577531604
0.30450203792642583
0.5129915123007857
0.7021584269319374
0.15154860442301396
0.2831956952748844
0.4087590238804575
0.5760867848962219
0.5129333155458364
0.7309496241582937
0.4551834597769504
0.8365629818906584
0.4136758298872989
0.3237645380160929
0.6485971977394076
0.8855923129731615
0.3261480880093811
0.31429528851162236
0.5577761100960178
0.2641167575358185
0.6139129110706685
0.3081184400539142
0.849808142405543
0.359506266165424
0.18503865252594676
0.3883171238465836
0.4064784056717681
0.6945068254362943
0.04728469806768017
0.16001183420415188
0.47392725624418297
0.5555901596953312
0.7265065238811645
0.3748222857427857
0.6396399706603045
0.33766417019984607
0.7335287382995489
0.2188706072138356
0.28204696089090664
0.5516655911512769
0.18071134350102336
0.11547336283066872
0.18532685011723996
0.39720279228863453
0.573516878966917
0.4029651532607722
0.8533297911517287
0.2366299552637058
0.2562437768472242
0.5153216421031449
0.6292763263720733
0.29038446079715063
0.6072174076662751
0.7854020808377769
0.594214314829108
0.8114781021256899
0.5313383222910215
0.7211378816065718
0.42619270650039004
0.2557151577059838
0.5818080101230685
0.6088166561883082
0.5719231456667534
0.5135556872226041
0.967077170137824
0.2572774747041774
0.3573540885514337
0.664159041212609
0.7806117321134562
0.6201043639121413
0.7915263540096795
0.05709773427798378
0.5883357539054554
0.7687007641450312
0.5754831659139548
0.5810107274815868
0.689287815439977
0.8950374408452157
0.6422873602415715
0.9455901058343558
0.2075952719576337
0.19677487470212784
0.48256956585519095
0.42803258608303535
0.7164129916303257
0.4159353121880025
0.7167795884187005
0.1261749452621037
0.4380280592576715
0.568433563145008
0.4533391323922166
0.9458848778723079
0.19336715446927066
0.49401839048800883
0.5573744837188304
0.546281682616232
0.6152122726429063
0.6047658225684539
0.22014699406528157
0.3621259479273042
0.4865223172229062
0.6094509362803111
0.6598640251127803
0.6778856371932127
0.3775687225805759
0.4652392538662994
0.93952531892884
0.324668066512655
0.3530680446124165
0.47312486936700215
0.7339645388035542
0.9357779402956815
0.08563067472781458
0.2988396226376598
0.44440670167487917
0.8705449202583209
0.4080526776770095
0.8496848635808842
0.451185319926257
0.530748229775656
0.8230147808847035
0.6442308071881905
0.4059075744336175
0.7400001815599105
0.2391144498514303
0.8634695087508276
0.17339604863752364
0.8888495367504397
0.6725393183383268
0.6106209840059067
0.38843292824449577
0.5063631460775643
0.8408049790935588
0.4569543204414361
0.48389486579761065
0.5959388822028415
0.20987330888971814
0.5713744914432933
0.8474532721589462
0.5608091107052108
0.6274629318867935
0.5524613216366729
0.8719016426102204
0.4464877117462672
0.8650435583019125
0.3554709013854241
0.8649995223247278
0.05754675211770687
0.40927859764395097
0.37299463194275373
0.4194763716361408
0.588361607613167
0.4527010828886449
0.8946971743133458
0.39659794812395177
0.4713704880252224
0.6045915060811603
0.5812778000135197
0.9358270713430702
0.23152709239941047
0.05168398450564282
0.4051150510215571
0.7824739266560257
0.5071830859493809
0.5043876195440984
0.8167314545835083
0.8334912871086401
0.4510680792693859
0.5439523829150227
0.5088162149790975
0.6143358400976079
0.5813239803008218
0.7760084487866261
0.5824106536578235
0.5631724194507449
0.2940060009797669
0.5384151295735047
0.6013034491743284
0.4536820401662024
0.9066301491939968
0.29608643658732064
0.28562582215610877
0.9361028015021559
0.317665372965658
0.3589527284502916
0.8204437677302765
0.4724131496261844
0.261624394869764
0.564595631147981
0.5939386578456524
0.5002932562330893
0.5395653316387161
0.1420078367570406
0.5084917125611992
0.9492344158649286
0.33381207261839574
0.30206536379354465
0.677793776159654
0.2230093344832763
0.20996124742900546
0.5637913445355085
0.9285104348178289
0.270450226635646
0.40314341312208696
0.5397184941287374
0.9042171343932859
0.4920468775122353
0.862654143300789
0.47809972879644974
0.5423141520012957
0.8501165011563709
0.431564719645814
0.10368304196222229
0.335525411467816
0.7594188397940542
0.3618522207886846
0.6394616669453311
0.6163720784148925
0.5356994003314539
0.5748676400349471
0.8214000858300224
0.6871056171797134
0.4851611856160124
0.7330868320865317
0.710451140998366
0.6458816533256452
0.8788668164129676
0.4277816157642343
0.5293116486327738
0.6696400368971986
0.15366398580846857
0.44331743609868907
0.441870812409906
0.8261298950746111
0.27679843002990034
0.5162625484530501
0.6967473316802546
0.2692112306418574
0.6489564526582028
0.19485084400973054
0.5051279791319783
0.2337469820983341
0.6834951372317519
0.2146499251973674
0.5792337107046827
0.5286310750133411
0.24792827639184592
0.35436539677803297
0.9624711554754748
0.2035333641772945
0.20663578546978262
0.5054511650268421
0.5491625751180009
0.48145879672751973
0.8329568822598037
0.18771137066310611
0.7654828087965919
0.40309734493958904
0.6688860892327605
0.39573152115375326
0.3512345765314093
0.7245557834038528
0.5506151283541079
0.269155509177665
0.3709492718684753
0.18360604910637326
0.8870395425268691
0.5077299921417223
0.6701773587538279
0.061706290081718
0.27539893909871793
0.4762216916409409
0.6555073484810039
0.7993535679619437
0.2289006171553135
0.40476644077821583
0.39973543696607966
0.694399883279569
0.549117975988313
0.9224999574894188
0.27888309677699263
0.4420705875206221
0.5729388795067183
0.30117094692226953
0.45561483812341014
0.37882417642221455
0.8230690336213613
0.28021667192914534
0.5882987997202276
0.3950344065378606
0.07641905005122043
0.33626131900659945
0.9158392370255086
0.43595121571757567
0.455318780079204
0.7746041216096362
0.3802644651691345
0.5423385199729839
0.6159012922830926
0.6582199776790163
0.4018283222649274
0.8960467732700965
0.2999180083014221
0.6078792406010669
0.4168726066750824
0.7123567320914268
0.1381202209039727
0.6400940104577707
0.7466077605358019
0.29785747769801507
0.5569280950320841
0.7624563426473542
0.45259047292535703
0.540614117687273
0.9276909676461363
0.15530935926563816
0.6554336783143834
0.6381729014423847
0.9142562477270196
0.5898616233117604
0.606623762404555
0.6083199395245023
0.8871225462752629
0.295992415925144
0.745555768678807
0.6974166062617757
0.5876487342098268
0.7155068185479595
0.3482002662755033
0.5879117210142792
0.38028136920968514
0.7128397799926217
0.23148535979087756
0.27866802428525445
0.5580565958537171
0.7734946391398008
0.523819091287928
0.7708986119622298
0.21179913699894096
0.5826175163443559
0.9640505633472467
0.14752203952668763
0.5325451660764376
0.8504826679779502
0.4456293053937897
0.593836755265384
0.7480303753942088
0.556594885385357
0.5616913443442961
0.6966598176518479
0.6990266403987465
0.9943262839725725
0.3817669304507506
0.23918851869056712
0.1367620000310341
0.4457742876378067
0.7617905830587438
0.31319820724819103
0.040709691728747666
0.3426952032447413
0.40471746809469406
0.7956818742847509
0.6241663952319988
0.6341247562655512
0.19539259837940212
0.5247712085905425
0.5238879200573147
0.6319273211356841
0.1828536356239826
0.6124075704460807
0.5757427792181244
0.13116726087485397
0.6317181396680802
0.778579836192526
0.29077363515665455
0.5438533341284926
0.3906299386023644
0.6983620622231991
0.1901293478257694
0.5372750819598953
0.6657128423903471
0.6266268084046663
0.39941464372833424
0.5087800136680154
0.476689793277002
0.5940642751494313
0.5213033171203579
0.6744263933401129
0.8640877674021068
0.682461984188174
0.774116022441629
0.4490222621729194
0.4446200244683305
0.947576504729442
0.35994032026562506
0.10228504132886794
0.4025557507880345
0.7671905720513494
0.4337687674682385
0.34846011119836773
0.8228007144238763
0.08139576162828493
0.14930836762885016
0.493015609104121
0.5251351784814653
0.2848971585554226
0.6696456907740588
0.45158123838464115
0.5551451689176338
0.1743697758657411
0.2335656796672428
0.4757043187932353
0.4510297328959636
0.6842474827221624
0.1903318198942235
0.3361352306828954
0.20294287107609188
0.699792461988467
0.8112889893838493
0.5238857851050654
0.8658471961599958
0.5985588186619356
0.6646358651595567
0.3625264168658857
0.43829518159712894
0.8129299892934592
0.7214991043971244
0.5595662343112326
0.2146996313741173
0.3217531893240776
0.49866541679215504
0.9099223827638092
0.43028028174673316
0.4286390757708057
0.6432014256144258
0.8438399174736113
0.16609313721072388
0.4008246633679358
0.4621735714079962
0.5651820581877733
0.3338172340831456
0.5265170335130875
0.4433656919073644
0.9227367570280401
0.15451067830027154
0.24800572233207308
0.4293761236657327
0.8329285020606501
0.4767113008234241
0.8942043575650148
0.32889501242758445
0.7057722523827716
0.3189943299885096
0.22975762422469428
0.5175261348368954
0.3762910713728499
0.8299601647372165
0.488689858466495
0.6442530717575866
0.9191859201757682
0.21739806087065838
0.401983878399547
0.4003945542723491
0.6886430673279449
0.774123088244492
0.28558204446848434
0.7425873922475096
0.5968390024131996
0.4646083998690687
0.5008485016679628
0.7150168433156812
0.42536397630406503
0.328658582499441
0.5728363601023309
0.8071442441194553
0.7111416982494192
0.5856659079556454
0.5960451758664156
0.6935007059677135
0.4220816021111673
0.4742222535381574
0.7185251035957835
0.060822501292062466
0.3548355942303203
0.5066245298647073
0.6881333876895858
0.37117377439935173
0.8273057167591562
0.3443864446185313
0.5307581033799476
0.8452852830227249
0.09028224439279406
0.4971439438943282
0.41187762149775164
0.7883168716942928
0.4100629215350773
0.5487898249819041
0.5545708667867395
0.6859510031949766
0.7885938111838593
0.24109385526626897
0.6467215246284869
0.17651998321988494
0.2762411057346056
0.7426677846293994
0.5216893263571151
0.90183578752451
0.5622814950347625
0.7838859440349987
0.6015265400547603
0.9136329215245993
0.2881136836928242
0.8200174856535
0.38773261921593727
0.9097498684791827
0.291610743378573
0.865700201792333
0.4850562924088571
0.37400441192611567
0.6464058349235449
0.4425500655646935
0.8208307021989202
0.6023878585346205
0.6818542662678958
0.3809781106346878
0.5760801549366165
0.3281433326308403
0.2334157849211396
0.6315455393480987
0.9128922472757631
0.10990691828531277
0.25078779704965576
0.3239847055444909
0.628930728432955
0.8217247927430207
0.19392040810131672
0.46443072258851326
0.8521795136408384
0.2769988309663518
0.7641369807571264
0.7856259645778723
0.9302180822173098
0.41497586607639636
0.7408018021359051
0.20924412527070985
0.4610556832035838
0.7295687433260877
0.37461615028679596
0.21524414764646585
0.5185046005675662
0.3828581756535945
0.7435039046559201
0.5063070488223155
0.5568268481446944
0.6816954586007699
0.14320198907576404
0.4912274474498588
0.8276086317879459
0.7639757123707671
0.6777103687894368
0.5387862849417875
0.22830990531179446
0.5543742122695671
0.5979993280526613
0.32457269357558294
0.6771421482811701
0.12160123311817964
0.27544816516662324
0.431369969468684
0.49238898151764454
0.39540022362736943
0.6381766183781127
0.17521648245024654
0.09120998720925505
0.32774407318778875
0.3156019436494534
0.9396837010856797
0.27651333502463543
0.15146013561062938
0.18153045975998605
0.37645727669291995
0.8865327060169707
0.08775353347907358
0.39793984899978585
0.9177089029203092
0.42264491625125256
0.7249980226540613
0.9495639182770674
0.29228295135301074
0.6873587558297195
0.593163024957364
0.6828049401353783
0.6920277284055651
0.4960399122698704
0.45920726567709924
0.3627723934945165
0.6637137958769741
0.5677380550487633
0.901310565345264
0.3246824299528295
0.5517225983837964
0.6762278876992431
0.7942378541299555
0.031347565159960095
0.35483009628480705
0.466073141864196
0.8837888910858347
0.5488688900740963
0.5288905965393341
0.16349765476949507
0.430654995923117
0.6365835845796444
0.6216712557786412
0.7281062394191171
0.45992910384414176
0.9298661059065976
0.46505270538072563
0.9307257242592915
0.20471401377040194
0.44342122645461274
0.862844273251147
0.3166129839600429
0.5288314562687642
0.49909802985106294
0.5115451959024565
0.564557067619881
0.013186954213499299
0.2731502263308725
0.10190650076239768
0.5944991151585548
0.8282618509949305
0.3910058658406732
0.3767553303510279
0.2719071632009935
0.6506689898343445
0.27313180020212824
0.9805542712843591
0.45759077176125756
0.30700511582667067
0.6235794130314243
0.3618136533189271
0.7650138036043992
0.09684917210402948
0.2977003947444215
0.5341765063076901
0.43953195257013894
0.7547381679945293
0.5408305052517662
0.6221825816180364
0.8146683330086308
0.057026346776659936
0.33211261076871634
0.6350489877323011
0.9442743840375878
0.2098438145019868
0.6768024411404222
0.6116657717616274
0.7149076272382108
0.9546854151750356
0.049888320214570944
0.21039110597113045
0.4704421865062647
0.5020960984447977
0.6507754745355169
0.9457200297148269
0.40104096383036353
0.6855039561400311
0.8280456487729322
0.4530964371794301
0.5970008876347813
0.586990738916542
0.48805039262221395
0.8805513669999697
0.4136752936788128
0.6219334649059349
0.9211334257710271
0.37674242413495784
0.6266864385700122
0.8857257708451729
0.43069767135898046
0.37069093572617645
0.7268141563354389
0.3403516087033583
0.03537390955566189
0.538863322423939
0.3884878095540821
0.578189687507489
0.3438530091540339
0.48770511731565713
0.49046169577555376
0.7587596435514103
0.47905701339695195
0.7178634879228983
0.3423521062895656
0.4104185727307424
0.7043350578336223
0.46206675221498994
0.8519638723829482
0.3969063910445128
0.5378443995240156
0.35500323461696043
0.8043226944130832
0.16017335430555196
0.10520271140105565
0.20315739464149923
0.6387263214383124
0.7170608591744123
0.348663232448421
0.23412563500233408
0.5235262433566955
0.7786300702883193
0.8259787264804852
0.3551915386149156
0.961954774228969
0.32742558889707934
0.7080256834447252
0.9561012355851948
0.25348618080419955
0.37261915461442363
0.21990578254090448
0.4442984536154309
0.5219961902187966
0.6292303249051237
0.750622833425463
0.620974747649592
0.5873818074966091
0.4938887073689512
0.43920460117610427
0.6153869691616425
0.2963500782627899
0.06615975017142209
0.41644445040495337
0.623055968732873
0.7368517159202578
0.3088455276060669
0.6698328472010109
0.7936566258427382
0.21894249340673086
0.502035853915093
0.3584328430764373
0.7592974405928441
0.2891861475795271
0.15150637273822937
0.4895900190904989
0.5020147029514106
0.222120972368654
0.6589371933184782
0.17476786300175484
0.40261033178135774
0.7925617541299239
0.7833036612553305
0.6979876067361374
0.4813791783042429
0.930709660076354
0.35381906668899255
0.1772701842089872
0.6108723164113521
0.8007357791803673
0.8012728101261721
0.27273166400412846
0.9183363783999249
0.44402715160934675
0.18001514365316443
0.13842650072672108
0.5834323725550287
0.7816192207240582
0.561353634243453
0.6334024830474195
0.4914768651763563
0.40471506749782377
0.8018314351061098
0.3082815479585246
0.9805692147679276
0.35207857511769086
0.12420796722794683
0.4415354274965689
0.3668185750678063
0.8910994219402903
0.5206157216582983
0.5171619471384268
0.6484972438133118
0.31608372547502495
0.241160916730817
0.5796058466228591
0.5786257973508766
0.6985046231377963
0.995401946636809
0.1844949828186586
0.1173876110647719
0.1837326023860952
0.7229760432765564
0.9899670864398945
0.38493727777883374
0.19840173078052847
0.36972280854254047
0.6839867474070692
0.2962179701401534
0.7255618506920779
0.15041490372865327
0.2190097499451486
0.4275034698350032
0.6442529769125329
0.5055465371655247
0.6094360854865459
0.6682954232567
0.16361260010269021
0.4987594341166827
0.7349080496972062
0.8448648824400242
0.3702804192091928
0.6198988746662158
0.4411788475138506
0.4576095163456324
0.4307413381972129
0.7774420664259167
0.17360484846375174
0.5974295415807773
0.5916892351472944
0.1292957081076972
0.3895956464785303
0.7781494353576467
0.3214375733105597
0.6982646653002537
0.24978486351560636
0.3629746326996899
0.9228143821160484
0.22543266553192579
0.5351531625056127
0.2995006341564404
0.9280399074990981
0.5188031812599873
0.5280348780766213
0.8729298012102961
0.37019686474137314
0.7787409016037816
0.29414452124630885
0.22842927852697176
0.320279798225515
0.5006697770512958
0.8079591985929734
0.701713955436726
0.8739373011800228
0.2661625659177835
0.556835487253506
0.563645762443228
0.978752907683546
0.029183974721369743
0.45123834412398045
0.31679819748931176
0.4780706970795475
0.885489670982109
0.32961626947265676
0.7616987184180664
0.06952992486041693
0.39866461486539967
0.4576449031907358
0.504718831018287
0.6380945912785865
0.6639277176253755
0.20696088721460806
0.7375946425767188
0.8443962724862693
0.4162616425345831
0.5871987470989606
0.6231683834901951
0.15949201601866886
0.6638318394544434
0.9114870796902581
0.22093745866140152
0.28764498082188816
0.7022086317427406
0.21681411185522154
0.07599684592950397
0.2276666109761497
0.47708350453633097
0.80857734288401
0.2054449880481175
0.3492613815051888
0.5086219976603844
0.37403378002313875
0.8134445624228384
0.2189428281898803
0.4464619473622282
0.6305268961750361
0.5123951171759419
0.7066518766176052
0.7856437127313034
0.6928606908231781
0.962026191208071
0.34082460060725767
0.05311345731403526
0.4628726848871897
0.9152440431159494
0.3393642527093105
0.8294448363017781
0.25615015761378024
0.34722116623034327
0.4016554084634162
0.5311207665323624
0.8175126558141345
0.745579701732291
0.5269158455414862
0.6382983355461173
0.23826927237294537
0.47518928894138573
0.5409171576975615
0.10946246809966666
0.7285921146086871
0.5693645545653916
0.44381476552517146
0.7241457781860272
0.5677355081668635
0.27483942350796164
0.8060662340150088
0.4323805007320246
0.7556888352341269
0.058887290301957426
0.4713419929934139
0.494982122986114
0.6130605941376323
0.8948504741267272
0.43203071601611664
0.5500831529150275
0.5496752410488448
0.4640154329730875
0.7272295607906174
0.3943894409358798
0.6742281414505977
0.6731052362833769
0.803206992203743
0.032126922104381235
0.08657816697192651
0.26016720544560856
0.29914208494627625
0.8148500562651233
0.24219929049416755
0.31928343642772944
0.40680090735550156
0.6288126368034999
0.8774852512530237
0.28352383356846456
0.4596068249243879
0.5776250159687256
0.4554746655482427
0.5325665491376509
0.8882636772391865
0.2434182778498953
0.4675095476406114
0.25081555441353204
0.6690825054802663
0.7119659438135999
0.6787064294340031
0.22750457992255552
0.3795219442921677
0.9338043495661166
0.5528469572194865
0.7670212063814215
0.7983146019073875
0.7443153994438246
0.43721242746523425
0.4184858652472784
0.7137067840379605
0.34555783238639903
0.9590449044873477
0.09871071690845237
0.16862979858090976
0.37709398008989364
0.6727668189915335
0.5929873521081332
0.30911234237008844
0.5068222881266172
0.6109326364048285
0.5509572648529599
0.4036472460606807
0.6873471304996582
0.688027228846575
0.32104118418941385
0.4815667637894426
0.4804952430634066
0.6968575004899684
0.36970068936285877
0.4016072437990823
0.6403203011927248
0.4400394841967519
0.6277771876011958
0.23208194255407316
0.4730460267556311
0.6073256971310923
0.36028305063685606
0.5549627281400349
0.942640162776796
0.4068410842365844
0.1836170186378993
0.3788611252593725
0.7973936350965715
0.20508860375181295
0.31097506686868964
0.47509487700085257
0.650801693155368
0.5636918654043934
0.8001064579668552
0.3939014600631819
0.49981921249003625
0.5120514974911698
0.8655046694348628
0.06593494771510505
0.2888580525850455
0.529872843086752
0.7286840362307241
0.23170867762868586
0.5876771195568081
0.8349230567213367
0.44434583366951036
0.5862075018942867
0.46367539182744694
0.961743692358809
0.05703109661574009
0.3792107859523345
0.8010553858085996
0.47745694311135606
0.701815421757884
0.3754071862546499
0.7641440254699934
0.5968530175281446
0.7316028918978538
0.22168848402919533
0.4490046394935225
0.22900185257758957
0.4165495345793384
0.5802807748322305
0.10549723525333186
0.29596932459727604
0.5454863316845024
0.7365772623529442
0.24611331122654106
0.266436436946276
0.5485309194347759
0.9239897825981481
0.382991488204107
0.7562676345680077
0.4890576495761037
0.5571272664061403
0.4931088865799423
0.9477855243944826
0.4616982679584357
0.7848789278216677
0.6694119143975217
0.7492878642540806
0.3395274611937614
0.4769592985658525
0.3768211108332363
0.7531095785045643
0.7291238938440041
0.8696397900892106
0.7129568657620139
0.5747044515554591
0.017131482460462772
0.20540837775487153
0.36473268398578157
0.5545660496286144
0.44810419807931656
0.9296547079885609
0.36263388357219584
0.5215165414497885
0.43276957843125513
0.8755412426176232
0.43117341720311775
0.7374121283466326
0.15513845132225104
0.25002105930698487
0.15990557769958344
0.7370605880237169
0.7638268131347826
0.15043074010004395
0.21341819037158435
0.4075731605711548
0.6652577600705213
0.5551780169076109
0.8286066773197754
0.41792830444328377
0.7406772475714313
0.32265141745024495
0.2970331683903457
0.4896983607160913
0.26179491338862654
0.9688318602095294
0.4198141809789381
0.32358604892878745
0.6752305097267812
0.30257237214193805
0.3586224342883353
0.5891594990839337
0.6883130043408694
0.4305130634161562
0.08486068447527154
0.18836130119865047
0.6201009683673502
0.7793586222440907
0.10911679461740387
0.6612344857436782
0.8888147589848607
0.28050199086488287
0.2356892061204875
0.7920534124806788
0.4107586947117426
0.7869050067814173
0.21601418208578332
0.45592004640548844
0.5946786320375936
0.7874476101515935
0.19445537916505984
0.7166743083990359
0.5067217049808271
0.8184881826646604
0.3335715594366238
0.26107924528181964
0.3458336388358117
0.5555676820563212
0.5693380062306227
0.28391130840908274
0.6889602874430337
0.24022909931154446
0.25030821689629007
0.5284870413253867
0.48537499018226526
0.7616388514692357
0.7813069547994561
0.6956774751602028
0.44302883539611077
0.9537056324431679
0.3256953419465738
0.17023596307991873
0.5359724054876532
0.6835881113571588
0.06282664922933216
0.32442476920870184
0.503274834249637
0.5267805069163812
0.6510704332608488
0.7495582171520105
0.4473382983020874
0.8367902457394087
0.6088538170944939
0.5460329451825445
0.36065778653617103
0.5988335476499235
0.6185658532318812
0.08399621249485362
0.3995242595783237
0.46899027741612415
0.676325473534792
0.5711750851361904
0.02023821789752659
0.0667711628106539
0.1840926881734181
0.4375418070302701
0.9088717734811771
0.5333506053653894
0.48496228762009475
0.6140957899587834
0.6083043059004349
0.6091812915506043
0.7116961370007977
0.09798889012513602
0.2270117551432141
0.29542160631374165
0.5819363904612109
0.9109150340711675
0.5772777930405388
0.9233299990945452
0.5250790235602297
0.7351455169248979
0.17319761135591233
0.43955538644277076
0.20023684328879995
0.9180312383601743
0.532893821917594
0.7706834914780504
0.5206757192359562
0.8565137212085737
0.3528788013624974
0.5582690012891551
0.6225795060807382
0.09725058362074254
0.26089350966934594
0.7460942506597077
0.7345490807735575
0.7191560312409543
0.5050107410836919
0.5563274023906817
0.5665175102231098
0.5524494216778809
0.8734325663177827
0.7458254509633635
0.9175213232934425
0.3066955071108486
0.5733958487581218
0.3638114734476508
0.6562728918823664
0.5002423287872952
0.47501875049282694
0.8146844855568943
0.3009195555244818
0.3810882278886931
0.7708379682264765
0.4382406799592051
0.8656252896018661
0.22429398592698052
0.2401315129547152
0.28440259020583913
0.9482951697777855
0.33892212089280394
0.46745167488804434
0.5858041642372562
0.5599976863643765
0.47778868317400924
0.39432666901886815
0.5746985611247227
0.23271724565218552
0.837148484515532
0.43564484691781113
0.8029453054864878
0.42362902045572404
0.7196621013696626
0.7900246487557285
0.5879907063237014
0.4394899250481179
0.7079406058016529
0.4097765862922361
0.7182092641524505
0.9125339551687996
0.3570717347591456
0.522905913332688
0.5572326480813203
0.496265738570025
0.5280615816654153
0.427643466820971
0.9776742979534039
0.38522872923559065
0.43009648956637864
0.6226849434556194
0.7776041902844828
0.23665435813925834
0.46426310019693817
0.7215221187572158
0.9488388691197491
0.15713099537007164
0.3837407555077117
0.7190656645972413
0.031131544803310943
0.4545768461632451
0.3902086024013465
0.5665921772234902
0.23485175939677316
0.46235881646805455
0.7507004282911212
0.5421193911109461
0.39645524540329197
0.778655789604235
0.6074522640730001
0.7783110889115478
0.24076101835988845
0.39915988539711045
0.5237012693730342
0.5569252100392865
0.2115451375967131
0.35759852815280657
0.7416921325826555
0.7811611297315613
0.7084010395142539
0.4144308794499977
0.5169809369482227
0.4113900481521164
0.686011591377654
0.40030848575574063
0.4920643955575398
0.7589945882679163
0.5286093504009687
0.46652849472502755
0.7126056672364802
0.3671901816693827
0.6194440844823612
0.7013054354258581
0.43334350470208655
0.2927364441114079
0.6944262331479356
0.7753232840339586
0.6156005394050517
0.5757868110022095
0.4310499961671373
0.44236149434553745
0.2813265542547591
0.7619384514027382
0.8775967995819585
0.3616119044920908
0.854090675550499
0.3353517946752825
0.22084419492811816
0.32122653689073133
0.4754013634601421
0.9476161675189914
0.1005605409742227
0.05026082021212247
0.2506850177234766
0.6750750608263466
0.9324257417710737
0.5254710091437564
0.5633125348017893
0.8417073130818534
0.170033524186285
0.4127937943472286
0.35708398370181116
0.6794401385481176
0.6333852273478129
0.9756435843392832
0.27456730301714233
0.2510900943139553
0.905133628457996
0.4538641676786826
0.803865819357902
0.8142648831330455
0.35366706457140484
0.6108689234899563
0.3752358952366416
0.5894928132860983
0.2472911707037557
0.2990090668818806
0.6320579809404617
0.666497161023785
0.10279324214945104
0.22436196633847152
0.6066777852067677
0.6318099219115448
0.5494182334769975
0.9757128489491556
0.12004988141292747
0.32733466515780796
0.6085970577930037
0.6720945418330329
0.4315342849949712
0.6000996981529603
0.7701157952324745
0.3329973904080038
0.6847748655354549
0.22027644958065729
0.21825571627903967
0.4708610718280325
0.8810390894798105
0.29122772595491975
0.4367297353074452
0.40190316110409774
0.869979089875842
0.4814220427279716
0.5989572388397886
0.3239287925687316
0.9165636094275675
0.29424515043999105
0.05570357263447748
0.2201790263293964
0.4843265289333305
0.8739042262330476
0.08363683622102377
0.34632452280396836
0.692664517161352
0.4743386139121988
0.5266451819654868
0.712683235544249
0.7760402881551121
0.16734022324322625
0.754020698082364
0.705556912828823
0.6440210557647551
0.13714997308394614
0.5456894085145301
0.6676701392577042
0.6743422364246587
0.8294256641235442
0.3932526275554228
0.4365214833609562
0.9107125167758592
0.1695138248641342
0.33422530555124086
0.5546488485577361
0.13451493076112034
0.08069125368184793
0.4830621761838003
0.6772390371943647
0.6837249025574846
0.87137913627428
0.5697304790244189
0.6614092608839645
0.6160823539625918
0.7691041245973235
0.7552671199535037
0.423657187351586
0.5042622874386142
0.5388619178912006
0.4658921933864019
0.3152603876112567
0.9090162688419942
0.38490391171921273
0.5289469872979754
0.895970015414921
0.1870753049369308
0.47850683710696496
0.6330331812728898
0.3069101400976606
0.6794406370578682
0.7180132848858121
0.8943418199828406
0.6387957165728221
0.7795045739320288
0.5616087062571395
0.558775694836973
0.6564925856555566
0.4489788408316266
0.5559308223623862
0.19791179464982048
0.7166913749526311
0.6072346671305326
0.49134811163938796
0.8711459341072072
0.7262486660649234
0.7294169143015214
0.32269566004034494
0.7634807534286838
0.7025630487675363
0.33415760535649386
0.2555281060821631
0.7911108000499567
0.3864008279513942
0.3798734086606401
0.8616430251638004
0.5653157246158923
0.5642854162157247
0.9008822447342035
0.6147340786367398
0.9075550702539184
0.3527067373528528
0.3362695475997846
0.3510831302119897
0.7231825799277032
0.5991810274221325
0.43315442545580135
0.45475815353931537
0.7052670181823676
0.5172432953367041
0.6140325119861154
0.8144425106298558
0.5232553261131243
0.815260243424275
0.5236469420349638
0.8378805138515278
0.1106277616783806
0.15788963041013698
0.24703534528064428
0.45603599509060944
0.7623206697471658
0.32889361412660706
0.4672383230779949
0.5655958241609242
0.6290130778119787
0.31837434270476583
0.4831234649676207
0.557577950488986
0.544952594714301
0.8416569172821942
0.2774392103137988
0.7167842279196364
0.4044833015580609
0.6043811595227089
0.8511947124037131
0.3557443647660366
0.2832712360749474
0.38319197555909545
0.48336517188440253
0.7283620537131814
0.488053550264317
0.5146835000144362
0.8597982160169264
0.26988613967013775
0.4712558297870612
0.7512292103678074
0.5606210737789704
0.8739345955665363
0.5420311160237166
0.9780510521490144
0.19840980611423376
0.5010471738098763
0.5996500627578277
0.319151014407376
0.59541101081801
0.7926016786826253
0.20232029339842517
0.7706795355486906
0.5840574575993073
0.3169258609273466
0.8695545740019603
0.3396026184628069
0.15901902326818393
0.5255547909078444
0.5606803820262313
0.3308529156957934
0.4677195060323023
0.6860935894845859
0.7621674162237273
0.35292884709106487
0.9564663433769783
0.14618504710735336
0.4376643188303701
0.39563846647721057
0.7755341443687418
0.027792784316469973
0.08811880577224546
0.5292174619131846
0.6119256285323205
0.33270669252699375
0.6661133591498047
0.6712055435318076
0.5559527849520502
0.8691552082115636
0.34922929246891354
0.8795863450978206
0.36094023882824616
0.3854696794829808
0.8814334978159062
0.16534635534011138
0.09276562720243339
0.6265257985623629
0.8696031266999029
0.1767842517564694
0.08115879993069017
0.4679647822817675
0.430889426248303
0.5967266832526905
0.428239815472262
0.6820981572977555
0.36884295415807344
0.1207955842262188
0.1538425679466117
0.3594718424575633
0.8710227251088565
0.40071506658309725
0.49475037629697205
0.6138545237696321
0.7951754837145055
0.4068228855768184
0.6999472276440544
0.39387858843912915
0.6925364843094564
0.4688647802962109
0.9263877873762181
0.5086260146832985
0.4489025659433097
0.5204249198346147
0.47797616538406407
0.6769601089986548
0.6874196935077352
0.26357228815472944
0.36529445689492457
0.30372029140534634
0.417884935066197
0.8289644725457319
0.23724985104069646
0.1846724933389935
0.3885638690366897
0.6211767235085688
0.40990119214241194
0.24285345119571122
0.8001270384029491
0.30380880199527394
0.5690420200169284
0.6932795397459599
0.03013440796739443
0.07979618545089462
0.5569234811071561
0.6883423282173466
0.42983606294709653
0.6233409637140794
0.5689671340114433
0.934439676758694
0.5323382736132081
0.7178941751894833
0.808837603002547
0.6461833020564632
0.6815162698165704
0.342221284113987
0.8401197606801486
0.6688252260742619
0.519862523625055
0.6224947899392909
0.7429196440538994
0.567456859970962
0.6733993060179321
0.5825574009820392
0.6671858157729411
0.15573264465801231
0.1725838138526277
0.5735356749610243
0.6919550389430817
0.24018581702043035
0.530775549879793
0.4751510127106817
0.5739502318021413
0.21251235046548841
0.38940486890842846
0.15347964288799365
0.8217079543712532
0.5058858884121088
0.7997851272577017
0.5078491922920155
0.74704872670135
0.5825083417863266
0.41618393784492336
0.9223781842783094
0.6132140704841413
0.6744761672073294
0.4044398416579734
0.4023974210579737
0.42178070915213406
0.7025625925628335
0.37997843103088735
0.5106716040000313
0.5361168102277817
0.8656154340360577
0.24034235538336773
0.41273581366027823
0.4704325186223921
0.5876191013610201
0.5655180406658167
0.13329620600694278
0.36327326570177226
0.33320880079061516
0.8426562258182722
0.026856340673363902
0.3122436723518374
0.17140579551008223
0.3889282426541878
0.7377342575118513
0.2535764176936089
0.789446643192401
0.8153901977597127
0.8038395185169684
0.6168738532947395
0.8516839578020723
0.4462520340080828
0.3098481095768288
0.8209935100136198
0.2934847256360439
0.35576618526258796
0.2590760621178143
0.6689670006974349
0.7507999409800816
0.04227065320723296
0.3404383050303024
0.644025269392105
0.7449268768183683
0.3566772234782366
0.1924635409288258
0.8399694184996604
0.6368741543966605
0.7382280984137848
0.20231476243220406
0.9462869666844917
0.2824053261290017
0.5781588144538972
0.4776504667751885
0.7789864662626897
0.4962902606805327
0.8146688986938688
0.7823720262832392
0.5020021133587746
0.9287961230434144
0.2308135330125731
0.5422164333701821
0.7799764653655112
0.5371930229371092
0.6002442567080232
0.30097821079054843
0.39939775667140187
0.6512602804949061
0.5354385231218934
0.7567855381064563
0.3720176259961361
0.662813711805254
0.6979358400198425
0.5480206696009681
0.516492151846468
0.6802180561142879
0.7307030050326708
0.3784619626452308
0.6121367786204174
0.47313007293567955
0.6079662057624844
0.6861429670904393
0.940698471768046
0.20906765489126053
0.1871916222713104
0.40399525826801463
0.6617583855067692
0.908097940475695
0.3045384525234073
0.8497681962994371
0.6442956183014161
0.8703617484354454
0.1993458946346815
0.6964338989520118
0.40112636211876534
0.5845422336022026
0.3993384654617022
0.21154760894594857
0.9381882426845538
0.4620125605257812
0.7180464399811433
0.5639096758809075
0.7463579255060138
0.36192192179650395
0.6887327096472641
0.323116208853467
0.47712325987409504
0.627165763758629
0.8195626589749344
0.3591474325734926
0.4221457311364729
0.726084127980407
0.599797093526783
0.7378676337223113
0.471756332685749
0.6923371745303727
0.4998166382570792
0.786625388124695
0.14306832743729828
0.5393187400559709
0.7532965540413893
0.5472482250467419
0.7888830861276319
0.5468059913070478
0.9725465655275605
0.16670009407418276
0.4013651226273952
0.5702705217058083
0.82153047471372
0.5867159249980535
0.9059936521152628
0.5162985698860215
0.4972294367172899
0.8633488489368626
0.59194621519329
0.607516177315297
0.6419419621686675
0.6140023428818022
0.12165740382763399
0.6642617717567216
0.9356832159920236
0.07667748677648042
0.16031155800333635
0.563972138655439
0.7823130938833432
0.6662745292295316
0.3561687061504516
0.7538844064469772
0.38396088984098137
0.9314193189536089
0.5560810878311052
0.9192052226379996
0.35919025668621823
0.706742244875777
0.5543176404364958
0.23670292844976343
0.3662864471721369
0.34933189623978667
0.5666084082875791
0.1970661437778979
0.49797266645938987
0.524399650966085
0.5042160428956282
0.4147554663630847
0.8405650847359782
0.4281179224641808
0.5219624938932821
0.4143124188528523
0.6999185754687203
0.3956214497929025
0.37752168290110216
0.9035509717413543
0.0788519425018272
0.25538826203376724
0.7085737965592689
0.3440416950805548
0.6377362555330383
0.607075853824438
0.4541618008142882
0.5548437879362649
0.8438820894551093
0.40284107615729503
0.666759648375209
0.6031186794440471
0.19811811113083574
0.2800696942371588
0.6963525378943651
0.8474210103090623
0.33872801609845704
0.6109483354605862
0.4997753274564586
0.6245645517439171
0.40832736269360115
0.5299341355209097
0.7790139333540056
0.6697370717372765
0.9196043516373256
0.19922677227748906
0.33180697687219146
0.5591293218137021
0.35041768145102636
0.850939006598698
0.21496841436382477
0.6302517463328796
0.9608096460309234
0.04330875983199777
0.12638335191892236
0.3242970037423266
0.758278379787894
0.08448163304097048
0.6227369924212458
0.5853653354023977
0.4714522468980624
0.908828458537106
0.6022966158807742
0.7737297120252724
0.49769153154612666
0.8167087788115895
0.44067986051714103
0.6173617975229899
0.14283628982335955
0.3028134673699643
0.851419924175827
0.2558709100433984
0.6586409787730781
0.6439782993748453
0.7636487129619804
0.708403321288551
0.49126554076766005
0.48718381391857646
0.5427505218991633
0.34270816110591773
0.8010444752473538
0.5377989196847113
0.7878912510505351
0.2966053776244589
0.7278914163551005
0.413011002407188
0.2815082946093133
0.4439540090341123
0.3269978006199698
0.9112281715077373
0.246199225461944
0.3599712309339326
0.45039715375906453
0.6852076739584142
0.6448998371875172
0.596223980694884
0.4007405366466492
0.34188187692967675
0.6810719149663909
0.3881520432749593
0.5700839380509037
0.8365817988214885
0.5389136728461786
0.5337521941679341
0.8525864113421162
0.44479010659516016
0.8779073459192694
0.2893326414914526
0.7833962354670179
0.5032533092069676
0.5770081637814792
0.9324060425426428
0.3998035015602726
0.4264106554365114
0.38551821566423805
0.854950043884926
0.5213861407081892
0.7747810756497613
0.40277348659842005
0.5865138704687325
0.7173608539576171
0.838558291953639
0.20466769213837024
0.550894980495779
0.9421269137458702
0.45682332075511534
0.45497053648436014
0.47057585908696115
0.807340210596884
0.46388010150844255
0.8275279325648481
0.8852099965782667
0.5562789516057836
0.9053293989287876
0.5449882234116479
0.5101379005607904
0.6837578942514816
0.6771621064944559
0.26030239382150483
0.21027609598550612
0.13885949320745
0.6128410210128148
0.9869344432013161
0.037286304848034774
0.30141702993647734
0.5337653714437374
0.8089798904392015
0.6109114074168429
0.435685078900605
0.8238721404708222
0.25694686420751994
0.24725926185005162
0.3661375459792432
0.47003349266545624
0.8078015133096812
0.39235467616482905
0.634073150410118
0.6356001041951269
0.5909186778672533
0.7046800356848655
0.3849661499207902
0.5282216793447959
0.44897269167141945
0.6754943967262399
0.6629661682565882
0.678906447736712
0.12118377544890757
0.5823165882951928
0.6885347569751854
0.5407199897584294
0.8526360303960643
0.42463994089290413
0.6613378746736052
0.6462768560400057
0.1796839097147113
0.560826628803214
0.5533555577880798
0.9278012865410842
0.10522387976427366
0.2941629306836869
0.5548735804379048
0.26724009686152556
0.09736076465083204
0.4020427362142214
0.5673040654271664
0.9186612326141153
0.10039121466292544
0.3729536769267219
0.22718221848559686
0.8747577284004575
0.2622759050735509
0.6993720860609247
0.5743364169840085
0.358095701794296
0.5079029258342033
0.7000700849957607
0.7525894810258593
0.03785603859862048
0.23174829543001368
0.5418980561616613
0.8727908234408936
0.4893090920651329
0.9407240244177342
0.21291787489067648
0.3749730498299991
0.6692810632313566
0.7489470631011712
0.47471024460176103
0.2683159579682584
0.780347763432263
0.8413575248500651
0.4005382201258054
0.5318331457421731
0.6598883908618003
0.697647777640654
0.9626731165356801
0.24594142106801928
0.34678198985265307
0.42848060415011713
0.7921913868319204
0.2673086524079449
0.31881958924010506
0.5083148004894057
0.7180858172394874
0.9233000356097958
0.3219352327086041
0.054617271571243464
0.3065915094587665
0.5339662765019304
0.8845897750305133
0.5719515218363885
0.8722892480105521
0.21325555915855898
0.4508145411397328
0.7152758530644892
0.1279727351068577
0.3476274964422198
0.7069115164537354
0.5945314301448733
0.28528387820820067
0.6202491850802597
0.8662865278345814
0.18205672982897303
0.8369888612469475
0.8547780954383657
0.6114737598574331
0.870409318428782
0.4140686604185031
0.7490327233882641
0.44935275546779263
0.3527179037880687
0.34352012952740596
0.7468102129364294
0.7700855762428844
0.39230413242968504
0.8955584073781191
0.5479758973799101
0.8028844467565929
0.4491248695151566
0.708666262242686
0.7300533741937607
0.5197224974622141
0.9047485744128857
0.4618112855387818
0.6814791671780888
0.5836243773719209
0.5752588444547214
0.44407158898499954
0.7141886676229813
0.6017265129859317
0.6039178605405848
0.750746626799778
0.7342465034787883
0.6081398387808369
0.1345415836385881
0.43575840621838935
0.869479732873516
0.17401411981867743
0.12314181764168625
0.5174495712101832
0.7147556067167294
0.878399085636841
0.13915110446147316
0.4144438017622738
0.7666134475016297
0.4576003061044141
0.7848447067280215
0.40173990550922767
0.57037427850264
0.1405068030092378
0.20880605627806414
0.4681579069362656
0.5669452246990034
0.2861644396851344
0.6146943944152292
0.5323504438261415
0.46314675315029274
0.6521547570428523
0.41016578082512123
0.5832446288426796
0.19914187399575348
0.35113650724347656
0.49352295748081565
0.8452922973231651
0.4516210852814009
0.6413468201161768
0.25475588211838407
0.7809769881626165
0.42638343611754903
0.44581018102244807
0.5051588162850003
0.9056729180925912
0.24131825647981106
0.42954879481072794
0.9195344932819665
0.14311264290077635
0.33047010543690586
0.46613370310495295
0.9675266895836351
0.15125324369461624
0.4641970259997565
0.8431313332064433
0.43729675149336766
0.8019744082366642
0.07128833856033376
0.09686872448779224
0.16951035671248485
0.5357899525070888
0.8083688952991563
0.6420757301957136
0.6173455388563442
0.5340278303335784
0.8132800206830009
0.5073261291882881
0.8220438193753696
0.6017597427643218
0.3756798428258708
0.6743092197433912
0.1788616214421051
0.6244032717005394
0.7700929983544517
0.9484132298883218
0.203061423088155
0.7384278943449876
0.5212265419826834
0.9912894926565232
0.3674123842818
0.41703653456860845
0.33621660866212444
0.6519162556786446
0.6574475124668109
0.5108091767832299
0.5972912758835766
0.5512109506481437
0.08268758124007089
0.6511785817802813
0.9141008929348884
0.2793011932869036
0.12990062344084508
0.5369920849447629
0.49056024105600743
0.6102351710618812
0.7764196357919315
0.4499289355807225
0.5171918658028465
0.6144294527966656
0.7076002557099027
0.6683809797720783
0.9264760315260567
0.3502212846646574
0.5220169761909289
0.33755952141320844
0.6921932291846649
0.15788184870410457
0.2637748896088957
0.2530910416892295
0.5883121399891447
0.912213092115116
0.2881102566238157
0.4311127791791132
0.1773486840832952
0.742368726503114
0.8169253648150728
0.2968877999948622
0.4160632261072357
0.6851558694966929
0.5500441195014079
0.8561302659516019
0.1598098813778289
0.27792727455719646
0.2676824823371605
0.6832220028979977
0.5379421805721432
0.6241405321101985
0.685213371075207
0.7849769516185192
0.42402833504895465
0.6457784950309173
0.7015423395682006
0.5888079528701985
0.7811238913390837
0.5497756684567265
0.857742608690198
0.49648040612419914
0.7501881849305903
0.16073895165551694
0.6971303384875158
0.8789456789170323
0.21077124179191337
0.44650957146429404
0.15462216650729413
0.5717320068477248
0.5076160779210102
0.5480563460504809
0.5764417303141647
0.6331653428099613
0.5025883663007389
0.7634638739054713
0.7426993638606125
0.5680025522163827
0.4575498007378733
0.5435594893947948
0.8454153238711286
0.4431903302877568
0.7154951113415886
0.7011556096336091
0.5097005080438448
0.4237047219371068
0.8752151913782948
0.3103326294135145
0.6732572550375651
0.3603934561121731
0.48708364780014174
0.570762806663162
0.8544663599055735
0.7976436458728831
0.603529955643243
0.29991062029507304
0.6851701731963618
0.35063123105728566
0.36891444387304084
0.4942107118435902
0.5116763197216219
0.6457604119842473
0.3402383027672773
0.8253565061128864
0.41408081421749166
0.6472492453906991
0.40821453745757247
0.4152974347389949
0.37413438297554996
0.6054306183581097
0.22719887360212004
0.5811366556973878
0.6991970571893835
0.2846219046853821
0.1792342511372009
0.2681689381054981
0.5436266760914452
0.5723460027423266
0.571682943255915
0.13293772126820627
0.25742739002757387
0.5960016657943672
0.7793969746233987
0.71905581051335
0.6870778940498304
0.3854761938253739
0.6544302033795195
0.5051750921036552
0.531867752026538
0.7150653981788929
0.46501503642740555
0.32119727677958454
0.5860262683758142
0.5484167958387889
0.5867397009938513
0.3690997614753134
0.6970341343287808
0.16753935050695712
0.6767169959847709
0.5837924705952199
0.1104801475267914
0.13425284145610447
0.6170617916747965
0.7726064436006785
0.31585491404299687
0.2761174555583644
0.9764767361110035
0.18605037668585223
0.1926818586936741
0.25186310020044117
0.8592355120637528
0.46614194316337126
0.47520934332987014
0.6378693740984264
0.6602702881243185
0.6284083885352019
0.03393590806175064
0.14758526394706112
0.3344336929391915
0.6194332292390536
0.5273178176396729
0.42104130698667463
0.7877748603623524
0.49065076681707687
0.582921905630961
0.5112552541635605
0.2669504633188843
0.6162348539718078
0.2958115624045995
0.514880442691613
0.732859376387127
0.33268046029749376
0.4457142894688684
0.7396068188652745
0.48574416083203104
0.5865704201146721
0.7953371462593779
0.49178774580111617
0.5992148379545191
0.8685619727504594
0.3992855858403337
0.9337917124290394
0.19289577176435344
0.4843922006266492
0.9145568628300745
0.306752268331973
0.44382888620122624
0.8095102780208113
0.39645214846149107
0.6482583696200805
0.7141878973123219
0.6512859118150689
0.9001767292505248
0.16773487760805672
0.10194280918119818
0.7286683856803245
0.7496904601092376
0.3805027545735884
0.5850897563134903
0.9008360727316369
0.6902767152695526
0.8803353701188017
0.3552499116543418
0.34158630225806874
0.21833335559300499
0.5853194811718099
0.9481725630159463
0.3718926268094615
0.40060720827439034
0.36487612514030143
0.6150534151527329
0.30203585598701405
0.9929672653106743
0.37897813832326244
0.47320843350019753
0.28718425107680823
0.4611456325074601
0.6646237249118305
0.4401348209143999
0.9318692213821136
0.278709418413421
0.48831693583644237
0.26203625979823736
0.9066739376255354
0.5101600823350865
0.7366498141693734
0.6648735898160106
0.10697608169155537
0.5503164015181445
0.9417317482008708
0.17359725577330165
0.12008547477019868
0.25509634557595917
0.8376683116921759
0.32721641940205504
0.8820681243884871
0.010420725520700603
0.3727107730105421
0.10082794582742285
0.6485169086535258
0.7391895948749709
0.14920253910259118
0.2540117906240106
0.9048568835334238
0.5748205146561538
0.8681951529026137
0.34285652419175067
0.36471534478871825
0.5477198038579774
0.30180664961880926
0.6149308618396702
0.4499287294714537
0.5150523372873417
0.7750847619594505
0.16144342013668087
0.24085379208569438
0.46075686757116546
0.5734991300329969
0.16082451475903656
0.214096373424785
0.4637706623864009
0.6214253258326541
0.30429986483116844
0.745491527998092
0.6781838252496998
0.8521204269994653
0.38043792849930447
0.4982805139546168
0.5410707281970242
0.9028345609710506
0.3113817538619463
0.5676258706443906
0.4856060325914454
0.6317799189463604
0.4021971416568775
0.47185429036142124
0.48126854820130077
0.5609703761085867
0.339529931896609
0.4077427280210437
0.8200250261548541
0.2346562360345455
0.5488094141947398
0.7581374350186019
0.7314360764643337
0.5209119280560611
0.9680794767000718
0.31106219817353575
0.48054619223008266
0.5388826416728936
0.5758089283724527
0.21995507708327444
0.6959599492285353
0.9764223668080965
0.3613603153190216
0.23568771268633154
0.5798322824871684
0.9050905723511087
0.5144166955948046
0.7949132168462013
0.7624883855650139
0.9119487815541343
0.4695409157878396
0.6583311379899883
0.92007725225501
0.39411176716911284
0.15358349133099686
0.4414375359496201
0.6477389357829876
0.9468646139202792
0.4845896950897455
0.6113032764435637
0.6792682534467458
0.8549952033437282
0.56138224977926
0.6581822577158267
0.4404711209838185
0.2722110245014579
0.4925602971484211
0.5767145733064578
0.555655176821506
0.3311548375823773
0.7633907472981006
0.26363925921485726
0.2617238655859621
0.1336758963982499
0.33861542406361933
0.7413244359767734
0.452137427602454
0.35633156444026315
0.9175905422690881
0.2811565611515306
0.6390406453741048
0.8058099469326028
0.05613901571091513
0.09592693240539618
0.27407203971430827
0.7931319644971848
0.6986483242612922
0.6897344507691413
0.14083782844330084
0.34983821272765786
0.3358006117038751
0.5886737161330691
0.5798459262698351
0.6389409094370141
0.24157496273105383
0.6777007604634452
0.8581021797370676
0.49583738202300504
0.8868793605017717
0.736112914262854
0.9211246478969297
0.2794093094741532
0.16242043371379256
0.36140428866246693
0.8596575171138983
0.5123435895321397
0.4125470970244568
0.876869960590746
0.0446189422495931
0.409307055784469
0.4293272965574879
0.875802971864557
0.45033006997203334
0.9320808040567254
0.22202754530830188
0.6080039446956497
0.24365729572911346
0.8328139890949944
0.2708344151108381
0.4780447316110845
0.7453479983865149
0.8262319359152608
0.4183808431333404
0.6621773480429015
0.7017495221575206
0.8575735406326495
0.3889369891286236
0.36659237205638706
0.37644723683916104
0.9612431889365367
0.4944501233626211
0.7596531745915968
0.6556921853702908
0.3085885755521054
0.9481435653622763
0.27885969616315875
0.4925233666584593
0.6583992093750075
0.8623779293470465
0.15717757084040512
0.5984647366553846
0.6185320580264088
0.37888726548093266
0.947954159651881
0.10055514048314307
0.48867603990306263
0.8591227722865683
0.32407659015115264
0.40206516676418025
0.6881938030611491
0.3275912391918754
0.10828849148444072
0.683742688008331
0.6300635505338473
0.2975629864417977
0.6383755199986458
0.7026775498981067
0.20468682791500162
0.429463925005652
0.6876340546802893
0.28928790277201466
0.09589731304127722
0.46665415025139967
0.9357777819428597
0.11571500490809859
0.5888123700207082
0.9439747545417765
0.23243134272737698
0.43189198717902344
0.4036013070937723
0.6618970371751858
0.5068453687760301
0.3887624609206229
0.5851154352700672
0.16442688362546382
0.4985935651477159
0.5846580731284219
0.5903343319586687
0.8392269897781417
0.14587494704820725
0.4356533379074684
0.5996609394206308
0.8641512555913298
0.16432655437559807
0.42263226734901643
0.7675170234930767
0.40234290071248174
0.3968862124330662
0.7470652811171454
0.486823686199449
0.7285454124677159
0.8599809869932071
0.4258427697450364
0.6127258305605652
0.29588846892744797
0.33072359831220155
0.6939608202009875
0.043298318329374225
0.1355348057488765
0.7406189997998184
0.769742630824608
0.5985801207173422
0.7097324529507096
0.3440194554236843
0.8218878478678402
0.3775028690544517
0.8741267298796787
0.550747536996993
0.6984748838491697
0.8049918535667688
0.22430938829862065
0.8422221756440891
0.5050101323985587
0.715868486108208
0.10579972926461506
0.28707455080558375
0.4206892241432722
0.6062625258144727
0.14569241571190467
0.4602936721193007
0.6937770583769944
0.10048399377486586
0.6742421038843801
0.8140916499474941
0.14630135034501623
0.2864030698541396
0.8752967763768733
0.39392324797294165
0.4156493829403426
0.5600912522388015
0.6424577966529138
0.6941790747257338
0.16970528640950983
0.4096376340673408
0.8354173081620091
0.0993165734474384
0.4775318373847953
0.5097114626027652
0.826800906523874
0.30687926555398437
0.956773782926197
0.1841792295640554
0.46930524559923514
0.7982925309814815
0.518143159503013
0.32763093503569574
0.5796333364484926
0.574734039986989
0.6047672846783105
0.4531820181642406
0.19192031156881095
0.4082920405298492
0.5728335303578196
0.0681836801892663
0.500877732147235
0.5362791352968967
0.572476896144049
0.6011247397230509
0.8010309393437822
0.20007589728279485
0.8721475533396885
0.5019015474689645
0.9916385024332413
0.039818619679236306
0.4088311600852198
0.5504940544826449
0.8881876335262822
0.5509969175076718
0.6069111267805868
0.02842069144957307
0.5162391104043923
0.6140807605764891
0.8603850710020127
0.336713396398099
0.5684357653574561
0.6954142984501013
0.1256760206790914
0.2556085087463233
0.8456698632149526
0.281697592838336
0.39359612545953804
0.5767219338422928
0.8683139625185492
0.21567273243503038
0.7237827719420578
0.9386673614179344
0.1733925954931127
0.33447743252417717
0.5739948896614523
0.03509246919721458
0.5146747863583067
0.6369845070320899
0.6106269909486122
0.30633532828690896
0.30482874407214594
0.8046956671823328
0.40818613413363897
0.9040027428110972
0.15604489848212758
0.482361445574243
0.5583260133834356
0.4915079451547991
0.7219014705933877
0.6333066707747101
0.1382371170385573
0.36696917742115776
0.6534122283690622
0.32018741901124487
0.9823042284344261
0.2376871012826052
0.10869372607626883
0.3395950475770219
0.3933811567391327
0.8538287254036774
0.40197400180942977
0.3834231754040685
0.3736238488521037
0.7138799579294658
0.9132612048164043
0.33895793850568406
0.6465271290404189
0.6457927662442449
0.3068846260896184
0.8380891244191582
0.6659865164939907
0.605517276004947
0.9359009706766749
0.4603179978033358
0.5210937150552458
0.9149804834618056
0.1632492040251074
0.1987786138856123
0.24910429180605353
0.811538852316763
0.6360501215006927
0.511280430450294
0.6276386984940878
0.19271702820418032
0.7444966486513098
0.8394201492417417
0.4662434504512728
0.7493685201945359
0.19731418056900193
0.3419646508467067
0.4660016391298942
0.4873231416895935
0.4151625238244363
0.8021260423578558
0.5180542190688155
0.8715065190293453
0.4237192827478442
0.5309150102396992
0.690344163200967
0.6931747024648572
0.552312063074673
0.048162137713412496
0.4310380098935611
0.35472961830879624
0.8402862316457771
0.41348856410809165
0.5643182506459273
0.6402352040560151
0.9561467114809996
0.30763195180766534
0.7706442364795227
0.6375878379288804
0.30297484597717766
0.7843969818187595
0.2541974736996705
0.79741513922875
0.45780346512834436
0.7718164843762695
0.8423728581689097
0.12673431893401524
0.7439116090224417
0.5419291907483783
0.0533617432846583
0.3200262157854565
0.4392062547768356
0.5038952659316754
0.4883585501033707
0.7752933468945492
0.2759376322148727
0.6982526741666379
0.38223561873316636
0.6822038022491186
0.5394331674500519
0.9263420175205588
0.39687843976032283
0.6648124462952018
0.8532054389600277
0.040464431966800087
0.23278701586695996
0.6820367567331334
0.5819998880963534
0.359848973095983
0.3565874518320237
0.49773639840576267
0.6955824772265247
0.3552767271192864
0.336065110599716
0.6164336956732557
0.19538407312066214
0.6033504792611092
0.5208567041959851
0.25133955519471374
0.5773735140071474
0.3585146744708376
0.4129993096312039
0.6271036751887334
0.1738268286636443
0.24904057206544059
0.3586183911775299
0.41406196548068513
0.9542060218800577
0.42827342499035415
0.5073847626140283
0.9560325624760313
0.34262650885905793
0.7726817524518172
0.8869153827491617
0.3977563427611682
0.5770363789217643
0.5078627146732467
0.6871085531237587
0.3551517827753942
0.5801131129987995
0.688608163805293
0.7257436580410357
0.021902749579586957
0.14294625761013988
0.16273089230546664
0.40789544621886376
0.6963148936738508
0.30372657477986353
0.6548784183672414
0.4014395841167911
0.9049344216517863
0.3165192419777718
0.784821063087763
0.7895694202472263
0.2877589973195766
0.8055114581171854
0.33391023345438964
0.5656736898473957
0.5875880426422759
0.7677107611784926
0.1667824003222685
0.4064610610988686
0.8923907770462148
0.3989619569514413
0.9645714588335047
0.11337426308174105
0.3500963363154078
0.6223800317072629
0.5422923685015643
0.6356638948061204
0.6249101656866998
0.43414877417497266
0.2941299959089616
0.39891234216714183
0.6557146704166492
0.573526881487062
0.8067515727964316
0.22813935624390216
0.5221460187410307
0.6789009404985968
0.1920687528220877
0.2236648065282834
0.1555930047143826
0.5446296335479218
0.797688229667149
0.38811727482637365
0.7861568023933228
0.300056594034299
0.8436178027506447
0.5941386991961022
0.6297833543066149
0.7096334600603096
0.9334116423112289
0.22672828840901377
0.6419239897412313
0.5844125602183015
0.2737838716699874
0.30690397315804124
0.5134103165641882
0.635682949361541
0.21287647603401852
0.7008190583893646
0.7371743819923341
0.49615864577859164
0.6281877308021192
0.5142098792412143
0.5465576938711125
0.5941326522687584
0.39587413746718086
0.34062409858131415
0.23544743818045394
0.4293584105914397
0.9794588626862999
0.3221513238968607
0.11332560809025644
0.4868946905049638
0.624511401558727
0.34725274222800456
0.4545649007659107
0.5242665262366661
0.765027534873582
0.28663727738537886
0.8738842003981002
0.17274734236576533
0.47322432816278176
0.5648526254444517
0.15717475540425438
0.5639906484138368
0.7635889908644962
0.6829947841419615
0.4316489882927208
0.48881319623495495
0.8677282237040242
0.323457291874061
0.8421158106205137
0.4109926198478092
0.7466972867339685
0.7295658726462853
0.7285286775263242
0.8873265062236304
0.16334828147257902
0.6456944961052244
0.6249619649790378
0.24771095697975953
0.42468483462838985
0.5380025822227508
0.6263175894774606
0.7146532865451953
0.2187819141079477
0.6865244741127053
0.5907910613092617
0.15634468407367857
0.1966827607278244
0.12288131927253133
0.31532003585135865
0.9981736745982238
0.17800443581050857
0.11888317257599318
0.19369097973836996
0.644427637082944
0.6931027033052362
0.31609515372939595
0.5825871749138828
0.7938837417075642
0.32873857062499323
0.4827807459293514
0.45035759498634287
0.61801897051026
0.43556587488485216
0.3341953338612163
0.5271144600073476
0.8028820227349518
0.6648968663719408
0.5891691872173965
0.5571261971377199
0.016296281725118038
0.320831215255718
0.5149700916759823
0.882314577721369
0.47438543445237125
0.5592867194752612
0.16490544883767194
0.509610716804665
0.6214602495796997
0.02268216379342213
0.3667442380888044
0.4185756156142155
0.5275806842143689
0.9416416460333428
0.1398289709280211
0.23724908600680772
0.6883608446502365
0.9420867159880144
0.13202001182450981
0.26961422618312997
0.2622720145193866
0.5730108936971771
0.767580159894194
0.3355566235277212
0.8161666385075361
0.5383926470125576
0.7556996997084516
0.6291392945697246
0.7716274768593898
0.266573808844239
0.8880442975968798
0.130440707703747
0.6780588898539328
0.6667750310253003
0.27832011420975433
0.7615593860753227
0.5110718232288174
0.8370244175102084
0.7530729923910783
0.5686804243485375
0.48301492387313005
0.9675241937296677
0.0644266917163332
0.21773561551258946
0.5249181440706889
0.749593397713604
0.19963958229672302
0.8012124730110357
0.27070493349038716
0.6491963321049357
0.11837195137244597
0.3398780936185659
0.6600040914992052
0.2977839187858212
0.4120429921123896
0.38237450142469137
0.9022146027428677
0.29910447065839185
0.4685375566482185
0.7521347193605541
0.3088004272594514
0.6393416112693064
0.47163800268008244
0.42472950697269024
0.7966419279439482
0.8424805527034633
0.5377356221112803
0.7670182949192594
0.22225792631989558
0.2963828532612118
0.35872085450537444
0.706789134973099
0.7243953078365587
0.21859842265774643
0.5845179228907894
0.5517273406208872
0.2000142092257061
