0.4795479198714049
0.8258191212736101
0.36641402398875605
0.9394087291726683
0.47436239287900034
0.8181298908342759
0.5729816662999451
0.6869440204641535
0.7131552754147771
0.5142621795170371
0.39929504467365706
0.6056613347389166
0.4265409159190322
0.710010380687658
0.37309937355837025
0.49440027590404
0.5095670203152715
0.6645874197686321
0.7612734990718694
0.15388375264769752
0.12485544006102578
0.428856187542625
0.5905035834387291
0.863098110496215
0.26442393507384215
0.7565177717858891
0.5148591824996596
0.755910989449499
0.6200594227857081
0.7693606311782699
0.029158658518589106
0.35673394410206605
0.5584220648417154
0.4262582755309773
0.614609906991312
0.46043431420354963
0.5202423891445225
0.6293988088685205
0.6244308144104198
0.14971664156648057
0.2864955361094505
0.904765058298928
0.4340024818562233
0.7393770725002349
0.2742561814215127
0.44421429821494496
0.6206873242098141
0.6068382555483343
0.20503053357424542
0.12479267832740507
0.163668794599455
0.5293461831053663
0.7836779170116066
0.10421156266176577
0.34374443086104084
0.458595508039951
0.7775560247959572
0.6150836823826858
0.6834910471626293
0.22573560318727318
0.2644381820660462
0.6354965689727073
0.6445954138291192
0.5304619579560698
0.631076188208853
0.7231599235602401
0.3600465623837631
0.7749932542288177
0.2118428623719755
0.5972833184139603
0.5819194788253621
0.5656357128231099
0.7733474620793676
0.11173775159879863
0.6152861053775741
0.592173887962925
0.43867948421587943
0.30633027052193684
0.726255709141187
0.4424781115037048
0.23508710749808953
0.5721149026447478
0.6309506939090851
0.40130574270250613
0.4430043271029785
0.41599921566138
0.32393999343903546
0.6265629645795047
0.425808765555166
0.05779974925260616
0.22218454117765601
0.7501845602597608
0.5361812778048809
0.5262844987666999
0.7988744788678283
0.540224940371137
0.5922691451359484
0.28801427708395255
0.35983852319745796
0.6338309340633843
0.8128216396951065
0.3942388269715642
0.7774580746919231
0.80880643371263
0.526937290457701
0.7845195269499241
0.5159196890076213
0.5806345597291565
0.6159947138821528
0.5932076781144769
0.5777124835909089
0.40728559347548626
0.7855013398022125
0.2567478831102031
0.6094686061235919
0.9051676279403077
0.4720980701839842
0.8599946791284037
0.5291114373090481
0.6085031192173963
0.6024672469025633
0.448622496797734
0.6177680678275084
0.14358053830513715
0.761550930756415
0.8009310660512148
0.3141374726048929
0.3528608193472791
0.8872735724290699
0.29081574664977217
0.46980996908288586
0.6297368586501049
0.3456004590249826
0.36270216720587056
0.4634928068518569
0.49929146130258206
0.7301262653929899
0.58979582647977
0.951155249675629
0.43324099727949905
0.39357634942742775
0.4053706201476653
0.7022545548088578
0.5051009388331456
0.4184306625559802
0.7714085459690667
0.39097406295033593
0.5965881383117173
0.9126274362632795
0.1273790754929746
0.43991825449816113
0.5435780237734209
0.7070127726239721
0.5517798801859262
0.6189308507039629
0.5988849294682697
0.9211015167036741
0.3032338432441231
0.24747407821411602
0.31746547855239954
0.7066952017226372
0.3064627892729734
0.9687773268341324
0.25311834532070854
0.4042472321063992
0.6451371767323586
0.9395331806171903
0.5091798035525333
0.7178357480173021
0.5753010682534094
0.6116978302085756
0.8343570819703812
0.4725553160136154
0.8840029810942858
0.653569876475835
0.8347935965711666
0.1745361717986208
0.22086831466251416
0.47915807343815825
0.43153121638069936
0.45931200414779394
0.5795006027144113
0.6538805332968196
0.4839477728245557
0.8797314132153652
0.11854595619350253
0.6770091359698447
0.9184500051492652
0.1466392371906599
0.43380137733822777
0.8951200311172764
0.46879864994014697
0.8083805200335187
0.35260660388243725
0.4283068239000362
0.29758429746500437
0.6061468150938315
0.9468107853047167
0.21752045130561617
0.638493032337403
0.48759311588416643
0.7987477425504841
0.23293693391022868
0.47981149882762403
0.2646200405885408
0.8596134052739595
0.2657145102175136
0.12894120598444186
0.5065431282556307
0.6331365932614967
0.21419059485690697
0.16124969697239805
0.37647800080823235
0.6276161734335777
0.4286905538374189
0.11264621052689888
0.49802450541381327
0.7170270597344495
0.44194437877288506
0.8022238572018705
0.7529771428392398
0.6812680882276807
0.7411728305757126
0.4090289041657207
0.6516056624164506
0.38306249361017175
0.7682864335098567
0.12080301174487769
0.2948149365544434
0.24338089853608208
0.6579485097641895
0.7579332343708649
0.3596597835813884
0.5761641315361505
0.6123829548591926
0.5191209408193167
0.632570931753979
0.15306751440136301
0.08163627877479017
0.10678919091805615
0.4419252674273202
0.9966714272335817
0.37668447560098545
0.2006710412063566
0.40853926723097345
0.6613856278004115
0.6359926461790147
0.6466509685079519
0.4150240771146415
0.751315274995353
0.35402067701153234
0.6117971670779145
0.945309177268472
0.35098824348115515
0.3229852667292478
0.6073114502665667
0.314545239303389
0.6743462359212851
0.9064947678724096
0.24099909618201892
0.17312342895273225
0.4185516837332596
0.7644111284398875
0.4832244865858188
0.9162911280595862
0.05814303472147163
0.4938447980611737
0.46921169469988344
0.5909228359147232
0.1795247964727881
0.3449733058703121
0.21456684940018922
0.5537646510348793
0.22018582846201573
0.7366676782601
0.3792456104326175
0.7294307796806612
0.013150839576383157
0.40772108444650634
0.19785712872478298
0.8541101926078556
0.7380127204815556
0.7779760866422379
0.27297841939554496
0.7479570321892031
0.6533346447299995
0.8556013333321059
0.1639397414078807
0.438278063408541
0.8451780390390391
0.6011884022181146
0.9126383980051425
0.2055781888450226
0.5392029757702876
0.5791342216743377
0.18725870344462806
0.65337192926659
0.95784435515222
0.15961705235451226
0.416060186373833
0.35282926377760604
0.9146959246837908
0.18082398799188984
0.38357128473577085
0.5156045088651183
0.7528376471402205
0.3262666335083303
0.6276350464852609
0.9788784371268745
0.41266733097367825
0.4827240281453474
0.33876095029672737
0.7706577887714572
0.06689031529584803
0.23985095979170715
0.9273272883814088
0.2741270900054518
0.660991557639687
0.3828505770169535
0.6575067411696592
0.3433224672286326
0.5963548919223758
0.6299470999049082
0.5510113214223181
0.8030736517496122
0.7018153792240361
0.5601859523654473
0.9802997699075464
0.43796816070547556
0.1409915538442437
0.35184643781217195
0.5524251342113747
0.49770741278340347
0.7299030164915742
0.08874195082931524
0.5757352280019786
0.7058524697729459
0.4393036306744923
0.7029591341011034
0.8160502606637703
0.29000472481884576
0.6887597325919064
0.797218596857232
0.6561256619034622
0.6578376401838524
0.6844066955107068
0.3740361291754795
0.44210347956095286
0.28341372772643325
0.3506131145726355
0.8679710900762281
0.2869250812153541
0.1787332264040248
0.6907511565139243
0.7527962244731818
0.6755237760530215
0.9400733210863262
0.17856337613166365
0.4347496002053324
0.14762394862160524
0.504382857037481
0.9574219067060132
0.12347943259302037
0.28373048478700635
0.703845998477727
0.7418969360526323
0.3056328076829289
0.19922023379014142
0.3020098059297777
0.9843324311422375
0.3397862157843755
0.36002211708761284
0.5049177234026312
0.5206281235827649
0.49340620482416353
0.58319261882917
0.25484467071324
0.16122461986242528
0.5066608229213639
0.6413137848532529
0.3050771328812162
0.8741402204572988
0.6029311986942397
0.8390147357751979
0.5229517537723966
0.6877340452951417
0.44754412489397444
0.9283830003722879
0.23487576914914077
0.20277392019580176
0.6634306264336026
0.6796680139888207
0.7130659597364523
0.21877856120382508
0.4494651086964269
0.47130471217372194
0.9386748691914701
0.3395654686145585
0.3494724475968102
0.7325052272426417
0.18023239264917573
0.3336845101780365
0.3925218637827008
0.6790907963309105
0.2645785899880838
0.44893660416499237
0.704669820617272
0.1356655389760502
0.5218017429034747
0.5223769495442143
0.37180967802926346
0.5463286596685082
0.08767014827557985
0.20675508075404891
0.6312255924963639
0.9551308614957971
0.5031380243474889
0.61404435275306
0.7930098688131462
0.23155154232905628
0.401058998133317
0.690685533110321
0.5005303342581785
0.6103585830768694
0.5084885260816203
0.33377400901428644
0.7640389685440447
0.39249506873652784
0.26395721198310296
0.6087597692173359
0.9195690970203763
0.486673982970641
0.6038789704948393
0.891360730358929
0.20738579790625167
0.6145136047231547
0.6115801382075987
0.7454955645560994
0.5048128827951022
0.7158122852265774
0.5724927457094119
0.16252683498940862
0.6791325028997212
0.7800358040555703
0.45571632776358384
0.9219994869929508
0.1853365460279609
0.3630957946356714
0.12149689604323669
0.5326389674284477
0.7228826263583936
0.280255530978008
0.28437533188548764
0.5890220584473987
0.5729611412948334
0.9344679480742673
0.43832470589084843
0.30661079727778245
0.2677454028927697
0.5108549352121405
0.9118197368062573
0.1301308228194259
0.20292870827181728
0.6015810777780153
0.8125992528844227
0.3542109782208178
0.7472391203857298
0.028042055943172967
0.34955569865738273
0.3617113072993502
0.4019252703351876
0.6869275889989909
0.4774104783307648
0.5065508609286327
0.3526791355176061
0.5441329698651044
0.5531053637224741
0.8288227540186592
0.388497446240283
0.3116106725405312
0.7630017334239854
0.45792766447486
0.6494431937457824
0.4061510413078351
0.6924966428197555
0.8043361091471545
0.36354023349721876
0.40633640366579016
0.45407488913972754
0.32946930728791823
0.7545019575813757
0.49088145066442307
0.5226633186789961
0.6491689971258777
0.41577920507935656
0.3193123472062237
0.4996836282186241
0.33747947268804507
0.8815301003983576
0.2780035616749808
0.38379876347542474
0.7963041746083264
0.1943137985234653
0.4885718331762557
0.517446019256295
0.7745902395208462
0.22715785229494825
0.4605251046393257
0.6712809302653329
0.6166177531062613
0.8443716375076928
0.1689634313766619
0.4314109312968345
0.5458074502249773
0.7282813589269305
0.8528740202285338
0.4453527226222254
0.4512444486959246
0.4769335087916458
0.6540422661463325
0.5488393176597288
0.3279329235494626
0.8919495450880669
0.31837464970900076
0.37340704183549267
0.8829403021951823
0.37957929865108697
0.8116027375014152
0.3660569118196932
0.87270169786445
0.16952551101385335
0.5955555805722336
0.6603052774761943
0.5646681738060635
0.9366330779452567
0.47175807080074966
0.33565150678733957
0.8732185601873226
0.5614705635852129
0.7899750290917337
0.8345510126638018
0.30356581319351444
0.9712542247845224
0.3108059494762202
0.2205610011529141
0.46624823960342754
0.757673900592266
0.16647449912387274
0.33379724385876164
0.48150869778522976
0.6821539989036947
0.8497471291033298
0.7121719536395622
0.8392086333188506
0.6652999346563886
0.6791196620742697
0.7438015063970338
0.12739883995172893
0.643869798560603
0.8567211109758563
0.38744634120709315
0.42069567292830734
0.30936706213978427
0.5290865098183027
0.623126443478882
0.7814933809855052
0.31139733180484114
0.28629723389593364
0.9550013033525357
0.47198720139022277
0.28007679860060547
0.9862941707090742
0.1587763429658028
0.12735848756295925
0.24634831704274077
0.3775554549213405
0.638442735820369
0.23842908580693398
0.7749973328839743
0.7913599220277913
0.1197424779180544
0.4923124306240464
0.6744583778976594
0.13289856918153642
0.2791162790774676
0.3323050238542032
0.7931928986119876
0.14417976234199184
0.6079222426433186
0.6866885567942993
0.05065828637426328
0.28212013774726996
0.6732837051105027
0.8142708651374785
0.30349306167781226
0.8074975849885206
0.6576929549075738
0.5695315733962534
0.14452831201594746
0.43504689559470244
0.8219149802399528
0.18923513910977657
0.27364585470605673
0.46621520564362773
0.7358467848350012
0.9181410734691756
0.36929604805444166
0.4633612622361814
0.3526122119158005
0.5665750959671672
0.18779093443898845
0.6649685726829578
0.7349348787851735
0.2382231959674011
0.7412652763983603
0.40947633026844277
0.9757912095621593
0.22504568361319502
0.06414335907489767
0.18005081222799163
0.6077689666786593
0.8083950872275667
0.12314090782844832
0.3254004519457084
0.5295410365449951
0.7384371266396661
0.7597770390466041
0.31149109982404005
0.46188245291645635
0.8676749273249597
0.14933043777402588
0.6415525097176942
0.6729665089329215
0.3542740216919613
0.7857017688568899
0.6394423145015653
0.7235041570299495
0.37829245485690505
0.523184980182659
0.15762104916754133
0.4042198787318589
0.7730401593362306
0.32294825649568115
0.787664052655462
0.41522478790756745
0.4658914738083084
0.6299726589151218
0.07933108974926405
0.5781674961966088
0.6796523493609694
0.5176003997988605
0.7122481607755005
0.2871942052464892
0.27329967198721666
0.5086487948254648
0.6249850607839137
0.223692468782693
0.4358892826254607
0.894969791442839
0.26328617206753985
0.7936677792255498
0.2873002723167525
0.5338310787934875
0.6764603674346493
0.8592918955153208
0.25658713007850686
0.3044330828801316
0.6466895178007608
0.8235368524948452
0.3245560437126193
0.06716326745378176
0.46405127381180755
0.4644166040912812
0.701550890539078
0.34007660490740943
0.500895817876457
0.38114412625666416
0.6900108161545184
0.401237503555077
0.7973049869563462
0.5516608138357637
0.6738158624177099
0.8410041236368756
0.5624691093641213
0.7247424239443712
0.5890092837872326
0.3456734075554361
0.9091775163370646
0.26915377984054806
0.5580648120297175
0.9159022306661035
0.5264795057994782
0.6838711042331396
0.3803145770019441
0.37663606192978394
0.7054679084908975
0.796810991481439
0.29518322687510234
0.38025233387413016
0.5173329332270727
0.4236146695308849
0.9383242675949319
0.22343758069701408
0.12404193450697384
0.6430731134075438
0.7641102386610478
0.06068241220149813
0.46194510033405767
0.6059216981286809
0.4043242037067335
0.8814373601284928
0.37213027530283094
0.18941428545976627
0.8801338372420213
0.45997320757212573
0.5950083651368266
0.020663109877061346
0.39001660466010823
0.22072882177946915
0.7464365188071913
0.2596848357848495
0.8931270138942677
0.05474678506832883
0.41448300980895725
0.7526435360359973
0.664636463240895
0.8219344269661926
0.37269334179807473
0.8697926283913986
0.14489472601503905
0.43422899263550124
0.8086382162447375
0.06345585504390958
0.4730957533262157
0.47148280198536874
0.7019360611096552
0.3225171006891572
0.7079444503894302
0.8668939148186334
0.7064495340385912
0.7056363726742497
0.48529380888080564
0.3773162032324533
0.5185623282389272
0.2491593959111088
0.76636812642199
0.5831332244868832
0.7677673194024048
0.2600381391797727
0.2270267244637435
0.22325086602101082
0.6585032824178194
0.6191522298178254
0.17089457561819982
0.6458699001373824
0.765756307723892
0.5589827918463326
0.6718255375028459
0.43537098055608303
0.4270590007675087
0.5216020947213547
0.5542900986477497
0.9919561391818623
0.35090218392120825
0.1434078813533899
0.6323934340638052
0.9265546525282184
0.5371400605142425
0.458672393085686
0.5787240018626495
0.8678245965900332
0.6604441558268164
0.7146764436786172
0.09024230670160802
0.31978354591510977
0.9260676922148152
0.3619071546261465
0.8286196503079525
0.6934621870630711
0.3773366431884167
0.579739771046782
0.48993144882252737
0.3323578542103327
0.7093832310219867
0.46060585761822187
0.39546587495435026
0.3530371724305759
0.6007816767039925
0.34532003202889017
0.4249700625500942
0.5874807645944322
0.6432828927408274
0.4466961352216629
0.8644156437474441
0.4245729860313272
0.5969638042143606
0.3695587969970774
0.4110511575872225
0.7394707217817348
0.18755865046824144
0.04094533720943319
0.45858426503761224
0.7339593750381039
0.8735980196860702
0.22381343862503095
0.5609952753754479
0.9492978884387584
0.2842440527271121
0.1399638346097376
0.5464921989956453
0.9335935517685097
0.03162177393672042
0.2546071129429026
0.624032775478424
0.9623747831630527
0.49688106182943714
0.44379362798266087
0.7104690646176266
0.40577128827996556
0.7387390346190674
0.6751714209729253
0.7404162124844782
0.4445778123793243
0.26078169754330893
0.4591125250282281
0.8157632554249523
0.4553579614336393
0.6153206161249285
0.7266681471062425
0.2353951036559135
0.4456750077550171
0.4238382310106421
0.4779869301135002
0.4631097372258299
0.4435787778142721
0.6074499853722318
0.7981416719785634
0.8976966248986815
0.6460247000892791
0.7878258168433567
0.2674937682887615
0.41784497637414725
0.373284051410138
0.628482933301695
0.2834715606579995
0.4121421026112766
0.46218674014229316
0.7583437550267446
0.6502341721379411
0.8378166849249277
0.45470240593598976
0.6291871641439937
0.6808590462235002
0.30717085764577184
0.1462284768364415
0.1884115365087652
0.4585749173800619
0.6930348209202174
0.7562037144131718
0.4745925245684973
0.7009495598911571
0.3732256670885636
0.0775777077326542
0.5667217968525744
0.5342394314871327
0.25048198147965645
0.4805869441341108
0.4238614327720115
0.7336116621079098
0.08708270180080047
0.39215572504947005
0.7022441040225699
0.6124755233861428
0.7667232797862946
0.4086030174188475
0.5470795591262199
0.5461209155942031
0.09702671840627068
0.5233421205174056
0.6902535401743315
0.41362224645965046
0.20376013887335997
0.3948667755859779
0.7647318327312711
0.4469522133622492
0.8695692150864041
0.4009946515837576
0.5166811375643732
0.7211004128844766
0.5954808409047576
0.2516308962292173
0.43173243292289915
0.526949980219342
0.27938690446839315
0.7995919029286989
0.27752165234919357
0.17657321887502841
0.1135428421505596
0.35384228147960367
0.6805474639113531
0.20580347906344737
0.3975123880260736
0.5662235869470962
0.9072070908206651
0.10929531757893327
0.167031456275188
0.13852322721948798
0.6172250228466514
0.7101879239193453
0.23059124409427523
0.38089395825868827
0.5142299672530419
0.6046156048226858
0.499661166132472
0.8507684270200366
0.2961707891913272
0.2682107022664679
0.7125118593884339
0.7989672984711167
0.12372566043540754
0.3438823719914884
0.5234506412045465
0.6098045093403148
0.6347454171523701
0.7615372323936519
0.2194172578453719
0.4002404427004892
0.536385630378186
0.7018918169133206
0.5644448239437864
0.5805693366893853
0.38934357851973184
0.7808293321305322
0.21983039771745583
0.5386662924750893
0.14767518737789517
0.8050147605464182
0.7011610267212002
0.5579211282307138
0.6901526405624323
0.3167108104010691
0.6279514894237255
0.40959236552756306
0.33733535678603055
0.5669846904027799
0.42032229499029383
0.8344124138451101
0.506016703262707
0.3342283207989336
0.6008402400181722
0.2800711866953486
0.27314923637312005
0.3216545605086878
0.4328667965864139
0.7137513191000104
0.5782931316403892
0.8752780959261295
0.23669802862813444
0.7261010831857047
0.2769110316075052
0.7710081676870307
0.312018350938411
0.5211239669564076
0.6134744345462646
0.03971874062348606
0.3807972307748795
0.5022712467594762
0.9306488513178341
0.4276464479118415
0.6227083400766777
0.2311893812912364
0.521272303305392
0.7874765466736362
0.6406359477006414
0.9204894093584022
0.31377831216078683
0.8279511897268031
0.7252941029227662
0.9037971611739662
0.09222833340761866
0.26450821874437114
0.8742911544981173
0.3422038235435897
0.20571110637591128
0.5555448711941791
0.5861356576295517
0.44691348254297325
0.5318853968887738
0.6315904651520238
0.1683799523436458
0.2989028605709437
0.3896084646122794
0.825390374131639
0.3011960698955608
0.6305725370639329
0.3797069075532831
0.21835322280049074
0.503503642257674
0.7739063688288299
0.776399039940191
0.18276332411067872
0.5862731435382644
0.6888680151451777
0.6381072433476995
0.5330025220938461
0.5774969855064839
0.6189047682719651
0.39978678657563077
0.5558913683183107
0.13361304524330803
0.16228862834823068
0.5225927359086611
0.9439349688361978
0.13206180786210456
0.46222802838297583
0.8415774571771439
0.6329860695270668
0.9460662083940823
0.29304981730459173
0.027823428975694245
0.14105365052380495
0.6015924655838425
0.9775508695990967
0.11872583346163006
0.4896385666302019
0.5914866811035414
0.6249399674297689
0.2538427189455922
0.46885707205741617
0.7319972648271325
0.4168732129154843
0.6880452329759261
0.5229323584322232
0.4841630660889442
0.8369546897821817
0.2076816323434563
0.39603824900589213
0.48958605541619554
0.44218884816960086
0.8143924425212687
0.44048622339147814
0.3653503272582168
0.7395742025918115
0.5902393451363728
0.6446402489424173
0.8974682711709837
0.5227279356559823
0.7108136120312603
0.3688279767540749
0.7128027305489697
0.6679268498359983
0.689339379712928
0.6501027257773633
0.3008796763051387
0.5863485540282406
0.571057861094456
0.5426002063243769
0.13422131610092236
0.8089629403107539
0.8511045284508675
0.31423185249570157
0.832945365701162
0.15517642672650306
0.4770952932704891
0.6056063653588273
0.726567663165893
0.2547076380925068
0.6285444624234854
0.6723227398861316
0.19255704437428162
0.6576283364453105
0.6599527781404453
0.93805830853876
0.2492639415418584
0.2062291408328396
0.6758661150907705
0.718908098079027
0.6286378372808621
0.7964600127713796
0.1475134547640728
0.5059325779140111
0.8331227133530946
0.5051915778060553
0.9381399418091594
0.24588661452233845
0.6534327701237647
0.6417425195041822
0.4191384258301587
0.8573624681695127
0.5352451180779316
0.5414324263711988
0.21064619086791678
0.6365728198448302
0.8808052894903402
0.5486851342377612
0.863625546667222
0.3468764429017579
0.6247054267295669
0.6726456986193301
0.4388098355819989
0.8264637877980863
0.6219028693345352
0.7944152975170184
0.582118651218291
0.8424818080081279
0.1858365597605977
0.5109743997583992
0.4559052370058717
0.4879937861764377
0.5212328003795097
0.91729949860474
0.2595761750921408
0.46900075762378224
0.9365549507861881
0.2623986194119684
0.3862506506089333
0.41118897896057494
0.6928117809193277
0.22404290516985345
0.4462148048765674
0.5548942915886989
0.4927481206036083
0.827340709002637
0.3058972228100049
0.5678816298125057
0.6606177874024918
0.5741105968500351
0.7923300397670323
0.13635621623075464
0.2773761881869333
0.9395127534877077
0.5012596658253952
0.5919500759587744
0.8081481886203341
0.5654354038778979
0.8639782247369919
0.16362680158513934
0.3215416607951247
0.7707924319482906
0.604369936386937
0.5872566222279443
0.38093576345168234
0.8136896885854353
0.4194632141567991
0.5293246628881116
0.2630916364642133
0.8284069236992508
0.2160013941093411
0.4843988908475243
0.49311601601810817
0.5445306986114592
0.5449492948946234
0.7539895472382442
0.8631978563218314
0.538066807497862
0.632671721007969
0.17183647525842188
0.279577812457821
0.6308369580939432
0.7176636067606721
0.03419065383663515
0.4201457029789278
0.37468646274842166
0.562108109376032
0.15246025586313117
0.39695791461261565
0.3415119440525054
0.3020673344378827
0.7371113625900767
0.4353746244181476
0.16533864496264203
0.43649424921853586
0.6972950542436465
0.5356058654678102
0.3703815174377311
0.6898701174423361
0.22390913503863735
0.6338164993933565
0.6922865040420236
0.7916998390300434
0.1953156893801286
0.33622464602936736
0.9509896909018236
0.2005736114913814
0.18435503571454592
0.4665624286516998
0.6933504218308928
0.35213342309428675
0.4199496099551439
0.5044446579174728
0.6134878289833586
0.27323204639090837
0.20987867700006008
0.46110619441194856
0.8093380122897712
0.5895985566085449
0.7941750893515972
0.5301457539037695
0.6333806376728841
0.4354702405827515
0.36140116575296133
0.7901483827912166
0.4458223527125901
0.3812505829813878
0.6340313671645915
0.5577219487939897
0.8534740213870975
0.4547834731050348
0.652788162922498
0.05593764478748477
0.5313887707679382
0.41630122120820795
0.49432401714344415
0.7222357333398719
0.819364940766337
0.9039416032837493
0.7398589947322673
0.6549301102258774
0.1910589728689531
0.1413903672926399
0.41806748769387453
0.6387023341315405
0.436763134420155
0.6886178787009645
0.4249405421010485
0.4768770124129855
0.6113150877166807
0.1749964881523858
0.38093529986543195
0.5313308559325146
0.5206047347927711
0.8851307082770855
0.42012506721495696
0.5319100224251256
0.5054707032441826
0.7602459892058477
0.5981869708661326
0.7453102393273392
0.14881031868602246
0.7180923046059434
0.9141346685551319
0.4307462062544539
0.2970999302837385
0.3985703104579861
0.504358791780731
0.7755312841805122
0.6736318463594719
0.563190243995906
0.7117758202301677
0.6387006507817827
0.2623002671316082
0.5617261964380279
0.22580877088780965
0.44264916472984317
0.6859263834796528
0.6729608827985558
0.9811122659805268
0.3474456742133332
0.26472772693834606
0.5538198206351627
0.7408663192289117
0.3245962317937895
0.6924862774001742
0.29574340146781825
0.43334364297307487
0.8728677417480647
0.4383553593315467
0.9119188813785195
0.06023316696635919
0.3783086563191639
0.9209251984420314
0.39318715682084837
0.8309114944479781
0.6026341024756947
0.5060161071095934
0.2933155504289502
0.5847470211916078
0.4075366588781779
0.34432893494271427
0.39097614048244106
0.7016121814211365
0.24082897593555425
0.17190515956721875
0.5256795543102278
0.9858457870246398
0.12461963024242381
0.22858537859818018
0.6526612025106965
0.6880593436250947
0.8234352786914296
0.4059293587012425
0.6041456207095385
0.23879955175849973
0.44733420958762227
0.6729697291793275
0.5984713998423058
0.2941506036553919
0.31050691477274334
0.48999328057411723
0.4989477818784357
0.5937841917581771
0.4692003728249707
0.7313656433085449
0.30390249764335
0.7115510122694376
0.3261729458904543
0.36284583733908987
0.977130209063696
0.23240711441815706
0.2636425040631712
0.4545563333661423
0.8454002002457327
0.27541870466231916
0.4287346313759446
0.619847249637066
0.6434683785641769
0.11734249571206029
0.12634950680974916
0.6895562013932259
0.6775726594430922
0.3104300259952034
0.22716518697417212
0.7331859579116516
0.5948260890529151
0.8584518217007393
0.2412101169575991
0.39040071905665913
0.19573243910729377
0.6453794103904829
0.45921178320572953
0.5776766308124661
0.31228005063631753
0.47026415042755937
0.3300912959778127
0.8634375662324074
0.6780577859595064
0.7666909043374037
0.17129485995395066
0.6310616299276945
0.813137605915091
0.6779092694187456
0.9026585497136099
0.43905909824022915
0.5036276104679245
0.4611952932589678
0.5694362730122426
0.5338282763575503
0.505850577321983
0.6801195104699193
0.07338610291610274
0.13932059390446583
0.31373304870426233
0.5410490539388451
0.45346961488865317
0.9240348041919418
0.38587543523068457
0.11110496410889714
0.2206572946839064
0.6872578664385107
0.7354143579507435
0.4152973468605535
0.9164137682873289
0.15016136511927256
0.29681984911095244
0.1564982652989594
0.7667678921261096
0.49658539237416666
0.48573852762723013
0.760888968640355
0.3866396796158225
0.5145640674002337
0.6245627236980194
0.8079125063489998
0.1861162180712757
0.1950577749020237
0.3595629180969795
0.5419775278646861
0.9120206691903595
0.16093810120741622
0.2324344216961092
0.588438819860858
0.5982958003967722
0.5665107325362497
0.1806019113240576
0.46770656203982
0.785058547563211
0.10674908339590775
0.3275619354695145
0.5806001405274427
0.27625726631685743
0.20972316063988355
0.7452792568640534
0.7648177774643139
0.6089087926098389
0.6023181665297419
0.3948313972204236
0.8897764526776433
0.44349092030551845
0.5323941914397489
0.7163491185831898
0.5259440085060337
0.4297313406763884
0.4952216137583791
0.41152293192969774
0.9863033016055114
0.2908550727066048
0.13091426605982673
0.35262346930991756
0.7704675483710162
0.29108967142421466
0.3776251642153022
0.6362050736826412
0.9568858451222902
0.15327072131049232
0.32508807987788346
0.6312808236993174
0.9156477501627595
0.1920304462436843
0.3854288902036916
0.6914760994594051
0.3229224387845949
0.6840453175256944
0.26738639382011337
0.9579347326793806
0.5258212738795203
0.48831693047865965
0.6491570780206769
0.1733005965585101
0.7887030512936535
0.5200393018204366
0.4979963887110882
0.8735299050094373
0.03469474533397514
0.33933959364938143
0.5012407704636441
0.561964290707192
0.7641927793636987
0.5632336412973756
0.2527210155339454
0.3637006826554699
0.849842121313996
0.49490701574897034
0.4013921140414349
0.9249922899941234
0.3149323864609451
0.3815273623310087
0.7720505554775511
0.46056064243816164
0.28237006132611864
0.8700291045432638
0.2710925024646872
0.6923537610491519
0.42454325414800853
0.84924065403744
0.4044086984892025
0.4218728389374366
0.9690517858777069
0.44976036282252113
0.1968952691513637
0.1269527776424514
0.44058995389597727
0.6581236870470486
0.15497957598443232
0.185886667080014
0.4005849719914278
0.6197156669673125
0.5883505263739504
0.8383959927774335
0.07631812930038638
0.2950311208653589
0.3407399019258066
0.5755215916362899
0.6716861208908864
0.48476458470761574
0.39029138702108607
0.9731889877531731
0.34017553516686033
0.23549543110015844
0.3296978753651406
0.8382213237255498
0.3156804574542353
0.09213199075384432
0.15084396998426094
0.4282641564641221
0.8638734966012969
0.6827164503534007
0.8468544107335301
0.30299649973358433
0.3828479372358545
0.6645786300701084
0.11875557476371304
0.4989446640569684
0.7756813936266811
0.18988467925232494
0.7591735514107463
0.862297203773648
0.6747837498297024
0.7384995449312934
0.12096880420983908
0.6171540556733073
0.9042093395124073
0.1911187509063761
0.4769905382379087
0.9143398538804943
0.3690505080837192
0.6465404024311412
0.6314440790429728
0.7586936599207985
0.6688929506236471
0.4354955925985139
0.7113307752783844
0.3374864442731362
0.5620997300699353
0.18744980905222328
0.30568862290073473
0.9756870444178078
0.30693136140790844
0.23305768345223246
0.6862415304219933
0.9691040856171533
0.10049606616783789
0.12221215866525705
0.6018470904116078
0.881868552439291
0.2637382918422801
0.3145822142321576
0.5619763162061788
0.5479758998578006
0.36554291639922665
0.8400299231580854
0.2876302088180948
0.9281734986482825
0.35915327500716826
0.1416321816149185
0.08995113472323384
0.30980801900913485
0.7968063763036275
0.4338551833318538
0.18571386696549877
0.4918290957218314
0.6647272648267493
0.3018057262132646
0.5611131264166443
0.130956776849332
0.23241337466125067
0.3639253684049968
0.5082112726837351
0.5579094360314387
0.6056414257366469
0.3221259927998512
0.22138224116259664
0.34744355660400283
0.4108174669408288
0.5552592595293852
0.34321066573267284
0.907687245592828
0.14959616061381362
0.6174135023284868
0.8373260681551999
0.16380012147696885
0.6073986886744299
0.5248504294892756
0.626414672197848
0.2645944690544566
0.6216571235856261
0.5595409700901499
0.4579298800470475
0.6152658026091876
0.5027458154040635
0.6084197807511948
0.6651394784740068
0.5665785606001025
0.25354771150233035
0.5278573699765101
0.580203518351123
0.41082798914075636
0.26309035225008515
0.6761521522395856
0.25839287014705326
0.7639776883798817
0.2837114833621634
0.6663707635603386
0.7880982671882077
0.26285863194967546
0.6854346998619212
0.833318238057434
0.10486583897706506
0.4073164303569573
0.6612923109030161
0.41901811715588105
0.24551507571386827
0.8751390655844264
0.1887858115404025
0.7090631295560614
0.2977559236452294
0.9290179186487766
0.5231499295520197
0.700483558494188
0.6746384947852307
0.5309207983649089
0.7253910369199297
0.5476525563662602
0.7928057107603153
0.14512274983492604
0.40486755889319637
0.5590799387150915
0.8705263133228698
0.38735750925139084
0.30359661556928363
0.39349479668383847
0.5487389278583739
0.29412020264650046
0.653898673388238
0.4439171734118815
0.5877871346272598
0.3115808598682907
0.06024869947472171
0.5040750728256771
0.6589497193355152
0.5794744117643497
0.03153337201430048
0.20254958160008196
0.1749357429628911
0.7198860805837637
0.662701584532322
0.28249579228042604
0.5513065344693422
0.9279422209217444
0.09665750262314907
0.08975491312761029
0.17666212231870404
0.4432042172917008
0.7423223425740465
0.014525764189652034
0.3094301731323038
0.5735328251991887
0.5177770680161905
0.4497315239353957
0.44750809500475963
0.8992498537828091
0.34414994217329664
0.539736843386105
0.44004140862598073
0.5000454034844357
0.616907817628535
0.4349951744021627
0.8344459464465865
0.09023041867671096
0.13147999881263367
0.17668005654510402
0.6811160963275356
0.44197909060790863
0.8502851973481838
0.16982635575970156
0.42460421741546245
0.6158979659365342
0.5428524896663137
0.7144866629336121
0.3702546869235271
0.37167911911224855
0.5292760761012882
0.7886889582807475
0.5482191523659915
0.7418486590315344
0.028432929347915005
0.2738644757172514
0.2806647579430527
0.9022837882003697
0.41929321826223165
0.8351456111425076
0.08195086076077968
0.17614749605426283
0.3277415587094662
0.4333093444413719
0.5570502811624798
0.43467877626158913
0.3211958738314111
0.4697879229799864
0.8944988945507695
0.4061500787324175
0.9283579259106678
0.1807933960582681
0.17122052324389406
0.299386719347576
0.36392356733891956
0.9675469705468376
0.40304703152762833
0.23100237482612174
0.5678435097397567
0.529362152758511
0.4534731223691299
0.820624597577712
0.49464437584909754
0.8448338386007264
0.2474470233343195
0.4591519796718974
0.5101224807978546
0.793140974389311
0.4037505984169228
0.8399173949461409
0.7133971231894842
0.7665787070407645
0.26114823872780163
0.7642095166110596
0.8806533030721952
0.24666602762782458
0.5530751374178783
0.6871930129800572
0.6490916656028342
0.05023382755865395
0.15348787375088463
0.6546367834361726
0.7525364701276926
0.47883676740213654
0.6855229500962721
0.9189887234917751
0.08132463266333068
0.4351573832968406
0.8614509340271593
0.5743553640191165
0.6000134920938389
0.5102847632288044
0.4345682759871917
0.6555766242480415
0.7401398954059546
0.6017173661268923
0.786505277550418
0.44111169068179157
0.5947060419748035
0.3550384577192992
0.63621105430632
0.2485255251008913
0.5588174839619182
0.6535910145078034
0.21697137213786158
0.17300467833900898
0.7367049555805164
0.9378451824522162
0.5014899132509982
0.8013838532946118
0.49239105928598365
0.7875355822089212
0.6723195906849389
0.3190938002810022
0.5147303842764785
0.461234585495394
0.7445966616492619
0.2772833596045377
0.3524057933588107
0.5992623910066368
0.5839674953199502
0.6494432458909577
0.47259213648124676
0.5977957733027807
0.5659927941292767
0.5627065044336133
0.5230974074511772
0.7160464797530841
0.5926215226282134
0.6171217181302826
0.5439246970757935
0.6079894671616164
0.3186878533800968
0.6625838048435818
0.42879697413784473
0.21295589360540576
0.2950490200182019
0.7282317108187577
0.679592895838761
0.5645177983117347
0.8968994706351556
0.30300471130871026
0.4258860414604371
0.5308152353493139
0.746774068420653
0.5751206847026199
0.4905545604118827
0.6209708008843473
0.7100349151235442
0.7734153860098553
0.5014989156093705
0.4881002527361956
0.7613858045833165
0.3408299085598676
0.07801471625452695
0.20744277483352402
0.45600948871843694
0.6038537477853867
0.47635467287944544
0.7111051078522056
0.3194076534794382
0.7577723225576187
0.673496818502898
0.44209607995338485
0.8678811051993621
0.29167117288584155
0.6885073573402206
0.6137854154504925
0.7412352502106786
0.39116965080690824
0.7548349411445616
0.44187230850681103
0.5847018952581442
0.5008464111901656
0.5539058458673917
0.18072424086465935
0.05921916286202417
0.4777767398635837
0.48500312688108543
0.3812179726912813
0.6900289860700117
0.3241065915219855
0.4773988538849773
0.1386957415847725
0.6833306662214474
0.661692817585145
0.2261599118842545
0.6670350108376597
0.8409507146347226
0.34256020533420506
0.5880557027894051
0.43788893158147796
0.5168285123980927
0.5976451830795271
0.7434365966031049
0.08890497953781057
0.4039237151089422
0.6868180113285016
0.5747524219138077
0.23005889254797346
0.7435438785533439
0.6180776007327401
0.6686430764350652
0.3440488949254831
0.434253100811364
0.5894495220419445
0.856840259516954
0.16677183419411948
0.12503327576798987
0.14067167716956988
0.39193208771841037
0.7587845669566934
0.270106208331697
0.37241665015238856
0.6449831390973761
0.6688876506671295
0.8092906556086903
0.5487692905788646
0.4134256230412603
0.9904772962008759
0.36280276929275707
0.18124286404381176
0.2768655991450935
0.7542369537446952
0.5572160154672008
0.6903582011318232
0.46137463963266884
0.18908936219853342
0.6403396009295533
0.38609221147449513
0.9931168204088743
0.031644012271405314
0.4809354187007527
0.5495626208212546
0.4441781003495135
0.9056402277489535
0.3815703779363798
0.7312310462149295
0.10132423590540365
0.4920112108223713
0.6932750570479397
0.35628409865587307
0.26854016661401175
0.22078630240630048
0.5571039421277616
0.6204937418277965
0.5966952202074833
0.8623168315759306
0.22714324468305086
0.581564660391452
0.6680625518275206
0.9298105800821916
0.28524350595467657
0.5186255253104539
0.9452675704136952
0.3089614747234
0.07330469733411005
0.5203762763090989
0.6211198801055101
0.6450035138762054
0.07773458971145283
0.455066359821466
0.10623849181602926
0.5098637058124023
0.5659934323235386
0.41209956473408355
0.542746540398813
0.6048548047122706
0.36001786880291187
0.49482463208042216
0.7033074244682841
0.06832758770775234
0.5935912673958977
0.8964515270664541
0.23167841917684334
0.48321291352102935
0.7125588938632803
0.487368661502567
0.5723884197544944
0.613857650725995
0.22219750688785983
0.13953275658980618
0.6400511424321194
0.6119611693057999
0.22816667945561722
0.3975169331414374
0.2619079842390008
0.6796760036459604
0.3141708541277541
0.7009506343061188
0.3084908605170184
0.28962805425217536
0.3039666017409619
0.7189346981509879
0.7275707429611076
0.0885727954984338
0.26162212253111305
0.33948334659756624
0.40906753790698874
0.5880060219340698
0.11932182553821233
0.5282681004896042
0.9527193658445143
0.15327706070313923
0.6075456237165648
0.5922910598351351
0.4160168579628194
0.18403880572538409
0.255623867851999
0.7281624557550498
0.1581611425286561
0.30933563239725215
0.3696911908030296
0.7003467691023334
0.45694758110694095
0.4733029464801929
0.8980645671137283
0.327011766634359
0.67942928832982
0.09461272074833119
0.34424427392944634
0.565429056522887
0.03609654891188221
0.47074075217977757
0.7019193377083321
0.8420937829131732
0.4392738226698031
0.7954750069049054
0.3727432852839749
0.09978980107458706
0.498851194126275
0.779667694092576
0.6068512212013838
0.18726509694459348
0.5424039933479784
0.6451974832010238
0.04406531454825208
0.5134405831643692
0.6937894204012214
0.6439201582855821
0.1255866730811953
0.4434615804484228
0.8003243742834097
0.2961669078537986
0.565253787888837
0.16095689091524767
0.7451583208083767
0.503897123107024
0.7534441225396977
0.29909786704806757
0.9192771824739481
0.18242351889996905
0.10873266021353442
0.5258802703690421
0.7889022643513058
0.43174149463223505
0.19976440333616893
0.5852738611120807
0.5696354068329524
0.39720444772290886
0.8071852414454689
0.6918920932115794
0.6799843247781762
0.5487105560065019
0.8603610054688746
0.514177388333396
0.5606548712413091
0.4062030903182602
0.7458003821544592
0.5536263141382883
0.7944547562947597
0.6046542066942768
0.21722938281570278
0.6090192876727333
0.3770467095113579
0.7713712748191288
0.8161496236549317
0.7578215511247504
0.6398079260273637
0.8352454317830071
0.3785729304984832
0.6614998840220124
0.09123690602496023
0.36691617772814333
0.6791370950229758
0.5660422320859584
0.5479961870483107
0.40604148081346414
0.3599119582696724
0.9026618074049761
0.26235340880240476
0.5606676513815294
0.6537533123465545
0.4431170314533407
0.4158992956788758
0.44416142331597375
0.8018407797894676
0.5059067866837408
0.23227003567618162
0.6114237389458859
0.5285525497849392
0.5900525384478936
0.340727528149645
0.5303238942078051
0.7268214600451459
0.657172522221641
0.6467604679883081
0.6475185764133439
0.15230263240168118
0.5628056868219906
0.8148472534654148
0.3374305914191157
0.823014014940438
0.14670269258160876
0.3902241929093855
0.6489335437002148
0.5592847966637143
0.26725236728644963
0.48715241723841096
0.47585394357324345
0.8269320646575038
0.36958188614349724
0.4153837115966993
0.7537715042678518
0.596678202998106
0.5843708727026533
0.4517996819133165
0.08188540558110516
0.383361173111807
0.5356380773327366
0.5684180559770401
0.26129091052610354
0.7777442972128915
0.6328446686781478
0.14133286722343158
0.5466123688723576
0.622564457057045
0.1908394891526181
0.31635153370946023
0.9659765956273743
0.2957412046256604
0.21844124594867156
0.4133808618678036
0.8031627127918952
0.7595462727957057
0.880585242549375
0.33907701578422994
0.7772010012851535
0.21882075959290076
0.25784085308805293
0.5098823314812998
0.5040404795508695
0.6670084772292748
0.5614461022651407
0.7250012364848311
0.7466127712852266
0.4012281648854925
0.6261520527023107
0.18849456853603935
0.10580415134397145
0.350692876346133
0.4985630348608713
0.6339915933130964
0.14073080264652255
0.1819761785715033
0.237363203135198
0.7233031888122861
0.5918873997405765
0.7595220987692783
0.3521079122413639
0.4343884825803632
0.8413238298765062
0.8289663516351902
0.8943643001128774
0.5177981433651377
0.6460574051132402
0.09219275218550402
0.47156113649061254
0.343852281648511
0.7129025919327456
0.5299938718400042
0.8216722075281717
0.5668477602844582
0.6870132272563281
0.30001162707018014
0.32092932567560606
0.6238451283844937
0.5569526092494522
0.48166284473254445
0.5430031315669901
0.896675182716119
0.0686607126847609
0.44890392292758674
0.34844162288278235
0.4186100569611506
0.8862355851183675
0.15016757292674235
0.3702653694658267
0.22503142522503783
0.6758484168540397
0.7134477488017291
0.3404283154066557
0.7944339856568263
0.013683771492573198
0.29663934641302125
0.33617302612127925
0.5197383601276527
0.30729141630153817
0.9876119256190754
0.2308626465426981
0.4039926753385159
0.7002651638548314
0.6270457822571156
0.6418203651082117
0.6305031022960388
0.9028451639418565
0.03592696153585587
0.31076246202128927
0.46239194155286345
0.721447056700173
0.8173502133106038
0.3070116682778369
0.7517596877780661
0.5635830233188398
0.8910939215476948
0.292519040860864
0.9125907908623533
0.11319053959966635
0.21359524718246264
0.6176851649296713
0.6642347206874237
0.38833434858212534
0.11557255372197978
0.4031487576788815
0.2888824250406598
0.5722161020667825
0.19812433776054722
0.432467791872777
0.2144907798717247
0.7011971135355699
0.4504922604773719
0.6380166769775664
0.15695907837214806
0.8210207246122846
0.6735201669706568
0.4968756847542879
0.47774373788386276
0.8245618468641636
0.3776594611538774
0.06667821095302674
0.5149294772408171
0.532622963915444
0.7079616813734109
0.4496341330029636
0.7860901493713738
0.5221308574783323
0.9589768563798089
0.09854009308775172
0.20816538384432007
0.41921889455973
0.8784370559204633
0.0943747229543202
0.3039632013017977
0.687361067190096
0.3088750981810427
0.42745264975498115
0.5596755570101125
0.7414079659053301
0.5604882403522005
0.7259749251633753
0.5540768310654534
0.3313538190602139
0.5296298637077419
0.611674181595125
0.11894763955078207
0.3479658470326833
0.7666135334520123
0.29535000236145564
0.65066886895139
0.6470795248224798
0.24253795241289494
0.5974127692565546
0.8369813488170164
0.4289571779646964
0.4303578880381304
0.4283129003488362
0.45407353904354586
0.8063036137985535
0.5661586941408825
0.42017449392829476
0.9040183498364175
0.5793402708600907
0.8662810148028655
0.48738373109516203
0.6584460353721386
0.2132034163996286
0.44102624604323176
0.8305699158695217
0.4681004511331247
0.573666724371882
0.24086371987361263
0.609768203852915
0.4412634429877045
0.4919919650229177
0.6780974754653428
0.20171742646236737
0.5259161831951621
0.703376038017222
0.3688737743156915
0.5552608853351468
0.23010210791724764
0.524145174535135
0.4201211721208257
0.8415802858220405
0.28828913826504127
0.8448453672844634
0.17871857279593595
0.654061476988457
0.7617480733122157
0.02521283878682843
0.22683112018647858
0.1404498259689543
0.4212937401626804
0.9191142204961478
0.6577938267973066
0.9119669834108618
0.3989851294457958
0.05667930185183496
0.219881013462496
0.6519229653978731
0.9595144011118146
0.445888784524191
0.4154199360314401
0.9080492030745423
0.4003933903782726
0.6140398763683081
0.4846482715520358
0.5173388646201015
0.517046200252069
0.29019905493341297
0.5193637261122115
0.8336516677354979
0.6600684005792329
0.7373932246658743
0.8321944965280219
0.42374103558462195
0.6316762038820725
0.7525217095490504
0.532881022479126
0.5399243181015874
0.6607063904083104
0.44920236021648874
0.8123435534036567
0.3657355280766881
0.6962293994656995
0.5344771835231901
0.9097763897954732
0.48679558367930637
0.869790107814044
0.35481854533566043
0.6184453256514699
0.9216477884561485
0.19045984113881742
0.10191610894216399
0.35790825161131834
0.8068584661660828
0.4234944103647199
0.4274962942882328
0.4032908130187564
0.5644195926783581
0.6059799231358323
0.4772709440758379
0.4187741314301717
0.8534682060420289
0.35393050767608725
0.40289980655766916
0.11364309719973645
0.6614901842945147
0.7615712076697637
0.27573958070956067
0.3179870790614034
0.34152623027777673
0.7432571095442104
0.3473315040212385
0.4596471374744291
0.6504276448936874
0.3086502333872699
0.7412005662387695
0.8352203560406924
0.7430755977727714
0.8033373866778839
0.45179820750704514
0.6628324876117457
0.36412866943538424
0.46755205929885246
0.8146257111488913
0.7148066361104529
0.3010374821284579
0.7465415621261721
0.34165285948998625
0.27798814966767027
0.1348986446546688
0.7015961113588096
0.5651772095523487
0.4644653647028994
0.5955174042149443
0.7707427555864219
0.19086042866833597
0.571625702162242
0.42848535666342025
0.708801166997133
0.6051942555716219
0.6763657570343058
0.6635905645355518
0.7858248573516377
0.13799124207438318
0.6279858241888557
0.5736770129533337
0.1760634269881029
0.0889063656122797
0.7148872985103668
0.6277875755209317
0.21374220906625158
0.2769153070324498
0.5014925165746436
0.7748001290029329
0.5593760406985261
0.24905164512223288
0.48881577667014064
0.5763434651286403
0.35929454970637564
0.34211984220481795
0.7229953799683768
0.3936950676013774
0.43882807664294604
0.8217656247161371
0.3764590271725794
0.5090276092067461
0.1689920811646877
0.7996096020151056
0.7457718772947783
0.6307748191357574
0.3437050356342997
0.5923258298736342
0.6132484699657956
0.21737699134227878
0.32964665815886873
0.5925884812964509
0.3163312490605798
0.4315215395223553
0.8319128931759396
0.47893314852311575
0.7106432356815755
0.45411529779411886
0.76469091893185
0.8260845581488566
0.7521103325349652
0.6539297173413524
0.6690178455407979
0.6419530250816521
0.5902268661886776
0.27758515783202176
0.5385299345146589
0.6718902785448022
0.617128554068003
0.4704489314887167
0.7841909921956021
0.7307937496193754
0.574872927724583
0.29397577820529064
0.6092742178835001
0.31891517234570244
0.26573617346348466
0.3944678699119858
0.4599248394523462
0.8845857750492676
0.20914909768594642
0.5332104030979242
0.6688822936366888
0.3553687180147407
0.9596098295190155
0.3001718049679284
0.4449383921652767
0.6087195222341727
0.23520827641152708
0.22622329700952148
0.43926015393907125
0.7343173730550356
0.5417488733119349
0.3906474895081646
0.39072766786350843
0.766797840029102
0.11678297662532826
0.4467401850763462
0.3001159060562541
0.8938036635233472
0.19126616774533253
0.7207870302238061
0.7783625583877785
0.6904053750992647
0.6313008984161295
0.21012713721184262
0.48153389727472806
0.38150817140323107
0.6982558306152951
0.5259636280079546
0.43430048235012986
0.8018741523089291
0.26563906326702136
0.19757497580726663
0.6458289668890027
0.5985417875893061
0.4715039260565971
0.28814509694681867
0.5537760054787811
0.5154227623385271
0.49801092788391876
0.5118836881114659
0.6900720709418979
0.40133980879415365
0.6125785443411236
0.6123430704844689
0.5941558626048751
0.266480791356216
0.2500155565400816
0.3557392584211798
0.5611800602098208
0.6784704819739302
0.7012411322172268
0.4089269533185405
0.5379442935831521
0.6394703796222151
0.7984013157551011
0.23089593930437619
0.5341009944899127
0.7848145712119001
0.3448740097168983
0.05354247343587222
0.3443342716875004
0.44122620497264375
0.7109701841341081
0.33600018829004435
0.5799923301765258
0.2044729597704855
0.0998399178603308
0.3877322633749041
0.56774959844158
0.460292024390469
0.41546058244454187
0.9373786436688507
0.26323013133039425
0.1600679064339443
0.7295547190658334
0.7172996582668167
0.40745183216819214
0.6071049060020545
0.1979112150512483
0.34848520138032985
0.6026283869947654
0.9734147328625168
0.37805958917515003
0.4364785844372171
0.6909884263831224
0.3421283626291035
0.655353871977082
0.3072710504567014
0.6348094134106921
0.5487188068134432
0.5127093015184176
0.841656402516226
0.19651779523009574
0.6203509394479401
0.6294003372996473
0.9853080825513223
0.2807386079975714
0.2958715537183316
0.7207391285827927
0.6830853925011361
0.30608953553036505
0.3245701319959698
0.8258751687875909
0.33045704541056037
0.33653558783208454
0.8769177909973809
0.25045152600303233
0.4129070623792831
0.18065414364203417
0.7886147652768942
0.883295355246748
0.37865688344483467
0.6123411925924942
0.5714044174160104
0.449356468914534
0.5899389611617788
0.3968884374021979
0.9725632512475619
0.4186238252429701
0.23664059303643312
0.287477691376938
0.3181381405069754
0.6414323891140883
0.02583697868897832
0.28300277124616807
0.18734464146558483
0.5676756103964509
0.7610111038456319
0.5139480697872575
0.6758523850543569
0.8885648650538696
0.4559176702869384
0.7311522483386921
0.2887799884109531
0.8592650186205243
0.3538140058200474
0.3525454900863769
0.755178341223579
0.7324404470481791
0.5010303768271502
0.5186733238708902
0.4899803742757839
0.8208593324964089
0.3548077192991637
0.2814653628495781
0.6065991190082761
0.18852135404050327
0.3647374459204631
0.23669589159687565
0.5345432113632198
0.9342674312689114
0.45781484945890205
0.3228729570444449
0.8242491802279939
0.7790341168634847
0.4925012672358964
0.38550325465845625
0.642512981393267
0.6161111621331709
0.5444986972447338
0.12369656439949411
0.2824219803065462
0.7247047374864717
0.3361186682021034
0.22918356978477822
0.4174179020530515
0.9706014572037455
0.27130411872486015
0.5186278775820247
0.5549278150513322
0.30327310653429457
0.09760864004436395
0.19437606801059423
0.5222657081984208
0.5915081457351393
0.6034930742084456
0.33526025035807444
0.45024871948618467
0.7209830680826825
0.08356340744217607
0.34725422675979195
0.5505149438246961
0.2625121186519234
0.38736772722896234
0.4832742866926264
0.45638618394496333
0.7555310439960659
0.1133131159684173
0.3032440796214992
0.44936946918510046
0.9694223778213812
0.12061132458087971
0.3622090987809152
0.8964671023332593
0.2525419898701265
0.3348014807700673
0.41316234628512116
0.5773139942863177
0.545245009136717
0.6599302840443754
0.24360343311819252
0.5672838555626465
0.5346765521863757
0.9524908878590594
0.5739010958823916
0.5623321808635068
0.768879838122674
0.7467405724927432
0.3664074757514694
0.7352682861818967
0.13037668664083446
0.4263958052204641
0.23987742748138519
0.4492177515300695
0.8498287340154231
0.2131674192844154
0.5162099528253559
0.4787762276433995
0.8476660086533969
0.2644415315282921
0.7561407492810746
0.47088932559999297
0.807678188349686
0.492422733647603
0.37196393319671345
0.7096647353668072
0.2979012800399442
0.49549277806466785
0.5744523355575083
0.4358683330416687
0.9188849042164895
0.2932419462925241
0.5748179683988399
0.5719993778976045
0.5265619306892748
0.3535037560186961
0.5715592065334768
0.27295706398433595
0.9381649946051454
0.09763548913945347
0.41478514473396194
0.21039277123529568
0.6442035381956226
0.5708144975467349
0.6348927310632715
0.5863374510005562
0.6890554539508774
0.41345639221300484
0.6183660189105231
0.18998016213474356
0.7211927794577918
0.6419491103328296
0.5957662754120205
0.5208502918957407
0.5618420827314907
0.9414250300672269
0.20732664924934238
0.3966598646042622
0.5743068034394414
0.6688824793592243
0.6768761274448589
0.6258081990838645
0.4371241464647845
0.521331901169796
0.7980577531164983
0.40203372013449884
0.6092943237764274
0.49379148228281833
0.5835658236149359
0.6994697651515305
0.43393506816421085
0.7624186652468562
0.057163897305968624
0.5051717569719575
0.648576026817767
0.7635474510888632
0.3807163695051795
0.40097470953072756
0.6307801960205034
0.3821079101847158
0.26270091843915194
0.46331273421590546
0.650793183653524
0.6110997614329028
0.29384940918574654
0.11993227894532295
0.3843739056724654
0.7158453244779635
0.41161465542001296
0.5520397259490745
0.3737821129559533
0.6366903854129942
0.6886795355266478
0.7074257708502099
0.3346722716080276
0.6752425001125718
0.5781698828106406
0.7028681628249165
0.531763693471061
0.7554839738007468
0.45959331910686935
0.8335750765924546
0.3557141694144692
0.7836543663083559
0.4045426987948847
0.5845245115858859
0.19550019613466205
0.46393454704198056
0.44239624853892
0.9934238401087584
0.15945237763210637
0.36845659707421313
0.20355735215556753
0.41670769689293075
0.9220657297378609
0.4049214734315426
0.4229241449934359
0.7732198103680797
0.4163195835954099
0.0680440394843416
0.5474247930552517
0.4328339150048955
0.5794814171330178
0.6408475018440205
0.7160990273009691
0.42327909645942924
0.709442075286215
0.4863608772110481
0.5988242632436378
0.8285776806335066
0.2947640141345083
0.0413501231290863
0.35692422237670113
0.43679587498711975
0.5440401326809304
0.47217499367112464
0.500141026234497
0.7399263995687263
0.197145978791098
0.7595961391410279
0.8042689592767409
0.4954192417736756
0.4821842261718806
0.8252158154006859
0.3151053658306958
0.5415957512391297
0.8543829036869041
0.6446704062173144
0.7737444966485895
0.6561859420985705
0.9137565117468162
0.43531751798880824
0.18024716217626321
0.5105373632194329
0.5578746634329391
0.593372563600318
0.21733478546061571
0.512493543974657
0.7998031280884403
0.16522931478572528
0.4491202570406274
0.5425487977389826
0.6458739519034371
0.7114032324280855
0.5149210213465933
0.83454915353499
0.36865555187764887
0.8825361549111934
0.3089135432438619
0.6003853763209066
0.34422402159890003
0.05963855510608003
0.23838745411608053
0.3423116345694967
0.5954659751493809
0.20922586918686673
0.12796117960175296
0.7033878139194559
0.7746856728591718
0.3652352752854666
0.61722311881995
0.5628361080708424
0.5440375502786927
0.47437365708262363
0.6221096165742597
0.7756953892563699
0.3130363447347901
0.5730328318173721
0.5963124510042687
0.18503269918737897
0.2578034652017536
0.4897633158897519
0.7858249896759687
0.20148841094911887
0.12835892229397472
0.48909306369354033
0.7678657940406237
0.35327463214478205
0.5496258912525918
0.8095071621048545
0.31796966475070076
0.10136295112451274
0.1851808878047716
0.7807021168342682
0.4946926242526639
0.662366888945022
0.4730807865812372
0.6805992436141486
0.49749877536270215
0.5944535376539815
0.10725640176051071
0.13908591622876126
0.2228390213446294
0.36606493267981083
0.924499251546249
0.4887070961113064
0.6738916483105699
0.7468360753768417
0.13216552121296854
0.2876962401671831
0.4557402791413253
0.39702578654243437
0.6698955283574262
0.13913348547755128
0.3883985851400929
0.8359421451737314
0.19087869655070835
0.5610940950211185
0.6099091210401474
0.6285783445223387
0.8777211198905133
0.06590295022648915
0.44879425574395415
0.3933097011982726
0.6993176572726946
0.250261720989674
0.15094372701730058
0.3514471554283597
0.5638422202061365
0.27961474090661714
0.5387405209255229
0.45741016016482144
0.34747184468718023
0.7039104240875883
0.28495689496146864
0.15236617305783554
0.5417773987194849
0.5913973333284931
0.6105739873617271
0.7417050727673773
0.582791964638239
0.7451017626060616
0.48161514828826774
0.4843140237161355
0.7049363233786079
0.21009104998261258
0.8014046752669113
0.6172955135929872
0.8278890379154631
0.2533797751796345
0.49257578984854933
0.3322412279089743
0.9778866231075156
0.19431835342907203
0.3332446346653407
0.36829816198617604
0.6239796006918061
0.445270992343463
0.9327042555173053
0.24870404168436633
0.7447494371537311
0.8039310164438683
0.4680105374130566
0.7223947617655813
0.33558859642162625
0.5939345222027909
0.32688009656509825
0.47970534122283315
0.6128795048925062
0.9251763111257952
0.4703148600650895
0.3911119198456044
0.7513543500560047
0.28991114756636704
0.690538757277785
0.03550905532612493
0.36996745492267674
0.3226848729923485
0.8505707466328354
0.27246924468198563
0.07235420354883679
0.17831628736929228
0.5474804720589869
0.9335150090543535
0.10716370972987663
0.0754329961435814
0.43189862429343495
0.5185761824266185
0.7601684181128983
0.6786144068139721
0.3958020252228588
0.72850345557746
0.5213872764277905
0.6694716394363514
0.3068820356276218
0.8571690104975067
0.37223925736298713
0.6454824103648249
0.8610079369698047
0.7980725515383897
0.7198555825717783
0.44009505232092067
0.6777809363012756
0.1829758227172073
0.38101129468931993
0.41692531464114996
0.7276928419329503
0.7458663924998519
0.1726430786174264
0.3520193665111031
0.14085720145043867
0.34060438354363043
0.7953622046228618
0.23087034930251435
0.2601194906023896
0.9071438438756345
0.3390559872378699
0.5449323908794743
0.8178548923595153
0.3778770083216534
0.745074460814776
0.5363094645029696
0.4481852813035327
0.9368109533041156
0.4571969815352782
0.49923294966274345
0.7583587986699571
0.6108121144291808
0.5789990429188937
0.41031669846065955
0.8232491717844184
0.26675168243943154
0.39437394893365574
0.573330260903105
0.2867168896348318
0.17979482419545786
0.4381326777649802
0.8967020665628731
0.4431000785686562
0.931122626757552
0.32334905723219387
0.5994984125187575
0.15610943574377828
0.2407978363663873
0.9323254235631393
0.1085458246338522
0.5016739212774735
0.8090087684500518
0.22198537982554634
0.6521029457201277
0.7331731187365571
0.45495556548234534
0.3921850147770628
0.48264295417214403
0.41546718399551064
0.6786701987588546
0.25521655223315093
0.33462699859331063
0.297693118478144
0.7481142012399509
0.8254719500506249
0.2637211798608338
0.7376828756035456
0.4112630065707661
0.5407376326896444
0.6325444610451865
0.8280376595057297
0.2767621042980729
0.2815687757023893
0.29571731812324625
0.7137015937853491
0.807257833059798
0.2932834416612771
0.3152392065651461
0.17532212840607375
0.6841464334954612
0.39355452839613136
0.7875965828117306
0.06266951505237092
0.45561209417431553
0.27511694409546195
0.6127490992685405
