0.5512688507048777
0.6737454813142962
0.7748869428400197
0.7121605405713716
0.7646303037704931
0.20537661673201585
0.6488924991571965
0.9643521877175919
0.3458523319163883
0.392501444694113
0.5303567043986586
0.4735235764978594
0.29909899156483427
0.878386351463713
0.36795433418069146
0.3891649163883977
0.2958089177447938
0.6095818289123298
0.07831868304053177
0.2542299089956398
0.8868751932143596
0.06650061249645295
0.47297602503471586
0.5639689953299214
0.582667556699057
0.9729304914845637
0.5027136494229952
0.22271109678356424
0.29005815707819577
0.66068332627849
0.3221489872835582
0.30853465130156327
0.6535805811761101
0.696784573524972
0.9621030664850696
0.6317248590844884
0.826479929626245
0.4404283627577743
0.4763884382650607
0.7821353982063208
0.7945119058413572
0.16229240710531706
0.6035708277013015
0.2675385980178556
0.5589299327386927
0.5892005244297962
0.7166980200369166
0.6843457695186409
0.48147445333026156
0.8044639068673594
0.17241771099219316
0.47871990858109803
0.8576598271529057
0.09531159013661439
0.5362490116244975
0.23918052644439247
0.4611569465532601
0.5664279249441533
0.29536361596595473
0.8006376861823039
0.09295042417569466
0.2103712394922219
0.5427549374097504
0.557497453660553
0.38288515106166904
0.7211302307553193
0.6752541986015783
0.6084492032777855
0.5473256292038652
0.24736494732331185
0.21968641160784116
0.8162637926599503
0.12573668699137192
0.6229369811687545
0.45241844525723396
0.9052744037291591
0.32374908900278326
0.7336373564178178
0.5229860967473807
0.31200358632290487
0.5301382698129353
0.42958797148968886
0.8637538279770431
0.4708224295409753
0.4438191983873529
0.41384059869376266
0.7525255131213411
0.15912750957786173
0.4703459905256385
0.4187297052514052
0.5139743368306241
0.7636986812790534
0.7338194415316972
0.582787925225074
0.8526006724929152
0.6521555356064542
0.6081223093810334
0.628597802820498
0.5697065459895767
0.4363182054274805
0.43876533905511067
0.6746308037470194
0.2880902651590361
0.5840034180214839
0.20836215293553456
0.691779473397899
0.3743202831350008
0.5959893264383312
0.3127652379477258
0.8888973512432297
0.17557051522077458
0.16305227326167465
0.6077648057255115
0.7107765446527072
0.9153177011184317
0.36879295460023903
0.5125732955967459
0.35668993265107896
0.590077824756422
0.11575248047079871
0.6782385204324074
0.9229795058007659
0.24845490930801956
0.3303851683443477
0.8337678093934684
0.6777395655799763
0.7551203670202445
0.435591107165987
0.42006912069907726
0.4012724188762836
0.4548488327072304
0.7696038349289768
0.8852266535102224
0.17621302997480975
0.2477167955364753
0.6595051077627392
0.5144782363819351
0.571376960618441
0.3286885571706098
0.7852885350326952
0.343841934252407
0.36565752615007974
0.14967371625402182
0.42304551338941115
0.7213553951290841
0.2945682156956333
0.24666966750363514
0.46639597956651324
0.8821110418007867
0.6103274352636247
0.8973452209229685
0.4363506228480596
0.6114484413440986
0.4702153331204278
0.1715358525498894
0.12216954265173674
0.5731035593215891
0.8882607116099603
0.4009588062970678
0.728168486276678
0.8731478374312929
0.49513681142490373
0.7453455177974271
0.5697558358767666
0.4122317307125082
0.7074726977273917
0.9599338907411371
0.337888064055935
0.842147511790535
0.5753307313653637
0.592860160253781
0.9390935697926321
0.149603051227071
0.8805546936491386
0.6752656691681578
0.7173714477031776
0.10478388834183845
0.20056569301360003
0.4402238451592686
0.40000968642180734
0.5231293080923864
0.052242955439097065
0.5716425785366827
0.5056062419460533
0.5598083348013788
0.29412571539350885
0.11428370557780579
0.35138870252945154
0.5547446048477148
0.5083386873052053
0.16712256236218545
0.14722174734939197
0.6912082082763635
0.4975771035245329
0.5206039927694027
0.6763178810540151
0.7760514601766073
0.24506724095194687
0.471216293809388
0.8370801143758607
0.3629385882612133
0.46047245015321253
0.5364031611151125
0.31123261089127086
0.17754571206104408
0.4737412779075316
0.5830545213971448
0.5377064791093844
0.8786024485786139
0.10285355909660926
0.8220560279774873
0.5039445554580777
0.12819875558536428
0.5019063921641471
0.7811271071063708
0.6577151429799731
0.36881380795616386
0.4857671272875458
0.7147442287834831
0.6815948413666728
0.2586215969841022
0.5672109135481314
0.5498597727045915
0.4234710216188816
0.16291761421635842
0.3643209698904276
0.46639476892904486
0.5696726683461727
0.7115818847394755
0.5197890109229287
0.47298180748526536
0.07754785382124867
0.5302730653748872
0.7454371038380077
0.9725721023628188
0.12890252462451454
0.4229746290225743
0.5919235245983377
0.3093371590370559
0.46504426065176985
0.8553173005344988
0.42471686386211993
0.45329572625380327
0.31590808756888156
0.1640277502808235
0.6243791403280463
0.38384141985043124
0.7954056699379042
0.49717244321423126
0.3653050891017415
0.2828338605150623
0.5840270896296003
0.5617875076489607
0.49641013950960994
0.4579873857256709
0.7571484919293747
0.41859807942714344
0.16937743735685126
0.9334851528633552
0.42741263258841095
0.6307305206624332
0.5027935601859229
0.1435431366687925
0.4360810933691997
0.4585827966479235
0.8329475861146378
0.5068160211050069
0.3368174444382556
0.871295121514347
0.13838919457454163
0.3063433386070227
0.6654744978810464
0.9415352192231765
0.10734521590171843
0.558845022408955
0.7205833169319265
0.9408795893804884
0.3252261210035174
0.7064374902334416
0.6005294541978681
0.32008953047608246
0.7283366026422798
0.5649598457319965
0.11539853586878329
0.4742929765340484
0.48892586684101524
0.7844832816014843
0.4861959225076943
0.5514801584872651
0.9208817956303831
0.4943071344753385
0.4985126173015389
0.40586950713174896
0.6412614298479261
0.7105941325013578
0.30253787959197664
0.21615473776450445
0.5167489130083672
0.5728130786949823
0.8014586165052001
0.6489257897994911
0.5608146470909419
0.13275826237443134
0.2879558339800352
0.22784814398087022
0.6995894733231679
0.28456064864704367
0.786970063975651
0.33217695936583114
0.4240978071948343
0.8495666610107755
0.41038154632891244
0.8548553245865984
0.5465667576320579
0.20399359780121903
0.6048989521415616
0.799095459921181
0.23896643500823425
0.9454540332760971
0.4167266219622378
0.28678693554896706
0.2426336586074129
0.877920084228942
0.44342160163256084
0.6173820931617517
0.5749683264015323
0.27292492775183713
0.49585114112592876
0.21353526067579168
0.4425019180390063
0.2113956755388099
0.5152805333340161
0.3193716435876297
0.6565411711440916
0.28608193049991587
0.5132158555317979
0.6977150208005221
0.549150868787766
0.5607798761665219
0.5169678175868724
0.5621540610783949
0.30602786616983085
0.5109227396094412
0.5462337918871991
0.6990715002603216
0.11699679268596508
0.38042544377953313
0.6756502800870434
0.4771729816140956
0.7112267928667396
0.48994862187277854
0.6348788481130933
0.6430416012347706
0.8231909135899864
0.741787063863737
0.217563808722131
0.8115186815682673
0.5347810088103384
0.43465206719832883
0.3354001077246368
0.8270840824654123
0.3158022986986366
0.5919212185061153
0.7353313243303998
0.5808792223970557
0.33354846780824976
0.9856530689662936
0.17341438277324603
0.3583980321685562
0.542550403977165
0.5585649422459605
0.2858759229347626
0.45864434346057276
0.4351195830413074
0.22109663413777783
0.21713930632214323
0.6378267844518268
0.7401002200459601
0.4926485522637568
0.6085072288703725
0.4363454825733306
0.6317755212560499
0.5293523739394682
0.3595023270328226
0.6195036512800022
0.7593410531040823
0.7828008402164734
0.683147125879602
0.3982977787308654
0.6811109407468452
0.5985325698849238
0.8497290888981169
0.6664492417534622
0.6941085094893256
0.7689737061248257
0.7515881948352787
0.47004567243395623
0.6596410155861036
0.7244269345626789
0.2947059514946699
0.3160929684297215
0.5734251020989128
0.7702581038357859
0.3228511036576923
0.1911081509201801
0.49920957087876927
0.6265785821462472
0.19984543521232473
0.4898672643009291
0.29531646688378266
0.4268548873073478
0.5549015093749055
0.27838885996664964
0.5990547903843646
0.6019969060751529
0.27547005952982695
0.4765584843270791
0.08464094146073745
0.5126297438778658
0.1744733284834406
0.8204287141179234
0.9517366390733866
0.16899500835824782
0.5343517382485349
0.3011694734915225
0.7051938849787265
0.23486333797282238
0.4180542852771585
0.6023957716159682
0.21346633752263805
0.31853639977890863
0.9191589296618563
0.027331723033546036
0.4020248784229027
0.43015190413981647
0.8610891709546795
0.6526618615945713
0.6202918159401783
0.26299380097134384
0.9687027437301232
0.21593255984057885
0.28489952859186873
0.6813341078804502
0.1331146131817309
0.31837305243276687
0.283644693770057
0.6714456985890076
0.12999963722996344
0.5762881181993323
0.21277933287013584
0.6840611418578779
0.6461137892347226
0.4819848656115504
0.43208945933519294
0.5748277860833176
0.09655082526296602
0.09148342423857478
0.6081818206630825
0.6012901307968591
0.6665876830685369
0.3615145399105547
0.6972250513656184
0.21523019328236412
0.4557582037995908
0.3324563177992358
0.6180634033262649
0.4115742934947185
0.5794594498246657
0.20013944706035097
0.688907912230945
0.8381606957031177
0.3101981686320121
0.5888110578636901
0.6784497460510022
0.42744001041549573
0.5380903718880198
0.6528512074435053
0.5651323583289437
0.6393517197744948
0.9740500697607728
0.3076098164964893
0.33693451882646275
0.6696385495487337
0.31601388319852763
0.40174127450058966
0.3782263299257942
0.4761407933694171
0.5808619862726112
0.40667381588160945
0.45179322475346834
0.5772877998707395
0.6384062731641599
0.8035214048362052
0.3831468826838572
0.6805502180635583
0.3445864682364186
0.33036951951073434
0.5498743437499778
0.6806737109384653
0.8555695110748256
0.5204662620838044
0.5747446966209977
0.773425025792694
0.1561152057997465
0.21329026741889956
0.22493244787914496
0.3913030914747243
0.41060625276934576
0.4954730366655432
0.7514912332421924
0.34055860457831977
0.19939176300066336
0.895456332546688
0.4259397324741676
0.20292497937826537
0.4498271822419177
0.21802599225358418
0.24921158282511396
0.8042614102956651
0.7167672761562204
0.35157748052102444
0.4932956340199356
0.6221472576548004
0.3322795263610438
0.18690392519568225
0.14025170458020753
0.48019518906430936
0.5790165862998302
0.8623244100092853
0.7892030260693819
0.3516548309677341
0.5609046263715552
0.31294181424007267
0.6409356609059941
0.7988286465116343
0.5452087897393093
0.3848216337423862
0.7494914411101592
0.3260504918556319
0.5923281783869184
0.33989514588953174
0.9603279170203038
0.5538551922626324
0.23651773423179523
0.46790182720054835
0.7002682576086394
0.815216629054585
0.6343532290185211
0.9101207042865341
0.46007916754866635
0.5465540849108464
0.4638222925873927
0.49301551524593845
0.06895425558297649
0.4586988043908809
0.5842632386570323
0.4334787438443249
0.3049461324617109
0.8891105763509275
0.31133799794420625
0.633495448252902
0.439615998440811
0.2194575287620248
0.6449804087652334
0.38006668259574455
0.6803110736669176
0.5262773336780739
0.5323158746961343
0.74852060586369
0.8971839976448319
0.1907849799525768
0.6698284396081442
0.4698741536085388
0.8999237689908457
0.4199577082347141
0.21749057454694082
0.6283777646716873
0.8532791341034527
0.35152124896299347
0.739881305990352
0.750289218947306
0.35227096204696795
0.18748227578962018
0.6012250772029568
0.7976235490790122
0.3701719900024391
0.3414369265074779
0.8001616428636537
0.1106260595689954
0.4302641943297548
0.4688337020991918
0.2255753763348724
0.5345819782713754
0.682177449529693
0.5063165882906078
0.4059163964443346
0.7530669200142731
0.4741363451177696
0.6512984761795583
0.6005749220422734
0.33332896046624644
0.7733259776735595
0.9133626691564177
0.221339833717368
0.9670807977532382
0.2573481520206535
0.5030142071283966
0.5047437754954271
0.7340600149865739
0.5185775745734724
0.4181279668207379
0.40202214765255895
0.7947420624265095
0.6212787905497739
0.9369335754915883
0.15431411065667663
0.4601313925883033
0.4939536980915821
0.3441290207362356
0.6889917507602497
0.4537778463022886
0.08190075482398655
0.5646324444845129
0.368244095441839
0.38386428705436704
0.8669666576597779
0.5805097416332392
0.4976244068427844
0.34764440896056903
0.7290373597598516
0.3832813309598546
0.4801862317804442
0.4497518132535435
0.4664925479005654
0.2377230311298002
0.305519956325772
0.6617934868919516
0.46121222181262544
0.4696106668196387
0.753441910049542
0.4950955169539624
0.4412369945572363
0.491629555959355
0.23838170444794005
0.51909320790375
0.26829089293831676
0.5924499099146286
0.6257498538011492
0.3841132676045087
0.4431490268983381
0.35260401698717353
0.9244304909819718
0.4494857307488477
0.6290658840028186
0.6389484542475841
0.7671977142383071
0.35783976991833044
0.9359576229382196
0.48038292877594596
0.49207398728055995
0.4930677455237108
0.21308746366393666
0.5577201652920315
0.36525216729043
0.8619454057726372
0.3718668552419945
0.4687720791617864
0.30353444703897553
0.5735898435787505
0.36486539987170213
0.6876867876931222
0.4581005547574666
0.27398936666862045
0.3414190061615449
0.8152382581528691
0.6179228688140159
0.8310423061747974
0.43994408746622254
0.2319090508895708
0.6749283267331316
0.3228219975849005
0.6448188484083771
0.3377731507923734
0.7400446323483286
0.7972028450157083
0.6370243146357484
0.5868436419559412
0.42462688899257883
0.82761056228036
0.45048635610677634
0.8522991408292251
0.17037069418877762
0.16966212168396846
0.17862869341385176
0.2623167390550419
0.847265449592411
0.13595856825351843
0.06178738697999034
0.6326273682847546
0.5471949979435253
0.9134996599331177
0.23989516642894834
0.4055531956931401
0.645678582482331
0.21466750526323028
0.06894315664822313
0.6796910099339517
0.5684017131701516
0.5642139561245149
0.4683565418682851
0.8816389293628664
0.3311830637061417
0.90615922638195
0.28883980148721744
0.5350768863469091
0.6173155364329993
0.7018479038948142
0.27995521979432947
0.3523257572727491
0.5608577844471976
0.7187825400140007
0.6697919302302437
0.8015145689014049
0.8826139690187582
0.2669659192103375
0.5219038967549866
0.8236063655806118
0.40589729340834035
0.9520800184818332
0.4612790936879103
0.5705498470683963
0.3446450852720049
0.4776606806707719
0.2540888628950808
0.2741379419360432
0.4814173200358267
0.3213594659661403
0.7310970016628375
0.24567849460839142
0.7618592369384172
0.45174121596976036
0.04061932798681152
0.530264938475353
0.6939186320413554
0.893705173197083
0.5562781755401909
0.8266545125799831
0.6232029471080209
0.6384206260553382
0.5810390209740367
0.2361829255140445
0.7030183138775663
0.4085941294022953
0.45414258326283463
0.7833621782550322
0.6836384331227967
0.7746848093554823
0.10698650415745567
0.3651138512020631
0.7543613832103525
0.46915937886986187
0.5365772367787044
0.4863191352878121
0.5823883976484026
0.6502158244775651
0.8503348270386852
0.5019271128580962
0.5706944624290626
0.6754506250120546
0.6972422942672076
0.15107141370433635
0.5161341456602889
0.5458887028223627
0.354141223482006
0.5909797181786884
0.9074089198687313
0.6527572470580958
0.3812753883347425
0.9029900520732724
0.76809912461411
0.5026846798290536
0.5447225748284884
0.4264265820079799
0.8229440783622517
0.6345766887233659
0.5238309624283878
0.14928516526681995
0.6044364393923639
0.6843414018527949
0.5192841823685694
0.15594729324871964
0.40832646549539164
0.7869924368330623
0.6521025031153667
0.38661410743855384
0.8922628806522034
0.37067904469012064
0.2443825672602822
0.46370546524040523
0.5226589458025886
0.44246276124606854
0.7986026695968866
0.662083795038978
0.4795435176983787
0.453032788877027
0.5692319746699943
0.3019439789917694
0.10639779631997334
0.5471117856542135
0.4465602078066741
0.07676463168461203
0.2935885503703273
0.44958950757053684
0.019104602387917526
0.562960832710675
0.7350302109397424
0.5132345334670958
0.39188272118755263
0.5535197748902462
0.5342935932982599
0.3525242540042727
0.5382541087650137
0.6761143401735346
0.7442160470027903
0.15414061090720646
0.931356601111591
0.4205141113989228
0.6306000016575908
0.47007793167958467
0.31998929333271
0.4094069674931824
0.4572149675290297
0.4334449631942651
0.6977890441089243
0.6838808448902671
0.2682623412836121
0.6940886860377768
0.3575486355378713
0.4705890927291002
0.4013933108114893
0.9237598621406625
0.43711577130426627
0.7458069557474263
0.6463822445446255
0.33138759060142736
0.3012947602543809
0.5595399996419286
0.5375218407711253
0.7144596157188514
0.45609696005741485
0.46101614987430994
0.4804553488622656
0.44792487045752705
0.514678017351617
0.2895547266966782
0.5641436584289143
0.2090813256666771
0.29493778335479687
0.35473722153639864
0.9076668240438
0.5360318504670952
0.45197563867894225
0.35017007705433423
0.6324363449165908
0.40227814575689824
0.5884056175394758
0.7905130679970136
0.6020888314270818
0.8519596001340061
0.3226218443734963
0.34483329441084454
0.48211360480105286
0.6634933011646903
0.5201704194632725
0.5257068545395355
0.3601132729780853
0.31901049692643574
0.6798770749027814
0.4689665512033998
0.8502604196535172
0.45809163505535305
0.7518846122573283
0.34890834617238875
0.6030798415115164
0.4778511511998677
0.7305878064792469
0.4703644663442851
0.5283382237991989
0.5578880138301162
0.8691285986995954
0.6954183265546303
0.4144381818134655
0.27712678329317375
0.8782854861243408
0.2767641226799266
0.3231638769140215
0.6065032396602481
0.5371371594999704
0.9391150526204256
0.6374290168178134
0.8446777106566858
0.27202665108363894
0.5695286932898718
0.22698804072458842
0.934848257562162
0.5180560474456528
0.769748323640109
0.506712543243185
0.09575870841352642
0.5671339827808285
0.4368324806801829
0.8405763366905472
0.11847204544121698
0.29102375412952375
0.520131930088191
0.495055671582802
0.47060954526205884
0.39212844671687186
0.7501627016571898
0.5228262771500907
0.12515031019213188
0.24321232716526736
0.7244017964611806
0.8227074072917653
0.46064898489741163
0.6242610998072426
0.26954795326074393
0.07234134151418375
0.7557132860710175
0.8147503905951438
0.37379534023509275
0.07647831853488976
0.46875487552771017
0.5586198915011622
0.7169631400489577
0.46428973209952634
0.622359329807165
0.886152917131652
0.4987268917670491
0.7831312075472683
0.9484768415417515
0.38701107070034124
0.3156689555310125
0.4698228841096557
0.4201880130813786
0.735222766932682
0.8709845722225922
0.4098247005434142
0.6038765858064044
0.3367051413304434
0.8576898974834252
0.43650726360157843
0.504694463974103
0.7510572631325694
0.43514190482848225
0.2729611234109502
0.861658987086172
0.09857716245634601
0.5256045410138936
0.6800185008966686
0.779787655335213
0.569913782343282
0.9291100302600719
0.6841943384572334
0.6539102366127927
0.3118696361915909
0.6840471818811784
0.3701971177381715
0.47242774170321716
0.5163788826406678
0.7123151608296099
0.23491366161165061
0.3063119866113081
0.6024283358062053
0.45217434044912486
0.17727141137206892
0.16874591683106355
0.7446478573656417
0.6455928062763241
0.4733620765377394
0.20372340647207363
0.3966520777619918
0.757058127967408
0.83942174661274
0.18560910160532865
0.32536517927978587
0.13197033791670654
0.5751905432191609
0.4895429665264882
0.4111410127675726
0.8262310818261052
0.25777182076355776
0.2979072759256048
0.7008620644550743
0.11116986042973774
0.512195792460517
0.44577780281249413
0.6988595722618172
0.16100664541990642
0.5348155979577767
0.8061248408334832
0.5511530084239888
0.558562755693433
0.4585297380005543
0.17376727489869798
0.2884623147447178
0.11023759953526667
0.7358001341785338
0.6661419647961906
0.06266035568762837
0.2536849784853294
0.9892534998578433
0.511837066897297
0.41564656243216924
0.7592381312644298
0.37958545084099227
0.5114904063684921
0.2199680872633508
0.3335198841430231
0.6746194280164203
0.2990105766485768
0.8515678306919638
0.35819159714352283
0.8469242093579273
0.7259524020479496
0.9122870432625804
0.5339114806160944
0.42365902917278414
0.9138812923953772
0.33785241824526985
0.4751624384955262
0.2351588928894999
0.3466525559404459
0.796074449487784
0.5017807868908228
0.48624523926493995
0.8678476882481756
0.4270811052787486
0.48528988573079707
0.6454630498248477
0.42633757652084625
0.6815886052312704
0.37895954684683664
0.6698057073225194
0.5837742812745359
0.6469466126371668
0.7368298516896978
0.33628166052897945
0.8591095967462984
0.39083929286598884
0.5183650028464151
0.4615019173949324
0.4499787238316898
0.938491441535251
0.385236049210734
0.5287041186506032
0.4711414987183314
0.5337284463308607
0.863518797206053
0.363227883073138
0.6234941939624944
0.5140752684155145
0.5336275883640413
0.3680835101027772
0.5023077805692189
0.9652569459483664
0.30631433346784004
0.1142109090364237
0.17716849321381511
0.7039064784028433
0.6876481854339618
0.09874110490869148
0.4274095363595082
0.3666874310595503
0.6897388095831885
0.17754286504957023
0.5801307922243291
0.46263166168683134
0.6892975428857393
0.40626910842204594
0.6985270171422452
0.8230018222649508
0.4235406058634119
0.6051143314093186
0.6063503433580143
0.7309823292845351
0.41979428672597374
0.44927593949905525
0.3634454272152256
0.38274924791359966
0.4830124053986676
0.7722736150720637
0.14688497406496817
0.32462816111210535
0.9048961469843253
0.4303715109540798
0.6739097786866879
0.08320996943769378
0.3390454749298273
0.8531061463969194
0.42247794681595735
0.5007181386798554
0.7354678497586553
0.26748884379184895
0.8644843887914253
0.42200719197301045
0.737659164221641
0.4896568940688177
0.2095557226147851
0.7794856188271262
0.5451525742030512
0.5517089038708214
0.43255985952404585
0.6442759298137838
0.5860903272872287
0.6213907033014134
0.4756856987894428
0.7392582383656058
0.4123655076361187
0.36308423515276195
0.7382643089921248
0.6428197129891109
0.6467622171576608
0.7094150902128266
0.9809901518401036
0.5654018550177417
0.21150573723586502
0.290268417071448
0.9870000907804144
0.09104511442889153
0.5854712273608201
0.2685093295855481
0.6936547283652944
0.4640896166125423
0.698705663171469
0.8110833604448635
0.594467854087189
0.36569694594420354
0.39963645738144254
0.7081379201048318
0.4856941665397375
0.056506333619806115
0.3959150414075895
0.45369655516567076
0.8754736559384502
0.5041643460746787
0.5531317191995653
0.41819231204951235
0.5908552523471942
0.5391873236798878
0.2772489780754063
0.41333694704026736
0.5816668579094416
0.8753556127151051
0.2981011059574238
0.12586726164359444
0.3511291439880133
0.6021484499214532
0.7105058283159705
0.7200360537346306
0.608810877185918
0.5863302589955534
0.7389761132665797
0.5416447484350027
0.9005088132847767
0.24904260628690458
0.09025046325304781
0.6363323058283848
0.7172963926429856
0.3794547737379469
0.960686970916691
0.2915887073053034
0.5245675469847133
0.4097412424828635
0.3377482838227679
0.8751125357475554
0.05432474435022173
0.09172580770893529
0.2902917547522159
0.755924523860682
0.29582613564553956
0.871307179547036
0.12336613357310491
0.5851564968533793
0.7954585516672006
0.538824732713597
0.16705831281050265
0.47948352234366165
0.8648764087539201
0.14763442424433915
0.5788234700771329
0.9160851034978734
0.23426565064952098
0.1428565784682491
0.2870545563380908
0.7875602120839746
0.5028775046548761
0.1764562472727098
0.48519180522425664
0.39245386938414095
0.7266355008429577
0.39916246026304747
0.4667774034646943
0.13950060451120722
0.5327789783511439
0.6848712454041874
0.7868867708889792
0.47699932311571247
0.5775437037386766
0.6792462212054011
0.6151869131412855
0.662375958670202
0.7580321084843834
0.42296351386590036
0.1373681611485116
0.6228154803548539
0.28397482852966377
0.7932169696444145
0.4138209301007228
0.22382557351679738
0.8150440225340528
0.42719534108404345
0.4824073390111489
0.07043985907486788
0.5207867262482063
0.7121225845064983
0.8721096945877822
0.26063490528145233
0.3389553721026534
0.4017550238968634
0.39186271791658306
0.8375685249841214
0.28340980497294976
0.21773770996880928
0.4553431489103976
0.45346173709114823
0.7482994838279983
0.3383665352151554
0.1388491765388216
0.6188471151010321
0.530529002479968
0.887457560927041
0.6406297195112511
0.9180847646275254
0.28420704710697664
0.6636289596769507
0.48132213033486465
0.8523900246547298
0.6895621839919022
0.8716922959524254
0.2214926051647907
0.42702974769782537
0.62784923831976
0.5969190255941703
0.5549925809093257
0.6861209104760031
0.11969314146245712
0.5060458387229171
0.23551818841193617
0.5050363716085415
0.7635238925956772
0.41463567518178934
0.1807943395363898
0.10153157884199944
0.35903450040409046
0.4896315029469779
0.3582387728528528
0.4678985534486394
0.5660912163082192
0.04411239708682968
0.5366467525384107
0.6252155730903486
0.4708824049732089
0.8812249017179787
0.260354498267779
0.4091559233280131
0.418138671255653
0.5835025366767758
0.5138730026300167
0.29906738990805387
0.7463746808258093
0.01266399580056964
0.44988209726531325
0.6359298335085037
0.4659530087871816
0.18654942003624417
0.4717121073728555
0.2936499076862289
0.5044485665770239
0.6409617174596924
0.6675637306749991
0.5632725184217683
0.8837551919489607
0.4859488116823485
0.7770150219055652
0.1349376041775923
0.44965033687084205
0.30508622066577884
0.6579637729142416
0.29267636156637633
0.5985739461985238
0.4984332568122057
0.8792779491875107
0.46692968437555576
0.30691425224349167
0.5668036876538619
0.5568324072642439
0.5193207318262423
0.7032456546916199
0.9511415179671547
0.5432830692338197
0.021211185657034975
0.21502991508496383
0.7700604649118021
0.7953255108504784
0.5082082707837754
0.44444126198869605
0.6114466331615735
0.5279468311973787
0.23375310274395222
0.6299304913585917
0.7925570988290008
0.8773050647445739
0.7386003693220349
0.4742044994499029
0.5319176775472855
0.979737251348547
0.1333324198955797
0.3573679826741648
0.9380637129119974
0.1737447843297487
0.1602868513672926
0.38117700224784273
0.48709782108408084
0.5964436612589715
0.6327073645097592
0.3436586986196957
0.18177624117393026
0.2660298346084663
0.4175499615447527
0.5908180716679422
0.9174436790444144
0.22921164087691437
0.6455904335789378
0.43182836690745696
0.5874109226189858
0.3749009307797614
0.37246689706570557
0.3896425128958336
0.6976760565206582
0.46200527374564115
0.6612838175864346
0.7616828258730372
0.6043741756476417
0.5075419134330645
0.7341266662238228
0.40043024691951884
0.546008768420258
0.8562122093110409
0.43155385077228875
0.9474797533474348
0.5022615945927752
0.24931186190621774
0.7932330252995643
0.4345364459029786
0.2815459454185252
0.8066477379401955
0.33396696750174476
0.5595663448411909
0.5121196498813124
0.11780307859498423
0.4730624408694052
0.9547560111842073
0.22524223482706326
0.625462919552473
0.4624515111693501
0.8985957073345325
0.724802618776117
0.5961846183319546
0.33162647522339994
0.22428026257518766
0.29769342902520113
0.6354921008386727
0.6616612011038352
0.6387018519128135
0.9500078987665577
0.36746908237523496
0.22419922463685993
0.9409496293131631
0.13240176547885185
0.4120281163598011
0.5474008416076634
0.4338228658067622
0.49652257798199767
0.5054852119421294
0.6959443768367263
0.8649828169243432
0.3438946547205868
0.5270022796130233
0.6951552650106148
0.4954930438592957
0.8730823093690938
0.19604497905793247
0.23577857895033463
0.9643831769260442
0.35112911459865837
0.6770689015987245
0.8702465116916411
0.04926861946536898
0.37944951110037684
0.5247100113631218
0.4131149883221391
0.7706662915404219
0.44905988347329034
0.4178070238201994
0.5145422318694782
0.5483236606386233
0.6162039430850532
0.9372661177142615
0.17505259355604771
0.7704588246065501
0.6489617685337613
0.23108990596246168
0.26867522388023773
0.4782026234528042
0.7839032361799378
0.5923854459732607
0.5521755030865757
0.7885011386469173
0.6814844946770933
0.8903350906037912
0.5029328219419864
0.4670076397423537
0.4546079931552691
0.4917391302819991
0.2562765134227848
0.557129419939909
0.6234187869050639
0.13396617057148882
0.17282121908667644
0.10358496803569878
0.3215913982809449
0.5548676778807105
0.3338371335151359
0.4272097701216485
0.7284185360777335
0.0834994750008996
0.4422687442486355
0.4353777491793518
0.3698302441975029
0.6724049259001765
0.575592757622712
0.9195372431704054
0.30398400304276424
0.4728140219120968
0.8767423561340197
0.2361280495565372
0.7994822399546416
0.5439808210067658
0.49830315134478625
0.3591216965821944
0.5856498499525992
0.18811850512393788
0.8783646886451992
0.7080366523525243
0.46825164654956364
0.5277646737377452
0.15745491421882352
0.2139335922221147
0.44300650113145507
0.8777539845121822
0.41945891168634486
0.05566269641342868
0.5452381711872618
0.9510284601087426
0.2713159374058316
0.5641546321833868
0.5893966347286451
0.8149969239683897
0.44278370472268425
0.06179757181845044
0.7162028737356512
0.6479438440967817
0.15230306941329766
0.21147485145911477
0.5002283673553197
0.6540112671319771
0.3732755183451217
0.5376874205007951
0.5565667961266185
0.5004580528678091
0.4203244378011585
0.8417836564023603
0.22795828162330417
0.31784446600195004
0.514854938810904
0.31749484169813447
0.3751123873271234
0.5577723204251679
0.2775404866855027
0.546820167316916
0.42405792430344813
0.5449389266074681
0.6680229711995147
0.7118439347504795
0.5363348408919119
0.9218031568300025
0.6400338179560274
0.7135434608431961
0.47943980400331915
0.7732456140899551
0.32380656108266476
0.8065987732505555
0.5636632211816246
0.7044885018751621
0.7432669132822215
0.3345666640167263
0.9270567821654969
0.03718120323733177
0.2976192437023383
0.1166351419030568
0.7241982272721221
0.5458469410572798
0.18215355442562536
0.02848476244125244
0.3689919972472918
0.7639690778159339
0.6212028007323912
0.3469267943517271
0.2635766329915007
0.5804225100790964
0.22876238153626255
0.24785016903470836
0.4698543175777076
0.43646713106471635
0.4796115565391077
0.437914031467042
0.7646734879918814
0.3410113280049422
0.9370346823179799
0.6898365949310005
0.538051953232461
0.530616915933817
0.5286776677477997
0.31833254077052053
0.44279617774077396
0.9403248151406721
0.4464978067331097
0.5908739304389878
0.2460503986087966
0.27296782009987036
0.7988486661893746
0.5074508074995505
0.08501811357737149
0.5558169231233383
0.7657863610587674
0.6462646953158477
0.8169768279399774
0.5174636451017125
0.7660454896595932
0.5812688739877936
0.2927547055967103
0.8354048482373677
0.8465822072611642
0.6867420929625228
0.8991032095304419
0.7855703930760287
0.8629663924239469
0.43575543282917867
0.23687923402869704
0.25534478637236874
0.7910003838060609
0.5923125016335351
0.5649160421423475
0.4583138777575858
0.6262254246992948
0.485472971851368
0.15861485801773445
0.06689886720471944
0.6781993029760811
0.6577948773449813
0.7048893177578048
0.7974970442515112
0.527445597778967
0.43138403239043666
0.5907351395621381
0.30904501356896974
0.41424285659615145
0.8027888605329851
0.46712707863551695
0.15736576642675962
0.5061017465332363
0.49567228162053356
0.6023199694228617
0.8768740728040113
0.7944745144133849
0.5594808097848039
0.40859910314626346
0.33286092677699897
0.9883326688256344
0.21686751764587925
0.49659578130306187
0.8709135214183443
0.2912411843751214
0.7730849260917081
0.3642806392116984
0.6846375144727259
0.6218107322029813
0.03658198999365802
0.3986559312699941
0.587826043012275
0.25481986864702344
0.5677588607693247
0.49128016407197
0.05985572082196516
0.20639070381333857
0.7535606785262707
0.43952954479827866
0.11340371484564667
0.6463399971386519
0.591259813365083
0.42592760835266963
0.5562449487462016
0.8553113230439804
0.7657154531231773
0.6777856662790669
0.48254449852332876
0.821435317981675
0.21991854900662136
0.7549366137392368
0.962380625244223
0.539824424938474
0.4159485591955138
0.6658049615849597
0.25146773242698706
0.8248534472500122
0.09546882940141307
0.6094018136001484
0.6438798499964609
0.4987106944026178
0.2802303439267965
0.5419115451337493
0.17734487352029543
0.3899181667261998
0.8583623213794491
0.37220562822697234
0.8457689052580675
0.499059746164933
0.35777584219447783
0.9151127329224816
0.24360667677193426
0.5832807406561505
0.5299787913969801
0.5695317900051979
0.35059229763730515
0.6515630340142726
0.8174336284709012
0.43459327136045883
0.2806779233239357
0.8012000574870766
0.6096324654945968
0.4734701231210896
0.6596167822205621
0.5214851444609906
0.10498003118570384
0.1825895708590986
0.757330720827142
0.5694164737904734
0.21514292138575042
0.5601827692047454
0.506904861000205
0.42729894774785027
0.6538080099698269
0.7541660524836894
0.33222998520796676
0.49233530758315464
0.338960461173258
0.20753027427385318
0.6546090216957583
0.27770626592029934
0.9156744531360097
0.2784334332681764
0.7957390267382487
0.44606947488976756
0.08845695748539409
0.42593301271605166
0.7195194367648798
0.4643045719717904
0.5812105806993136
0.44141052915271073
0.6528936003367787
0.5516240853668225
0.7101853551462907
0.3211601543571231
0.10702810486174631
0.45392545299735876
0.5456444109653158
0.11593040983184771
0.3676898671554087
0.8144547147483163
0.1556391870775658
0.34043927808754804
0.47095606926146677
0.5109739496408705
0.8888264227063292
0.5231897815599127
0.5686446894608503
0.2845740870289361
0.6737211978425369
0.12160542486149345
0.3097410113615909
0.8557233228894388
0.11840186069830395
0.4578732915930175
0.46656811485059085
0.6028966826776089
0.783894283995148
0.7341769019521274
0.6508059711139362
0.17612917978331122
0.3398636442669004
0.660728445542933
0.6819311934558736
0.2601022830356791
0.8624696965348586
0.06904499941231558
0.5828735696396382
0.7091891102644144
0.476108917338271
0.7305064058558829
0.8207108396143521
0.518512157827856
0.447967716564664
0.3923328182225227
0.417100149548177
0.8396111471831722
0.19637120107217187
0.4133770952060377
0.5297521558770801
0.6040095780086626
0.8128427362187629
0.3233509441797794
0.45644777921306956
0.6572150535041758
0.8739563136215212
0.5141560410679341
0.8664701234121932
0.4932396708351308
0.09690643731844474
0.758250485287112
0.8573542961858704
0.11062946360220613
0.4341707082861697
0.6490301383488939
0.5665500539467293
0.604134467710538
0.5698505880769368
0.37872059630106797
0.6355098699972022
0.7527566734317203
0.3950565616696027
0.6149861208665405
0.6756157079721234
0.28170636997847054
0.9757676942895719
0.48606346054269856
0.2995924037956545
0.719781785833653
0.5479696714578981
0.3554605792878898
0.6685783282352591
0.823560401656804
0.43732414307365747
0.6619451869908941
0.036745276137434335
0.14294097818107446
0.37603306584707125
0.6605866869507093
0.8467298884551175
0.11832590739634011
0.7071240573850017
0.7554411809608259
0.2534183767633648
0.9558719416096116
0.15072166930007858
0.754250491454798
0.7457752032638072
0.6818122365325605
0.893719051220169
0.5170813898156442
0.7076121607937793
0.5800562990977559
0.5148368682350415
0.7571861650197673
0.5206304269846784
0.7111446971865719
0.47254002797322237
0.26204395616307763
0.13243479972495142
0.22447500214916752
0.2786154315069695
0.7818558754510765
0.09717298592204834
0.676178861450541
0.46530652713765763
0.48048088215170087
0.08691128710193463
0.5286214451103015
0.9370140758695457
0.2963046070390217
0.5588590513530033
0.4082481045570109
0.9130214369818205
0.297875829038475
0.28669076390749504
0.7431634137441291
0.549125865721081
0.7282402567031276
0.3947759904780523
0.6440725040490727
0.5144053156984378
0.09223054964134288
0.1593495154669378
0.4830458964035098
0.7701294535211693
0.4519221069265317
0.07054336136085892
0.10311890513099586
0.36505294268420224
0.7595079357213869
0.23245978688605765
0.12069782002080837
0.7505277450114983
0.5072734352035266
0.2094147712366769
0.6277179487820046
0.21781135260830084
0.5897310481600704
0.5552507497764181
0.4581351949327305
0.546070031741075
0.7119717457448984
0.9116172032860581
0.0724357506938805
0.4167400122490054
0.1232385108992162
0.3256166850817541
0.8339675880344618
0.45948024649967223
0.022060899004256666
0.3110232824130497
0.7629556799597691
0.7286346548162053
0.39599711336214233
0.19230843275292273
0.4334103361330114
0.3720341995919663
0.8403114206174824
0.6196900577615854
0.7629988149313374
0.7066094584285549
0.7462561465236095
0.7716771358129642
0.5492374732138953
0.5552352634874009
0.40660297456350275
0.6829292370144318
0.4061609877421431
0.5441488765068622
0.20355255439794037
0.5339263250204924
0.42241700941795646
0.4807699235418587
0.3897281189079659
0.6582732695246318
0.6544658743812521
0.2687310779202832
0.16038066990298067
0.8830505919411709
0.4736697372122106
0.9293506763262672
0.23829456775737332
0.7552170747944741
0.5857086091841615
0.21787724540220132
0.8893116090464437
0.3076429335914635
0.12079735140151665
0.2046128644528269
0.4885491038259597
0.2641975328788183
0.5318110915206213
0.3462292621288288
0.9271879048700369
0.2504872624818069
0.540430095981925
0.4315597723197232
0.7041741930453294
0.35783778786322473
0.20005955188844052
0.6576894830055545
0.4534181818365407
0.5338448358492898
0.6612487462428316
0.45362983012699665
0.517630039171541
0.2475664225608254
0.25653026047442445
0.7774555819652519
0.16173628047384037
0.14697949589951562
0.5735786547196653
0.7341463635092383
0.6817935763657084
0.25408934512155507
0.11368062870578532
0.2837689861870375
0.3319386523476703
0.5285207441445843
0.13767030207410272
0.41468213717690194
0.37688363187394797
0.4669282682221201
0.47356238818903074
0.4977104386920177
0.8093936976881864
0.438722617777035
0.3856431258166122
0.46052671771675274
0.3902503662480623
0.5159813668853184
0.32724598098582075
0.941687712899173
0.3008198782687244
0.4595023649816015
0.4026028145745029
0.4635787325837759
0.6279103562427526
0.2868137922776723
0.5554408378812241
0.7873913757033351
0.7853293133105077
0.4960150684373685
0.5692503563828035
0.3249629223588812
0.6363335181597644
0.1264369792928811
0.11006048172631447
0.5449575021444408
0.5650479185739128
0.6775476405266645
0.4030528481885079
0.3337208082366355
0.6725481602847921
0.2310276079411766
0.18796985610906636
0.5116377523611891
0.8694285585599077
0.2431647472280309
0.32988708523244675
0.5506567090437648
0.6473209157729032
0.697931606000505
0.6327116916433452
0.7867054480638798
0.5798980915610832
0.7997161408499274
0.2865509364255138
0.44126465212454624
0.15561818663854063
0.25463263195028735
0.4297666586156959
0.5693165080018212
0.5091350599015129
0.3399767487084684
0.28545743983138877
0.9359101863935844
0.4507420079742999
0.7461240647083487
0.5861766992468397
0.344061068493141
0.5579121855303254
0.4981375622564942
0.43784320015195843
0.11133007221945751
0.4601674471978444
0.6000985865342919
0.14611018127960157
0.587475616999827
0.8631247972424192
0.6557784147450727
0.8705372822389045
0.7991837230141252
0.6538878399789996
0.1758592941547993
0.9151556977383373
0.6524627651796154
0.5758027099729791
0.7303272674643054
0.9102377116803739
0.056429238446688255
0.14240993330309967
0.6230253904357509
0.9074706860927273
0.5344108290728411
0.6038165636710019
0.49323363269429793
0.5060851017951495
0.9363772288938857
0.5210772059407566
0.6796713279543392
0.4710528419250771
0.890496881274031
0.39558688732610464
0.7077969277920257
0.6561872139424842
0.3719363202909538
0.44534743763877277
0.5846171948258128
0.29181574300822577
0.20014763617456408
0.3389913888236773
0.5962493289608526
0.054823703177534266
0.2076987272671163
0.7911941042675947
0.3909068203898652
0.6953736280689294
0.7476501601909838
0.47040804722009033
0.8268839211669954
0.6655420527071049
0.3844460124500824
0.37426099543360575
0.33833779280312837
0.5408202403938361
0.632591921684897
0.4490834389236162
0.7928854903329867
0.6149897436589719
0.4973253922482132
0.44214431075076543
0.4535001501671177
0.9503491950185211
0.16789381353510918
0.4633053841885245
0.6338050543379193
0.32039568698696996
0.8341381851447869
0.4002400402717986
0.5636964187195371
0.44370591163537565
0.28941108090334083
0.7416675072382741
0.6075138200139263
0.2579849937861749
0.3672814427223358
0.4382387512869944
0.5247982435836647
0.8452165307022339
0.3365900087489684
0.34482481805257303
0.5379462928984733
0.6846788155828365
0.5505967288005419
0.23376342742763226
0.7530383525440649
0.03255729471778445
0.36614907667850294
0.7551902389823293
0.47870344020834965
0.19235732373056869
0.6393560347031417
0.6559879369347401
0.5471829975360651
0.38771161814667077
0.7028456495834778
0.49235110409926675
0.48350149804820247
0.433123967178677
0.7277497423180531
0.9476889106019761
0.44510179366466757
0.38410052308661535
0.40306968224461026
0.6372169037508502
0.8161082711056596
0.45832068279581106
0.7276492830005501
0.849530752532547
0.3366038256087702
0.21836269484888488
0.8035908998475711
0.6839255597416967
0.28420339160867014
0.38460348100325126
0.6504671775175612
0.146424662258474
0.5477035690835017
0.08905380279588825
0.6655212439216247
0.7463525511192647
0.13535198939867987
0.3865019639095983
0.1872465282124673
0.5532092512634671
0.2247896141854309
0.4331441376697545
0.7349719649149842
0.678574452345256
0.5263217819404251
0.662570640981045
0.5162941425290368
0.5369392680673821
0.5966560773969365
0.3671925768805781
0.5713876438867823
0.7745544845476285
0.5714090139919628
0.3045078583258329
0.8731242664811705
0.3034869332457035
0.24636425116323493
0.521267065917764
0.5242812896829367
0.7436579293321575
0.9647752531484062
0.25169016030187563
0.4511320363760386
0.8680506982058553
0.29431104481550474
0.6271457759661726
0.2617846320356197
0.4392167027120628
0.6105573270357066
0.03831271729199564
0.39933635268547957
0.7286263222171869
0.6285908586973307
0.07852261132299068
0.5477969838404604
0.8876664286943736
0.4897093476627749
0.22103203992175696
0.44230931785833905
0.4233899146437314
0.37687984788901235
0.8666280467092322
0.3587026878522529
0.387262144494098
0.5422901319924681
0.30472334755691827
0.1489437377026756
0.2466788319191774
0.3253425780129182
0.4489828166021735
0.33226793232923685
0.15530638932037813
0.8938643434706954
0.37160385324190137
0.8948928505542185
0.509607228664912
0.4091801687431723
0.2864354697745276
0.4290828091695915
0.7626940979465968
0.4797634645648198
0.3241276207279006
0.73208309746369
0.5353673060000392
0.6478359812386665
0.3064002307434976
0.38590480103734315
0.6078340592992402
0.36920046966102815
0.7877602185768928
0.12290952429431398
0.7352839157647246
0.4650609636236603
0.40746288064431413
0.081212975835025
0.68996423941168
0.7300069289726044
0.48325706293689097
0.3204753064656763
0.10982768054421926
0.37054632299962154
0.5593334236059586
0.09013148226818084
0.31233935186371053
0.28935685295031377
0.5238817029285117
0.4889031688504518
0.5214040254738661
0.2897865796202673
0.6424322587887331
0.47492554807452253
0.23314717550426953
0.44532289143157483
0.6180737861695353
0.9347671640994502
0.6235854344699566
0.875095225329716
0.15277162068236055
0.13326353898319787
0.25732117177806163
0.8500363788148146
0.5010283040204612
0.17484586999426888
0.7008759907617845
0.7962834187936604
0.8956733469367506
0.45907992724928853
0.42845233653093223
0.8394448353085666
0.23827818686719354
0.36009194153818913
0.767145856034098
0.6118341017129827
0.5443951718908707
0.21197112851004157
0.0997979719009142
0.34822235846113303
0.46722704266473225
0.6949645590570981
0.21877575633338062
0.33856366825051903
0.5595830279752072
0.47042786429634526
0.4461935078666627
0.5017757045634899
0.6001432092890627
0.14354697218511037
0.6580993169338376
0.38146136514911116
0.6609819872716305
0.4827794842938161
0.35846106749228146
0.6682811346001377
0.27527837994436755
0.4878706605403351
0.9555397778004966
0.250185790353629
0.2543706277806377
0.7034506686842398
0.10561744995383798
0.16341143960912397
0.31015514513278286
0.6938390925136602
0.3461778529042342
0.6360197209563854
0.14265444299574817
0.5397182424164564
0.9591555328795754
0.4709086357996922
0.3257709287767112
0.38633233641775855
0.2532447032580625
0.8106711553908743
0.5513174371175674
0.5179554894453031
0.5633931461495107
0.5737086311886106
0.4660472162840854
0.7067177775943964
0.7169944279225253
0.661401765277142
0.5905608237769654
0.6737466186305693
0.2662240077882896
0.6475129557712455
0.7467074641726128
0.7363970151856035
0.25560898227584483
0.7454284842291761
0.4342630240540899
0.4547292491701479
0.7191118010627291
0.3352660814820668
0.2915046156661537
0.15411200130172614
0.5124451644205609
0.3448848924805762
0.4683377729153197
0.3837710264830382
0.5993732554495255
0.9293750194910948
0.18412725791115478
0.7591198302302518
0.8251398309239704
0.6225456892335678
0.9587181361718896
0.4316063800190655
0.33299438813668014
0.6202835772219778
0.7947304405496337
0.5586168276241823
0.4701685359451322
0.30742970893039695
0.6022193504839984
0.07846938893892148
0.7412117118718444
0.8527861462776625
0.21594336864043406
0.09382548605104157
0.3555080743518688
0.4531563242131986
0.9232626217275508
0.02996827001284913
0.03378069432168543
0.6099838717864571
0.7618183902211896
0.7427363213162119
0.5644829503037587
0.9078562957279648
0.6833595793575983
0.8395340885587927
0.15391336492985067
0.6381449787643583
0.32916607319937113
0.7462597290004642
0.6069937029863336
0.9521326159215167
0.03877034652479884
0.383111092374691
0.374847986484071
0.35926332394499916
0.8878593208124057
0.2332769827382353
0.6896924424436182
0.9725819337913209
0.20507511600805312
0.3713423966564266
0.6295643852953797
0.7108784955926459
0.29022926858135084
0.4798332985486671
0.7364974101122563
0.2754626382127207
0.864620218366384
0.4928124860401392
0.5641563787847739
0.24988401649995823
0.7135035237090835
0.7986712287275644
0.36407472191915324
0.2835444337728072
0.915089394773366
0.3687905065841885
0.46373963363854903
0.31386374095955166
0.6265567272523955
0.08808899098974336
0.4065690378217416
0.2928260817588122
0.44344118886117645
0.7647684316443057
0.5964730207034917
0.43694425469227394
0.49095108519696623
0.4763255095311646
0.7563784532165936
0.21550544359265109
0.2926944354466793
0.8297872448920217
0.5491518310610258
0.20285795791025377
0.4926223975992843
0.6961648587130167
0.7432932885583414
0.6207432019172527
0.5290620034378327
0.6152767587295969
0.5549347875053352
0.478487318663011
0.606181237249454
0.46654396748451155
0.16904543339759814
0.4942543753961337
0.8500317325416615
0.8030129147165379
0.7316827259407366
0.5612875332725856
0.57030156391783
0.6985828932292997
0.32237642284749984
0.48458385871403453
0.44251240815244464
0.4989009415091794
0.08653619358948222
0.39885204811425606
0.06833717274996252
0.5774545333141434
0.8019841794038263
0.4329805421363431
0.5701168155164131
0.2250069301351209
0.44992519138299747
0.8159681531090024
0.27502517546628785
0.7158698514892414
0.709213549832078
0.2732536936372476
0.5609204260984422
0.3962068881276176
0.9868078921027903
0.5487074206813601
0.35761780663359716
0.5648906483768774
0.4929117157433439
0.7487341801767704
0.36689909195355597
0.8418487258884668
0.7151037411886539
0.5595124525205064
0.5020511410212651
0.42198612555749826
0.9296596127966854
0.15398913099696643
0.6566847322250057
0.6600738085295687
0.4636023339414537
0.4762025929781708
0.19884188096646732
0.3715364472486341
0.4720980855968017
0.5518036259182306
0.5088788228567194
0.45601860807464184
0.8029652279076853
0.7301262409166149
0.4043439905261058
0.20769863559808283
0.7294341019574726
0.5856596560286891
0.6453016240405995
0.9188997357970432
0.1530647091806336
0.4623158110577954
0.986047775847541
0.06248945373181881
0.4123685387457223
0.7363752332120856
0.49066744357492653
0.43552675726375034
0.864107773118342
0.20823788649072478
0.6192584774658367
0.41029631498157865
0.4558610459233134
0.6139877844918769
0.09688774993332934
0.27552170250913854
0.47800424523474394
0.5127132150386835
0.4323401035801895
0.2539496477541272
0.9770640085758884
0.14777867194854877
0.7442791091224406
0.9858706554274107
0.1412353494679115
0.18177957783936316
0.49253964182885285
0.4509645523972776
0.40607605220175036
0.5800570377168799
0.39526252847532556
0.4434553895759706
0.6044913268009101
0.37343725753567003
0.4322997167033701
0.46752092185120286
0.3803715697256961
0.4475637952245731
0.3858419430701889
0.45442324561337727
0.373744290644437
0.5226557863307494
0.7315136442101648
0.36781955255278137
0.2952303411572199
0.8022061797562541
0.6662271462530474
0.5200722158601829
0.7298922332442848
0.7443068289838202
0.3776514408520508
0.5684833885946927
0.5558843240809996
0.20629746362223628
0.13533298583850029
0.18654914358803892
0.9081176943368588
0.23054799413419214
0.6264514170929543
0.9507493565585656
0.14547122008981517
0.6323216040279203
0.757541396006559
0.5425663698867216
0.2507220987443761
0.33606158437157035
0.6045576141685449
0.46578995867661754
0.35065041590546814
0.4085824763207455
0.5008126610999921
0.22029354161049755
0.46968705260388466
0.6999781261875423
0.4569730092266956
0.5709705679166602
0.482167941201908
0.4121865268021456
0.5454315771532418
0.642796199597634
0.9715408912150907
0.5479566777055328
0.4095945063885073
0.4229774368549165
0.4410101550541398
0.4744306333968157
0.7891829321208799
0.5661701924233986
0.5184483433308305
0.6999793991959127
0.5753882624543302
0.4850168089160293
0.4629526159376143
0.13814083878053754
0.5753501318271659
0.7585095743776284
0.5632201661473584
0.6894396072472088
0.8173613796440755
0.47445914265241435
0.6001084292284281
0.3986058354663558
0.5256302387639498
0.6419554141769795
0.9340851026291175
0.31602940364790244
0.2142992036828724
0.8463758081972592
0.06946472343350561
0.2533315862695827
0.7328016346852813
0.5220201971460565
0.1539568437393124
0.6497055997510581
0.5205760720990078
0.4630416429253978
0.8170041706913564
0.7004665478517719
0.19055886474251613
0.4572381582737636
0.3019198474811782
0.41842471126180525
0.8723957400301149
0.36713088489771445
0.41703463083633296
0.6245487946189925
0.48723023407066757
0.6549450028965058
0.5894218493991612
0.4973448637178278
0.7061214633965336
0.1727971652955351
0.8827614506013788
0.4057706012632154
0.3786301956078636
0.7516303761689564
0.5861540977617727
0.6725120689961908
0.46187111782702334
0.48955244352298016
0.9510342606503726
0.5685603881710733
0.6678690133433572
0.7715383011149123
0.062337364392443834
0.5065587199901662
0.750415963834867
0.6155612174218285
0.5291766218106302
0.8805495344380077
0.5832208951127908
0.21506410238135892
0.6402445785759403
0.360209366550742
0.576339422858483
0.7414994632694711
0.3014902173823087
0.792880372350785
0.6799510571841374
0.20225606427910242
0.42290037154773524
0.8385895536409118
0.44373834535945145
0.6039121613093272
0.04682995203732093
0.4917078420999053
0.26104775671703173
0.7850492559810218
0.46107914380874304
0.193476532143622
0.28540398276862367
0.6746113610883799
0.6861287927615742
0.3733731589202816
0.8726266280718056
0.5665561597963626
0.43808197257122444
0.22375281025838706
0.40971450959367883
0.33099224262583793
0.9536934063885613
0.6088301003744926
0.8170834022403647
0.39540049151768386
0.6293590744843887
0.6215853805085949
0.793577942449638
0.47980840349651144
0.6165970917006405
0.5326179280264901
0.3728394521667235
0.6604659337733452
0.5664498795097205
0.37061362936016756
0.41891913061229796
0.8396305012808123
0.6667892065115875
0.6319242556904932
0.051102780476549564
0.20381626586269808
0.39645749401722274
0.7393512045161624
0.3874561670504919
0.656054575746148
0.433663045001564
0.8034575974788147
0.459087729273721
0.9110819883133916
0.478918546460938
0.6508258263933373
0.2591108897957628
0.4193612789194816
0.42105513526790006
0.5813012932920687
0.38877198261192114
0.6802316328820961
0.23262432014424472
0.4558165538186215
0.835522264139268
0.5232583173921869
0.17365557045702806
0.5326576391367197
0.7597499519479995
0.4063473684138656
0.6820474018750535
0.6444602816049579
0.6424070447435327
0.3502709753298412
0.5865876751527577
0.8998673567216622
0.22818129966396572
0.7684106177320631
0.5429693837572545
0.4675184990859229
0.42242340143485596
0.5209193273183184
0.7108486065681865
0.3561238157935471
0.44677673288016406
0.4968740676930756
0.812279068052447
0.40922820565762513
0.9595421161939747
0.5671969904128324
0.22000500336810525
0.5663688547728676
0.9364455020318141
0.5319976283308745
0.5894649567452006
0.7805424097175202
0.6667778564541851
0.632710672890149
0.9041763992012428
0.7417207159593816
0.6534896555770601
0.2250816354010488
0.5554608366710416
0.34240502712321996
0.507027719079253
0.9408506897813953
0.6723087770008828
0.4514020519919245
0.7047025148393224
0.7518296749167961
0.403645852314249
0.48794163240575616
0.6958127741685665
0.3923147710309043
0.9124879004301463
0.33748712152128035
0.7398430070717448
0.8381519195746646
0.29481378948419856
0.8561042602916744
0.5628330425494527
0.8834174155388621
0.3944315923739877
0.8166021723776227
0.5325631922138037
0.8969883374418591
0.4385183807758114
0.535621523576443
0.5746459767195244
0.9681492351464385
0.35403498827048036
0.4865284938436265
0.5039534869562166
0.7997121866464025
0.9259513853488879
0.4509060021348408
0.2497278592356132
0.849055080497402
0.28531163666116616
0.5341064030833821
0.7604100542301384
0.1698133941635974
0.29773476452716763
0.8500566177822932
0.2746119811422803
0.477640003506983
0.39792896785129284
0.5903834273902737
0.7444205995127652
0.4540108318169348
0.8253344658293629
0.5702431528416883
0.5866525437684995
0.6602028526998236
0.7832976115248649
0.43274225238139197
0.4557912280902584
0.9152183822642865
0.41222094672866444
0.1770291784412211
0.5871628563020372
0.5025025567995293
0.767365763325663
0.5220269562061475
0.8608611305959866
0.45193879661523
0.3898095101350727
0.4480784982068279
0.595888623862685
0.6973245453951569
0.523077998420478
0.3937914801623855
0.8845454825904485
0.1894382754970241
0.586390899156749
0.7544859185176889
0.009514889883929916
0.1774662042280361
0.23230537860879583
0.33391716202400634
0.9201616046784096
0.038749149104554584
0.23095705697006855
0.5768552527649465
0.4591625032887613
0.409908777495719
0.5724061448866585
0.6855912115834633
0.8499265953123556
0.47937464723855877
0.1918944446352861
0.07473983560372044
0.4095091937398798
0.5804917281796965
0.17662193714690352
0.2102508078811434
0.6314874391947026
0.4195376790260352
0.973398193930908
0.5177950714395357
0.6020780035047938
0.5566647756534081
0.31308260646341485
0.3344907453719041
0.2341556124177803
0.7355702614235012
0.3850945502426598
0.45157289024217023
0.47010040430668804
0.5071596577447433
0.5261492758136919
0.49296457841021063
0.6910384550431863
0.5234433217566465
0.5117131125072498
0.3696348882382593
0.422668497204701
0.8401417254490449
0.7262610525484452
0.6814526747659003
0.5982946948173261
0.45252788310976555
0.5305557880501043
0.4936758714708458
0.5765491461992792
0.8949277412680317
0.6821172670024375
0.8911651328966912
0.25153112580728776
0.40283479504740427
0.49776690367048015
0.9718681241904572
0.5861803432253709
0.40740399971082286
0.7024160454832199
0.5593418433279035
0.257825978376117
0.7757879057382888
0.8277777484006041
0.2918232244144734
0.45444575240222485
0.20874843997196169
0.3819608579725626
0.2764168612806861
0.5221178163221222
0.8430829488260907
0.5570386713246491
0.3055640185497953
0.33524750739789266
0.7029366147738442
0.5380607686950992
0.17826937571289253
0.8588304909110944
0.25764318075458853
0.46144853194928614
0.7766670636397444
0.800684292066314
0.21348140108834165
0.36167499353536003
0.5459883041497836
0.3277466902907804
0.44226785401886437
0.3729233985631586
0.893257853043909
0.2640861415578711
0.8409297336499484
0.3580969678142202
0.48019527694882697
0.7169306119215746
0.5041704040097016
0.17522040250203852
0.7051264086927871
0.33000282749103776
0.7997934392542605
0.37138217707588084
0.713027850469879
0.6760628640154221
0.26899884378718775
0.3124915607320086
0.8122668788509682
0.5626371648776824
0.21425930845573388
0.47155273920027707
0.912776869416413
0.08864210751644266
0.06287992664631083
0.35096370377916714
0.9155512735952104
0.0899329188891139
0.4633082536822686
0.41320415887855716
0.4512461688440824
0.545275343582299
0.6304362942723672
0.3406339392266799
0.7493446373630993
0.6314129183098811
0.764107307724601
0.4713843175290654
0.1921598674962278
0.5665276677709316
0.40955582493640685
0.7609638845664117
0.48754964709053744
0.6594780800058189
0.43494084350146295
0.5821947611540992
0.5272021806361666
0.587549327839618
0.6882031352800428
0.36656717938139666
0.7008819478554398
0.39524025497332854
0.5754402353194462
0.4123287866258821
0.25399106988784853
0.5168640617045126
0.2858858219654826
0.9270573535863056
0.5555024225382299
0.36272952054922974
0.24992620212652575
0.5262441152500781
0.351428334796164
0.3659559367065459
0.5136389623921818
0.576106803914079
0.7230801807267189
0.21143132706644455
0.417256011883745
0.24597696253302598
0.4228303768516923
0.7580130470812225
0.6634306172208875
0.8286481532421703
0.4199883399404521
0.20643631192741718
0.45339844053682044
0.2708323916982674
0.7811587785184297
0.5229441790092346
0.04346044883702385
0.2422145014116736
0.7303210975559182
0.7395418587258391
0.6701718303271482
0.7487606036714922
0.17834823474454736
0.10832467310645152
0.11017411657044923
0.6187748087480165
0.8490498658063956
0.0860939212572099
0.06395449988094506
0.10247054351732032
0.48739083442099523
0.8709520280806982
0.3200805461287346
0.36898814227180776
0.5847135932760503
0.48548315296246436
0.47217430099510727
0.09142178727295906
0.3165320216416792
0.444176242019992
0.42972625753922344
0.529952447817503
0.4632573954316087
0.1900199977790891
0.17878431847149812
0.4335207252890377
0.6303055672431241
0.6875483056470268
0.6883908790811791
0.488405767946961
0.39847832512418613
0.13311553916773838
0.42883318839872125
0.43554633234654516
0.35660298936769197
0.7097461335840446
0.4943375634422586
0.5610646680558962
0.6042993042598476
0.39028420647378675
0.46243035915455083
0.6465500147841226
0.8320993073440666
0.5061694136398086
0.7801114617086315
0.9422128472019109
0.4220961093001054
0.9402567842715315
0.403424091255867
0.8074909049883285
0.6240710632658623
0.5117350751059421
0.46964553988591207
0.6972864810032646
0.9731081883394452
0.1649934420480461
0.3397989988870877
0.4865620286155118
0.01225109094729051
0.546864450924094
0.5002429149747495
0.810506733887694
0.4071472575041922
0.6681649208062714
