0.7451867339676439
0.5061518057521168
0.4414598844133121
0.7502326662683874
0.4898716049768262
0.5352171247971582
0.5200244388555637
0.1690297945017006
0.347848062109283
0.8580504168051672
0.7301406393347738
0.7446791422094254
0.36649452361022483
0.5489952850992648
0.6252599907335357
0.7062763876233791
0.5724755059213804
0.4919101786393381
0.2921282779014918
0.8794691085233333
0.4457161007394419
0.4483575640592028
0.3160860233978162
0.42724274563949205
0.6697106014031462
0.7846415129089415
0.5866247500591569
0.5541940314262603
0.5563166800306908
0.27911153193063404
0.18274694775442757
0.713730596709562
0.604002927488435
0.44510059375215383
0.4996858537307578
0.40388977367328166
0.8421319763064778
0.36274338941184925
0.492298994858276
0.35137309622839297
0.5522407794007955
0.7120946168684531
0.6771061442304974
0.4796534494913969
0.6827373977805399
0.6284007704415453
0.5898190398880068
0.4853546580585317
0.4559128770603271
0.4192354738659195
0.43387087593405493
0.5004635012202938
0.12256945960969101
0.27442212214499434
0.4151119662331405
0.6513954920918228
0.5358619475462679
0.9386719169771466
0.35514375067758625
0.4545026103055654
0.7676076884884326
0.8434240575528702
0.42283719346021753
0.5426826880224902
0.4549842364766068
0.6602762732168681
0.5071157843203294
0.42011797933288364
0.24679723033404372
0.688260480485126
0.6413358725639261
0.39733843640363997
0.544395735145702
0.2889372161120395
0.5317175654895092
0.48265951092677717
0.5310122467718106
0.43679362845756214
0.10649670001901022
0.32900094016527703
0.5180548990822197
0.610377187728965
0.901815992988825
0.3664373263278484
0.7123283148060828
0.6468855507516357
0.5566736118333466
0.332060190948414
0.32466532938251125
0.7973053822582732
0.3707830774209959
0.11504760637634491
0.40238864470861024
0.9070678244588993
0.3276969210416026
0.5954881705686514
0.43412677195291965
0.3543573356389264
0.6475592232993592
0.24410323975120285
0.3592148202024378
0.44768584284137747
0.5014758909205767
0.5082797965183092
0.23368464658061927
0.5011849834844324
0.45253810497192026
0.5936382156326426
0.43261218748965835
0.7077470458694943
0.46136619377650195
0.44731926136333083
0.4850571712531944
0.8075410378258763
0.5586550740365124
0.49533462691636043
0.4579066248080804
0.4476466142041436
0.49388764505890426
0.036356625183021775
0.4777001632328951
0.41977436494413983
0.4332225794988403
0.8306030521419554
0.41775030022075194
0.24714325957458314
0.5389369323073168
0.569653984438222
0.5513904295121062
0.4887140452923928
0.852425382806844
0.5819227911276574
0.8073025306949309
0.32579672242922264
0.5569517698842181
0.5822069013964322
0.4736760449028561
0.5481426839321778
0.2459618357215382
0.6827326019534782
0.5767054329950045
0.03272050753603135
0.40530913576626376
0.41173788157096297
0.7947092195265709
0.7357573551155578
0.176545377259896
0.642898699184141
0.7673326182199419
0.5338920805801628
0.68037557332817
0.9940782113497255
0.41522548805238557
0.1906745278118012
0.6509544171599949
0.6327969891887177
0.3719580225241985
0.6075756403281461
0.4740890318416891
0.04379476640920635
0.2789495136195612
0.916035726542178
0.43157291631659367
0.5255446017279041
0.2487590156279696
0.3564346287957305
0.4166892464962094
0.5825392162529708
0.37296341542821826
0.8046023992328226
0.27797928824544904
0.9064512263263607
0.5654455661832093
0.4737309876092899
0.7462375585223671
0.541715302102169
0.5601274299012506
0.18315436062192825
0.3133957978705006
0.5270218738414422
0.8562514991543013
0.6616337865965098
0.5941548775747163
0.9185277919831057
0.1334162215196799
0.23496820892681086
0.5626163947410554
0.7454036693819397
0.5363518349024667
0.8529322661329162
0.5124804512790532
0.4961594205588238
0.6035845391697354
0.7421763317056393
0.9198503743395263
0.24115264316535373
0.7836706724947409
0.5189898483442443
0.4711560979296042
0.937452792287733
0.16420497821097632
0.35290297431050566
0.6485830031340774
0.581051314429456
0.6716788543163457
0.8716800900540871
0.523489199768218
0.1490463628545872
0.5580703534141271
0.7509951562960117
0.5291471194770174
0.5718666621442734
0.32339684499621424
0.21152373792089002
0.16261566733430613
0.34150801502328676
0.6220040155647454
0.48823429723083583
0.5584730046192329
0.29875692020466105
0.8476071990000471
0.3249215823412157
0.4403638652536923
0.3699366920397892
0.9789539984511784
0.07776743081905768
0.5330170729941953
0.328600779592244
0.6523053459329818
0.38719990111919234
0.7441482540183653
0.5512652319322714
0.2165540045519542
0.6130954183047782
0.24546702662004546
0.8752558986034146
0.36346979370765214
0.48770294831558314
0.3781768691357046
0.8541910226602334
0.8565157650937789
0.7178940044075875
0.5694344561193652
0.1802284434547228
0.2870915764410067
0.7470674639345626
0.28631733816343574
0.544739943213692
0.39092702150860553
0.38638132042411977
0.3222325982892122
0.8663646773032161
0.3179835753222548
0.806471055259544
0.5883337765381876
0.5983756233463878
0.714235893423651
0.3686500987468864
0.6992489634569572
0.39442896731025945
0.1048493062834357
0.5519395898713872
0.4896990323346651
0.26088323605873465
0.44967275717876265
0.7123681562958355
0.44977527284643115
0.44083383027271
0.8211605376390172
0.7985598496578282
0.6885707748311283
0.7707653532243175
0.3647505073883511
0.34295958401582904
0.2680227539743307
0.5433751390876197
0.5929195391423396
0.2646969456433093
0.3008522774191132
0.47976878448903204
0.4145364665020674
0.7668040355522976
0.9087830618957031
0.4046008445662833
0.980235297251201
0.3429972041659037
0.6246993788208322
0.8827631810501355
0.4478950431942663
0.6886654324979198
0.7252372470624006
0.49703542868624995
0.3645377436861552
0.5275286745786134
0.04396856300866868
0.23675811217234527
0.5430807638050703
0.4538451448896453
0.30948919460508706
0.4257652321076859
0.9104413960000954
0.307252198243496
0.6569950224325218
0.5788068222015476
0.7178902182606752
0.6317582219628707
0.23965440454537607
0.9388900068077404
0.553049483418931
0.7733257212790869
0.6587776242629054
0.08321850643590753
0.36920847375285476
0.40377533960157386
0.5109546291922206
0.805048619838701
0.6915094946136016
0.3765935356802145
0.5266705225570378
0.0745754194210915
0.3742899806143543
0.6331746813792345
0.9734765142695921
0.4783001719898685
0.5808359427086252
0.2654091099728202
0.578609787707972
0.5091941106563997
0.49332795545298525
0.24044698694724254
0.9830396925591973
0.287248268371034
0.4289672232225181
0.2384363756453532
0.3027131882716052
0.8016995177600372
0.29704213928649115
0.2560035323505347
0.7599115166269114
0.6644095559867385
0.6112472303477158
0.667963660405893
0.5315599725380558
0.4428690244683837
0.11497457431675143
0.17274284172575882
0.7080022698158308
0.4518203644416976
0.49903642117233254
0.566203980202043
0.5311892753771287
0.48812971503179814
0.22944941509646255
0.8564152923030712
0.46101392854708934
0.3227267163119421
0.42441768341330205
0.3385248650581356
0.5204869062189789
0.4873324020578409
0.5076282754287142
0.7193314371168303
0.6958052642850954
0.5351964015217274
0.8877935143952806
0.5670124544600348
0.46992353211476867
0.18381250323369083
0.3648626368060076
0.5461369821371932
0.6770480961872578
0.36376857963986664
0.3804334985447614
0.3200981219889077
0.7255430124457228
0.6089929368420393
0.4129481674011657
0.3756953033542174
0.6970400345830963
0.932247254167013
0.16537185116750988
0.624068722252527
0.7799454929821581
0.24579212446633864
0.7071392809768752
0.7707737111142351
0.804763411694706
0.26681068787186013
0.7023137812643618
0.4612696602935996
0.6058409925848075
0.09917158995266864
0.5565646032188162
0.4935910593557956
0.8389766514394432
0.23503457193802976
0.3530670209801627
0.32939107920660277
0.46086320827258354
0.8633263691107276
0.5407608839723617
0.1284409874078205
0.6127676531800645
0.6264209780282216
0.18686534087140744
0.33766528244188543
0.8762652534745812
0.38016756947719105
0.7044220432830628
0.6179419127252161
0.7372499311328147
0.7617160468836481
0.4918042948173664
0.7449867328688451
0.5152804010438442
0.4322479211044952
0.488183441084811
0.7531210950480134
0.9480473021379419
0.5219681898862947
0.3931439704736045
0.49000275341668115
0.25617821027192195
0.6272548360496942
0.5998886777222194
0.5155105304728042
0.49129473730749834
0.50563975003584
0.9103655973348552
0.18110664516041952
0.18092033568683064
0.33186918329753695
0.769214506457097
0.1315421852931435
0.6080170201094457
0.8199339119847687
0.5615894479578806
0.4848298852845851
0.45071664594618294
0.5093783246152401
0.7067946707594885
0.9378248222776848
0.22403144745561185
0.706070932428918
0.5693819308018114
0.3172327086427015
0.6265815331162166
0.358473643780304
0.4935246957014834
0.36243392342665903
0.8552017139912715
0.6141529845244589
0.3488299270759347
0.5338503588511522
0.7555128410778933
0.7966686057578449
0.7425658676108129
0.3351543661510527
0.5550831935234375
0.7315308500341309
0.3552855169249165
0.5527014440678769
0.20774118465626812
0.794479982561413
0.4978446289893089
0.6650942755964684
0.3442401256972928
0.624389050042615
0.6430188796775576
0.6879516040251867
0.7184217265243301
0.6462273803002685
0.4821045315201366
0.5390028992764788
0.4611522026825762
0.5106672975369023
0.5486350348516154
0.5913258618175571
0.6092552177800131
0.5478301835593387
0.5716515285195041
0.7409182925286457
0.4500080006989795
0.46704661982753665
0.8057105804673699
0.6685940596663698
0.7303109090611434
0.754080093574667
0.5171869800421898
0.1434578286510375
0.5664235323767843
0.28803557143983777
0.8706832677453442
0.10839737372272076
0.3092276336559425
0.14961342817826426
0.46706344271789124
0.8594322584910759
0.6863889295359104
0.6521381056863991
0.058633094056407035
0.5417874715368538
0.328576472317036
0.7433674424452728
0.04714180921780471
0.3813270973229183
0.4342312286519101
0.963023454367206
0.5858699377605645
0.40707241453132365
0.8217466524252922
0.26348877643874696
0.9027855479238684
0.40565181935755285
0.4807012113579935
0.9121947735247504
0.5560508292305664
0.45890195787429755
0.3786308827829571
0.41770729790137434
0.9393049539130162
0.20386526554545403
0.5507638447300441
0.3018198150819059
0.7351970615583111
0.7047018449465718
0.7874708147694034
0.3950924714160598
0.5541341797805295
0.6407572181354253
0.9072998894181885
0.48868620710614286
0.947706365982927
0.4740855920059061
0.19854939312422323
0.19187826210042774
0.5515123223708855
0.5354873920046824
0.14940992360079025
0.548502003774071
0.9512034878818745
0.3840726481852781
0.30144946409510726
0.12288138384346123
0.6490129223982339
0.8882337567298841
0.48058884786990796
0.4204181677116912
0.6043467404867238
0.39595060080034916
0.6222782166255192
0.8142353163290335
0.3930368807556757
0.1638971303400124
0.5527580414250755
0.2647758346489509
0.9405938177588185
0.22675916368974397
0.5552033836705922
0.8254899981660986
0.7036973844854099
0.8188429972466981
0.6503962850828517
0.34415740623853075
0.6709729922111469
0.2356689044463284
0.4000797549765523
0.15246525944903583
0.7241530752319452
0.5842698977607435
0.7219103727750737
0.14364129004002144
0.5393728296032031
0.6972142455030735
0.5276963015814636
0.12093216653865058
0.5474969105704992
0.8843196297729959
0.4470616273978324
0.792067884004756
0.2986603797521191
0.4372864254050054
0.2445474284420927
0.5317227882443016
0.5503059609649119
0.28932040874860987
0.38443848661563046
0.4690409972267524
0.5792823223013985
0.5051380709541726
0.34641313557873377
0.0412000254635911
0.16907241544473264
0.3223230826406471
0.9449115562546844
0.23166581531720357
0.532402998360452
0.667707236129186
0.6042512809705431
0.918119532879554
0.21624546217111917
0.5738722497246034
0.07665025960994344
0.25822758588194494
0.5263763784209272
0.4603971043379543
0.42975519371945337
0.12552824622069125
0.3119558756480211
0.5844404082043562
0.5424745185211406
0.7009224805307179
0.9843874639466714
0.29059782154392594
0.2699395611572419
0.5850201199457776
0.7804438351427998
0.3803511861207266
0.8305367658561773
0.19530757870256493
0.5397672110796142
0.16272232325554536
0.8469952129265395
0.7276195609209405
0.6827815445851055
0.41546134125236367
0.18982914462276895
0.4575625282624238
0.38386563086502745
0.8352069298568647
0.11770130976625659
0.3152940723144122
0.5743296342859239
0.3416608359609762
0.9288726705082199
0.5477226478866244
0.30381764680631107
0.763397125010884
0.35690997353187065
0.5460065809986605
0.8249946200273817
0.2757263641550748
0.43665680071338286
0.30764905390870884
0.5802574473071448
0.15975609174635808
0.8524343738168678
0.6597460762507512
0.6605307658326927
0.6912967262194667
0.3883178678869378
0.6565715184170786
0.25686978047922954
0.3502842080891835
0.6459388180642955
0.762270792551625
0.28150269574329984
0.3528025059828046
0.23697172739250622
0.674767633874066
0.6587242753297778
0.8910692579435049
0.5224272910341029
0.5194241792668399
0.1995475213290688
0.2386721013169309
0.6798571112546106
0.47982129592370837
0.5249682537120842
0.5511459380216037
0.4350656883937852
0.2916644724211299
0.9824633935957082
0.025263548042197315
0.07255330232739055
0.36243138642412864
0.5877412596205709
0.0799657171381848
0.4926751518152001
0.9030568939128678
0.335915334599863
0.13210927026581282
0.3609121511159518
0.8169349141657818
0.6852305074913716
0.5031519957001387
0.5486247695226265
0.5119720352678252
0.750574584756803
0.3859683946999253
0.5546031971370398
0.2945250078483389
0.7475351400723486
0.49182875109727847
0.07338582899398435
0.3934945991353338
0.5009724770914512
0.6769538020059249
0.47600321285224595
0.15431033213910783
0.6828952472640784
0.6992826419162173
0.300161547780714
0.858691077822068
0.4820445996312178
0.7384048733904115
0.5125229807503296
0.1931635421208683
0.6219094910075779
0.43958668960102654
0.8952869014678474
0.6990609422901812
0.7358224513606375
0.20515565147417286
0.5972418202801095
0.4664208676723371
0.33625820215899554
0.8411252486756514
0.45674565914261256
0.4162705395992148
0.4107522648145133
0.6356869132666889
0.3510679735848719
0.8267222026036596
0.017101832260898845
0.21416175617844962
0.21712075691867508
0.6780454572533849
0.28235881562656806
0.5686213406160808
0.1730958135206473
0.48846269035252377
0.5230274586216467
0.5106775914592512
0.3868784267357206
0.54558822685996
0.6921336649262851
0.7295686288124643
0.5534686907735058
0.46364450730078954
0.37668871360536155
0.5066909504000611
0.41108462395833617
0.6570455877949609
0.8790775320924558
0.403659459329674
0.5042528880485363
0.5293409279115918
0.4908814309239259
0.909826284716788
0.23035147650172746
0.37060805955297
0.8023461940887018
0.5680537877116197
0.6426028628767444
0.8991462508089008
0.33304113729251933
0.12883001537210953
0.06997387115930706
0.5761182414404435
0.47301458078743974
0.09640907831925781
0.09529019670058553
0.6001207477085787
0.737667749276257
0.7658986784003168
0.8627990416100255
0.45119734632920194
0.5796874657666595
0.4369580648872117
0.32453171454871466
0.660985598299989
0.09576962523994234
0.19752095125331914
0.7741131910023271
0.6551570643762433
0.3114295729642167
0.34488199026385585
0.591239902014858
0.285583330680021
0.7027025914509573
0.15140686629234396
0.5542297976022602
0.5914674897981431
0.7540216991965245
0.778027636992098
0.26257636145949814
0.16418745136013058
0.19516450545705766
0.33147869188164086
0.9233026499071969
0.7207178110559269
0.6271176602004841
0.3352652177362498
0.21677674523431217
0.494287855769853
0.6054332936396094
0.44026121674113233
0.2981185160837925
0.503684700728815
0.3495926664020898
0.6565834440056255
0.4383855284046492
0.4695707429505045
0.5408703321395193
0.5427815069602001
0.11428966114597251
0.5945826826413433
0.19903550121150326
0.5329910693945153
0.27527634741058865
0.5326272553461249
0.7241514149019845
0.421249385806625
0.416561363598485
0.42497815713786774
0.4940600911507058
0.9592695097915644
0.3925023521595118
0.45756994346781626
0.3488168675237414
0.5506767013362319
0.681270232277823
0.9074075169190582
0.31477950694611495
0.6512710091773657
0.39098588588494715
0.6889687249465125
0.45727264351911073
0.288569750668153
0.2738866068126255
0.6783796373731183
0.6185618410794247
0.38694921685476813
0.5789867497939131
0.6318444899952137
0.40808865258129884
0.4736000284613194
0.32913609570324415
0.23413729020551086
0.5330354571027548
0.6547036807778142
0.5023564170387882
0.6930696008126818
0.6653766336644609
0.3697133550396302
0.2801839753511203
0.6587094340023241
0.35783815514737294
0.4998171395989285
0.342253578982394
0.21386530939897241
0.8894587264292051
0.7367875106245101
0.902049554375492
0.2420918533773992
0.22911708355922814
0.6683103739809386
0.8080780282198128
0.446236248656721
0.5031168800629691
0.44321801883517925
0.6466940427659151
0.3294097636564093
0.5653905993250278
0.6711260803520668
0.48648195504576186
0.1529290822587976
0.3258467432693424
0.8263474662637221
0.437803638235987
0.6512326101091057
0.11896783045705082
0.4923041594762468
0.476512982845553
0.539554475538941
0.9717076127904521
0.16039474970048434
0.3575355599214419
0.6899372881360186
0.2806705673323063
0.6934308428734843
0.6766051905848316
0.6477095010521542
0.5149585379870332
0.7440987760800581
0.45170246672909814
0.8231563066114559
0.7717471579724176
0.5762271928876617
0.4785450145172708
0.46938924153568984
0.8933045519295835
0.34515306787686206
0.2971610603588145
0.8380821699174461
0.5039854626017084
0.38581534139165563
0.6715458980621136
0.34369092963460685
0.8093168465397718
0.02745825789626193
0.3190049185755198
0.547954691038298
0.5475146477624269
0.751710829201578
0.6769315933658392
0.5588322505108375
0.37473787042045964
0.3289638832137082
0.8138569998594181
0.34206891498339054
0.6685105721274698
0.31065054737819386
0.1690235806607926
0.267748819826331
0.4727462858721498
0.734458312289474
0.5536579311725365
0.2216823626412479
0.5037493994247112
0.743714441428625
0.5233528946392205
0.46527229642976936
0.5319316982731166
0.24998868501951238
0.8321384701980044
0.38362035192221555
0.8062177556786343
0.6881871344458147
0.910595499569296
0.26951113502337903
0.2737482144707331
0.4293641753603482
0.8103254106363007
0.2408700224112328
0.6143339485581241
0.8164682435042385
0.9189069811423329
0.2616856529616192
0.7287118048762762
0.9655199467530206
0.1845795263329705
0.6575776953299484
0.9108783649538386
0.4128255352797997
0.39168786103315056
0.1627471971217959
0.8267698967415883
0.28327878325878797
0.9263062738297124
0.5996401003801433
0.5679224920691279
0.5635188972611291
0.611095745530308
0.6819147634938931
0.5850723372173959
0.6383280927792238
0.4240520047588644
0.7744202404745426
0.9312862538730198
0.4894067801395631
0.46464309146210625
0.4454495061844499
0.33108190249014785
0.5205203909657037
0.24785356827801877
0.05927445701222009
0.5224866996857201
0.5215380820572242
0.3694762188062406
0.7747534253265804
0.45367306185148315
0.7841618731065059
0.3894809124945709
0.18604447255332793
0.8773895645247763
0.7132479787902554
0.7609140504365441
0.050835983966636564
0.3587447229576817
0.3641311209120491
0.9154260717055751
0.3801701960429212
0.7160319885561645
0.38046077999747085
0.8337340979105243
0.23986771476818625
0.30132955579043885
0.2857505287423892
0.6625067900298222
0.4501351541949055
0.4609207326383729
0.8208510229179482
0.6336011923366558
0.44095259399153924
0.5056553493900946
0.2713243588069166
0.5839837653003903
0.13798634465791487
0.09471551231671323
0.4172600525538025
0.9342747071078851
0.0875029823045897
0.13984937114559504
0.6113912606228071
0.764911188574852
0.5490772150164361
0.07176208701785333
0.22990761693782102
0.19511832939205187
0.4632178670005749
0.8771541611195598
0.2477218995349997
0.307894719788879
0.8320014228926662
0.30473405387987285
0.7101434005329426
0.8063825037668972
0.2770599294097282
0.290722255765953
0.4185071847680797
0.49756646071908606
0.7305246658133162
0.4551380514100688
0.14082203189445255
0.07393594982057464
0.1832410799700971
0.24719721834413147
0.5892741607578311
0.2274452320469626
0.3436233061911886
0.11725687824673027
0.5993997661532504
0.5262803227845364
0.09768921219198413
0.28803439247357776
0.5016197412399528
0.5049022202943423
0.6560490561368798
0.9228228026167961
0.5061506540744701
0.870905847120754
0.4207417533409781
0.5548392584682075
0.23266564233031523
0.558893617194843
0.2943908882177768
0.7429423506587952
0.5747119497102091
0.36286818911581875
0.5233318194455583
0.6339827087668171
0.8686623153481581
0.34668719976960594
0.9658855735839145
0.47961026444969324
0.686624522477117
0.8265944843100062
0.5798900761605535
0.8124976679927121
0.7965900781948554
0.2528008709007145
0.49398926168278945
0.4510974782565073
0.2979550786486448
0.08618067520407098
0.14651859019207458
0.8335181234299953
0.33453440333215617
0.48843829608510264
0.5053069836682459
0.22906929016799854
0.2877204586788887
0.8729364756678031
0.09756020529586924
0.6515838418938568
0.7617631024505633
0.07545135633712896
0.4586917856402537
0.3151633633502743
0.9046443940590757
0.07132816083665146
0.4295775275887952
0.7300859662741065
0.6542577313860173
0.6449034602005992
0.37274596630225276
0.6849955732372349
0.11698376793048418
0.06803468234865068
0.617598863609704
0.906440586539135
0.27716973054572797
0.7624198806651161
0.41543209726166325
0.1896909361964958
0.4075765873486913
0.7576533806467877
0.7846874220108715
0.6966568937049679
0.47626775640366614
0.07949346388167816
0.1506085032071349
0.6485244723927468
0.3337124074947475
0.6934776596875286
0.26653716799946164
0.3783202546530257
0.530011666872033
0.5886377074081006
0.4742229816680751
0.7490411613132251
0.6645783585969611
0.626745179641633
0.45541692062241756
0.5524086828847414
0.6395376405572223
0.9118187392255578
0.2678732077392916
0.39799521652090153
0.6242892062461742
0.6677827709732445
0.6067367792540646
0.26495307424767967
0.7661372688160408
0.8432040314440956
0.42800564678656766
0.825442718434459
0.6173603802054859
0.8578044588659282
0.7583652934273264
0.46588000174113886
0.3830572264972806
0.4730184303504883
0.6452083732856352
0.8345964078775452
0.5719475511521439
0.5907337636107912
0.50164962211523
0.14466231679312758
0.7558954317970189
0.4797493024308551
0.4719344414850021
0.6854358716752418
0.2795195064607924
0.37590838896361517
0.3447696311118461
0.42086425623132995
0.6322243387093045
0.07681834243038184
0.21255250277317145
0.36338227138376467
0.606155537944373
0.8115952635101511
0.49527843203703875
0.31711861934994473
0.4635016488408953
0.20460450769794136
0.32405389251285577
0.6109901934259061
0.19635651339912308
0.346329482434943
0.5395673014077749
0.5437444079316971
0.4583229552221408
0.33325485289871304
0.48754205903980763
0.9456404293711773
0.3073627597351407
0.5519963460948539
0.18033818138822127
0.6488190586499764
0.746936388437058
0.3641038928250664
0.5304069516875285
0.698734156998488
0.18800052993397715
0.6895053692510315
0.9816165451239349
0.02637536575386508
0.4280964707784171
0.28618100401054913
0.6890398563896838
0.5229599592194107
0.7863264534476311
0.07787069109276118
0.3309961324775753
0.7231718285445903
0.4614174708468227
0.47089964800722456
0.048932146690827405
0.12085089773794594
0.7682421972919917
0.7242765249178233
0.05841232729583714
0.5165989454093585
0.48443247071570117
0.6872357550061843
0.9627487756085122
0.4578298506883418
0.8944635060244535
0.3422972303194332
0.4555965930919809
0.5359224215274477
0.2976537598780845
0.9355326953667498
0.3373230930406005
0.6024602728289868
0.5725108310838725
0.1180354032482055
0.6748678535935362
0.6233899126024127
0.5103232796452613
0.2472270781832319
0.6090046250486828
0.6238185902525478
0.9038833593586834
0.18402574093580285
0.7514278115878814
0.9171332819243516
0.312427405008648
0.3554092244961088
0.38145071026898336
0.8711448090992888
0.4585950541947943
0.5693010876512313
0.43588109151250176
0.8380126952342144
0.46410261707177536
0.3464451442570805
0.29585108248968117
0.9007722141204683
0.455531194371046
0.45295506564895266
0.46084611023390093
0.2993788382352404
0.9759697724762341
0.48632726105496127
0.3378504374833608
0.42513437869736126
0.527305081289238
0.33768526036475316
0.42959986125851934
0.43536308026146975
0.7332964056722471
0.6201991906635342
0.7939668554749659
0.4428773546541692
0.7270181876351545
0.35797259653340685
0.7291663732120559
0.7396264281954468
0.86649277752259
0.12615023727860925
0.782089694492279
0.7567577321236013
0.3917375608662117
0.5767757079607043
0.3419233601770451
0.5627955770867076
0.17190041631807948
0.4732929813296324
0.5202341466561716
0.07578987300466396
0.369218283792576
0.12313551760191523
0.6897763396212988
0.5213157171390587
0.502501037105797
0.8165575052957403
0.12173183917272583
0.6619412418243493
0.8842612867004249
0.2594444853021315
0.774646525626473
0.5985671878728857
0.48082897675476893
0.19482421826139115
0.42113143501263933
0.6912831239862488
0.4749862576282507
0.3599704852236666
0.14442590791000406
0.6968265444636854
0.7342857856859821
0.9539327283887772
0.5341412320619428
0.12638555125722045
0.4702658880604632
0.427549142290883
0.557095798393548
0.7975426201926357
0.19629026157287421
0.8234948571383001
0.6428250652254599
0.44014664232033984
0.7273188862397459
0.5631945722458064
0.6512206495381283
0.864982590714859
0.5384887132018764
0.7927044116236472
0.5957558457170489
0.5574198130880824
0.7242443417780544
0.5652679115311353
0.5049748580295877
0.7680568377018009
0.492241076610647
0.654597944535869
0.6728300961316493
0.6059920721746257
0.9853687707973644
0.020586340481982948
0.06136073891133986
0.5226423854655309
0.73500911622988
0.6025483378556864
0.020807957433270494
0.3716150502474674
0.5814356435374981
0.7216865460159179
0.921435147995507
0.2248241186310434
0.7539608872270798
0.9061256166079323
0.538618574914898
0.8924293295801965
0.7652153554995818
0.7691503070293715
0.03847392341845313
0.03735139599735978
0.11361133155587001
0.7723694662425201
0.6775709122442894
0.5173750080080511
0.33042329132802273
0.45166472675157054
0.47840073018999163
0.214982627568196
0.054438636803838356
0.4669823856360097
0.5175553944606436
0.48207620876216734
0.06914062411497798
0.43690711769462276
0.8107804947537744
0.6108600078709651
0.8803041586447147
0.5498410345258491
0.7263063211394085
0.5321492743497631
0.4565697499424124
0.3675896205083644
0.23188475064683095
0.1152738979911854
0.29795935562324466
0.5262316260275982
0.41694772792573065
0.6276659956060877
0.5191651052645415
0.6194297355569672
0.7186438173786869
0.787029360880108
0.518722494693717
0.14980675737562935
0.5949637331283931
0.5201122472586476
0.545763764186888
0.3008030476999845
0.06067499847828329
0.6530952405855985
0.8449881587501766
0.6716884600915516
0.5137016593770902
0.5027943367567191
0.28677359545743464
0.5932202653126055
0.47595463988488906
0.74834320664272
0.5386655330169
0.5064855882398891
0.6011999681360232
0.5858338173484836
0.5809600370297798
0.7697199442772075
0.4938596651994759
0.93242773103447
0.46045105976252254
0.861654911356966
0.24022064837573187
0.13448747482519424
0.5974708198651929
0.6850951923669066
0.9720467445978549
0.24962530482504977
0.3417528806891071
0.5527362967561351
0.7385042175741204
0.46299218318591395
0.8117458741750364
0.671923083978276
0.9360738254101415
0.4761651651833754
0.4805713895814717
0.827818688756914
0.26474672692213863
0.46856970215448956
0.63927183342192
0.26026196626233045
0.6901400956118009
0.8081161637153755
0.245868557225691
0.30040742773806706
0.864926002748456
0.28097006194621454
0.4036855377708041
0.31409734476474527
0.7418752595644565
0.4741374915728883
0.34562042430640255
0.7536711204775939
0.27615461930384855
0.5681875914583076
0.9623804931640885
0.18502586065267784
0.8278023099167409
0.6606243312922258
0.27483936937265296
0.40340761405961617
0.6353363294954448
0.6097395205997059
0.5603342892251468
0.4883395464177984
0.7039368784554916
0.5500510993779779
0.2253663787675943
0.5876568640111263
0.6301961513033569
0.27755230460423297
0.9184274665313739
0.3515610370600657
0.4588261672718589
0.8249401569281611
0.5408643169658571
0.8032452556190626
0.8675664114717437
0.4580570812845941
0.385995575663502
0.44464290741682805
0.4927111073203776
0.7586912793119005
0.2987228173474004
0.6633391441941598
0.6878289825747683
0.3696763405616357
0.5365645794129903
0.9140013345731489
0.4886577732496533
0.8970892076294559
0.16502421714334684
0.19348852874184302
0.8637786593321264
0.4499469578217023
0.33543490527673964
0.8730882991853685
0.48301595965561106
0.837334519968197
0.2463056227883882
0.6689385933378835
0.4820043722324866
0.7648303507380279
0.6686683841829314
0.8922721990721889
0.7530029493398455
0.7265925404927889
0.5724811715818705
0.9013813216919807
0.21770295201494544
0.17541887548705262
0.6408518029926527
0.7455249963935847
0.4545914745416509
0.23421480261371896
0.7987673690115586
0.6401285706816083
0.513290125788364
0.47644974381726357
0.38662861205024124
0.2852817209377199
0.6393812767678522
0.33790055926958235
0.5031410631376966
0.3063827298611139
0.7753547893752183
0.632611330633746
0.713065926688452
0.4327763683742371
0.6219481344117435
0.8630954603535278
0.773450638625498
0.7776609747966701
0.5704610740865932
0.5541949974825896
0.6595305327211057
0.6919567776943083
0.8130925151540537
0.2803685075522988
0.41349759132273006
0.6819982680360135
0.48362323422590675
0.5704708515545011
0.22314335044550793
0.6272558903159224
0.38958622645918584
0.6756016944950775
0.6783826172217129
0.7862741695047275
0.3921347315414728
0.7712267353136146
0.3370500205809568
0.6278978085917333
0.6715195429925724
0.389722459572882
0.6363612054455735
0.5511601229530032
0.7672398886382934
0.6419046528316869
0.5915280835223142
0.645971227087923
0.727208599942141
0.49822011881261674
0.738258479837657
0.9472497235166901
0.17888642902630963
0.3320874820391175
0.17804642173886606
0.553733391076652
0.4644085944445577
0.028465996000344454
0.4313694348181545
0.45577225064360705
0.5092358710969199
0.4808131580740355
0.40414601598462296
0.8391083922161006
0.24106067865176473
0.37849014836047534
0.9549484827164832
0.6029196171077007
0.6971605838874717
0.9271819995423409
0.4673172205397421
0.4888063860162545
0.8223367863025359
0.12103251616349243
0.5072684482821647
0.6617462462945265
0.5964136025941743
0.49036616254519977
0.8435284330300625
0.3480249656440987
0.721638491052026
0.38831820004451384
0.20451624449403977
0.7687242703259058
0.9135757143369629
0.47812470756125197
0.5221663633672636
0.3541900526089468
0.5314881239163214
0.7716764503730368
0.14287292507670443
0.3770735261899757
0.3329766899211421
0.6544249231276257
0.06696885791183273
0.4432960614907699
0.4238824674256846
0.8514086425687076
0.610232073264896
0.7438363058897399
0.47859499814968404
0.5435224386290518
0.2622645501624802
0.8194469200211769
0.7470673224626707
0.6266581325585878
0.8272879549407671
0.6218406836248813
0.6480155789927582
0.3289565817629209
0.5349669744584034
0.27055596877458343
0.71284178970446
0.15171804011423518
0.3309562662317115
0.7215614946231962
0.5447261047094488
0.2600911347091699
0.4365201363482468
0.9420200495464398
0.5541653692221581
0.5385164382757139
0.4903575613208653
0.8084632285140877
0.5259119930108146
0.5115240361982811
0.39988665388914757
0.5536955429332239
0.6254878616626542
0.6360036640498372
0.6342118238511103
0.8809314714405778
0.6639124099676942
0.7146613035731173
0.2755465877417726
0.9057532896092777
0.1662911369642061
0.6627467437579241
0.6170192826641052
0.07795592223547518
0.22727118578624123
0.7460382769074145
0.10437759172133917
0.5231201490726113
0.23088949184056945
0.46177875825599957
0.5303217130068828
0.3229195855866017
0.27782467016617696
0.8599173873217767
0.8110358903581959
0.5991268107462605
0.596847055592115
0.728635718569543
0.5889600083573556
0.4817334439061549
0.5890212496043807
0.7913750291192208
0.42279199350514773
0.8953374456612763
0.7353843324593105
0.6851561500177521
0.5069270653665269
0.4210783021852764
0.780873291695902
0.5171897070665504
0.2601445324980276
0.31794631410867613
0.9491943425997426
0.16808962143142703
0.5990923440981117
0.6918582364924569
0.5996593330016413
0.14587857023038814
0.4584814106096161
0.3159684517005391
0.5768577384796476
0.4510654493738586
0.5758836139537475
0.4088683757517009
0.6922234042763862
0.6715060541554432
0.7835040634947179
0.1521545066089115
0.5140630678878082
0.9071115588887574
0.1354425826723982
0.4231941071438163
0.36278905859849486
0.4197003139985208
0.8211652765315297
0.2870095712003432
0.853855909442925
0.22447168845850118
0.04033252309586349
0.3480885137449363
0.7163681800723378
0.6804242443806219
0.5778488434516134
0.8220388637158345
0.37462315991128414
0.6630407936494632
0.4502801102402547
0.36861164390115475
0.7863279065262193
0.760308880598098
0.3072846719010182
0.3790949411548812
0.761122412365961
0.33816290463600096
0.2804283811433514
0.4361723513130253
0.8041392997789469
0.5799220757534354
0.4975711398843261
0.6560964522428039
0.41716988072477124
0.48202540054734755
0.7852702685447748
0.3609985487927821
0.7851964520873385
0.2503455461081476
0.6784990584726662
0.6684792793357075
0.4349538126831914
0.15423713809781842
0.742947197460966
0.4198660045426655
0.4210820499320681
0.5674963204318273
0.2562431355851832
0.3581634732936496
0.7754816958304458
0.48478710920404544
0.8531621976102166
0.49795252801011003
0.4780111828445421
0.3527401387008938
0.47634112704451115
0.6411575385617728
0.6761976718041398
0.6019155636321526
0.4356166524205277
0.7298329724905545
0.3963507254017335
0.1826052343043304
0.7575137548078816
0.7076153541098754
0.5505990921188303
0.8145953226235549
0.9424098518229183
0.4134803862418606
0.4025150025568988
0.4504584724481705
0.737086957032244
0.8746726682369919
0.3990063671623947
0.7640146174951394
0.7773878454225491
0.9323392939795446
0.6751568956945195
0.6906677803938952
0.5611874730674782
0.678992140872535
0.3055537819409654
0.23918773173030802
0.6379564077223759
0.4314405002499685
0.9458677962053624
0.4265438195764264
0.4341234028435793
0.23137257303803255
0.5724901066966475
0.5158680100946441
0.26127654283312435
0.46691180202174676
0.34482345919681506
0.8563509515636121
0.3439773513360148
0.2276469556864143
0.2813139913379126
0.8996347011049776
0.5473576927242281
0.818348971984188
0.21998473649960543
0.5185665822394753
0.42051589985873855
0.7804207693683822
0.9618421189222139
0.3455189343618996
0.726006834043827
0.7230417612664465
0.1323851419014351
0.9022057285354244
0.35172384129236867
0.7509560798771058
0.6011863372571556
0.44095491178930607
0.4967257839117894
0.7215190619821161
0.2150403037494572
0.457943370876206
0.40680107062802184
0.5206824081095894
0.8922859917728843
0.11431679382727063
0.09582547083406659
0.509633750107504
0.7488431167926275
0.3177287378643741
0.7740842377907535
0.4574382914746248
0.4878235982541481
0.15144421356457533
0.48874373300675467
0.8149638219703405
0.624168219847155
0.3300248905772777
0.47516642650376745
0.6012028947285966
0.8785646810509626
0.4861733179284595
0.9804922537976815
0.3073628958775758
0.4148259334427716
0.750213997631946
0.5387773225979533
0.21250409878081064
0.30603795347079793
0.9194774692164958
0.1897103921910212
0.6340681423514805
0.6774350762934529
0.6480116346934424
0.7018345175568657
0.6767525230977622
0.5717804119618133
0.04302137947642052
0.16987995724841334
0.1450680143133329
0.3035218728325309
0.40853827662383985
0.6321104868741362
0.8456308060963191
0.47484168755418504
0.5199582964931242
0.38324742052581146
0.7439383544239234
0.1302431279911718
0.4285797849819016
0.8198797007471799
0.6403367898843193
0.7946229965405628
0.7573119220161162
0.8543339738729785
0.0323110055512797
0.06496190950902461
0.18577957899979927
0.4358626865413139
0.7810051076607554
0.11559318672055433
0.5296246060971553
0.15104309189603146
0.6056641012815873
0.37570144698139796
0.5892701846372492
0.4223051864915382
0.1824723878693036
0.548798870741384
0.5505686348015579
0.4255119180980068
0.47416397884501715
0.19657972133446153
0.783821262939615
0.6779063998207135
0.9513988737141801
0.5160655742317763
0.47518245915419954
0.6467853293727575
0.3578390235873936
0.47659929364696885
0.6581015042141197
0.7850132706428019
0.5737808952569114
0.4929548610187177
0.5486105601208601
0.38367852439983996
0.7601871845056275
0.40327962285419683
0.6940364976567786
0.14923997138728998
0.10880196395966137
0.6029916577101166
0.6053576530720965
0.20223547911339365
0.7561775991199315
0.7667306658957647
0.5988393846876805
0.808255447049203
0.4453628257586538
0.876090928464931
0.6464718138919727
0.7202820504973835
0.6288423564729844
0.39779456144831565
0.672109319064751
0.9753649772254837
0.43507041143902925
0.29694157558797724
0.5930091691610241
0.9531754705669446
0.1499791843212963
0.16613894051820804
0.5760101360579504
0.590207012538319
0.5860037089304968
0.744334025250021
0.5447435934724254
0.6340274196264307
0.8090204590842236
0.4508866786518467
0.7268849186393511
0.7581445398453794
0.9088938361254822
0.4156495224446378
0.5261945542021513
0.7327883851146825
0.4538434046283631
0.4386900200740418
0.5458844370249193
0.8168432357238486
0.5112130169198129
0.22862437507445565
0.6288929339567069
0.6059024040606036
0.8840463317012813
0.4799186338854348
0.7387677820562669
0.12700689802872847
0.2587605362982959
0.3099848402443084
0.7702118032571883
0.4676433931498404
0.16812498919010288
0.30853928891310733
0.08086182109812245
0.37488692586672634
0.6967631034995404
0.1253278169251049
0.29619217930583663
0.6620679971582802
0.5804626068660257
0.6023905614383674
0.461390165668958
0.47525989654904566
0.6546185123253336
0.7021355426373082
0.2523012246932713
0.8434551776473442
0.5936033682250095
0.884068654690253
0.6163153444729647
0.841730950680294
0.25126919058247493
0.2837644093599691
0.8860163790690623
0.3606956544245669
0.8426583366331946
0.3467389852385618
0.44029060549696564
0.44175956575910336
0.6106108541567112
0.24947979912640772
0.36815304944390753
0.8539803372157315
0.3601669396047549
0.4661218931107442
0.5399752148166245
0.5710184818953692
0.4236808357610511
0.48690179117209853
0.4336364854372978
0.7377900544417815
0.4215920598892136
0.34420236244732344
0.5114426667918482
0.45562340763878106
0.6253536115337458
0.5439796709497255
0.26435503651739584
0.6517351290257953
0.3740084363299782
0.26769101569559184
0.26544070359692373
0.6652857204957062
0.5700572201346013
0.5628268874171083
0.23348423225262036
0.37217709751829114
0.96183138308675
0.5113210581142187
0.3372671668097049
0.5933325588655368
0.2657087521694107
0.5002668358134615
0.14103063349196832
0.40701842156355506
0.7381242383405591
0.8098264670464537
0.19360418338702734
0.73632891625056
0.421451711224368
0.561110187633684
0.08326799497637033
0.5981451113351215
0.977110244659317
0.35866357935708854
0.5087620551598256
0.38628058944023974
0.5328841662012764
0.8668512371391506
0.5114759746000247
0.14880821463301286
0.44358784789814715
0.5150721534803681
0.46323123688778167
0.8445271946329569
0.6138562337454948
0.5903036677105548
0.10617658193034055
0.36928866433001817
0.37524220099278477
0.4315901935614397
0.7853956619172764
0.6532548335578034
0.5564050725519933
0.48573349588210324
0.31974727377819107
0.5729904677623194
0.24163185620441938
0.8326777887024042
0.5377655882795356
0.7928957020370676
0.20051736697001252
0.20270291487300762
0.4150072103739156
0.6514524037669311
0.4767569349611148
0.6548837236380692
0.6600435092359961
0.01809574735113362
0.06691560466470944
0.548529832971411
0.593271506832303
0.23784913641076433
0.419088858306926
0.23331912765085525
0.5458376045162797
0.6496472235986447
0.4171219752263387
0.5873342348307878
0.8818756429883342
0.48978623662214593
0.04321073719454685
0.08808767663605035
0.7299708254027184
0.8326776948806709
0.19396264063356355
0.18739125867968476
0.47951468990569773
0.3806780463597079
0.5996671560535175
0.0936631397818662
0.23586103795794505
0.4431691287001519
0.39099361383233106
0.3399332226386415
0.8646654231001667
0.5929219947692299
0.806557764878961
0.32028848137210736
0.5599834566503795
0.5437290148686477
0.3976952303133496
0.45440028768433494
0.3770707617952387
0.6092167396003152
0.6486134520418348
0.17141732863684508
0.3380569128021199
0.49198908777275163
0.25706744829768785
0.9613271336599332
0.4230192254572106
0.17373998005165173
0.6816827827891299
0.7326526302090617
0.926158859763635
0.3125704163062111
0.43012741438955865
0.2868080963910547
0.89377556902367
0.6313511798102218
0.39108788131437655
0.9474298667248725
0.585541889231493
0.7271965858326171
0.1888054203173293
0.5298452843947083
0.15481916412987642
0.7458779925932458
0.775546086347964
0.24890960858087713
0.3594552457740605
0.3424541395845999
0.45166796873623793
0.22541330512657926
0.37862873599560376
0.6353148602988402
0.4762592090428306
0.248715452811022
0.37614407242987885
0.7006242828054517
0.8095098460840163
0.615039304439226
0.7555783595092681
0.3595995053556266
0.322779142313635
0.2767288245293044
0.46222939603808505
0.38336629720271514
0.4557301942330266
0.201298052643665
0.5461443093694902
0.7667211633132831
0.4093899131803202
0.4434417323019078
0.9489368442198274
0.40994110773558157
0.6234212990117406
0.14728063341706898
0.7006332535015245
0.7159878755348199
0.9715291940602808
0.033133671280399984
0.3621003034396077
0.2831605095866475
0.5173173806118584
0.7686569337852525
0.41402197801810103
0.5247943035427597
0.8283009145788878
0.5440682964262924
0.6244509240762354
0.9360600993750999
0.7112273611787058
0.6869609161294465
0.22688150763332604
0.28730987211533376
0.9310409119999908
0.2503750481997623
0.43590148711627547
0.7070299427354017
0.853801430804481
0.4196750850563962
0.9575568000665651
0.27250825700897074
0.4135959854271937
0.7529259377361117
0.3732883874576885
0.8249598806470382
0.31852671275386046
0.6695507184432619
0.797462408840491
0.756927742286436
0.7324658699001363
0.16314751813540398
0.07647883889225383
0.39083045301479247
0.5218945473901494
0.30226542270884393
0.9562033540018311
0.5888251538630499
0.6540518576426181
0.4329460450805662
0.7245691023562202
0.4888204356537732
0.5744416521274892
0.26826165145015557
0.6447772907339338
0.25285192556260594
0.23126813757309056
0.7013166222949618
0.8070132877755491
0.42589431533428834
0.8165843236614907
0.64060138628829
0.85915828278888
0.3336236178319614
0.6592280589873651
0.45493020998482175
0.6183855873496173
0.9528949304106364
0.4204764598870066
0.5619694732505435
0.20085589132595352
0.8005074509304632
0.812656016329133
0.6321626576243198
0.48400371462423575
0.7599227057247355
0.48039515593782656
0.5332593327070627
0.6802542085093953
0.36836980792669605
0.6972993168485311
0.42706413651113173
0.5364362677718472
0.6854927093493842
0.3303832701821985
0.4286648379107441
0.5418363828043016
0.6473454816217763
0.3233407668613618
0.8013099576430007
0.5172516587406243
0.32360200019846014
0.5008822628700946
0.547354618470102
0.35522680782516775
0.824724429223182
0.422832363392248
0.6086726008803605
0.42909309334230983
0.6539400702171395
0.8234428457203311
0.45180150000522346
0.7246690815916947
0.5134073014177345
0.28818881295463217
0.5116590646786451
0.42880236813582734
0.5738993502768495
0.3513588991578186
0.7469197008573201
0.32350212392102823
0.5102103180410369
0.43368767878003883
0.3668483439112497
0.15841602355632206
0.7356661889239774
0.8077735681897691
0.6880935677857258
0.7399504521401628
0.29076410693100135
0.6312569626072798
0.14602210139464128
0.45077372203018906
0.6083527123174082
0.3506665629967103
0.20960941277694947
0.4987643957887634
0.45848024338309235
0.08823516363940132
0.257454767942649
0.8018794009012471
0.42874615250386766
0.36918088867199295
0.6070659729344627
0.6254974940212319
0.43391558819358256
0.6446114246748931
0.11061951070297912
0.18888179352907522
0.6309524013797595
0.705411031555226
0.5411690507823723
0.41263848056414765
0.7108636179633091
0.6920478138229901
0.7272713108697729
0.5780621265134476
0.8990594885148511
0.6117842467207238
0.7789531286881172
0.12680976745481282
0.39923990640171236
0.4949709436225437
0.3405674592744091
0.6168310291377372
0.5346291913215587
0.5505758762724655
0.2961199302794413
0.8210770072996774
0.531073835743606
0.11246167376936435
0.7554740575430274
0.43755476740634064
0.5393885761140365
0.6326480959615771
0.7988415080202331
0.6299432528342019
0.6192245345354486
0.8897954589586787
0.7552287137174662
0.4166891669383584
0.6147835176494812
0.6897947417703317
0.7535268233906915
0.47565046853412873
0.10084623978268271
0.08488184096784339
0.26012878261551675
0.5924366988375409
0.5090269946127224
0.17955183811953987
0.6964491121393113
0.5566291757333268
0.4623190878263025
0.24747613238206437
0.3135502598197329
0.60932078351035
0.48337112651913344
0.5563669975213456
0.36225490084969836
0.6371587964901333
0.6012837200008926
0.48548038607668453
0.7305401569201935
0.28564951063220145
0.7400718423805291
0.5308060173707692
0.5868917610402651
0.7069882191355761
0.3481558472936924
0.9401420556670803
0.3996575777597851
0.3548730416267904
0.13193283196361322
0.5915901316233692
0.7558269646702266
0.3641176859308101
0.6765208282670838
0.36876379062138026
0.4591473721061585
0.6529050052966103
0.6642237981238474
0.6313765325046823
0.3715838160218425
0.7282558925377021
0.6580921936963141
0.7317420023334839
0.5925348255897251
0.6789630553860562
0.5041710856217785
0.9180133192517732
0.4072300865948436
0.13656476276616303
0.46322140103285053
0.39229619139500893
0.7220722771626971
0.769526391943608
0.24211024444656723
0.48518516246244275
0.3982862567356615
0.6331338664675614
0.8605399047232515
0.44163856380276134
0.6273889089400009
0.9448703489876371
0.2774856636034106
0.4171559357578092
0.5604036100144829
0.7876358523345981
0.7210088755452282
0.6945953199950623
0.5486437333164835
0.5959801884634549
0.3444715279302772
0.13688655251670412
0.7013461225726035
0.7990917768638267
0.21998271173543127
0.787260093265137
0.7563071175162079
0.603760759921572
0.40960858252539073
0.3938274954665636
0.4596896371595555
0.07815666672956509
0.5183917783535139
0.49489311866751945
0.3758160570315596
0.47044350750673763
0.2828554717779698
0.5994058407723418
0.19960303280168068
0.6409974669699561
0.30253645228286885
0.8643651534891543
0.288931322430893
0.8819006402702099
0.3604601317520487
0.16517220815637676
0.5094653796879816
0.4526744957900458
0.8731928615724742
0.2936248474178184
0.34583243062912195
0.6117670311224557
0.5248520296014665
0.48314236026847107
0.7157907925946919
0.6483876271623857
0.41360564541100125
0.29384637608389935
0.5132673505057942
0.3298101910309335
0.4365813276199285
0.3713537974847792
0.45774084121600733
0.6771893767340353
0.6104113022276629
0.49805320947033377
0.39886061688701846
0.2951898907524038
0.6772382141660104
0.31821405190434204
0.448389240302461
0.6954890864233687
0.7964733439282993
0.42168839908673184
0.3265688488282576
0.6429185173877532
0.6176932698570702
0.807842719469047
0.20743138210971318
0.7014491967988702
0.4887699494609247
0.1312642189730126
0.21086760709428468
0.5154082878430001
0.1445377194276693
0.5566458508984691
0.7477857748867157
0.9159339209659988
0.26844706907829985
0.6781358197554345
0.5290687182978259
0.33352938628531426
0.4550461215325993
0.550670036126833
0.4378553138019693
0.7661106020633623
0.5383446970529187
0.7566321976985111
0.805636797617663
0.43719499069640066
0.4650467835733346
0.23454956910860802
0.7145083326323924
0.11210982457882791
0.7474379424331246
0.43316861759482134
0.44015954720104833
0.6774627244587957
0.46893003974631714
0.6244023265523124
0.34215001062325284
0.7083264008089165
0.7003580402413487
0.5550943117454077
0.5447884325404674
0.7259267091263013
0.43143617309586574
0.6051979092895876
0.9152995917521975
0.7501848366773592
0.6118749247836281
0.46611297713600924
0.03402331608945956
0.573661039109011
0.3660891266217463
0.8447712284973884
0.16006394387541978
0.5127829895900645
0.655914911123362
0.41363344729538193
0.7451595945420529
0.7258240735822243
0.24573469944828338
0.5458790348115455
0.6308531557716045
0.8772636663750264
0.29269827286015887
0.16273446642920764
0.5339275271268582
0.8133911527795656
0.48873026224149885
0.42772019093093716
0.41489263036613366
0.5804190637864893
0.33956731260983974
0.0716644941356718
0.6004121185324689
0.6966637902491408
0.5728220089776833
0.5913435325404756
0.7463670319083213
0.02832523359601209
0.20285112456703586
0.6776902872663966
0.8521796672768783
0.29208225556354406
0.33034972674844043
0.8789566339620889
0.04696285956480069
0.33828961904407934
0.5437213057255762
0.7803975351396997
0.4892913946121375
0.27241400141470706
0.14019673635559904
0.2726661566713755
0.6280355794539849
0.183544954533994
0.2629401445169613
0.9138677771903378
0.5585069698417134
0.6098843281623145
0.20115805640630385
0.7371028521224796
0.6784707914511736
0.6094894090742083
0.8631524562878808
0.17504369340880654
0.7052697372379777
0.6152992992006153
0.2414396952863378
0.6089628796744883
0.38153960141978727
0.5116219024584989
0.20219555906241218
0.5120401800708072
0.2236568995918613
0.2973085236208267
0.3234444405010455
0.6295547394952845
0.6671751750601962
0.6133597508888022
0.7693726885718398
0.8759801785064285
0.5847455999534271
0.7369367473202061
0.9306715144526978
0.5151968996075724
0.1201985673181078
0.5748061094431869
0.4970181426143557
0.25731943763643567
0.4583481548916589
0.4881241820467615
0.07075106593676933
0.5559046500315579
0.6450553652263993
0.10040538625744669
0.29983926378775144
0.7846393334885575
0.29299856209271613
0.9344413512484104
0.42568931966045975
0.5814444302766495
0.3647001443093334
0.5090215481700188
0.08073322852756902
0.3124610319354236
0.5542932110244985
0.6960777023240845
0.3388394409458073
0.6810902731490168
0.2546045117140206
0.28540435656163404
0.7819779890340278
0.7223183585513582
0.2866895657351151
0.5749430866881758
0.3628813474481439
0.49017151252653524
0.7605574155067973
0.4349208656092024
0.47435587327096673
0.26027390069914913
0.6025361875061648
0.35024124854688005
0.5565991053767104
0.37597022902462607
0.45171154713832057
0.7190171003820811
0.5817300776100405
0.4509567382309041
0.6074337318235142
0.4699754566227483
0.9273308563871756
0.058395849263128435
0.28180391307867014
0.8748690794269272
0.4809071038434004
0.977558911409526
0.3830656905567891
0.3729275147058686
0.45081694666449856
0.7622051605707642
0.5144948956874144
0.7409394062640352
0.44268824580949534
0.12148424171148786
0.5661075522041127
0.42885972281129453
0.30439930228584966
0.40509728913368287
0.7630523640492706
0.7297344280736153
0.41290394924978246
0.7547719797246619
0.30338440428425095
0.20515963080002614
0.4383625641994223
0.6774807284477147
0.7430322034459342
0.5486665997358917
0.4702497926402544
0.8719663389381205
0.5339709115037363
0.8039379968800389
0.08066404743196273
0.23584216755241935
0.8988920476401837
0.5904482259697874
0.7601197501117392
0.2984487883248918
0.6616777897278892
0.5438338101415208
0.6209698643898527
0.9102516791345623
0.7944353309497154
0.6951312992932349
0.5479008248371173
0.49554944125257505
0.6693664042426672
0.4626294233089884
0.07704035728165418
0.2809972262348354
0.7542900105285927
0.5566597097142695
0.5407192204171443
0.5043467305642512
0.7873124777710335
0.7130920058234694
0.6172582402657362
0.7452736470181447
0.018310556831651982
0.45557966251969495
0.14951121470716955
0.467992212580155
0.9261939810628026
0.4765498497112268
0.477384364076592
0.6362664681312238
0.26359636042541373
0.8225597465041458
0.7251777555349468
0.6137202688563025
0.5113814703486599
0.8703611921746729
0.29487614339610807
0.49808885957264953
0.49660006406698837
0.27235543000776935
0.20357434607910357
0.14966067187193893
0.37115540196381464
0.8704711580925295
0.2054712039191497
0.42965026386126076
0.4706141620813573
0.7014038862572681
0.7106498647891037
0.0924327174071056
0.2419031376107454
0.5114268881117607
0.2446843980898193
0.5433550041368664
0.8838043003865653
0.5116309360675668
0.8358310582525512
0.3916828788802999
0.5649075351043892
0.7254137261204856
0.9363947324253947
0.23846428674687115
0.7446369914729412
0.678084895699367
0.6382453867270144
0.6189960200122913
0.6362572901915273
0.04285137577539511
0.5335367787357185
0.494548712974634
0.8409406629475247
0.04133820512777894
0.46713247842728184
0.650296094306114
0.767798051986622
0.6310740468995865
0.6480570181782898
0.31797210286461414
0.10214219771283424
0.4244089467138533
0.7202012282627582
0.4867462907844432
0.31175690379084303
0.7833521331696756
0.341001696334502
0.35939846014560284
0.7291415782937889
0.5388431658921568
0.43017785674629616
0.7905911649360824
0.5008471383622164
0.5789712095333077
0.8066822418999386
0.5755993868355238
0.3445274924012818
0.7626900201145821
0.18485644087668823
0.31906564943443255
0.45299889762625367
0.09321195768291062
0.1505252683332481
0.21382404776126265
0.7520112790599709
0.7286054701671583
0.6059040789890262
0.7292347564026433
0.45017579212728276
0.6117353173909743
0.5826962906157719
0.6879233142586834
0.8932393325811536
0.5114123599287905
0.5167030432132877
0.7245607718849141
0.5560218264017167
0.26986478185882296
0.11096604299858652
0.6978911212601664
0.6570361254712598
0.22681383644045083
0.6988348444179402
0.3424975992030356
0.767643625241614
0.17421002188962703
0.3551354377387921
0.7269553466918826
0.6010009037049766
0.47667438441791943
0.7333657990211379
0.5138079711241865
0.6268901156389215
0.602765719861768
0.551673903428548
0.328375057898274
0.9093006951945592
0.5270333027873797
0.09622473872357304
0.6466808469690202
0.43816979273096446
0.32481291114270583
0.6657170630680616
0.5404432499264307
0.7245400006140339
0.2526404489320768
0.889076986586953
0.4889046220398703
0.45645885237005085
0.791823364003208
0.9325451179109394
0.48632939627349764
0.8852530990812011
0.3822978622668291
0.7347469483287392
0.3743563388914033
0.8946534664801066
0.073876057314721
0.5332602165291299
0.5600829738477475
0.3593527946683829
0.5726519700189632
0.19411278794949838
0.5610673958066487
0.4110075659933462
0.727775519217948
0.7297249990099477
0.8057768464468009
0.3401727705496551
0.3574159117617404
0.6818253253654154
0.7651440545384027
0.5809607842228478
0.20666406519638014
0.7080486993071075
0.46865684587125067
0.7174119568944056
0.480929254083206
0.44535230721864993
0.5290378428772183
0.48176482914077745
0.20390427908339764
0.7841402685866696
0.41655317531676167
0.511225859844799
0.5932514507086989
0.6362823385834178
0.33164444552068983
0.8106697614825358
0.4569496346067432
0.5241870311815774
0.4383074988699476
0.8199019558148477
0.646224958725794
0.8309357810212661
0.7112708310300285
0.37871054487024364
0.6758004670285038
0.4713314312858251
0.5601354297905919
0.7070828768302104
0.47558273268553264
0.4837423433163265
0.6005836356062806
0.39323054027687254
0.5797554993668358
0.5226850311570372
0.3818704531019993
0.146167141136538
0.41218533231713883
0.672162292044876
0.5255582704521515
0.7745758499975239
0.2107797113384684
0.24328000479824835
0.8358465048015261
0.538723173186495
0.7584969016939502
0.5452876945519393
0.390028263472052
0.32159764636277494
0.7297371402359039
0.5642936838596322
0.6592275970433472
0.02783895868385476
0.35439046245112693
0.4799651813841834
0.30203982942712576
0.9166579418247305
0.03498548898001625
0.3167365060960204
0.6813748066161955
0.44747043966350614
0.5589149978698942
0.23475269670392257
0.6847503410201023
0.6137832552409441
0.7755419764905584
0.16933895292066192
0.3645027481149958
0.6137888374952603
0.41055998803377663
0.5607201619181218
0.8382341288751431
0.5717687683633412
0.40942065838829883
0.6327159907254937
0.42821664281343275
0.544267436639025
0.43098020239153945
0.19659380313062386
0.3734711076529636
0.6444311250549669
0.545700286390373
0.43751226537095883
0.5187742335834382
0.8645622653192817
0.37839110588217
0.5859047896628505
0.715774826429342
0.6605835513851637
0.9431796881893839
0.20931160309977195
0.3891500769836978
0.3348960602138576
0.7678156516973862
0.2147337609064998
0.4818594829095379
0.7246910782910627
0.5931864655431227
0.5185966407599019
0.5180247048913323
0.3466649204568569
0.6513692894905277
0.2696481110881903
0.5125919791985548
0.20153401282649214
0.7463230787115045
0.3440654308529051
0.5469378302657735
0.2271922563948432
0.37969352897423236
0.23584070625225248
0.491785842688379
0.4685778452397442
0.3321893480477103
0.6468218950536491
0.29944064219188826
0.30505975058148227
0.5565724006579523
0.47063957408161156
0.32061406591812436
0.41103363726045605
0.6823315198451865
0.3495933089820066
0.8557137165030987
0.26654421572854403
0.36052308218822054
0.5409674856061688
0.598215608517473
0.25501511137053146
0.5750020481677853
0.5218263092780826
0.917806582876826
0.461003264610657
0.5079468838923126
0.23235233208345057
0.9193305194910326
0.26474805848390653
0.025346090041393564
0.13733121443524263
0.5064536309825131
0.5839377903340298
0.36888973539491937
0.4554805692707291
0.4293651991601163
0.6892420591600379
0.8761108000667379
0.3475965563024608
0.5871619382056433
0.18086149291280357
0.5675573206683009
0.40571662786530155
0.5358186810973132
0.8723937715298168
0.5015454889491786
0.4655335342139423
0.46150818535645555
0.7062649770882627
0.3797321640438315
0.5444025507934566
0.6098974424836803
0.529333694587575
0.24112035288246336
0.2711886668738865
0.8158965631925694
0.29568602214079137
0.16718706223590635
0.30043194064946366
0.7009669797974757
0.8888375647128879
0.5782157325854831
0.4226591192789877
0.7989325243083607
0.35744281417852264
0.521016220129147
0.2540500980682286
0.39695800837291717
0.5901849744117951
0.316131065728552
0.5898981174765786
0.5715384622127055
0.5068201824474344
0.058631236692555336
0.5516593702537455
0.7094049963748119
0.4873525102189713
0.3543431169564688
0.4573693097593333
0.7223349017042098
0.4824029252439542
0.23130032732209313
0.8248639033292214
0.3769863640897426
0.3827722182456478
0.482107450618639
0.5402391398361402
0.4574986985615052
0.05666991694746504
0.4839399063306772
0.7149368972363779
0.6183569721688676
0.25668409390899805
0.4448325562069982
0.5171706153289245
0.1172247639273574
0.5545930838051328
0.2512415999186289
0.9659274786906608
0.45753885423899276
0.25369967172757163
