0.5719258547241461
0.28877467832028103
0.35811158893667966
0.5770221363152037
0.6931738415924411
0.4507191831670871
0.26040007934455855
0.7161747152348179
0.43667606380156804
0.5877155106956384
0.056670466735322444
0.45812367501954304
0.2919884948844952
0.8549967495868822
0.12373174009815327
0.8396894769113097
0.749516842031992
0.418556426770117
0.606398497978011
0.7286730588452957
0.1420698133033983
0.7201977307059523
0.4889311905079037
0.4530908076452128
0.3915948418836546
0.9224434770033021
0.4766716473525866
0.41141268635090844
0.3925157550818026
0.6715950435534837
0.6721569086236732
0.7483535583145275
0.23737655103419142
0.35219510745294547
0.8144412275862467
0.2817930038336416
0.2839413032417218
0.9003286032254825
0.10112470787913033
0.27709996068514964
0.4045382997755447
0.7200427948928947
0.5453323533112658
0.4795190226616782
0.6233060058096885
0.9594327726424556
0.41506725902719754
0.5251011817686989
0.8819705490827858
0.4925149452373934
0.4305769598285464
0.16980291310849557
0.5197820649007996
0.3923448118522586
0.5171274185582883
0.5638570795949582
0.6051315515912989
0.6485895137479432
0.39993266676281997
0.03260299428504726
0.11202450962684629
0.3997382725080045
0.6186536506781322
0.43877532966108246
0.45635745660521176
0.477722380482684
0.6152111073727795
0.41707207470658236
0.7767281528488319
0.5137471031907648
0.5890328168889986
0.3645116925190609
0.7996985599037306
0.4620886977654989
0.8640888034305788
0.3987612691029781
0.2377226868672318
0.5547564581990299
0.6362423820234447
0.6865595159823736
0.3062750360994373
0.17918453303056353
0.34924443959921037
0.5563390237711232
0.6624562967111717
0.43098809000516514
0.7344385843224658
0.46043169171920795
0.2119309973073839
0.6768566671434348
0.8169552591894724
0.04145031894410651
0.1581638566404271
0.5336515122638971
0.5999642086187663
0.3512798719910287
0.5716458188457216
0.5923262379280753
0.9655275369058056
0.5500568203678817
0.12494871560800482
0.6356776565965502
0.5759766866728959
0.5861685996537898
0.4445626820786368
0.8291820534317222
0.09833025459844835
0.6330864463301474
0.8289156427820128
0.5277191748837528
0.43798229497094554
0.4409549122402452
0.7768324781015913
0.44164693708322167
0.21464344148699505
0.29885923626618055
0.36580316342529173
0.9087123750945036
0.22114773799597767
0.5551694229189619
0.38356757872932756
0.8069929639643192
0.6654669135715856
0.34774974591523233
0.7630263594769142
0.3443113134840085
0.5685824426428105
0.8040375631215653
0.8605866583194406
0.3587155108177714
0.9270492628793747
0.48283455462387986
0.7163135307530455
0.593099567651919
0.9650437724656311
0.446491019818374
0.6548593868577608
0.9208976338187889
0.3690900292464163
0.21877443734827998
0.1726132680297955
0.5184889128842175
0.4696416759949217
0.8922406557683857
0.6394527632025414
0.7163618571869201
0.3920886562255442
0.384469011055417
0.77210810188752
0.8822259122117737
0.4444457545451148
0.4862329752940362
0.5361346843059448
0.4353740996310079
0.4511108752558039
0.8619025327349077
0.36368532075175203
0.13576785356773885
0.6291025386718486
0.76055733153338
0.8734676480337176
0.6534391545366678
0.8573629696494627
0.26788850983941065
0.5887796583311774
0.7208129009173163
0.6381448201785433
0.21945301069501116
0.6214144585586128
0.22629032479658392
0.46753677707120234
0.3918280641870195
0.21506176768197965
0.4405228338794416
0.8150927099278444
0.2721503088794488
0.9452236071802802
0.5843595567979877
0.8029989140986484
0.18679529153358965
0.7218890806283095
0.5159635031788203
0.06531380401943268
0.5427342066211673
0.31301108526931826
0.7766414373505495
0.32779972161250864
0.18047830589254993
0.4017743732948041
0.6544929694650498
0.6493737841543933
0.480099455995527
0.41713758661223077
0.7435479390264248
0.4570636320706206
0.0879130288225158
0.6456310029534683
0.4186175728630918
0.38197923996581923
0.6168313022038653
0.5416682417901952
0.5524284266756367
0.6354606510661465
0.2858408322177558
0.2525127092458993
0.20656595735213185
0.7123543661746515
0.6391476135906846
0.36930882383915686
0.42236292908118384
0.36116472369949326
0.48690656090359247
0.4782844487043233
0.5394332163168731
0.47562723719129407
0.13466507690804091
0.3125398378739671
0.38647636275925784
0.45087127847095815
0.4477932411857617
0.577730733573842
0.2703670874730251
0.8756682701806904
0.4276799699184346
0.4311385215291508
0.6086052263327819
0.4819880847416361
0.8100875138086772
0.5765713726879559
0.9711332070424046
0.1731746480489245
0.19466889664940695
0.5397955956051442
0.5583583386926052
0.4144831219281766
0.45334502345793165
0.5373307586332714
0.4297199223308853
0.1720335954849933
0.8676114019157317
0.579819059398477
0.7455743056131713
0.4209747231323885
0.6405208852667377
0.7801447240711679
0.416972998165537
0.7734939650420006
0.34013441325261357
0.5968556337276516
0.8219000526671149
0.2282251864319897
0.4326446890925886
0.5592949082065266
0.9148167669124072
0.16362884582580842
0.31619064119239626
0.21098656460087767
0.6457892010948646
0.2834901703416736
0.3923699003454108
0.5150907588565773
0.3894226600502613
0.7722780506606164
0.7989568867005987
0.354607256317663
0.36809377269191323
0.8884851715724088
0.1464636279493352
0.4534645755877471
0.5662588575382341
0.7164462750069747
0.33667859792284455
0.38020798046983284
0.4563874530092846
0.16942760578450305
0.12054376719173204
0.151639788831265
0.45996383828250886
0.4961314276898996
0.7265526275940883
0.21643899520907536
0.2837039475812604
0.5804837466014989
0.13460911937953113
0.33076975774080775
0.6259658213177499
0.7127426176558069
0.32194179156000313
0.466667914635081
0.5495231947629463
0.8505530887809098
0.2878567984716898
0.46280465625112016
0.51330425903242
0.621752144931843
0.37652973140240303
0.4830244844663241
0.5980950340613809
0.6036406146586681
0.10165772037838773
0.4959332458966059
0.6752388596605513
0.21965773152243243
0.6219723105833982
0.7018441744574155
0.8543934371654517
0.34126003088502577
0.27064529179263214
0.6598307814181479
0.3243745114951381
0.2560293303920709
0.4576577681802956
0.3022506579071711
0.4505559111045127
0.5611349295572772
0.5056502337001022
0.4917024715812118
0.5870763780051093
0.663998105857339
0.636086975748992
0.7067448976038058
0.7409952719018928
0.752883328744282
0.16924631971057832
0.8412394308886275
0.4401593769101415
0.6034938894180608
0.4056249891341547
0.30550450266403145
0.88202095885491
0.35109908940974466
0.599382736718798
0.3749085734897029
0.6096196042498461
0.48181643104640975
0.5239341604199044
0.6402522373456216
0.6832101764264065
0.19665137116574632
0.5773157673713633
0.43748911953966874
0.5862456028065663
0.7730376457106718
0.7266088594845108
0.8897384491941541
0.4646045946267848
0.6082023283242588
0.6674852879096815
0.45336778351145374
0.5354205272402958
0.3781161368841297
0.6582928598341037
0.682486852823032
0.6309677991020256
0.6230986309118485
0.2109173893095598
0.6602947339935157
0.15102687857003677
0.32540284001377745
0.3586636396892804
0.5365296726287485
0.42054937305176615
0.1885453854524486
0.9240154179500071
0.6240735614730413
0.9950069910860873
0.09947401689126428
0.3800556297024546
0.5842643205674896
0.759096827133801
0.380499893348353
0.4591040779903748
0.41936037551464633
0.5397774572215156
0.8372479293790738
0.5846222133844569
0.7066634736493219
0.24014082482748145
0.4319618140837477
0.7758236150069324
0.42221638502146136
0.2552948252108358
0.7550857707758984
0.6868629035265064
0.8099174956649933
0.6109227537906364
0.7183251364656758
0.8226031740783482
0.07877780458038425
0.5765903749124899
0.8332409156789742
0.33040717517635465
0.5741055362233877
0.16771567759898368
0.6630100254213125
0.6287789051985226
0.3934115976937689
0.9362780367403014
0.40789522831840097
0.24638584716182563
0.5002561026443388
0.5781671082632327
0.19277904359678208
0.9195079898338152
0.4419675288552126
0.7170686329585715
0.5011925006657767
0.4618873948942005
0.7385560952655276
0.972864931293441
0.4340800554994618
0.24757208475361142
0.3253461894196179
0.7521744931948748
0.8184174150337034
0.6560445779486309
0.5811309606320676
0.08787245921768363
0.48771061324926135
0.8548177768652319
0.5075815706351745
0.4724465009593908
0.2137213921074695
0.8202019018726858
0.4563138031413222
0.6708860914099513
0.552480095395398
0.5755163213107861
0.43871734875479995
0.4828382806573849
0.3538683494397643
0.3144021508248806
0.3812774631101419
0.8956145960738933
0.14411702333284054
0.5316015671343142
0.6549256458643762
0.5427177603883031
0.21274871344394097
0.7514898182716715
0.6088517779971858
0.29340798275015617
0.8997225757558173
0.2942207597288649
0.9093807873008344
0.49773733828103917
0.8661987172373116
0.18662937024763307
0.42769391018856484
0.4523739873888126
0.4412109379295512
0.7755101913235639
0.09400778728153106
0.473897080706938
0.5383570993448981
0.4140374909717774
0.6410771628974429
0.4705811631151064
0.6287754134290644
0.6041396937244932
0.18010604996115853
0.6074601768305466
0.520919530584803
0.37842785728190226
0.47269514342319296
0.7458797071423089
0.9358301210461064
0.10795229928718862
0.35037148058474665
0.6814831636857932
0.9430296124237874
0.2582107690443628
0.5694917407774029
0.36731505031697737
0.5411884389383012
0.507201880548898
0.6924886648427377
0.5952390668109411
0.1543178514759654
0.29057397507277705
0.2911818661554474
0.4759423787774537
0.43248349097606636
0.31210927687919265
0.298559638794589
0.7172348938465527
0.36819850596036724
0.3470765456432338
0.28759312234954953
0.7518815942391195
0.30490465329443084
0.4035450319585914
0.7329144276998429
0.5722047244560504
0.6808023927191618
0.8707878242152605
0.6448654483384983
0.3969137505520475
0.7722249541145404
0.5540965084368252
0.5582666984039488
0.5219588971618276
0.9383405400477618
0.3503448106590641
0.9776756332300104
0.33014643547539557
0.2722265770106454
0.30458996516036285
0.4952148978117738
0.43243651859192245
0.46403926974139387
0.89081740630804
0.3053446152336252
0.23687853495166863
0.2573866083391329
0.5810643234205125
0.07680715415098115
0.12060967428129403
0.32271875279792706
0.6935385065319528
0.6851530915091822
0.5985253592279773
0.7456830893470885
0.8429981615557574
0.5231530515351823
0.48633541883401604
0.17229489651242597
0.5592372047172445
0.5608573146366581
0.1366761949154427
0.6879901019158663
0.7325382910676648
0.4742860101661765
0.5107624982295851
0.2211840469722229
0.591472169756077
0.3934172024139761
0.8989506293105498
0.13973614112944288
0.40046801761086026
0.871461769299573
0.5136793404959785
0.9188930227468479
0.44948302841664095
0.29234782431536344
0.768035381016484
0.6673476002579504
0.3872945579291645
0.6790969694593534
0.39817671827198764
0.5256732502188863
0.1434707009657242
0.29556782848938246
0.24414950072658043
0.9201887677803082
0.7232324820814713
0.5680024699579976
0.42595831065418316
0.2754044506976719
0.3790936338154325
0.5267057033454943
0.33266050443159945
0.44149128097206985
0.3068900425074791
0.5970456247848591
0.5693417529350329
0.31499870103010974
0.23107123467177898
0.46829290807903967
0.18708711545177287
0.5135553876556856
0.437236615179112
0.6632334559113734
0.4670957417055277
0.355272583133539
0.5150630005037998
0.34870207757111493
0.6928335097185265
0.44949301370338
0.8789935560432446
0.5209854440890003
0.5056355500201846
0.7320290096321569
0.6923679881317385
0.5178814980003361
0.35752736289367276
0.8209926133259449
0.48222534812284856
0.43907019387629925
0.4197505370491213
0.8627591516828372
0.32740560644253464
0.4147620612970002
0.7495186952264374
0.3658840916690259
0.8518478399006044
0.38889427639494584
0.35587526447103657
0.3592299607975888
0.9737072188651291
0.07368242115036229
0.3298891981598857
0.2968835550263464
0.5864910765177505
0.427086861886623
0.17856925004242785
0.6863250737359217
0.7361481723425303
0.07137040638386001
0.14914106340562452
0.8146746106132294
0.8784321020230139
0.5704369342852985
0.84459495991891
0.5202058327442459
0.2609231136270813
0.4051175232300352
0.9776413536645485
0.2245334891252178
0.2017237577320376
0.5010012827659398
0.6227146112716216
0.7403165618376575
0.17248702632467794
0.8605348507530242
0.3280194432522196
0.7055374603013229
0.4195280571745367
0.15825917375428142
0.6645985899330078
0.7955297618945232
0.20717416997090365
0.8095444255570291
0.886209378268487
0.4721592488630831
0.8052715768003
0.7261176999792867
0.8630675821440867
0.5316364395934725
0.8242948184617256
0.1097797852684492
0.8122058055380864
0.6855582194265197
0.14005419636384317
0.4908365299386381
0.7265039763672999
0.23554580159791885
0.2882684423162759
0.5925861501795818
0.6044008448061153
0.9196334137742467
0.23285922089452007
0.263334783478433
0.2122918067599911
0.4137393113777196
0.6166588108343055
0.387993427008815
0.7252058621800826
0.5265474564239129
0.40720797275041776
0.21664307245041695
0.6365511876333806
0.38307280910788616
0.5643089990666242
0.5302531159592047
0.8392428655305215
0.35174874234026476
0.5083293552187997
0.8489881910361401
0.2801317612117229
0.2585148112640839
0.5282815607983098
0.7452857650902405
0.09142609021080232
0.2571686416895715
0.5792068852612395
0.2908929677656863
0.6527762510674022
0.49180815456688487
0.9329905981713007
0.3681176165510089
0.05543410119729655
0.4858541263032601
0.7588770728856853
0.6211498484195636
0.46184190994500496
0.28380384041970314
0.1169099346500025
0.7407631981416805
0.5097706899502092
0.8231952097087926
0.5540500921323332
0.6954933468357929
0.6497118767734076
0.308814935676718
0.905566609114816
0.6669699894399437
0.47047848569516026
0.3507291928592751
0.2310204352298075
0.9450437714280495
0.2697661428318758
0.5235323835211356
0.42681961807531454
0.5591022568730897
0.5319649249976705
0.056002612396864285
0.05547563548355244
0.3976581115175323
0.7681927746282814
0.7017842580035565
0.16984604397696398
0.7773867297039454
0.5527795455988114
0.9333275903279954
0.5511642877633431
0.21075000598631002
0.42916130421897725
0.21975167109345528
0.5884334464617575
0.4461253296362527
0.28483069281241513
0.6496079936305623
0.7109197273288488
0.1064219883010217
0.23461719126827443
0.7190563435335036
0.9950793534165926
0.4999193726989121
0.3258876763688331
0.4521903612972962
0.6355636337393642
0.43476030827430756
0.8941531892229957
0.24999562299368625
0.6150947353621695
0.4691558064244451
0.6571503395911233
0.4167038315496469
0.6980715372238331
0.5491869849470377
0.6286357149811201
0.3782570445076253
0.8410535613910843
0.4111965310607596
0.4617753675395293
0.29738174811127754
0.45658684215484713
0.3584522081389124
0.5603911286705598
0.08455526057190765
0.36800374041552625
0.2734489270946677
0.5215019615171912
0.45329691868471295
0.5082526299273
0.5002515339471969
0.8045867324113318
0.04192078052061461
0.34943531567046476
0.6298397711671271
0.7189856827889101
0.5103140384649572
0.5786833657754512
0.6348673765167611
0.7630828352343095
0.8162542227729981
0.3026524158233688
0.6684281480897036
0.2675238298222616
0.43619210955018095
0.18309485418566482
0.484336985884021
0.5624470661153789
0.7454999663356499
0.04026235350173866
0.5252648895190835
0.42504219692980577
0.9809073593494794
0.4981708475012577
0.5089267258630991
0.6961580168199049
0.9530339868309327
0.09771806600190318
0.46671359242679333
0.674832935315348
0.6882105363178153
0.06685929420410347
0.3626160186760883
0.8689219180201727
0.4885829525529186
0.5734482779111882
0.35915116671042135
0.5641984004879036
0.7942658473240567
0.39444917690979436
0.3950817025454779
0.6591173589889128
0.3846906445751048
0.7166079703863044
0.9884823823189385
0.29044154232705227
0.32452902428182884
0.5539759234733558
0.3297464530105604
0.852115758577024
0.37384753360508294
0.4497543588033253
0.2675532203031734
0.3535688978116226
0.5021476214066359
0.7576618332336533
0.4008509489402411
0.9190091667416722
0.2680942751989525
0.23150650395307731
0.5644749694576361
0.6009866061522533
0.30227393236170685
0.9113436882707997
0.4592572898398583
0.7398446100566025
0.3785570018388813
0.4885893694199523
0.36935466136647416
0.5653915569684262
0.7981247873989586
0.125952663376692
0.2957359136251197
0.5126127690085821
0.6344224669581406
0.9138618885296824
0.37587035770107063
0.3346093413328094
0.624971747971664
0.39633202593454114
0.5533096503199453
0.9817363407474441
0.0866287379094429
0.5869821336535965
0.3213995244680178
0.6775948493080367
0.34826498144027174
0.1270257187896768
0.37197613696857096
0.6829988744261606
0.32658216385737066
0.750686743387733
0.7139745451634929
0.1842966686439303
0.23501883340434881
0.7634935177267811
0.5056288324609365
0.8350731367741107
0.6393290545851544
0.6634665811526198
0.5435375420895623
0.6175413085721836
0.7569313018853716
0.3067765468517959
0.5796108123370101
0.39893277751080625
0.4393550762093655
0.3032130184569856
0.7054547020678473
0.2796162344591807
0.038423037105125124
0.42661672104529125
0.5211526753859879
0.4544471689554735
0.30638948373887254
0.5761804638366241
0.3547329120018341
0.903249890041262
0.45016076280974104
0.7022599393306401
0.5267113529866657
0.20179055293955542
0.3302297769284039
0.6829739885501642
0.6948181172894166
0.1660334383098087
0.3093964211110511
0.3222502986263308
0.9123865517246026
0.0823545448780129
0.49100068143410525
0.6457529666038937
0.7083461795994661
0.4240258730406705
0.8794352565133474
0.39553388404320267
0.7121041861473967
0.5212305966958113
0.8221620077578002
0.4813473382241492
0.5396042066231874
0.7728733829906742
0.5490896648151226
0.4770580448927052
0.5950745325164198
0.6841867194175668
0.4577930249304825
0.40369773210387777
0.8183362771047293
0.8731912148725316
0.6580235181336699
0.5343421894334046
0.3763502807487328
0.6973006660999037
0.8507445539577065
0.40942797563571653
0.57506180105628
0.661569816664068
0.3083498909741955
0.47358930686526035
0.6943269103346243
0.5929983572955451
0.36517829084087866
0.3214681033651541
0.205253500892995
0.5185887378566755
0.8973005872974892
0.6099856321172814
0.5908871784589933
0.25079371644428056
0.887520110557054
0.12531484608638652
0.5847489216121463
0.42904500513626365
0.8750126352252696
0.4366223830625266
0.6612505962500191
0.4716148315850285
0.2990718303442022
0.5392376705261654
0.7311676984458405
0.5043247039819436
0.16117475681638221
0.3548913410807465
0.499204401291507
0.8128643833815774
0.5301336996238617
0.860597383932169
0.5621418303619151
0.5215432434827373
0.5210572544377643
0.20894844300567436
0.26346184013498153
0.46941762149792754
0.8801461134646482
0.41521702250765513
0.790063975567938
0.06552189063506428
0.4039609860171941
0.44370102192723937
0.5359879987722417
0.507785255227656
0.34806962090492494
0.43164740090196274
0.5675136113344897
0.5185186230707816
0.34439819940102784
0.7759278547784918
0.5842038623563621
0.9315599885653947
0.3831227664531621
0.6994360949654599
0.13648244400493953
0.12839212935027766
0.3245184865880897
0.7699521117990368
0.9583943497322882
0.4557592180754925
0.5134531301170709
0.6356203081691549
0.6042466353515779
0.4811982863177714
0.5087452915811863
0.7119396535259543
0.46786391140330097
0.7969002883960905
0.5685740937091293
0.4880953890608514
0.5100858040821173
0.5868825901073076
0.4507085773330988
0.45564513532047324
0.5407106402593593
0.38541701263507766
0.4524631931648492
0.49059414792961714
0.7601233355810797
0.6018607669767113
0.12983279400685083
0.16824835399909713
0.7426367146703439
0.9335148022932369
0.4963939744178129
0.5725477251642175
0.6947170132907898
0.5766322156426769
0.7702869552727802
0.24315101252956958
0.41138182869033324
0.7168194692036534
0.652206203483332
0.4308296229717185
0.4665484115028682
0.5997610500604259
0.4597796443393315
0.5333311341049654
0.39355958200070007
0.9349667836642219
0.5337161312236547
0.7866596669201248
0.5163145004220515
0.2810926658345259
0.7384386127662804
0.23011615391063872
0.6748339531097087
0.23605162771653487
0.4185376423065535
0.27817061854816355
0.453064317832937
0.23481164656915302
0.4286266788209654
0.6181374979422771
0.34456496869700526
0.8752640075011893
0.28570364011158667
0.5083083417165581
0.5148958123867511
0.6190724244494742
0.33014349727877257
0.7958850785493934
0.12179526621054444
0.4167210149922149
0.40309645045545556
0.6528761498056759
0.4801294109783144
0.44903228032489856
0.9615488581517404
0.3736733133680086
0.15965206519752076
0.4328658831451737
0.3972282801014314
0.6532010205299109
0.15951391161883025
0.2534448518984273
0.3959029656371997
0.40137637169142715
0.44919541768563725
0.18115958773589605
0.6984321917729415
0.9526668583236617
0.1317022824882854
0.4978533433501949
0.7086648357969335
0.518940561299912
0.11212530105847845
0.6890928801075369
0.6099728776761711
0.30823263809775037
0.9747225903578134
0.4472253195688043
0.401671074399602
0.13684344858358755
0.8278541653303422
0.49514047624814317
0.33620436933035636
0.910521905174597
0.34416124396087805
0.9917483691500479
0.3049044233788528
0.14191129539015074
0.3031491556778789
0.8682701960048287
0.3251274378067363
0.7354771519914287
0.8010827864786763
0.2168409260099713
0.5215858166163606
0.31405286006618083
0.942510560035829
0.3329045882969316
0.5609660388506702
0.6046958985123505
0.5496002792717674
0.10525944991525492
0.48236658463236015
0.6008734504950881
0.48232262495490835
0.6708286803498708
0.429112623474118
0.11302472403685018
0.7462406330542707
0.9540561966082186
0.34067298810276225
0.6234881446733143
0.40895017258809496
0.7691702231909725
0.932811905858777
0.15642085671508835
0.024766124705491804
0.4520686761741152
0.4796460354104451
0.8273753064153541
0.13781752435865136
0.32269015635515796
0.2961698734689233
0.4455743179556459
0.4588972076528859
0.5302367464493934
0.8290918484705552
0.9276981270869977
0.4127929972680234
0.9942563093628105
0.5507441991355049
0.09126674433035598
0.6495078621162027
0.8164242781382574
0.5527893539521423
0.6203582839505684
0.951101366434669
0.056606501681427085
0.3445732852968087
0.22201288306054534
0.5829714661633406
0.5217121935247284
0.5220308042379388
0.7850794986881413
0.565566040051692
0.7990969120492413
0.35571000567023026
0.08695469432966453
0.5329101095387712
0.5938541823628425
0.37804277423520616
0.15892299717327057
0.08458046025854066
0.4848381808055228
0.8173336621519509
0.5199380742966833
0.0883601182164684
0.4535569209625294
0.2748105621668009
0.7953854974662347
0.38791785331781475
0.37145846901907087
0.45417743015949075
0.20902304690872464
0.5831065028778996
0.6253926860838133
0.5551676031299203
0.5297669878775104
0.5751091382783686
0.5067763323740517
0.4117716306423962
0.2919262080780594
0.902312973181342
0.6225781403261492
0.7279511545141581
0.641392322465612
0.7470590092185265
0.9341814698040133
0.07810245342365608
0.29956573965120203
0.8417599821463038
0.5423394507705246
0.6038747744205284
0.136202235931428
0.5445110841041939
0.3402278299780217
0.6010127964728061
0.33498517243488274
0.7336067768780885
0.40412850808714756
0.24198745077877656
0.2663497587154046
0.7456657770501562
0.6233976493114273
0.49270289376811216
0.3312478099174722
0.2581593700445448
0.44406897823837393
0.38747790512830604
0.5562757892837311
0.4416780602850958
0.6764305338927196
0.7073541741311116
0.59862898816097
0.9138611775631805
0.506858029476254
0.8523364313214008
0.04231820731407857
0.234213223594328
0.4791879158063711
0.4250606012158734
0.4566768236157376
0.4991277307860436
0.4964979186515257
0.27718706316791597
0.20527592316118118
0.7133056185896186
0.5951010120374891
0.6468629278079661
0.6842757491863172
0.9449331123963006
0.34484950128104647
0.6715491844206544
0.669746988054229
0.5921898995720134
0.6756166733466817
0.670336826349155
0.5191567639504296
0.20338270027548505
0.35057901050979723
0.9664274818219971
0.5242483678406987
0.38584933550570116
0.6346781093275907
0.1803319683519754
0.34462667933512686
0.4435959477479813
0.6125130000818068
0.5544590580944309
0.9365490056059104
0.4193318545393667
0.5699371902317798
0.6930956130985081
0.7334355746897294
0.10032181717454292
0.6493391102437865
0.7391698973810932
0.2089182394685905
0.5390743252912553
0.8304678021495098
0.23122016702942738
0.8576671504508316
0.208598607643747
0.19228738534564555
0.19743710831281336
0.37433973859626213
0.40890316047007363
0.3816994786504146
0.8439164374868294
0.5339522195148063
0.7995961153024089
0.7543373482595661
0.3201501025632224
0.478856143003485
0.5268091985139494
0.19052943804955083
0.23612855819025083
0.2516993127930915
0.5388736369689481
0.1965116463327349
0.07899200838513441
0.4625800731551595
0.6653293881378235
0.7050929150645175
0.6869272114994905
0.6330446702860211
0.66326691503866
0.8354161312423211
0.14366046128301796
0.07193880840075643
0.6184722086154119
0.4270245513068248
0.5382057243510808
0.5099500050511656
0.5794369190058833
0.39452149875538156
0.6695495789054331
0.6618839987969694
0.5880098322920541
0.08124656894559698
0.02704090024673087
0.5951273107091001
0.38876263709305914
0.7025599079887701
0.5022957681092123
0.4994616730978865
0.34020745652238626
0.23994849915209124
0.21652625042072499
0.6334117232943293
0.9740149700455792
0.227160076183616
0.2651374285254998
0.3689974777052193
0.46221235056571375
0.46331717163250913
0.662814837863882
0.8446832311643051
0.6575732010317352
0.7040793388008038
0.2043375672306662
0.4508463763532815
0.4551021406320478
0.042249941473326884
0.3226629936292141
0.4115611176744908
0.5839027564961319
0.5184020277601344
0.42613547989907047
0.6201129007285227
0.7601768255157704
0.4851194729560303
0.54382798499734
0.620965755317
0.03883885087420755
0.390174045722809
0.2632460394017748
0.5386576510156373
0.4865912411658528
0.4184254826763667
0.5517689063452388
0.6570696957638669
0.8532977677778808
0.5413328549957551
0.6780280921485509
0.5236940542217138
0.367699609091567
0.2486333171767841
0.6420684662938504
0.8740456955514506
0.7536454459609125
0.6921803439822969
0.24681715916310945
0.19257520398500125
0.4358850796909406
0.46188894696105176
0.5854810259853271
0.3530058716298921
0.7324174404603623
0.6123844683602438
0.7094129586810483
0.6993423615957002
0.3083224803374191
0.5026456034901934
0.5101916363382373
0.5250320604332306
0.7116699255865331
0.29743796928625055
0.6720955597356928
0.5121663563967516
0.09774014594830507
0.3158738164160813
0.8663730700819053
0.18183696663789284
0.391829459901679
0.25933758581113125
0.7882275346343686
0.12747776982005532
0.43288493637772574
0.24094661067577283
0.7763356755012478
0.7379630619875708
0.15647966463833946
0.4431158168905528
0.720517409076566
0.5828362428928529
0.7567711751005421
0.3883337296671271
0.8217245215784461
0.8073569696486315
0.5167275643550036
0.7283187384759601
0.5460420445677856
0.40335347601273985
0.8805091902503991
0.4918807512533687
0.491996353604391
0.27266007295421363
0.7590670025749134
0.20249702144620876
0.3723684023105116
0.5216310181736439
0.6454566058256135
0.5039486975869789
0.5395216838603201
0.8706126969353029
0.380243342540975
0.7488175011501959
0.38951205899216873
0.4279787923035139
0.8048989096326548
0.6558339051200716
0.36320370209529007
0.7431911341090596
0.6186303118516939
0.9305892289876565
0.5002015287929753
0.45533894458637864
0.24434103449154157
0.4559745059252552
0.7983686664176817
0.5298455619402517
0.47292713642201784
0.47057805591785584
0.403125403741452
0.9702835454168616
0.11130721761550164
0.6191902083854126
0.7286423585517481
0.4878330533854648
0.17335752414296218
0.6215838209056227
0.5091559681979541
0.44592875629335493
0.8876581315217678
0.5238877872063148
0.9714712718054965
0.12443076741186501
0.1286904726889124
0.5828493325021472
0.45525504688178897
0.47997338933401046
0.3302839439181643
0.5224286466199716
0.347604190653222
0.3317200108795131
0.5110230879787557
0.28641037324315016
0.5946948676632797
0.4999750609954396
0.5248318961024341
0.1156815267719093
0.717997106028812
0.7977446992074422
0.5852085734514321
0.6114322549984756
0.2522997696263515
0.8636361359685449
0.4975856484237637
0.9013365661260335
0.5533157802200181
0.5505806138444775
0.2590905749615353
0.37641230015140575
0.8362947681807889
0.1683616171591122
0.4291997922896814
0.21145800913886342
0.6821888873634252
0.5682839335381275
0.24730207173765834
0.6196591600833907
0.5497621426980667
0.40916461961742834
0.46597539894198836
0.8251859468930142
0.28493180122936634
0.6166976123292915
0.7719844187752074
0.4522116672550852
0.5657668066118688
0.17861149089621126
0.5250582202238654
0.4100923145454264
0.25796477111260796
0.5011842247300903
0.3275667885857707
0.18122882305303017
0.7237804970162622
0.558766823935257
0.15883575098102531
0.6924748709242132
0.5157436675263478
0.31087601201315107
0.20998407570187796
0.6419193724812422
0.5034348312919058
0.46938600545665093
0.3845461998231681
0.3320174707719433
0.725575110316623
0.4188208465519206
0.9008782510177806
0.2633695657906735
0.8019802469736281
0.6114797639205227
0.9575807849318625
0.35673379790746595
0.5977405487309422
0.4881968192734686
0.8657765515380165
0.5578436170850014
0.3424349647270104
0.9264889272369492
0.5403316811734611
0.7255319147930774
0.8407313074744376
0.5050607051328061
0.5364498342901891
0.7929397969070842
0.8289076012548892
0.8253619343704675
0.8734139194199033
0.4096928956558605
0.8139180192730135
0.5168893612969344
0.5562540384505154
0.16216105464137165
0.670313902734268
0.40193079252527586
0.5772638095060229
0.786375988514206
0.2536266687785025
0.5167151353366574
0.16236726634699786
0.5870905319876036
0.7283532190972714
0.23812407996206036
0.040657151009767786
0.6225070911440793
0.37683580370152503
0.9484959613123396
0.5796965226545404
0.3064667097141808
0.8271948815562529
0.6174483894332519
0.5929137466041152
0.8328373075315125
0.8105578379381573
0.9048297962075212
0.24752092209834398
0.8411865849930056
0.5418334411393921
0.5750904469599807
0.6855736078170579
0.3558280876820185
0.46919061199602696
0.43015854144388754
0.7446276568010688
0.2397348373130362
0.6375474434666851
0.8669382324427621
0.5155558643455184
0.09664608544667502
0.4865939245223271
0.2934996406554551
0.8922437505691289
0.5110744161246196
0.1405871776413249
0.5580908891453259
0.42779249912263195
0.4741460397134003
0.26527045052618003
0.5863115914871032
0.6302073961007894
0.9078530245991072
0.4551603734723312
0.8777546634557759
0.39039609484154647
0.3040327652005852
0.22763893438303395
0.38616687687722207
0.6818408277143337
0.14822361331205347
0.4356929534501203
0.5779506912811911
0.2729900651170221
0.3545572989053514
0.5035315396666603
0.7009290696180364
0.8773631018796247
0.6518873014439676
0.8593611635109961
0.17363163925599973
0.45610870757893796
0.8212909706372848
0.35233085638889716
0.4342933476920737
0.564411176624557
0.23636364360223597
0.4766166181652767
0.09087168847974628
0.5775659192630097
0.297108612344661
0.87182666055129
0.38860175426704957
0.4704191201252278
0.25164186440424235
0.8903753797287486
0.04151810165638714
0.45035412962099064
0.24945925854067963
0.5729302432339589
0.5386597590746055
0.03593647310945339
0.08343086773598088
0.3449508705846417
0.8629200671249961
0.6389307677006082
0.6005570242123379
0.2932313148369715
0.7267622189624229
0.6530346320965582
0.5400466690494591
0.43693800858756293
0.5758693240140307
0.1443153614526807
0.2549226311224276
0.5982313451515598
0.030660497606417675
0.186668131082475
0.6447380256756792
0.5160552974648155
0.4495864193991226
0.967475467137179
0.32830870013776664
0.6215716268279193
0.4521086175147835
0.5190155203982648
0.727612464251597
0.658576973035166
0.723829978630522
0.40138757325163166
0.5131073694465788
0.1407656547657992
0.5780197201745065
0.2675462996014248
0.8445344599764173
0.10835281213437803
0.46669540437326856
0.5405290139921485
0.3933021493642207
0.6316018521942246
0.6148447343255192
0.585127447480133
0.5848860164086906
0.3167079429734878
0.6702683394989574
0.09880651536820485
0.28830873406951585
0.323620183617346
0.39194637196804055
0.8733010406270882
0.5375258455897252
0.7403440249141813
0.6351829508240214
0.3796395967011982
0.32144350105824965
0.33826792141255857
0.5114165935109432
0.5400926197649832
0.3870079284700394
0.47559318848748433
0.44655543350528104
0.9401928922125379
0.6553795077674297
0.6774567251670901
0.6122181713238588
0.5300077817716136
0.5130722260920526
0.7183385320337994
0.39982771057554706
0.5367814161943959
0.7920601452872708
0.9556428809179247
0.13618720058080108
0.400522371007821
0.6612840934338277
0.9079283210907829
0.050009519622172594
0.1771568661011489
0.2742841971383636
0.6174007118126622
0.5749292558275934
0.2250007792540116
0.8683008501164442
0.4056512449041759
0.2546514298139734
0.8284822468178414
0.5062728138395273
0.602633361637988
0.14810958737829683
0.3352950525466831
0.175806264821192
0.6471077659337695
0.3671598352948478
0.5585987131263384
0.8549688599937144
0.5073878328808441
0.3761735729793596
0.8505619994407607
0.779664934172372
0.3456859130428506
0.6690991702812517
0.18117643143175252
0.9169193465704921
0.2361333632743864
0.6789534739946281
0.8022495595414656
0.856460107041475
0.6307842924109182
0.7301108968272103
0.31086643367066175
0.3743523171988564
0.5949446202901211
0.45280073612565674
0.5629280374259168
0.4787265214445549
0.3026588076206284
0.8841999087737747
0.46077345416738796
0.5587019700756313
0.4118874914948511
0.4946798012338567
0.9660720053945224
0.053654851190735306
0.45007721151890956
0.8282552435378085
0.5782067391796343
0.4328306724169628
0.644074082647397
0.8447342338885317
0.4176754447741609
0.30392032748011505
0.45858106753628347
0.3355957658313505
0.658693070307993
0.7564811350318352
0.5735715248199994
0.3947814449854527
0.5197215285801194
0.47025241451325145
0.37124351691945157
0.6659209598100857
0.8311333229048259
0.43771410901363944
0.29539760159983247
0.7535622821629893
0.7308303516571195
0.7782799800813538
0.14537685444345563
0.4962699473908022
0.23523534518914993
0.47411385381269555
0.6934664024291974
0.2515567490983936
0.5520133248352158
0.5841242568002248
0.3750692401831739
0.6017901909394908
0.703837535959309
0.46484048649756515
0.7269210255342672
0.5264686438995618
0.7786179252160876
0.34140441590343795
0.3423517797888117
0.6938133837675021
0.7181230540904446
0.5699924742028826
0.206159999990169
0.7274848854408305
0.10617825137375661
0.5991768574904484
0.4600004615206674
0.40023422409970183
0.4401940867834714
0.5266627469024034
0.3640829981196599
0.8703985754519268
0.5539868575767206
0.7031256812038025
0.8763402906906659
0.20657721472513108
0.20763614031754737
0.6371284153124245
0.2638871041536866
0.8053597895564772
0.5688514822045652
0.32260354042825634
0.9371359885961881
0.14269561417913534
0.4778768888950744
0.657081487884458
0.9065233873948195
0.034368758372943745
0.5539554297343455
0.5240355457771536
0.7585187145737199
0.5904929209265579
0.3789466749551191
0.5728848449158463
0.48660669867143036
0.4329476858398633
0.3211936643823319
0.3642994515566932
0.8370247813671949
0.21429586507820836
0.754899082587857
0.8845167165537137
0.4486138082263189
0.38708857611675235
0.8259986010429381
0.2782408931804742
0.3998471801678712
0.3979033806801508
0.6604077518377831
0.2761471469507206
0.42735272146201797
0.2131474054845578
0.4173359203809449
0.48320441609309106
0.11469807860741255
0.09777071625823927
0.14812395974727294
0.4471844567410042
0.796466827697162
0.6011957508470316
0.6349653191648321
0.4448029546761177
0.4868837767075409
0.3101549020608285
0.4425196666055209
0.4258419366217544
0.7933768368724142
0.5475004097123461
0.4236633373841332
0.6549572370363705
0.7494883688270151
0.8939393823326531
0.3540254957686127
0.41517588335779443
0.1579922501670049
0.4753595537799585
0.9134560634852884
0.453577023805788
0.7063839067738857
0.9603250308698553
0.27478848618948093
0.23537873082386374
0.8491976964609268
0.3816548679234545
0.7721208301280771
0.08548732625716093
0.49798928483453697
0.3045873324200977
0.5754134880451833
0.12491297528965586
0.6555935398082534
0.9592291346660895
0.36238061222041323
0.658313310308765
0.4483389318818247
0.5392087114439721
0.37101442465207246
0.5592587259813662
0.48929866105468345
0.7640991700423059
0.696139147456154
0.7874748704946876
0.19631549434923123
0.6637722971132867
0.5605538511880414
0.5260229932281327
0.608146233629034
0.8083659107273751
0.45802376309971954
0.8869454429614672
0.5951641313026441
0.4566509939299047
0.1925477021952221
0.11199530552598434
0.6126125358221236
0.6531850568431024
0.8902533900782186
0.703703971284409
0.5128868597814058
0.40270653954928204
0.15811022570631947
0.3843469759161051
0.5668130783452994
0.5760036544075124
0.7057166616274273
0.959890466521943
0.42368424879573735
0.718406655987091
0.6046612429394685
0.1745230234367819
0.365337803115018
0.44589298855280474
0.29777511162082176
0.4313934063199357
0.5830549866506078
0.6023609497623329
0.6138732604975219
0.26227233876053674
0.6522081546214176
0.44956282273685966
0.7754445708228657
0.33122822591443624
0.48680430131489855
0.19159118416480003
0.40472569048882245
0.9448559814707631
0.174019477243583
0.3712999134713507
0.1463590262213574
0.2829780212172843
0.5406676826653795
0.40679040460675114
0.6913442880391831
0.6569993036827648
0.36159547907018824
0.28504520486695656
0.29916812702453677
0.7927004654988171
0.8036092473871597
0.9224111245233462
0.7593045653622941
0.4533219268333519
0.5296083279508413
0.38249491194403623
0.5599156380026621
0.7946590193032739
0.33444026725959225
0.7322134689361692
0.03670277492292953
0.26706278549292606
0.5683927246906387
0.4976786112423148
0.2941763607513431
0.47923242290477874
0.8187570316974147
0.6865206502453198
0.5603984480110629
0.34547891140597387
0.2429746252483787
0.9257753103219803
0.3126274150999387
0.2229898340419763
0.7589343112039402
0.6494754037733361
0.6696963067723107
0.3706198443659956
0.43103475282625514
0.47807384273226117
0.4036500902676892
0.3366494728421458
0.6807191967599058
0.47983636426512816
0.11711478937176487
0.40653317283383716
0.564247171913999
0.20988095960960118
0.29175405677412364
0.12497571491399086
0.7587284568042192
0.4576773863299655
0.5602695096104224
0.7243916279450267
0.7787418080423059
0.29910862259398835
0.7549101266846409
0.21689438822510543
0.780455973508756
0.4232942896415305
0.594505737539045
0.6412374506830434
0.706408051825695
0.6048939098585446
0.5325126725486197
0.08366977979764817
0.2041649500925894
0.6534958143799828
0.1851742822459964
0.7524102873619517
0.46337013278669714
0.3778120293334228
0.32900689188646826
0.5026316568355371
0.7334573349403744
0.6873303569065115
0.6079350740341929
0.346706077883354
0.3810258166033481
0.5935326725007476
0.6152359476738629
0.038070981040475405
0.3768622172261535
0.2484381851357606
0.7492480421979997
0.7681555437427043
0.9651257224246944
0.5136467788801327
0.2734439446031133
0.3639907609684516
0.44648199509031705
0.9209237622576756
0.3615231566323223
0.27579756400582467
0.5336728586348927
0.4509297614781697
0.1426411783214328
0.2881845121747453
0.6996298067960499
0.4326451370495006
0.2607980575499329
0.7274081340233289
0.5354184726644525
0.7747413574577178
0.5820418433597285
0.7069843596516723
0.6404741753387126
0.6990617639672791
0.3775117173943991
0.5286667734697246
0.5148622388983698
0.14246123030594993
0.3724996464013769
0.7920752121599424
0.6024276171121276
0.5221909658140238
0.18444693902430304
0.30983618971014343
0.1856831873652968
0.33584283180626817
0.814775465131131
0.22445811225279894
0.6830285920127844
0.9925546527034801
0.20638893300300654
0.34243567319575013
0.4865821037961139
0.4183355316390173
0.578453777053881
0.5497960255004021
0.21293467989432716
0.5341439995420247
0.6168823722286755
0.5336067620978278
0.7133257210436446
0.3538398829708649
0.5186047522480635
0.6705826231829659
0.553815216973525
0.45011337501045756
0.4511403226458302
0.38902983043359196
0.5937456476345069
0.41817129506753736
0.5000896168976201
0.7494591097596685
0.12703300353537061
0.4785340166869345
0.2790515707645489
0.5769946817808186
0.9095579753313707
0.39676445366093327
0.5142167496885608
0.30728369372499775
0.8980620677281108
0.2799433402790992
0.3212514181600353
0.48015512097747926
0.6630590046288545
0.5445747791003193
0.28236345289920617
0.08437422522206289
0.38629829650308556
0.728069347892058
0.6604209236664688
0.997586036876416
0.4998580752043697
0.1278524534158669
0.5900251607102776
0.7082304389539555
0.49256925694114206
0.16729588384290267
0.4862951606715692
0.7189395153345768
0.282673648380167
0.4684403700636404
0.6814435045405028
0.8879289155875397
0.2732926105584364
0.21784687706825717
0.48080822213889796
0.9684561740711342
0.38912740928275574
0.31687881325041256
0.8265075478112482
0.37205201006871225
0.8860734913580763
0.2917903638144008
0.37831667919445383
0.1393253514363426
0.4544459549598675
0.7005952268385343
0.5649226457500142
0.4939098492359778
0.6577137940043016
0.6111341105719889
0.4116671275890623
0.8234959238078393
0.5401086766700953
0.6457284736092926
0.2878595843944454
0.5198111175822248
0.5919860970188401
0.22931042972687776
0.7134358015800686
0.8203141951403679
0.35569622456897204
0.7678905625664341
0.6376461850233063
0.5738093378039508
0.5603164057154603
0.6976423943395973
0.53885884189038
0.5534727824357342
0.6111232611925905
0.5985937432062084
0.8257521884880547
0.7664887593973084
0.5282338642978359
0.5991801665448857
0.5276414541085332
0.650156607959678
0.9010163396087183
0.2890822917363628
0.2635952614103222
0.6417448502632805
0.6040147161813911
0.4808570166878807
0.5467982730990567
0.7284749260056983
0.8662277835808727
0.2788953230979066
0.5940382215175883
0.6227688494193062
0.651240366400653
0.24613730330212075
0.487950819664485
0.6502546835268279
0.24045300753656415
0.5036333614648617
0.530943173141607
0.7081654683347467
0.37526940211677595
0.5697014460481136
0.8619886714662766
0.3107838471364742
0.2889203133818883
0.36584600852516747
0.5303656442161873
0.5527835780431938
0.666129516783996
0.9528035887842681
0.4602007028408802
0.6231602695967813
0.9020440475150016
0.42234642711097237
0.42562525082412633
0.10873210974807831
0.5643196831520787
0.9439118943083358
0.6714040738882373
0.9639119626570284
0.12931192425470447
0.6800856058443535
0.8590148505068735
0.4147393826970964
0.4454575255065692
0.6103735137068074
0.7199275865254886
0.49746908290115044
0.7767122387377458
0.7122968681623154
0.2752161791155665
0.13494846089550572
0.4024130069384102
0.7420274580910351
0.6023638745888822
0.7662293595463211
0.8461163887068118
0.6631310650542154
0.613962899016365
0.18732168439740163
0.04886643538587003
0.5905186725003673
0.6830596777913793
0.26358448963239556
0.41980786744974163
0.44040782136412937
0.3698878579571381
0.31660620470122297
0.8047202027605217
0.4916295574284242
0.33975737618912194
0.5684473105677309
0.22554467426924635
0.4272291621824963
0.874311612961256
0.3654343990523201
0.45541482567466873
0.4712697084058397
0.49739948622190133
0.639339627221754
0.4796732632073115
0.30900029918719507
0.7877067383937666
0.5395744174980791
0.5042364830958773
0.4041463175713994
0.7807491993229819
0.552433727452659
0.7783275873789414
0.0358008458565213
0.22347629257481866
0.5355853697398224
0.6505064293311769
0.7913805965943148
0.7650552752374349
0.29094778974789476
0.4318604091078607
0.7687968863043577
0.5514169235230652
0.2788359019455406
0.7865529643548226
0.16057521772731784
0.23127721527170347
0.84162195902974
0.5013411626985728
0.5592668509203217
0.9614481301341853
0.5686269198131618
0.6174034094712116
0.574255347522719
0.827519366561151
0.8414786371032479
0.4968109081182978
0.6161521935780203
0.8000815674748435
0.32111936754676806
0.45448736076351814
0.3179984989834409
0.4013821499878997
0.6843930613969782
0.4588718400203737
0.3927434381325752
0.2756295034675371
0.8074254519971273
0.25275159732145813
0.7026376114047022
0.7774091787383751
0.26010955889771464
0.24251147585553862
0.29280777935651964
0.6409537391746185
0.9653876882162512
0.5087548871281355
0.3208143806795766
0.5014798274193017
0.4802541996661649
0.3814010061430147
0.40820378991262873
0.6840401168346936
0.4701762430752702
0.4884399777977308
0.6166149483804944
0.718896429348471
0.8842609079108583
0.4144369939169487
0.19810940994278567
0.7210518343905101
0.7503232773273794
0.6883876016931632
0.369682626728688
0.3772293155988804
0.3007566768425941
0.5127768216481274
0.6155590989501492
0.5006058056161456
0.5001893519695483
0.7191511715771538
0.544258090752774
0.40231424966632545
0.5649989387396886
0.37890739681974395
0.6138783068998098
0.11631855584041115
0.10250591701507417
0.692270118098607
0.7868458673822188
0.22802893313763203
0.7157857357084697
0.6981829111785944
0.23451935606819974
0.18504566649286594
0.42115744592605664
0.7940758492068682
0.2901587101408813
0.38534760862882045
0.47116770961204024
0.28177083746857606
0.4255453409967645
0.6633260306595139
0.766832163432197
0.5373986297013646
0.571858214516947
0.41049344065648646
0.51683738483268
0.4712245399168268
0.5115694233792762
0.6820175151560706
0.935012895041573
0.32687403031497986
0.16524003945231072
0.36064006248858166
0.3135523127716085
0.8636333149072224
0.46778408400060695
0.2360092119411205
0.6764133864113187
0.4873961839568806
0.19159252551883857
0.7979206279978253
0.3531226950704711
0.6236686950481382
0.8608514233861024
0.28673057605404195
0.540329359311231
0.8361457834056498
0.6468112270436539
0.743698669047206
0.2919729087554535
0.21671522625382014
0.42996252316700967
0.7198257845532892
0.3195994119750632
0.7529774101766484
0.8256490033143027
0.5434870619386302
0.1370799893646325
0.6546403585246117
0.5544538549589301
0.5432503923958114
0.7967930074700651
0.5582931796048868
0.3255669997590792
0.3460969729216019
0.6673165568370332
0.45159793030135187
0.5820749158059054
0.12309552949436652
0.34284472946370265
0.5222900236612301
0.588656667560968
0.23556624117417424
0.6766021732843153
0.5342852064922649
0.8821699333140902
0.413349880896874
0.39957941630158444
0.5963380429790406
0.6522481528654489
0.3831230730675232
0.4839963362232206
0.07968680632295928
0.3265388029403427
0.5095629621656108
0.7645556576766555
0.2958435120901042
0.6060424623457076
0.39283536548348785
0.7291328861114552
0.18479106923512484
0.22917746107993767
0.47648462073977704
0.8457952337614593
0.17475116677837071
0.34410537270912855
0.5401423232241674
0.05619925589747477
0.34151069077187357
0.6900507587920225
0.9659400196522323
0.24053166751912675
0.7331021684717645
0.7354145493331374
0.2657281342460401
0.5092438091195423
0.8697138557681718
0.646756566013931
0.455661156035503
0.3401804651777057
0.846940342684326
0.7006508952528169
0.5166787992318395
0.4755337416764519
0.6159134567483214
0.7671827932911851
0.2720967341055261
0.6382626815267609
0.9147486249696051
0.2899656387464514
0.9903923650924876
0.04497091676400515
0.18246408619991858
0.6258598497476193
0.33832472208270997
0.9520811481602623
0.680583710442849
0.8219699960675465
0.3826103963723668
0.7156429205429605
0.20186106497662695
0.40198293807277136
0.25541132485878754
0.41221941786398
0.9759478160978137
0.21417755721491602
0.22644796950404963
0.2785246291560774
0.7535952012500367
0.6781202527519237
0.12165569826172251
0.8101936887011708
0.4746989651686747
0.6222360224620167
0.8989430775324321
0.06602045940635817
0.37487005952167507
0.5559361440976033
0.3956688886310765
0.5838905502539499
0.5788938498923747
0.2610315553010634
0.650953374471192
0.08777997013225092
0.3092024733160471
0.7944292667116892
0.4076462535874312
0.7848235880861841
0.4903633459899327
0.37369768210916293
0.6824381286428356
0.49721777121266647
0.38994191984550497
0.4707549677359055
0.5994628070955861
0.5565028419691098
0.5861577789484851
0.6334506472930856
0.4913932462265404
0.22272600329018205
0.1496491129631953
0.623976224478195
0.3247494726752957
0.5804673335310055
0.3775479003158001
0.9571901413824146
0.6284038804815666
0.47075749758680197
0.7282318053685075
0.7914006557723183
0.8961276435901937
0.7542256775451658
0.798653564086869
0.34926166531705855
0.17636013350358104
0.11215471291998053
0.768101564841672
0.7441235266423578
0.21232978060294086
0.30497839385281517
0.23484704518579683
0.6426439755704334
0.5249256207074166
0.47248016384328145
0.1385106011096393
0.6547501171879329
0.504150722364794
0.6167131084571411
0.6971809151318052
0.834794754893566
0.1607573702377763
0.5584664452311521
0.6162538989425286
0.8492256351497236
0.5207190149193426
0.3756244714698627
0.565185175465844
0.5501893508255538
0.13041875713069606
0.26042201124568076
0.6342929368756731
0.4810032925553879
0.5211174006829494
0.47764029724407964
0.46578988867910787
0.5814600881587019
0.6458997468760452
0.42543372686998204
0.7346871931647097
0.4917189075277564
0.4464796641227408
0.6795115647213263
0.8116393703561346
0.43983169038981973
0.4556959557368774
0.4993899683061412
0.4818443428168252
0.28462372745707243
0.1876041531065324
0.2559267190891786
0.9953920995782091
0.2007873203230186
0.3442062545112666
0.21704055554197177
0.4427400650740614
0.6967091447402617
0.2028657771311026
0.4968755219217795
0.9201988228804412
0.5062548874647759
0.6237023077965899
0.5116345617013573
0.07267136685699946
0.24880964670296907
0.6883404667031828
0.5267923776079195
0.3814153258111495
0.5819166864365799
0.04369840678636616
0.2980771615073591
0.6103003430519838
0.9785850528393265
0.4185785987743703
0.5188717669153585
0.5352251064788377
0.10025410855022485
0.35188277423557024
0.4844279912250158
0.9518070601223487
0.3635879942306201
0.48252804043337144
0.6230270707020439
0.6716322033581996
0.49474694822007625
0.2891242037684453
0.482671535195705
0.5095447138486815
0.15871555590267575
0.5691918960987619
0.6928173488004289
0.9163225322149413
0.5034415003187869
0.819020179127699
0.08785320551605377
0.2654999797352881
0.7790422144344695
0.354159695841642
0.3079170885559977
0.7784956760337162
0.5234542501174388
0.7452360932550213
0.7382283774808773
0.36869912152942774
0.7882432742758871
0.36731086274456803
0.4717012400210656
0.33797588931255024
0.7688688787947787
0.5922840511353783
0.7145601640065934
0.9107484126565244
0.30432891931126804
0.3470340437699637
0.4704600562628326
0.7785977774974054
0.6476939334443159
0.8929210682637022
0.5767502204402284
0.8118855089925003
0.6451493519481968
0.6643967651747577
0.479773971972034
0.48299803524541896
0.6299587342982278
0.19267413237941372
0.7278107627305558
0.5397648258955248
0.2678992423197495
0.6528291729679269
0.10409766308285429
0.08634268543834298
0.27944661336182863
0.66454019652835
0.1487826471966113
0.4695218924317166
0.38932704845465405
0.82195217562286
0.647939186108327
0.8380436417143362
0.1696175756098417
0.2500901949692493
0.5878314434923253
0.5067106883815914
0.4019044607443789
0.776798839375669
0.4602982319924991
0.4589191247576231
0.8853916224868268
0.7952493823262541
0.7860539595036399
0.5456134118531303
0.8934450283102081
0.021514620554378024
0.5802432771407439
0.6809552428423493
0.9872280057855891
0.0673839535567259
0.33210406870563525
0.6673380895152374
0.2681325180536446
0.5633003750287913
0.13529202132130452
0.44015868848371387
0.5299185372644627
0.88647978006443
0.8150581077406593
0.7375037795316398
0.3403227128394197
0.8987645561562858
0.53753820715218
0.7370057945195745
0.501908406639219
0.28035132403369295
0.4536183544386433
0.4390764782894352
0.44834399772612166
0.6392842083361441
0.34678893240982
0.5440456790559165
0.44393117554263445
0.6690205156410731
0.46487473065436813
0.5692310059092749
0.1262004857592257
0.5319210921670227
0.46928099970429205
0.6939334578084413
0.6354794245049826
0.12484972611616274
0.3830537682179813
0.7015846241496209
0.089923712988336
0.4953724895690886
0.523642214638922
0.3573205515982041
0.7387781046349331
0.36692727661405433
0.6752388262235118
0.8737830539034771
0.3468900993111959
0.2034749628349129
0.22553624430113972
0.9487722145359887
0.1537297086441781
0.5199974062890833
0.4171003758817731
0.38668368953110976
0.5803956842018286
0.523009793512969
0.529595149370452
0.7986048501560041
0.31247259713687214
0.6113232616510016
0.9748423922959162
0.2501647749185023
0.39036192992825636
0.5231126847409031
0.5217402097870587
0.08752068287829175
0.19290742907513447
0.5205958253180771
0.34559622988626404
0.6712654340398609
0.31009182059566626
0.5467837339716087
0.9438165258972259
0.32187848937356633
0.5504779942733257
0.3608564341630405
0.7374689751446561
0.332869905716243
0.7438093000201952
0.32512640679380966
0.192807270756151
0.7047131369233972
0.8223043993692429
0.8879029202194777
0.20490727716935264
0.8035034455113494
0.42497568403143743
0.42564926181228735
0.528401197391593
0.6441066989620001
0.03771399671845404
0.22133781528523125
0.2700091702983143
0.3713777189422458
0.8988309988218126
0.39341485684375804
0.4592488049083948
0.3348804242869874
0.5014522553495435
0.1904083514250001
0.2399220357769059
0.588290284428428
0.8328130146115329
0.2968094733137723
0.834103811808653
0.23564090925912579
0.7476950022213537
0.4564858915484207
0.4465348756692388
0.30788718624878575
0.36904353110348387
0.47154197422400657
0.42234578963256025
0.908431488096743
0.5667473517745051
0.8344478619166942
0.17357717383561558
0.2159558300127981
0.3138732519799653
0.8389476910752088
0.13525777312886753
0.19715386579475394
0.7135468479076256
0.8004661789333019
0.3272211774022061
0.447686570814274
0.7215522508891343
0.07029748838255123
0.5001212924286644
0.7278377806032617
0.31682096746942756
0.7242816748406455
0.2513860826891959
0.6057846152607899
0.6747466901278654
0.9104462289264184
0.2621206756553351
0.26224644192500035
0.437890898438018
0.8179889059775205
0.2806397011925682
0.3229230441914111
0.3667572121539412
0.6267116956356847
0.9177829173019532
0.44811744764278294
0.03890806322545303
0.321853528192957
0.6470924833402221
0.48895410431685626
0.8167531758813114
0.43667752176385216
0.3989519869739441
0.5489595364122345
0.37501462623755577
0.08975489345987937
0.5743985687895405
0.6201496501191228
0.585551525773609
0.86107471048024
0.15962391678460583
0.4149054247098654
0.7271225868539704
0.8059225095676565
0.9399306408490653
0.41485140625227784
0.6692597796860102
0.6604597889798528
0.8745318779338054
0.555950219075757
0.5396241713406869
0.5775603401000797
0.6302594224863561
0.5095891540433419
0.42597749681759833
0.9273683091148208
0.5527912488240243
0.5298615470206826
0.8218429319233265
0.6430272050728469
0.5613629306700683
0.2668774007543939
0.3575814027150196
0.8636478306960433
0.29674756752358294
0.41166642729529995
0.5033196163798442
0.8068524156638853
0.6283082894762506
0.5655848479070048
0.7484952682471802
0.8820797346661295
0.24329944875869255
0.6284132833582268
0.5545731404282546
0.6567927711521663
0.8805767386522521
0.1338195385746113
0.3615837609742931
0.603888910281787
0.38088574815571474
0.5722799065496912
0.48942764478272216
0.9212038434949508
0.1380908603533676
0.35729586111221695
0.49824897642395066
0.24486531467825937
0.5489081439483143
0.15686989050326908
0.34166517694728976
0.7998119881889141
0.35622383204720265
0.5924026083701088
0.12461561213466099
0.5142204358287688
0.8663300437732006
0.7357819964937062
0.6284521457626022
0.1888030396458833
0.6298155777490917
0.5891762619872779
0.3535229035376072
0.5707410444322617
0.33969203019343946
0.17145120614397974
0.49580145255847796
0.7003466342865057
0.4519328841040367
0.79174360840037
0.9079148306167582
0.09549471444204308
0.3069286066002558
0.432054882357605
0.6431885266543325
0.7022981934833973
0.7989521641292943
0.304188915588399
0.8907221376780741
0.291203573148512
0.7322572297731713
0.2039769906273698
0.4852176016665505
0.6417503571635361
0.5288850780094538
0.18816181957771935
0.10529956482873817
0.6655670422280449
0.7063512007715078
0.5097136230326924
0.5894665868668821
0.6405267250867359
0.26038442319885347
0.8754470706957747
0.44780696693941013
0.6447902027729351
0.7846101265578236
0.6684941609662509
0.48338185444513615
0.8532932528770305
0.6060199446536849
0.7563692316752093
0.7244228520911451
0.5130599302586565
0.46042812070671746
0.5442284997216043
0.4390461544918848
0.14248739190743392
0.7945520086929181
0.4808623185493371
0.4079755193277762
0.694331737094307
0.39945650481608275
0.3879427893253422
0.5350631927236789
0.271305886941481
0.24174829883968385
0.946546639785275
0.48016085703948364
0.11836849948259444
0.17943235869846003
0.505603051719543
0.4764215692255774
0.5285072340627396
0.11255950908813042
0.5696646630623434
0.7460072105285421
0.9466220858743695
0.5325797719220462
0.32549121997778674
0.6712935460731636
0.4498039511911518
0.6272942858064655
0.44259604293032884
0.3527347976133224
0.6185429568511331
0.11877365342107157
0.514661698404196
0.5697096940620437
0.7556136200003368
0.37128049215955783
0.35907266086385775
0.5137957291224023
0.5335567239085979
0.6656945942676256
0.2779295826779831
0.4265221498250575
0.5849894332119845
0.7123050906136305
0.5502660957903953
0.06683061851857901
0.3000406364354633
0.5633294176312184
0.6776184501317788
0.5238853294688897
0.27674665046394636
0.6372180218004007
0.5907132504929834
0.9273403285715642
0.5068814295652894
0.3549799142952478
0.6145320870257686
0.21923412844442794
0.5196678083552739
0.7067806409290653
0.046674906803391855
0.3114737326338382
0.8383343679558051
0.6424384658325367
0.6524640487861654
0.07362266844240403
0.44851403875181817
0.561316041374341
0.32704784368679374
0.49982430324940197
0.35794879933201906
0.435224316120758
0.6832857162272381
0.7409442976378553
0.5529079958682814
0.5528839170153345
0.2011265540292424
0.6093797284518032
0.9298938311881552
0.37174819630114275
0.3381640661791431
0.704660242189561
0.4989923367515936
0.7016219769756056
0.38397979872586585
0.45800552172283576
0.04784875168186818
0.17139830110236648
0.4730713413211174
0.5875463529720948
0.13288785021986657
0.8556850120101297
0.6308039278010379
0.9068205711751846
0.6072100959174858
0.6823312310555121
0.5805555555887584
0.7662704715636902
0.47054228102589596
0.5587833160509658
0.47565022424908143
0.44081685171897694
0.3114725589478855
0.6949629606373366
0.3338441747049873
0.6771926673970485
0.44241340813398833
0.31618065860246475
0.21734421955771865
0.580886427566176
0.432908382268286
0.5203272687790114
0.4141919341059147
0.699024001861974
0.5430929163190242
0.7233428793748621
0.11362396489387122
0.3133095611331739
