0.6278393130031716
0.6491002701279258
0.4191751342152876
0.176492000788963
0.1178295975906646
0.5295054751980965
0.9709652900745113
0.3717998464870369
0.3246860739847525
0.20207917423922314
0.3789795288408661
0.8545904108008388
0.17161656695705615
0.6061422763342501
0.6695697354397034
0.7973595997973694
0.45119706802473547
0.7243738819311485
0.6107677204836461
0.8266418428265954
0.37432884263853144
0.29590861911216554
0.3673453770478623
0.6601273160329804
0.5427725873076095
0.603890510976364
0.07149470434707039
0.6561747117957347
0.8008668384410993
0.5186050544303127
0.7314202253017436
0.8116146063039696
0.39578027318148323
0.8628025802894244
0.42197292836467815
0.9858291941404564
0.373701248936523
0.33742135711545584
0.30888919680875215
0.7156857172264992
0.206286706379271
0.3264879434790669
0.49180369902901777
0.9284086169139731
0.4469429149839252
0.4352439447041502
0.8359943834198802
0.15034255938976185
0.538396657827805
0.6561523338243846
0.2971095362350511
0.06095477852038013
0.4719054032564594
0.5851917303733765
0.7800060668342648
0.44640475555110015
0.8258955973859672
0.6300820629714705
0.6376543324734241
0.7019251098200459
0.8024953673978592
0.5926668485081588
0.5035514206504192
0.38616513164957417
0.574008028666037
0.02394691112303269
0.2156861218788211
0.25064466504594163
0.6744840129151828
0.7241506482834413
0.5222102985378956
0.6736206305941342
0.412344150345717
0.7633460453359621
0.49308343834195856
0.7109141939121804
0.5950989902187122
0.5369763635271938
0.7890397285611387
0.94406490585277
0.4054489583180585
0.545620313558394
0.27520276226108065
0.6256748447315923
0.345576320538618
0.8880998525004848
0.5107373141427071
0.3588735200004113
0.7320522995970783
0.2825590188225898
0.39307393157235326
0.8143753717173796
0.42449493564352203
0.5225707117592983
0.8368825101356194
0.5809771758591339
0.8841268542170041
0.4115159653700037
0.7419813838228421
0.17292543280088962
0.4025251321289274
0.6881888909200647
0.9565956432180731
0.34165378679499725
0.41859672775807877
0.9557586807294153
0.483048948156675
0.5845931433069342
0.7112465172944971
0.32470720116918483
0.8783846375513142
0.3746837575943171
0.643963309793123
0.8165245118055536
0.4076257402367805
0.4409856590307741
0.5341361002033437
0.7269318059242404
0.12645286586384513
0.22865992217422637
0.34573880031703935
0.5480825338134182
0.4154193846158421
0.6355276445189837
0.5541220051836712
0.5232223718722611
0.9420557047888847
0.4084611945644798
0.6601861294818129
0.8034969570994636
0.15856810205263705
0.44768883329061576
0.8106280834308075
0.19242153186298933
0.5717146641664778
0.6081165523968133
0.45157181687855497
0.7023241116334252
0.39574672818376977
0.7027957616727414
0.5546212197922795
0.21404027242920057
0.6336807825813353
0.4168796149523035
0.5106023803310689
0.7447721487378546
0.6497849565434376
0.6238224946286308
0.4312064437288149
0.4692330921755198
0.7327214764141602
0.8249066910841649
0.29920079816970185
0.7293675911700229
0.260234131236301
0.6256187308991703
0.705591331650732
0.14163447055954712
0.4063012989401336
0.21268079786569916
0.5989488758724162
0.5596927037452908
0.15911392198124513
0.5809505779730266
0.6872587365747509
0.5212996901926599
0.8004048749653978
0.5484594915512813
0.6787463747910306
0.3871685447583444
0.23585824949162998
0.5825472635674138
0.42375682988857405
0.6892320578959757
0.8448379598459713
0.8217613607044832
0.8309497103084897
0.7402702645535475
0.5302309488401178
0.759450210853861
0.7111687102448998
0.2741781950804463
0.5648280529869325
0.4560014366449652
0.5624031162198809
0.22861368920460073
0.1494504775171768
0.6603118921667492
0.5823495818921689
0.3777454774027571
0.6173080914566857
0.7385794497549304
0.28485496328539217
0.8502172259810513
0.23255946215979983
0.6226526369018767
0.5953265369273003
0.591100030345784
0.5170323396582122
0.6180542350196604
0.5747187896742457
0.41363129057522047
0.6599177954217161
0.13490089191169377
0.43172656770690937
0.8439643788771678
0.3110353736811169
0.284637141222945
0.15269430352194688
0.6567538762203948
0.6441634254277452
0.3790358468774177
0.8117467935097222
0.6011130443080527
0.4860772309166688
0.5764362741537862
0.6039984136452019
0.3273468282913354
0.5574984830767051
0.49332644984959
0.6239759919391066
0.23327648767407166
0.9649384401893488
0.2997518070363326
0.31773738675687474
0.5807770322833681
0.30311820499167336
0.4031826746112244
0.681067644315807
0.7109041754492189
0.8223847174858139
0.4038257353247746
0.09366557659332253
0.4680194655030478
0.8379589393334212
0.2179220437579417
0.10225135583116872
0.5034543308836498
0.8185085299965356
0.7326483161083035
0.6996992023700835
0.26918284536230747
0.9172042519525795
0.1452636139699378
0.39680194335013136
0.5881983537538672
0.09619712475840762
0.08782091900311505
0.5902506287292695
0.7441065298219912
0.35196759137878963
0.30860348315790576
0.3685290557164312
0.7842119622663695
0.177743463891907
0.7345208987857139
0.5968296198200305
0.6526200580228845
0.22027208640148618
0.4886610639484012
0.596032889958491
0.7905068463812831
0.22010902937394605
0.5622676920755805
0.7208687509617759
0.6829730897414836
0.9367689266072311
0.3857962189235865
0.5430760295522067
0.7814593944782513
0.2677312028548713
0.6949259778997016
0.1405456761353948
0.6854473707962077
0.7373463219255089
0.26469263764833806
0.8321601073640905
0.25539104053145706
0.5079866260786717
0.8035966501042632
0.36955681499978316
0.5467723184954626
0.5516511001085727
0.5060957405856829
0.2882904784913833
0.5794975665434845
0.07320512813878367
0.2609311977444604
0.3090607031320879
0.4043759254446066
0.6649584773328491
0.11060547656078748
0.4693679005797753
0.5367369414074382
0.3258697795650587
0.8242340421378564
0.07590130912231295
0.39190229933539733
0.6611601484181873
0.380246351403721
0.5928340349586003
0.8536909318505377
0.4968154953607823
0.7626471064459274
0.4230024096594937
0.37030457867967825
0.24804946052752744
0.5983438084151421
0.20570410862931124
0.16759632067555366
0.777004735326773
0.6630315112821188
0.6021793555897506
0.5267084452625206
0.5555245712073038
0.4589603345430658
0.43711278779041335
0.9556426969787286
0.3423629573402786
0.6418423336084502
0.890707871823705
0.12479756276693141
0.39859179154686225
0.9540952877424438
0.05286328682152405
0.39943862182637696
0.6198144108601946
0.43141557385979973
0.7356438882423393
0.869957422437828
0.7479201805243927
0.9469697885229269
0.5449897773360495
0.5554732834548796
0.5144550759636681
0.6339855451878351
0.12061650140701356
0.18925750047076018
0.4542642740541118
0.45069167082656886
0.8802028157560053
0.543078824156303
0.91142623373795
0.3634370585186951
0.2701694804143652
0.3773105827182134
0.9411687633607105
0.2985543062400302
0.30422444793880615
0.48205671865565736
0.4170944600398334
0.8401685117205232
0.2267885067722572
0.45927646466828465
0.5562439262077024
0.6138379756091665
0.7347418085436082
0.4135174398428018
0.21725740786856956
0.19634318038540155
0.7027081376522379
0.7352422163762967
0.28775978071663505
0.46687248702215706
0.530506715786449
0.6674499698977154
0.7398534355428095
0.49410809459764626
0.35534814345889043
0.7253070705653468
0.4522086750285279
0.5373300998232112
0.6479308592674828
0.017000619585441575
0.09545850396328126
0.29730455263295746
0.5206141708906852
0.7440081930880086
0.6172361486104819
0.3885653150541602
0.2778633152281703
0.5502525733222009
0.4539818982809077
0.5603847800562394
0.3234076660538662
0.7704809974914478
0.26216186074076137
0.2166271347241514
0.4585883706221371
0.6556918608818698
0.1921407905109257
0.388819526289626
0.18704102667136713
0.29336994810469336
0.8637054852961398
0.22398183872353955
0.07937161463563996
0.22059510110821706
0.5633050596986509
0.8566748164228817
0.4623863695929237
0.725139571876265
0.7394618907742789
0.8297510262271643
0.6906634348625813
0.6531946114300562
0.2673053822753845
0.5311313217558963
0.3682263710968699
0.9581293283955565
0.22581931548033812
0.4811567178743202
0.6294383833434967
0.7265072597289165
0.4484086331493745
0.9876392695453723
0.1513147931074454
0.23091297302668087
0.2533509181702977
0.8670248530272274
0.17732349255033103
0.47668178547057316
0.830405997073961
0.5730849580957146
0.8147916401973769
0.4888769228771498
0.5446019297837629
0.34403850080166787
0.9018206756457712
0.11690490050180552
0.38034738091032244
0.5197418767950986
0.9409679789691279
0.3845254417783397
0.37824869507388026
0.4592667209938934
0.6706825695605909
0.4438002326682226
0.5101340216712044
0.39138212236551884
0.5759585915876392
0.4385654101978051
0.3216415630285234
0.657248036852346
0.5406328025683771
0.6991734786224338
0.3873724482452876
0.6344500269419902
0.43117138207504346
0.45382869217295363
0.5659626824287017
0.2665680091765879
0.45677264034375603
0.6698801160617817
0.2681621345975561
0.30973577265758634
0.717392272155028
0.5496209528692249
0.9190100487857804
0.19163596725128026
0.6208079564765618
0.5398520391157284
0.6182685352442211
0.7544023227618135
0.5299164854937057
0.9624867158796478
0.11258036580545047
0.02853638409954015
0.3095514065593144
0.5826085492856137
0.9876058254945871
0.28305589529009845
0.4445650706885453
0.654418092029042
0.7104319726003917
0.32060668739879633
0.35465355035908386
0.9366792603256678
0.3964366813109762
0.5583335476904792
0.6834318489584827
0.40146163352083153
0.5165690629362751
0.8683609267444421
0.358987186505143
0.4598235231415877
0.3242364413940769
0.5731413416432467
0.1359462438526122
0.4024824939261418
0.6656832712508626
0.714374528590207
0.2991256339171465
0.5503580671312721
0.7706932569715694
0.46199806899843615
0.06543098173896708
0.5298232986866476
0.6438466863928851
0.35300966153746327
0.7480679553099188
0.23859273845516155
0.5795071618665837
0.564783777644987
0.45684030452062807
0.5929254243160026
0.4239937242992212
0.8066643915042179
0.2544690588217673
0.9054107808704721
0.3500586589279311
0.5223833008926833
0.44354594826689187
0.43819337458025265
0.7118577382802442
0.45288419249237466
0.5196702443300544
0.32218701520018933
0.8091133682819878
0.21701568031999516
0.4365944114224878
0.773362464094794
0.4799003703888115
0.46439041772943884
0.7091062626150476
0.8687451940433494
0.082430828605728
0.43947633228672023
0.6344712278103322
0.9759592824319945
0.12728794182784092
0.18329478684645192
0.5139924129134352
0.6794854289243727
0.6549958160608098
0.36410403630929405
0.7404475059581009
0.3717297311228659
0.6941683226529701
0.7486799976651974
0.4667887999330322
0.22124760400409818
0.7394144144414232
0.5435959991082634
0.5780635597890075
0.7883881349938551
0.4717311160942924
0.4406110086290018
0.7469951485347823
0.2957973320671879
0.31246990456320695
0.913757192126523
0.3232454544096962
0.9194617898960262
0.22295305532979076
0.6561226132341001
0.3017837372129475
0.5683059953986044
0.38860144986892076
0.6191532072844202
0.5077694028178831
0.5666192012531432
0.0796741984612748
0.43925814079378067
0.4369060931830827
0.6401199964063636
0.5386634036847118
0.7312785095611051
0.48335772880812133
0.7720416387027924
0.8373235035155738
0.30765309708591915
0.32021046234579836
0.6784221610243358
0.20159687657060288
0.34524635274803156
0.22605406181559298
0.7672596872931408
0.4665337579609641
0.9008162682752991
0.4241354739569689
0.6038070888292659
0.10071593813439597
0.12626869163293072
0.7317874951083712
0.6772253788215867
0.10834306006268693
0.31968203565375747
0.7615146952713145
0.5464145467081264
0.4605668989336225
0.709707783013799
0.4299351796342665
0.16932860759753093
0.37465635984545365
0.4186232600320788
0.6897049701264484
0.6667680200241239
0.5532301469061491
0.6675961660114298
0.2954710517417417
0.5532171574443618
0.4703525071525564
0.7349141403056998
0.4374375159915074
0.8978809790735947
0.5995090808216892
0.8659893942552452
0.3652828122863775
0.2254748050525735
0.4470629410774889
0.7012731688624296
0.6257012308722275
0.4538688113543986
0.581804238572242
0.38855301469942594
0.5937492950613544
0.18253031569365305
0.3369289048423031
0.42083054374530954
0.49634360434271435
0.7226429017638621
0.6963147778299994
0.5283658777115567
0.39514345167843223
0.49634659744698484
0.6384464639411682
0.5837669112886449
0.6533346476227677
0.48641517753959357
0.6357106667609376
0.8555109413474649
0.24255067786440795
0.24777286189435904
0.5157007226365774
0.6328002668655263
0.35636079304841684
0.6914325394256289
0.20249717850657165
0.3365012726435117
0.24979492563368216
0.7453185368899231
0.8146144879089927
0.4445928573947978
0.6841185851625868
0.897573231240566
0.1110724248802074
0.3403749682056724
0.22293698808993004
0.5645622495067071
0.8407758185542913
0.38435763233242815
0.5918716711617993
0.6075869849330309
0.6583435149862403
0.6744211676635044
0.3909789337256215
0.2315024651231996
0.2616794272824357
0.7049293066055544
0.8697878183672796
0.2570993540308257
0.433611095106795
0.4051458065256408
0.549440785669876
0.4176152621853566
0.965444293405331
0.29425419532936326
0.03660029196400219
0.09544867488261777
0.628570012018228
0.75083886732718
0.3413260115852051
0.2661483807794982
0.4276993004015784
0.3738188052176733
0.7663443366592243
0.2505534783977157
0.43098735132860927
0.6905789569575067
0.41523887791591
0.5165294458621125
0.8014595514058711
0.45969940963842526
0.26936726860573956
0.5862930132912381
0.6947547537494659
0.3694535060813904
0.6815798724943067
0.9059975028515799
0.10933408102515915
0.48891258115476427
0.7810496977160202
0.11980569943063644
0.2090185762920055
0.7615654207474454
0.7880236583888143
0.5216338818086251
0.752680155937107
0.4998955635036043
0.9081921036517108
0.33591150806089265
0.5168772626533344
0.5939585059248821
0.5727357530419277
0.9399908534196032
0.15271139688009408
0.29407263358401375
0.556136877851489
0.6381577800661709
0.567066664660256
0.9207206511232009
0.3021895232978952
0.4499437715408553
0.688881673011196
0.6085507823457976
0.3180679905606697
0.42563632430326476
0.7488841712062726
0.6989268693670853
0.7495396863625772
0.6983573244595369
0.530510989083512
0.47375467868123955
0.7484117167074957
0.461026786384373
0.4754902383903182
0.6956445403747704
0.5051416570513834
0.5499681881068829
0.1694108221216844
0.7431683856128116
0.8550848908594564
0.4193660794593731
0.25104335100709363
0.8880927493163444
0.35212694931323424
0.47520145952422543
0.5921534861376645
0.46785929078550786
0.6979743600354575
0.1814478658588923
0.2819343056141904
0.9599858334329026
0.1591522905263176
0.7687653881436494
0.48332987341354755
0.5563993718511036
0.6946685133732515
0.6772723651188979
0.29743143039448694
0.5478584176364807
0.32688288577795316
0.5293829197900078
0.8415370276546665
0.46487209978793
0.9787086956953621
0.16555038038858727
0.09059702196068246
0.20068990269347586
0.42838589948977684
0.6799585623222775
0.29729631175750937
0.5331787942063186
0.3472359676504418
0.7564295974567833
0.4325646911900378
0.2823671189291906
0.2904715165668882
0.5393636726085143
0.3036348576459803
0.7464443796373827
0.40476988473113135
0.27598705926793554
0.4126006708762533
0.6220673467371585
0.35416489593779166
0.6023840471518608
0.9729131523715294
0.4041524594620575
0.5368649081572219
0.9366192506680588
0.1691101308582918
0.16850261106899156
0.20532475032008696
0.3895378261186876
0.8914231185228205
0.22117248778132095
0.40310797366451423
0.7040335821943731
0.23922750409037802
0.31112774944485894
0.4090817074319011
0.6962529107355926
0.7421955230612872
0.18367771378294354
0.3913422392589605
0.5534648574396484
0.6876288153211296
0.6635353241922826
0.7773536170209069
0.38582530720441677
0.607918291813841
0.6131471062162746
0.7751204325329206
0.256969470093237
0.852180676382124
0.7833156038753144
0.860836309056928
0.47658823577273435
0.4151758629188518
0.7874638458110244
0.5107786885937572
0.8470805658529923
0.79505439569885
0.7102037934930934
0.7863734411769159
0.822122960855471
0.5573048445582214
0.5912531845250789
0.4073643454722219
0.6938319826876703
0.3100127883737209
0.584568808268865
0.3860945197567284
0.5056603872912848
0.5535001418247939
0.5043489695777869
0.9604938949307981
0.316928671843285
0.3148899396662531
0.9051420008327122
0.5723667928950694
0.9800420725439916
0.4797461421770792
0.5553191082322214
0.9429315196573917
0.30242705535818415
0.3920590408433976
0.32294184004373
0.5659306210937959
0.029588122489622205
0.47220925813996373
0.5049483826230801
0.8444937266716037
0.48707186800180335
0.8573896940117751
0.348397659326528
0.8252540696406055
0.07857407977963325
0.3046228553374925
0.727527392528684
0.4291059007783108
0.0783337598125501
0.35443273254904206
0.6374401631259079
0.5878433349739668
0.7331003701070025
0.5206200418620973
0.6052759910253295
0.8599710267585003
0.5821265236903111
0.5727456518134044
0.5947733303490251
0.5262561005102211
0.7110732225931824
0.5767982273893731
0.1784597098909157
0.4378506872972131
0.7155214189808137
0.8051040661903881
0.41673501077823294
0.41404501433143853
0.525788617803137
0.2734366178668638
0.5637564477854761
0.3328543568097238
0.5013510965449164
0.6370776261790921
0.25580747377866636
0.7842285538784766
0.5296623197843702
0.34047264630800267
0.6694850650203349
0.24194911156255441
0.3924700844824335
0.6152048360749749
0.0784874378989722
0.3997565854318117
0.30285355645878587
0.6602181086299798
0.6422986956581785
0.6280719539595989
0.4375081589796948
0.5326046384078094
0.0983286778686381
0.4162292271390899
0.6435938759537171
0.18659454665726666
0.3100461679364409
0.562849891871898
0.8376633229166444
0.07564132799488575
0.23924366522654986
0.29261031736138426
0.764590993545635
0.6041030658794629
0.7412041620179668
0.20636687628972475
0.40905914376637104
0.2711478306271322
0.6796882215163998
0.25158791632578736
0.3449667504249079
0.5530251055166757
0.6422821536718007
0.8636099054372839
0.8036556860859414
0.6581762217117207
0.4349067951080164
0.7201289947740269
0.2707098723821042
0.6954674971473549
0.7613075389975796
0.4580341348761535
0.563757290418172
0.25376424352419047
0.5728718261834527
0.45567019550816174
0.3971981862909253
0.3897316118638331
0.9122700722613998
0.037007060331323664
0.4321332454884541
0.14517712176558265
0.44195701895094275
0.6077420362482903
0.1313982054840838
0.2843080217884494
0.36660160675987674
0.6145435758317053
0.3395134198797835
0.6895674552984554
0.49941268837223995
0.28764520775064406
0.585141128282985
0.14143902761100188
0.3357622866546671
0.4117957592453232
0.37817669476828414
0.7484072878111266
0.37664872917371556
0.26500263526299633
0.820453579557126
0.27409269515888257
0.4230811982550503
0.6543898669940102
0.8576697166893827
0.7289378289145967
0.648587552890496
0.18722813434464894
0.8055302339317166
0.515294651940166
0.43887774788769407
0.5439008208250274
0.857364771113423
0.47672349712787054
0.6456454715478595
0.20608014739696098
0.5440979904574833
0.260634088527474
0.6502577268823968
0.3811346875439444
0.9123745914164727
0.256745040452211
0.25052055162768794
0.29149184335047196
0.5122630606875008
0.46929483777585007
0.7503703368433663
0.1384402719860569
0.2803293722042378
0.30010477390720564
0.8731212382346459
0.4256911261013619
0.6978715156162947
0.7663818895923236
0.6069837314680266
0.06969316677506707
0.31254413339012255
0.6369666260133051
0.2911764004773509
0.4513680738766884
0.6872467402484372
0.6747289790311527
0.6040666432377446
0.705735949547668
0.19534603405177922
0.04818116293156774
0.29773401972412494
0.4619126317809482
0.4877100888312845
0.37455935117371053
0.6257087016752759
0.14382609620580247
0.4185535589685967
0.7861731201899382
0.6025039477471612
0.8983880728276695
0.12406422897515948
0.533709127156506
0.8616485202084527
0.5630008615230644
0.7909301374364804
0.2971720567367684
0.23630211782972843
0.13080385363509958
0.32707801561410055
0.9886788597356043
0.43208499297383685
0.19962415605002223
0.42641655739541595
0.8474927596064193
0.3925144152637133
0.5910679644140563
0.4247730256254692
0.22611858271329194
0.5950516552921886
0.6063050289212981
0.08263776923879514
0.5037500510551118
0.8487457847978085
0.2596127668275493
0.6717102418906804
0.6483672324420459
0.4513621811719009
0.6516880655233209
0.8192039088130598
0.007789909143206349
0.149172820455457
0.4166320943135959
0.4520470400824095
0.5896714834973392
0.37790783621107893
0.36996101033038803
0.28341507896742235
0.9209932237315774
0.42010932381149424
0.5466786328267392
0.8635920012781318
0.18253216629242874
0.44068981965255694
0.3190518896958193
0.5104051904811999
0.9093765850328057
0.39253808636097115
0.5995413268110009
0.8390419795000461
0.1437224079922216
0.2752327458827334
0.4802833224634907
0.7033659338702907
0.44593098132264525
0.7152962771061246
0.6292919875522469
0.6784897178135996
0.5685213866830147
0.16983560950348078
0.22406450704484498
0.6355270459940852
0.33649891222610884
0.7237667072826227
0.5057885282461325
0.9465216224473103
0.39798698692750123
0.7337585273772781
0.6281271089202707
0.07305665571296928
0.4086442090564543
0.6942420069582647
0.2737448309651453
0.4242265786202474
0.5552208016233484
0.553038806917054
0.5923825579561832
0.5623966221736731
0.7912240581679286
0.43398408488861384
0.9267618553325392
0.5507482874952825
0.6160400217098854
0.46569482156144526
0.28833199477195065
0.9399294399459064
0.26701621360331046
0.45972576093324524
0.8113113747720977
0.12829935958808253
0.5449762913383414
0.6241817172722508
0.7044740968884933
0.8572299135188144
0.24006218470702004
0.4664295073313918
0.4251556783203787
0.7025132824499897
0.6583631778840191
0.01263605969121117
0.3823979456953907
0.16082180021806733
0.5878025895156839
0.9375007642539235
0.2901627911788972
0.5615807381552608
0.8919185650423502
0.3759371403378448
0.6172099481061949
0.14703350166053233
0.13394434082450307
0.19782631853764893
0.7382413322900907
0.8906975580333076
0.4127219019074122
0.37719127009543624
0.41576142657372267
0.8370633636126592
0.25586797357470387
0.25898117728114345
0.2449387984011725
0.4586339283350341
0.49419378725716123
0.6314618144867337
0.524506827165751
0.38329968546062515
0.8567510558131811
0.5933458267267288
0.476218497437889
0.46666543391968474
0.7919583966073968
0.3058903157031306
0.02281246746080072
0.10299666495802426
0.6853516835214624
0.8739052299309971
0.061211481705343275
0.08427932415516998
0.11422335172015373
0.7096789478142411
0.6944182382216783
0.18017325306936405
0.544426083216545
0.6190966406894923
0.2766946398182777
0.04898192318446948
0.30130527049922695
0.8096362506986057
0.7902597189444842
0.5965857910044343
0.9575228749863409
0.33435269558109404
0.3884418440755363
0.6242407979932819
0.25829489508899905
0.4420954742468746
0.885193053325667
0.707981174871443
0.5747404515289499
0.3813206327582373
0.4482662997469157
0.3955573653670688
0.6541498452799206
0.7508269390687621
0.17033523280098967
0.199257873215102
0.8562062521408984
0.45427244028153735
0.494654475388034
0.7387859564088903
0.5663604891430459
0.15956011181298588
0.5069551766782309
0.8333521896827688
0.4680486643078429
0.7356835185650784
0.7250511257851759
0.6554787062385645
0.3200744597537037
0.5669126161494844
0.5206217986051562
0.8536690767948707
0.6798838767010158
0.869704997593488
0.4458886816900778
0.5638086941748194
0.4652367591653918
0.7125914987465747
0.7389363208343159
0.6488390265277497
0.40168294678060146
0.7269835426769904
0.6859264422392115
0.4914940222791454
0.49631263237891354
0.702754012184525
0.14110965572224987
0.44272093372233234
0.6669619764086402
0.38244364628251015
0.50267676574799
0.5456310030010242
0.7965894786811488
0.7931446681172386
0.6582774171633508
0.5701129583422201
0.3966108456583876
0.4193039941696389
0.6247478659799822
0.552031461421123
0.6173208499162083
0.2144766999408806
0.2517342988513475
0.6492191571995505
0.7199788417486558
0.7350623643322969
0.4240110646884463
0.6638384555260061
0.6555056573836409
0.7394597280293234
0.15426721797904605
0.4308465316432047
0.65126016846371
0.16984672389401156
0.4135888819162131
0.6943687625948525
0.10956847368274028
0.16523610320457094
0.5092113826017275
0.4699012132736528
0.5886965198017473
0.28386868556368633
0.3762951441193316
0.8603890088092807
0.2374522254005688
0.6086701425388956
0.6803485884243547
0.28753595712821917
0.456983551922299
0.4009210592000995
0.7527997508483877
0.17736736344885767
0.37835700170415565
0.9850941875280623
0.0833598649508319
0.30137774391611827
0.25643923549693715
0.6647290747592907
0.8234333759735777
0.17501088808417975
0.28348379623602266
0.6252287064173099
0.9410251785443463
0.46761988951343625
0.6428509970926326
0.7285505173722154
0.46832529285186214
0.5734032847655467
0.8921856238372348
0.1191972992375946
0.595563870251377
0.5481815342743777
0.41983258337433643
0.4671485385173734
0.6452438267162178
0.5356493146564073
0.6333015658484535
0.5732396240037041
0.4118157646894547
0.7047270851955584
0.7156053508092753
0.7950182750469286
0.45106312155331085
0.18378777147813435
0.32908458069314894
0.5192510573342464
0.5001633862332863
0.4206292057747228
0.7051208389324262
0.4625550867270729
0.7174415645165807
0.7726225205456915
0.08386526393941365
0.2524117513961567
0.31649842525353455
0.7527165580557829
0.2508220064733496
0.46881974613654326
0.5530852889441547
0.6837159025910097
0.7252522442873416
0.5723578287764329
0.20926955588332596
0.42037496989914
0.662630149592012
0.07702497226400008
0.4442498287791343
0.46000575405448996
0.604355771864189
0.7180185899936401
0.00929543318817477
0.18091347541343247
0.4065960158128441
0.6511716412551576
0.7196171682682037
0.3966407670336053
0.5179413317647557
0.34994005988875865
0.7472082496814392
0.5755705080526106
0.8521492520542449
0.4829671013190375
0.49237529814168013
0.63568436384776
0.19026502719209692
0.3960235057777324
0.6190556187722757
0.37223314153501785
0.3280968065550726
0.6790643157030809
0.39919644967150236
0.12137875790725206
0.43845254987340276
0.6543088720922724
0.3333539592669444
0.446246971242046
0.5293257041993713
0.9134273928388723
0.3745019599107199
0.8000629917395201
0.6219307951844055
0.7708738945126246
0.5962535780645284
0.8995300436425087
0.10632087275451907
0.14056401134685845
0.5202089914685994
0.4833831748744586
0.9328978288939125
0.21739242639728046
0.5783634870662369
0.8750726163799263
0.2513407581367185
0.3247796623911834
0.8169526336717476
0.5875922298003572
0.44880078801900947
0.5884386720986394
0.0318196712590499
0.2780285579225422
0.45157213286625336
0.8174784367868788
0.33209435655017944
0.4533846010572359
0.45158860133841366
0.619952955532566
0.9091826496795121
0.510160292502136
0.6089388322673355
0.03100739182072512
0.19900130571599095
0.5568950171532422
0.6199784451480059
0.40229827463137197
0.3689850689209816
0.6676793019174598
0.487547938706006
0.3930050714731916
0.8895474682277195
0.7179919460863813
0.6641003308430211
0.4118061881902304
0.5422345995885614
0.7731752434930078
0.10557889292546044
0.14587892498396254
0.503763592101629
0.6311028632559368
0.06429139694455814
0.489879621048806
0.20209326009837267
0.5545983460790399
0.6617132748235337
0.8924058752408683
0.31399818422911546
0.7402669383711491
0.5564405444432758
0.31274265490911207
0.5347872929693653
0.47611956971591163
0.6112221809907712
0.5097098542809131
0.7515221758874744
0.11994022724375196
0.21288658369273236
0.644903731095211
0.9495542066548135
0.23958234203292236
0.13800594345365733
0.4389305472474177
0.6904019332919458
0.7852884516134055
0.4814952331962082
0.6119537240934233
0.02257943468110471
0.028976560078405697
0.5369146332134765
0.4240285220134096
0.83517531670999
0.45378353192457055
0.2842120791244108
0.39016245423413576
0.7867842098663234
0.03298815251527332
0.18167411717652382
0.21774619442033605
0.7863671909775451
0.4848218858871411
0.6125634837282075
0.3991640781318486
0.7287157699350922
0.3223015657258101
0.5009190591129703
0.660265906339442
0.8576608607953564
0.49181512129866106
0.3176640156942209
0.8704994205873988
0.5414714723830811
0.6477437198891418
0.7072704236047831
0.5260903635757668
0.2254926370500182
0.7974198348913223
0.5611234184444951
0.8248181752804027
0.2668203075692434
0.43497983536244866
0.6044777592191846
0.43563479133189603
0.6110324978184927
0.5885443085874494
0.3408144210079689
0.6389863756953835
0.4354040842194683
0.17228970219915268
0.5038392160351463
0.7002707761437108
0.5410898493299963
0.8225930763113385
0.3139172494939556
0.9237474098017617
0.3827887324370622
0.23172013723506807
0.8879660503527733
0.4437482576671239
0.6345295559277394
0.9625031044506758
0.12028811329846115
0.501894747046675
0.373309606836557
0.5745646056347169
0.4469114023985662
0.7673250325006244
0.5889377207988715
0.789051153672449
0.061161487085532984
0.5131588823380877
0.9199026050728166
0.36025849901335616
0.9172522970822135
0.20921813703718556
0.7298484042312556
0.6388774803804695
0.6502933826286572
0.6054508577877142
0.6666541309158792
0.5484547866495144
0.2724340229750266
0.45050791162492915
0.6833430125304474
0.04866356404395753
0.30537110858577293
0.3967247892215516
0.7116492944221564
0.7337833536255227
0.11502874180710164
0.4620485655017438
0.25045557852086875
0.4716900367495441
0.4789945808423908
0.44477376944694286
0.5843404444846705
0.8225911120106792
0.6210156226654668
0.6808561920352154
0.5275156054847014
0.771164001263902
0.6399396342127495
0.6373190491547277
0.28885851088348863
0.8652809311386268
0.2280496407609486
0.46283810176314866
0.6826168312391061
0.8756506766024343
0.4859561762890612
0.6124983706168814
0.5496666265006329
0.8533804495236994
0.39543830043670863
0.6575816314143953
0.32594700474213356
0.841364768852111
0.17754064282407828
0.2609007286711269
0.7165649548057724
0.5712147247981575
0.27195879288291525
0.6282022021027558
0.6330865643027527
0.17952841392819657
0.42424556502281546
0.7968125171572411
0.22117226531461381
0.5808249754647288
0.4761257515534086
0.5749975476418766
0.49207048884453
0.4231081463683886
0.869299442251955
0.7955868447854116
0.4677116901108917
0.4793269356383617
0.9925573108189215
0.2814062097166581
0.19617515471730085
0.5075074670811739
0.7291481912340584
0.5128242452870567
0.6198357500730127
0.26071777654296824
0.2114109368988598
0.6717237297224434
0.6483316513711084
0.43313464306277205
0.36559805570545856
0.5748027622615088
0.17507992768352523
0.540734454344715
0.4130998884735424
0.5128017569249245
0.606593066679576
0.7019711451437904
0.2897850162299219
0.27448282966319193
0.43346059136081505
0.8234625162522672
0.3407380019468977
0.14382511280932164
0.22743210061600755
0.3310178413384019
0.796105284105385
0.21721017978570994
0.04947132236471552
0.2709140885745712
0.40927406737972427
0.6093401113475555
0.6451247431668679
0.8750552037275978
0.5311522892999601
0.4811735326392729
0.35227933663689587
0.9295868195197774
0.523559995180185
0.6857399431015712
0.9567988741853856
0.3262223482280904
0.6622891178860999
0.662561204229416
0.18397694145568294
0.6137861960408253
0.7732706211032832
0.30578030240446635
0.65463898149934
0.8396375311406503
0.38769887640681383
0.504154910466967
0.8387190192753807
0.7252202190924062
0.5523286180564305
0.5115484319218547
0.4829655676090263
0.8483889750767221
0.1951306249920928
0.4960309794126603
0.5250119654004134
0.9308678868287128
0.3727455373644904
0.5722096788157356
0.6395281916527401
0.43912085038404597
0.7935338491360437
0.8691018444086553
0.62680693714338
0.6503427911987673
0.28916872506128416
0.29407472303194787
0.16537220961797897
0.48067000780553254
0.9654754337774537
0.19309195274403565
0.2928878376746261
0.41712406433437893
0.3844114830763451
0.7744160875516789
0.2569338294507958
0.626936206176638
0.9751580480897117
0.298212293643361
0.25900899306995084
0.7645717778767716
0.4591346434244389
0.8363209429517333
0.4010245155142938
0.8750754564654357
0.2740220490671029
0.7101273585104787
0.34766653442450773
0.770936337877226
0.09801735541295198
0.40376490258768344
0.5575843033906052
0.44326091738603024
0.1609185504293522
0.21185208798209515
0.47011921652353894
0.8026779777099526
0.449498860445432
0.687684095700086
0.7673674900895348
0.13785778993352812
0.267148092587538
0.3399320189045274
0.7663138353095276
0.5781560592845847
0.6860593105308936
0.943481636269189
0.4868210337897331
0.6265190750191398
0.731199356463747
0.5886301762478237
0.8062506925814108
0.7459124334337253
0.49712162913739555
0.3277093559221793
0.8781241487538763
0.25369140672274537
0.5269112150868965
0.9316803495827835
0.39922447944936296
0.37566676623677964
0.6104916608604329
0.42817750173738
0.9693425755130355
0.22478245928030338
0.19376459339230592
0.5636442131047075
0.45942502717166944
0.5833420053642864
0.781559824306614
0.46967836893896375
0.7772491486247424
0.7141425020581647
0.3548910030467984
0.7913619553324497
0.26187671868215584
0.5391888275590987
0.7012134497104003
0.9443227365672564
0.2855529779815106
0.11485600701336057
0.4954322662539258
0.6105500617146418
0.5485490209947437
0.9135296561848144
0.41077368878802684
0.6372865582759422
0.5295635268727744
0.5789854261280731
0.5093208795363264
0.522619036165057
0.6077014086390637
0.5109487300364709
0.9740428885813393
0.08083005819096321
0.1070759372349513
0.47357216795809665
0.534396923434793
0.33944089841600456
0.5918721939868125
0.7789930503622726
0.5810340757959849
0.647453120699953
0.41362476581980934
0.4836853517881915
0.4476555109413579
0.5308620323685422
0.7561183488892701
0.44316300187216673
0.6948230985401105
0.8155561994603602
0.3332186323736188
0.7081748876273007
0.733587989326481
0.35322373557444053
0.16794954765299114
0.48629535417012015
0.5625260047389218
0.884698780917364
0.46395276750832276
0.6628313278736091
0.3872348783141226
0.7677031859759497
0.25524588550019456
0.20689377541515133
0.3394151092995289
0.49634142495482736
0.35196036875308595
0.683814585284978
0.03599338199653383
0.3511453230033251
0.5937728853697773
0.6874256169654529
0.30086778284359106
0.5403910062037595
0.6181529370939943
0.5969271517604988
0.3218078002954705
0.7368408684443908
0.18149318856468208
0.25086555429377233
0.5423624624500833
0.6329129484173125
0.3090702937481137
0.27307663068569776
0.49978901748768395
0.5388167718064787
0.06535389127156366
0.556123394836824
0.809293996014901
0.6106161086845454
0.9715156317474514
0.37264929919435047
0.5789150262836438
0.5361126239005124
0.6504320275980504
0.49618252457182177
0.3807947605654082
0.881833974894807
0.14299907911816376
0.3869844747422966
0.29301312967892995
0.7423939882049515
0.1193919761833749
0.650355958337025
0.8696755477832355
0.33160514301065497
0.2517620901241783
0.5406390717733477
0.4094684270412163
0.6233370665808334
0.17746821644182584
0.2408283167137949
0.45052687816088144
0.911853127031458
0.47645280309795945
0.3166194757300071
0.6653110340106011
0.11346405694476915
0.18446867184792815
0.39134774405653405
0.5577346315482468
0.8675724237283503
0.054500062603995744
0.2796113747120513
0.10224359313627329
0.6311718501686525
0.6564094520987204
0.1275793913409044
0.30063777420979165
0.923277407389418
0.15691003673812104
0.2980830749998598
0.7607688103964766
0.2322771860512055
0.09605887987305334
0.46178560510104605
0.765898406024398
0.7559912334630787
0.8319835974039695
0.04585161987470937
0.32759144844840205
0.5807855159282191
0.5510820073654638
0.6648846255435086
0.32962724269850174
0.4890544465204143
0.819747105698651
0.6213713043125988
0.4120645200149717
0.8278021296939682
0.43291633421741493
0.5017329791570655
0.5317543383059419
0.6359461818027208
0.41404473616953563
0.211968796924511
0.6596075823661225
0.5168632383130967
0.7000442586411374
0.4316899568885515
0.7825291427329721
0.4312117323824551
0.16487586768823725
0.6859407879521024
0.7028493939273722
0.3457069571247652
0.5940569092494274
0.5141305674233432
0.5147540014987562
0.8096172779656312
0.3073088974718437
0.2996635021435828
0.44399630919380184
0.5296898052323424
0.8891396463946657
0.03002545281300359
0.46135903367445946
0.12463490685466794
0.5045002156601561
0.6226381061531303
0.261540569778507
0.8371648553622435
0.5604049475818376
0.630259696651236
0.6953603182289652
0.48072625353898846
0.6249494166410907
0.3317518050116237
0.5048819032153409
0.6610141157034634
0.443897012154154
0.5947659454895953
0.6050367243127762
0.6691480853348826
0.33582922242983415
0.5395227231776114
0.7031875586313028
0.8731304249561882
0.25937380136602156
0.438581566791283
0.6922133927185307
0.40347525764673764
0.625526185600516
0.38166072614392665
0.2263049463775268
0.7899430762805104
0.6222759576120134
0.5823863324077786
0.5797450404914227
0.42547029409016945
0.6792771307435768
0.844354294869115
0.4817681948552499
0.5980894183382116
0.2893610943927165
0.4533720896311323
0.7610353493878
0.8615479653736612
0.21441998575756677
0.6227990921294625
0.8024624448830462
0.40725980257085326
0.4124962653902361
0.7667630776108991
0.08542884669104063
0.3370616302535189
0.7556714198817718
0.7786667650467394
0.326093106603797
0.40984593609891573
0.7117915611298198
0.4391883321264624
0.8043263468231727
0.7827756946132064
0.6172645604765048
0.9021286218407898
0.4831372603547801
0.7794354845514273
0.26663139836354377
0.9514118433215948
0.4262004744468614
0.7085236726311044
0.5449966226139561
0.9835918041828275
0.33587042329392763
0.5297254875610606
0.4340005341868037
0.8886268700488238
0.4629431881320542
0.20545692009175018
0.5427321061700225
0.6365405298994384
0.34815900690230395
0.7882351640771361
0.8929823537607793
0.5976455152578419
0.9528378308853035
0.5143806540157345
0.6671014378497699
0.7297567502364575
0.655112330205815
0.19093158970858043
0.8282363021723086
0.5327974303232169
0.5472199142687757
0.7446128820091964
0.6055092416775439
0.8966520728945828
0.48587777791317704
0.4879382042012621
0.703597702229283
0.020240608271847815
0.27293512666308306
0.5109875168093894
0.8639846929590298
0.4766939245648427
0.7216470614532089
0.26902624525749685
0.5377530952440439
0.521486347514093
0.9276302173494648
0.2873835435358339
0.8122798773647905
0.7541912270526475
0.38892110523582724
0.7256926921766675
0.4199870385897315
0.5859310806094657
0.7008750003251136
0.5346271689994039
0.7126339206082621
0.3412681384192925
0.8068696797930122
0.5680417686592052
0.6860229384364558
0.40520541350358114
0.6287869788555656
0.6047425154112013
0.3796216086569501
0.15540351315001327
0.2101429723339363
0.8637538729851839
0.5987882382750029
0.9038360568228931
0.2852853349672567
0.7581232255959918
0.8688803946131565
0.1888877047633783
0.42939719189956616
0.6408509416592761
0.5334019699121313
0.9797855445909831
0.17422378338545685
0.24169596031202692
0.31310595476821595
0.863463988274676
0.3166328604998003
0.44005831693110536
0.5728919077091972
0.4229961857952792
0.8704793947909626
0.433373554441016
0.6271203999644893
0.6146483721045355
0.41758335163558213
0.4056170476288901
0.5500583805651013
0.37926855359479683
0.4940297541877372
0.6452167879033376
0.5484285561924247
0.47748409854884366
0.5269459164752937
0.7350436680526853
0.32794074313427307
0.8929068799449322
0.3331591758272663
0.2754854166132666
0.5947282780495544
0.6857384815495453
0.5721958055421481
0.8399311974206911
0.7439550836287558
0.5566782081471837
0.22540570071259056
0.3005853653235909
0.5303385235194853
0.45582741418079853
0.5375133739214214
0.18325894982808247
0.44537997135895824
0.9064537100626161
0.45697013564297695
0.5520795969822764
0.7477934739930969
0.5027509707442825
0.8261380190924729
0.09388072432916411
0.27347377799659334
0.35705416627248965
0.7682428402765429
0.9125617689152621
0.5790828593484811
0.5613163956695552
0.16662494834326066
0.26936286687753513
0.5370726594183045
0.56164311203293
0.5507787838108902
0.444775954974703
0.8876786213025107
0.3700243787993581
0.5035026636143534
0.5615237807567129
0.23753045950579704
0.8715411435021154
0.6158375902922693
0.6041086570418759
0.15900007744091207
0.460696250646986
0.42398292229756046
0.6333305113559715
0.6563500116917309
0.6536388641853534
0.18403597999125576
0.3918081058839817
0.5728449801618741
0.44257809419010463
0.6906307823974497
0.7496935886229468
0.6121787567107331
0.5876492431731659
0.33710241963482657
0.92535779239507
0.1535313421659819
0.47378902513882465
0.9157498430783502
0.47351098097619704
0.4547633020223524
0.5902440852563504
0.2708396968727361
0.38133758562770326
0.87056213043406
0.5000513144148756
0.7620252293044977
0.48474298436431384
0.7379972814331699
0.4342780860166615
0.5370188086682696
0.5524753639290552
0.4794599564822649
0.7232526253993856
0.7195966961825823
0.4484912009529793
0.4431980958737268
0.8365211756933484
0.49551058531109105
0.4984656806196346
0.8229779982874312
0.637952930462099
0.9763916770632932
0.4802461527332241
0.6753457417681455
0.8274860225379581
0.32544487724475823
0.3253954910996807
0.34007823584994495
0.4053412550336634
0.642550534194083
0.21478987455899096
0.540301608944194
0.5540940789944807
0.22307121623946627
0.6838776036117151
0.6762258418833353
0.5894069289872896
0.5156289827886646
0.19664410422122167
0.8336125883060835
0.48742647606977696
0.7168361851406145
0.07387150955756261
0.500492908360036
0.4208776890125324
0.7369839819079826
0.6717023573506734
0.47923343941867075
0.6299297043436447
0.5664943687807851
0.9638696492146684
0.24776767292508978
0.4763450027200259
0.7680342297166473
0.49803674624384536
0.6317072411322862
0.8478488294533526
0.3460687415925363
0.800828269385222
0.3049639417137888
0.5338629660873917
0.7538544418752507
0.7374050232118892
0.4942893379893517
0.5352208245594752
0.34692202956006274
0.8108353849869696
0.3826290673233695
0.4631311981132094
0.681145785078869
0.37761571048153175
0.7720701148856671
0.07486450814445063
0.5113116448767003
0.6114147328657188
0.7523226543030961
0.2845063570244984
0.22078322448603743
0.5828348788438165
0.5753737112396425
0.4333210316949107
0.16965890764838928
0.567815990897452
0.600069268142719
0.7202324852459503
0.9336373256842165
0.45259133162475146
0.6110923612904522
0.5841515837382355
0.5746417623043831
0.6374121762825675
0.7444701314186104
0.5872538275336847
0.3364499496235136
0.546524517061372
0.044673341783089446
0.2401439900922827
0.6679131323297762
0.5967495792649697
0.42842796608585415
0.4129343739917118
0.2222788688001467
0.6868804826918764
0.5072158669244627
0.5848728012144968
0.5763894737691769
0.3308556744795877
0.8410249829132985
0.26696802337448133
0.2936998067624578
0.7266422408740947
0.7393667310744718
0.23312949529247354
0.2888157579488608
0.5259566762641705
0.31451134398028857
0.8681045048990753
0.16809508073098842
0.28604563356560364
0.6622509743185105
0.8708467359108849
0.4947171872958496
0.6856965755370572
0.830177323990858
0.7712048503514639
0.6233599681994834
0.3266874943789559
0.6225380371148952
0.5937457806830347
0.29702720568242946
0.27120702888640164
0.25808225532687623
0.6358980517727766
0.699118591451906
0.20978401106024283
0.09698752760723164
0.4556259961748689
0.4137933026453983
0.7276295360385348
0.6185720230981442
0.6546607593881059
0.4639343530551719
0.47644548653465163
0.2450672165950306
0.5590824500085583
0.23183298529051471
0.7332448524850437
0.6904187478765547
0.9097618873013641
0.7246186600871963
0.7920430533207811
0.30600405216772797
0.3739123061881588
0.4907894089229258
0.6786583059031187
0.7731359440357374
0.35265347338319714
0.46575866133770555
0.3851256801781645
0.5531095548487872
0.5299232830322891
0.24681264160093253
0.40449748432622756
0.6335307921478353
0.08332824755238857
0.3026830652530935
0.5409312872413647
0.791416155462825
0.19189331503111154
0.5709556353288411
0.6151493182887003
0.46429821765694357
0.5456499792796778
0.6374292292354016
0.719104397238739
0.5996648840155159
0.5566491379670366
0.4755088459788024
0.7673680185155378
0.7407779990730173
0.5105696236366186
0.5430229726596809
0.49606496276754763
0.7762753947989807
0.18285778378339776
0.6990220819064524
0.7831150187244366
0.41079252259165255
0.44842449873853607
0.7768275492801338
0.4846516542596048
0.5491336680029363
0.7325617894911506
0.10205827590570268
0.14036527824126993
0.46370785099963
0.8834226757221955
0.1605491086493118
0.059346685059365134
0.5789269161325366
0.7057238381995286
0.6917413400099248
0.7401922032462016
0.6980166662584775
0.5594125209004517
0.8950420762462469
0.42227998704741376
0.38875166208917156
0.9070967799981215
0.22763826332208947
0.5535112600141152
0.659710141835044
0.5270066137033762
0.39737011715645637
0.5673409384431873
0.3670711609877998
0.29460820176184416
0.4740798703289238
0.5765570317017967
0.26214895599205906
0.70237929606204
0.8377672473978829
0.3672369018440085
0.34274708539753707
0.47119267853497293
0.7427619022743962
0.473363085367323
0.5541072205876565
0.7069644743637781
0.4929433110122668
0.6273664596257483
0.7643393674760571
0.2571941623207925
0.20836418496386372
0.3749443430493269
0.823484981681289
0.18538188771068909
0.24290908833509262
0.1577213917005711
0.6674042827542825
0.979507033641656
0.19586760834181208
0.4557198278914707
0.2690637257170758
0.9146058351221084
0.17434200115659737
0.14494308010619286
0.30617908279090583
0.6224544241269323
0.9603600259835832
0.3700293166418975
0.3566779464328043
0.8962898775680801
0.04626991608416892
0.39487815297906603
0.2757273397405787
0.7517948822980374
0.05500466259669738
0.22907038780844147
0.6485587935541868
0.9562456942051598
0.1605376239633486
0.30195978826207714
0.7683524207411334
0.20923381399084073
0.2562422190177017
0.9230973091477247
0.06960816579342588
0.5350011232999912
0.734680200281328
0.4924033321697395
0.665442267541962
0.4504543364827308
0.8455421634102711
0.5947383316471708
0.6810892012975334
0.4354184272566015
0.31992045772771394
0.8774294527087705
0.6010182186861076
0.7127551021098364
0.32549161550191225
0.9732210134990334
0.20622941625525665
0.4755576415192846
0.7214376582382103
0.5851836289260853
0.8767775381763223
0.40539539549153736
0.3327786395693297
0.6699892454893879
0.8503812774415869
0.11714813770404202
0.38352008250601255
0.6860448905525451
0.42968340228064233
0.5806221570324934
0.5530426312921131
0.7271269102134136
0.09305406909880452
0.2259121698408067
0.46781747718270794
0.4042466032162339
0.6875538683277143
0.29069025161190853
0.386433623114248
0.20050286429309722
0.743367452344495
0.3733918442354466
0.973823567457699
0.20793269712555906
0.33598799120441514
0.6809671603166487
0.13907411139515347
0.3414189715258208
0.15143719158037472
0.5667377731236948
0.7478385418291872
0.16531611787549882
0.4336307665444483
0.4662104896049131
0.5008299461853447
0.718420992800482
0.5337916193010207
0.6605058651514698
0.5638560260036527
0.34189239629752927
0.8958915994621803
0.1592441668270219
0.3381338242254335
0.6571683539924096
0.5560405255822349
0.9026232295102947
0.6376469533328974
0.5586708556281791
0.3466485957509777
0.35052310113058516
0.39654237368365025
0.7065024301037904
0.5690153503478892
0.9545831798859472
0.2625534328781916
0.2967144821353909
0.3047703861483959
0.3879640037901941
0.8687912022400528
0.5978061721720508
0.8629131006243436
0.2763105106722392
0.19661651023204943
0.34807667248845
0.7770566528904914
0.36997216783686937
0.6133881154040501
0.8547156391198667
0.4981953874602005
0.7415922496781817
0.0395007676463066
0.20424775488403588
0.33735208263517147
0.6445330979366626
0.5425572820025475
0.4966150552865488
0.34213633403077376
0.8912819694088947
0.5142421880067742
0.48699445633889266
0.41378600252937675
0.7603137782113084
0.3136085889300286
0.24414891812821066
0.35995173622246185
0.6444307150743537
0.06467092410305392
0.5215751364964273
0.5485834618458817
0.48221208926949766
0.6678144659252438
0.45136929303119033
0.4866506786735238
0.8282040692922741
0.23660900453044464
0.6502058513466151
0.6271797481710961
0.7983753136363718
0.3501309605250606
0.47202146689107694
0.6440674173423813
0.6282885525299936
0.5390043273177035
0.6462597147123459
0.7977195563041317
0.48642056615427426
0.9435458073346756
0.10925282168141989
0.337980858802962
0.1950342418409706
0.556635257628341
0.8815338862351485
0.5185006182927494
0.9019931799573635
0.026305787552580014
0.1448136717942401
0.3508030850798111
0.49641136522212803
0.9876792051793545
0.1648863559640592
0.3452078994835948
0.30512238290535365
0.5275679543356356
0.2835817366638823
0.4564262716120367
0.5338729426657174
0.3557122835632892
0.5098370683850083
0.4291799777198132
0.829631210931441
0.2778589690641948
0.7607191871408967
0.43672859594231966
0.6554591155470617
0.6202988392176871
0.8162841848230531
0.31203513667987426
0.5787495962180412
0.11069678889442372
0.4808268811915099
0.23451289444815732
0.9352508351480007
0.2264116343653807
0.60097247797286
0.38045574558889367
0.5628620136787882
0.05119105438107667
0.4327649017333659
0.7432693824948353
0.3424251821155341
0.7199037264638771
0.4057490689186389
0.22247931704561835
0.8682260985975299
0.7652000393836336
0.7036486763373597
0.45210891784582896
0.4733806287074594
0.8240192490431129
0.4893944877746703
0.557073338715158
0.416661265303837
0.762207709271226
0.120454506346788
0.6087426648768319
0.864302188601352
0.35117935949580503
0.7531644453424994
0.6681148391504181
0.3783007787739175
0.6540442718821343
0.6051327688247382
0.23902808306638865
0.21035608807871786
0.4864335273257011
0.6372448199727055
0.23431266534736622
0.32415095143091693
0.8455969760667414
0.4959214441448483
0.3486083427553949
0.5634598054153478
0.2708756218799264
0.7618578875283301
0.9364672063871111
0.4990995798658545
0.434298365520857
0.8732181292727108
0.09758208768586722
0.43039534036929405
0.415206763748827
0.8624811447311491
0.4241504040264992
0.6733708091978554
0.5105990458558249
0.8129440461942802
0.8597544165313886
0.4432528585238311
0.5489301280279258
0.19248023358332966
0.5896413850078754
0.9634452267691906
0.2805553507037124
0.623140134279353
0.6253169946632031
0.6856219800186633
0.8313083780208964
0.4192834664322909
0.1783893149313926
0.20747333561234071
0.6334969177110178
0.5720299719509055
0.2496768031358114
0.5683066349538813
0.8520282781960611
0.20634319692920167
0.4259984824598663
0.5064906786710641
0.7249152332326205
0.7276212316787913
0.34508487161025675
0.4341419709752342
0.3754297236219212
0.800480182794094
0.17938960475739152
0.4035245640064272
0.14959581070562564
0.5080985068284227
0.8413482736066585
0.5105325397211038
0.5877064612224376
0.6373460302271867
0.64468829489936
0.08001782841228047
0.348180852439802
0.6544009518855305
0.45928794037455345
0.520197224990198
0.6197087158604568
0.3654055425692667
0.28022562291358355
0.6004128184386328
0.252659768037592
0.4037961352676088
0.8582119504468546
0.47500636878825075
0.6891093521297669
0.5344358775900493
0.5119707463489414
0.6697961193736173
0.746391730427959
0.3472260126400806
0.706280970903937
0.43447763948465623
0.2876852121004352
0.8970630817524319
0.5461873562378898
0.44440342938970356
0.6089038106150797
0.6119993491068696
0.635035807554547
0.27495273051141605
0.05885308771933538
0.17445381263311066
0.39272573473628797
0.6164533967117254
0.5046160380921632
0.4489574341501297
0.43746275309365085
0.5236384796737009
0.617443644030349
0.446748730231248
0.7731011883390808
0.2896650018680958
0.15339118196064627
0.37888847847568896
0.9202585882962596
0.21649463575155753
0.48034615008466214
0.7209683623985959
0.719753940554082
0.24657391169713805
0.6598823761743363
0.4701417201925897
0.866289401113456
0.2273614770995337
0.3252855721566276
0.16436489462361725
0.5180393785987686
0.6884102406026568
0.49681393009554686
0.7516193950302523
0.4321318156868562
0.5458989186622074
0.09926160230586992
0.39465790755422553
0.6825623865921648
0.5535381323862075
0.6703141638293897
0.6409311824966961
0.9177620598111051
0.3498087483991546
0.8389246568254074
0.5202880357457147
0.7533178090562066
0.5793496773818785
0.7330240054930965
0.46135973576297223
0.9083351380371562
0.6104386121177202
0.8474742127747874
0.17529142271773296
0.2043226955829815
0.4978079118215284
0.8679482980968345
0.4063951002587931
0.6120897480888305
0.6694846795540745
0.39915330166077573
0.26586236791593776
0.6561985505441031
0.8487098243179464
0.6344123302172622
0.5321325792524453
0.5168418081558752
0.7240485017644539
0.9325123682918547
0.2532905121936056
0.4464851751655767
0.6218065926541935
0.2555541231792336
0.6875746295578259
0.6036010817313552
0.23391432552299551
0.62585166392082
0.34319901538154185
0.5627978322652087
0.40279150905034283
0.6391843060630883
0.5770324963406293
0.27734369751313454
0.49897882269702154
0.6049264052728689
0.3608503573988362
0.5054646996049934
0.8235083597997861
0.19649115889189905
0.5236126492786058
0.5070244755072765
0.3778935687184788
0.8371998406647321
0.2988912287736781
0.5428404773749101
0.933346305929728
0.07096193127775163
0.410851708258578
0.5981545678561908
0.6780737964071359
0.8096728761073613
0.4200644319796835
0.10997461382528234
0.7407409768430206
0.6748486533226337
0.4650462738878143
0.56455531001877
0.6346023361647951
0.6666546378592062
0.6952067026728526
0.840701465247079
0.4134774045624914
0.42967580730187316
0.6137431686538547
0.6070828385081455
0.9001866027815719
0.3970658596560636
0.6343569088316737
0.6278757208350039
0.7205903767194609
0.6986933616904307
0.17183469151145742
0.32899708955330376
0.8711402135623175
0.4552617057596492
0.40805107316538947
0.5268052704553748
0.4847202697260232
0.5125251561393058
0.7155851323222454
0.24983055274374072
0.8219526367505585
0.4818240202342501
0.7094832760459278
0.04624499461745572
0.38023364329753767
0.1211303261615767
0.39517666229910753
0.8040921143066435
0.5577837803597351
0.6794109556455626
0.3125826219960495
0.5540116203566374
0.28727778128313364
0.49878433629727237
0.7425823489432313
0.5367404368862504
0.8262140316891224
0.6146424793549315
0.8490881055627515
0.3556530432731247
0.6677246002755695
0.47706616633210247
0.5332269138542672
0.7620416536571057
0.07176102421795819
0.2493666680892791
0.6152459335622409
0.7150698844121393
0.659518146890258
0.5707730387224003
0.6498134884397172
0.7324270303407914
0.791397137037513
0.23264583105292644
0.3160634318364455
0.9266095539016079
0.19321553363325292
0.33547624659870184
0.6303642288896847
0.7167923298787535
0.5267330039627436
0.5287677107452181
0.14019738938922205
0.5926087300571425
0.9495706440724633
0.12901745392981337
0.2486561848919212
0.3862062097824164
0.9457229010844537
0.14482261398719543
0.16417197150794605
0.441907577775011
0.6193042770121928
0.5159683222695282
0.47857798997679024
0.5273206499879948
0.7647678723614317
0.15751504167688304
0.3238859466509608
0.40624736070919376
0.5253060127956384
0.1795200750406969
0.6016147826925173
0.824686823956911
0.2591419379943887
0.3204983978348434
0.7836865471177259
0.3691595860793751
0.5022874625764451
0.8832576172887886
0.7423940448392579
0.7956358087341363
0.21220190115190762
0.5595503508032067
0.6603101535321652
0.14198983965729528
0.5092353599376405
0.7976987293771336
0.18574642685251835
0.461842610050907
0.5795919900342703
0.5671752506966846
0.42045726741538947
0.5032630834687385
0.8385221032047607
0.14334935114215164
0.6072848366645971
0.6028224887020002
0.3701694165311158
0.472859122777467
0.6770778866965497
0.913106018956737
0.368651456230989
0.49269798243467233
0.9854573437566813
0.39156614146758056
0.07790829946058715
0.4260384926369706
0.8077217908200867
0.5599207814974297
0.8595111564079434
0.18174970874448243
0.5468430345038742
0.4075993884624529
0.7008447553497544
0.24832978455784552
0.46261694147610766
0.6278545667444301
0.12436006439315724
0.11227389535150112
0.28244546860730935
0.825778804518274
0.12593981622275272
0.12068620563208926
0.5028407517402069
0.45362430959537864
0.7323883014037353
0.859517333103411
0.16875846236888695
0.6560770196368958
0.6648765205195271
0.3502744360676922
0.662513904046796
0.5411728642259448
0.8519279239896325
0.36186806581042663
0.581341401911809
0.442942026558709
0.6279395580287218
0.57910956687803
0.9175230520365882
0.20749928345587673
0.5266907611884607
0.7478316852696384
0.1293104485173308
0.37091935677317395
0.37962626335918054
0.5603056536863799
0.5172300334379325
0.6017462639954756
0.6467458650268343
0.6481466911876546
0.04260472196992667
0.25654388205155715
0.28771093237541123
0.3280660516367147
0.8656594613530761
0.3094448062728192
0.30565501179017746
0.13639386057284195
0.5799932421976022
0.6935520522396355
0.49199362235024513
0.8922973724159213
0.32023559840510085
0.1303651877753232
0.4964150856568304
0.6387323849387911
0.15133625760463965
0.4198033796501638
0.8053109971370589
0.5586069128832046
0.907055346918523
0.4409885285005573
0.4966023991233545
0.7334491060545749
0.26873387507244895
0.37501730484629103
0.8528986087601529
0.8484419962681167
0.5431937648516758
0.7966502101427666
0.3195921248511493
0.9638873074637668
0.3309676454929822
0.31922415910490914
0.5856297999643252
0.7900744484125057
0.49062761535777344
0.3250695874902098
0.6522160509419159
0.4323818849422435
0.10341426443580953
0.24158547382479906
0.9151726697361205
0.39141087525824747
0.7629146246412528
0.8180541026719049
0.26729332912635495
0.2627557226334698
0.5598998567218066
0.3697521924060099
0.3433465040662668
0.3039383886741522
0.8979007817886316
0.05960344527952437
0.5037209719082915
0.634029962066434
0.6014772556457085
0.2157666000831544
0.7736845422059228
0.4085128882413037
0.9014897635051635
0.1967035997014505
0.6554726225895917
0.5800760964713707
0.694578371368962
0.6008250422858376
0.6718405963844675
0.5644490662594489
0.9331243759630107
0.1711229807186425
0.46319881488132647
0.4243840003406848
0.6837427710059074
0.6680014028046086
0.2793198735838234
0.6477148742388925
0.7975290527383451
0.27177346991673934
0.12542179333956877
0.36593829329211847
0.6332916487748094
0.07054814875892472
0.08097191573991726
0.30817359750983847
0.34708118967498497
0.7726024109404797
0.09776277441470732
0.5812797924773285
0.9320729287890397
0.348965685243529
0.43528948086057356
0.478485303244118
0.4628070009761211
0.5096341583433042
0.782105346155128
0.21574362523908627
0.10343048352072955
0.3931934322777416
0.8574719065257346
0.28012471068314626
0.08881447728371558
0.10226137667256763
0.5903322561770983
0.9239712889523866
0.49403171956511105
0.5538231183794298
0.5454465429195797
0.7132491735993304
0.6683071253809371
0.34659023421801305
0.26091818153635987
0.6855503371798026
0.8820678015197945
