0.5278749253650588
0.3129890354196481
0.57597310534966
0.495508195224713
0.6575666719300013
0.6758931877577201
0.46637137626768715
0.5020830629766686
0.35728382863791086
0.9203439243436013
0.42909832995920927
0.824211603520242
0.24813281933995784
0.5888369296155956
0.45942118995445913
0.29583242215046823
0.5879750147235653
0.8076507773245003
0.4144789812316611
0.770945119670889
0.8576070628565435
0.6004552776096428
0.9739219627413112
0.39320350855861735
0.34671159609046265
0.6035239679207034
0.544776462305724
0.5659784145821714
0.8399004635754526
0.2982238042957941
0.39604849447297125
0.429047250325826
0.40948248472514737
0.3206943535485204
0.49878467252726866
0.5891376617455916
0.4882267241544503
0.41899200631882677
0.3552457350001894
0.7531726519833886
0.620966695251369
0.7876368899891466
0.7788838966729899
0.5483044316660566
0.45019745316150017
0.5400896509566979
0.2564690005762395
0.09753142177256113
0.45211843698237564
0.9442777265481906
0.6370529965395707
0.8803789243725961
0.5712095945825095
0.6674682240627725
0.5062848403847734
0.5079404168783523
0.7945279760733723
0.5359257842897204
0.20289795933639077
0.2864300400222565
0.48449374480134116
0.577459151808779
0.2980310296317718
0.7193937259941658
0.5252163227510281
0.408720009546967
0.4983999146830389
0.3737508509301105
0.5070666412349795
0.6224953641983362
0.7579718529699049
0.3802482464656591
0.6831355392427474
0.65478036032337
0.4733260237565676
0.4009118733695207
0.8152333682793185
0.2354551584822398
0.494274258394649
0.6853489610399808
0.1677423708517247
0.6261119642664807
0.7220273720054387
0.6116665891844792
0.7162410241642232
0.8721418568914587
0.39907664846043506
0.4811848883332251
0.6643114067893503
0.7313888521847347
0.5303068554034789
0.3822419375282127
0.261329071009923
0.3482310439768796
0.889376966173459
0.09158642405524375
0.3145927824830685
0.41348210603491553
0.5834724930099084
0.4072400366254861
0.31321912240267796
0.6698105636287404
0.5717502530379889
0.5438809814478065
0.9403523067638846
0.27504412549656865
0.1785558819034911
0.5904248265163272
0.533976515055042
0.6919247088462308
0.705224413737201
0.5969238023840767
0.7681793521036036
0.2216424184883857
0.11257254382068727
0.26292130622872195
0.6429533095993534
0.920456396635454
0.42868004958253747
0.482289268692389
0.6486941739783081
0.4279751382819593
0.7695835932392652
0.622352386961095
0.9326876066749399
0.2616533483151148
0.5236766134926492
0.3944343974562562
0.6292824487196638
0.7445694961031257
0.8505267447680563
0.18710083002171812
0.07308276248882216
0.773065166830915
0.5091193088879248
0.12264161902132899
0.10040771977880739
0.32257945224060725
0.6971606190584066
0.7937751267902728
0.5743568847770506
0.6307353517256831
0.5656947442954727
0.25040466299986486
0.48068278388344016
0.40970560063434996
0.6622322649923795
0.7552100335998349
0.4533445569434309
0.3449638338681726
0.7838989427895815
0.49460682628137004
0.7800994321398149
0.3747436605818782
0.6957722157128823
0.7636227182558991
0.17867158066953673
0.9535955997504248
0.30513952517091236
0.7252862215790055
0.4908563032099051
0.9006554116309928
0.29947845806382123
0.24691513508012036
0.20652925285097123
0.40374797311980654
0.8704626410427585
0.7112772938557821
0.4246577460003938
0.5184685091417396
0.9452540635623772
0.16116883591528422
0.86764682645908
0.8133007243372372
0.8341466444926139
0.4380424722295521
0.7092328370795904
0.1694294001123161
0.1298841169853378
0.7015401763975857
0.45427484554726333
0.5220887086023543
0.8000805992663584
0.9090967280449231
0.5593952683512833
0.6477698676706682
0.5685014559094288
0.8731567082557767
0.4642534981645007
0.5418274014220373
0.5401682832053596
0.49781785207373835
0.43294743119672424
0.5686972827847633
0.6546459803150478
0.03929471604031594
0.29205264488306326
0.17210509144690223
0.54176767842731
0.6555782996052403
0.1451267408645132
0.06961331807126701
0.18359708887299742
0.3024643281150461
0.7439307048215962
0.25709580657973324
0.4549896716219552
0.22012126670408172
0.7892658433872193
0.4989774640700846
0.6438703066537721
0.766022411089313
0.7627476123852681
0.536949690028997
0.4698420812439871
0.44605284836736686
0.3374192227416795
0.608835954638539
0.23434826860087407
0.3915278921682828
0.7623430873983754
0.5459582733752237
0.6440542682816988
0.5198017136340514
0.42410014161809223
0.6214261123246925
0.5374735392203689
0.5216562726952942
0.5515038129739973
0.5402025199523299
0.5795642233322751
0.5429393719654252
0.7674517255344961
0.258809654122359
0.692062400808107
0.576765486516591
0.5120884809783431
0.40442655890210705
0.39722465620129993
0.877043546657984
0.5388594993787099
0.6802725266155889
0.08227453272992181
0.10263078237461595
0.4136447226046517
0.8034854247997949
0.17395600563373345
0.49588862554299756
0.24433506740562885
0.7563172806893754
0.4609485945955903
0.6326869655347972
0.7857150973268436
0.4914269367981188
0.3384080756249467
0.46621724941973597
0.5791932147205958
0.523871636933831
0.43207755203824916
0.727345102948739
0.6228123179940941
0.12039893919931131
0.13531714913822498
0.29654422467175856
0.5580044065019854
0.9845368011255715
0.3592350598651215
0.5306697706056787
0.29350692312698634
0.8500078795298638
0.42445263575775494
0.5594526378257664
0.5532767390088649
0.695271638285665
0.7804476182816962
0.8687819611918701
0.6836776680110788
0.8015684675826846
0.5818157055327319
0.44265247436922445
0.4018439935092649
0.46663394938212854
0.6349878447857524
0.4331373728036548
0.09776871775916812
0.4798593627413251
0.777285011869895
0.16413377866968817
0.27340564419595936
0.44473036146586203
0.7189010148913275
0.22411451928637166
0.5616722379933101
0.22711477431633587
0.45158801493996337
0.7634125001742929
0.260407632189482
0.7263450602861714
0.7917434145396911
0.3637280893006079
0.7558208989181209
0.7607587278820971
0.40400774805515727
0.345196180664424
0.6853407360836454
0.9765496060752019
0.580323821445449
0.46103334093138854
0.9014572340879379
0.7271892239261497
0.8010642887035028
0.6731558685306409
0.9183800317830424
0.24751314344482905
0.8569574096663463
0.3934563543889589
0.21605337111558887
0.607794751670498
0.4026500617341786
0.4882268084243561
0.5725941119112642
0.8091487253538843
0.4925549627238073
0.48856028539640894
0.6909918395908266
0.5994635149607105
0.6556511171974944
0.4068985818048083
0.5878495294071524
0.5754672735503672
0.028615930457184458
0.6311885343378615
0.3702005322305532
0.9257967203234896
0.48357718840143327
0.8204927450985675
0.08297754517189111
0.5398292583336645
0.4209829543940369
0.49687422382905866
0.5754872996836367
0.6190305545640897
0.5533151727166005
0.49108708635714626
0.6650145075632268
0.7169085080477504
0.4362386464294455
0.45667199136319386
0.5394541136467074
0.27375966853252687
0.5155952878567788
0.45193604402775533
0.7017530629042513
0.5758173140400724
0.3321597389966252
0.6892022189370834
0.8200730314311828
0.5476893586821932
0.4044808401957985
0.434874862275922
0.5635042260974514
0.9112552916183865
0.7869488290727358
0.707103589591076
0.1947048062104657
0.3795823230979646
0.5061138974886893
0.5325158713175467
0.21586836280908395
0.8300771208121536
0.6193265462918955
0.8451770215969041
0.5048621633761528
0.4632541899497018
0.7588454238510168
0.22795669453720452
0.6276858336991091
0.7984297988051557
0.5493100958162019
0.7244865235710598
0.3045076911367527
0.9725761947339494
0.1509823693451982
0.38706115378867567
0.19214424008136732
0.8906807792814049
0.8089036929554907
0.49234624678083394
0.4450964067854856
0.6313568416486155
0.6015989160629907
0.5523064430851555
0.5493039866814327
0.4934175063218017
0.574953731292045
0.37781996545693136
0.9468985627752818
0.5442012296969809
0.12957651797361208
0.3374720696749495
0.4964973361628891
0.2778699022810608
0.4331555263929111
0.6788293704391473
0.5318881999994438
0.5885635459785817
0.6402640098642604
0.19953659521469172
0.7441874430313127
0.43723981255620215
0.406831260901639
0.7797521704575607
0.3467046711538868
0.7030008267428083
0.1557341139395811
0.425233035019213
0.3841241081113886
0.8373468984270569
0.5405469915876007
0.6947642486705801
0.8134434279465519
0.44346002926556416
0.5033904836114317
0.2691673320116125
0.6727625277807641
0.6995661189063147
0.4559826034095278
0.528914615358016
0.6412582634619718
0.45620658168976985
0.1528430679724283
0.10824669825504012
0.3136840450372574
0.4937942491833504
0.5456102916423535
0.1910966313196446
0.49247170437779125
0.29934216988715173
0.38315374983781586
0.7485995108465862
0.5678056487851859
0.5035953351392061
0.7826652276310964
0.2569201874785399
0.5975738901355216
0.6380594091271561
0.9280946914169468
0.1564528356243909
0.20758641556121982
0.20875203459745015
0.6042855268203281
0.9418729885873518
0.6038849389818445
0.2821514585523421
0.5598128843147177
0.381139645348398
0.17268515596606643
0.526321577414959
0.5969234945927709
0.22307859007855457
0.47313032965699875
0.687748886587078
0.2553863016482384
0.42154083688402816
0.47413252782028265
0.7419813754800603
0.6178460643814043
0.4741515771204135
0.1001919018794573
0.5999623561895061
0.41074272148173174
0.3984190924241875
0.45820514284331754
0.3511073128008112
0.3452319655212964
0.8856454451986808
0.30867415093161177
0.9703722610686869
0.3397172645384072
0.4373938419071546
0.5085749760452941
0.0974161267514725
0.426866100000735
0.9058156444759466
0.3597484543459021
0.34745615056715795
0.8534074311943016
0.493909786018051
0.5332723155390721
0.2733069917855332
0.6004952139989326
0.6650602125327967
0.39263471520226134
0.4512087075433574
0.24969480231542815
0.35357144136130164
0.7285757718254955
0.24324860165343884
0.8160398541334326
0.044784269549645234
0.3842925071534309
0.6390619494699701
0.9322012851827143
0.38117679465605636
0.7945791377400425
0.6798989757509803
0.6282941390312298
0.8142265507884359
0.4444056717747357
0.7784179837338093
0.3231391169784669
0.2301134007934783
0.3273042344128151
0.659341426286067
0.27794364749237077
0.27281957834560916
0.5975379347997533
0.46078713898417567
0.4634898946451882
0.04907237455499425
0.2062209459388772
0.8733938528379739
0.5768482791998975
0.7356791258557844
0.6341028451082179
0.7002981816318341
0.26718508612936653
0.3595035967562896
0.4573979823098896
0.27989731056400097
0.5474684461480257
0.34402490988895457
0.35509552764052665
0.7862918472582507
0.6122819887159817
0.8312349466195286
0.4573358427889019
0.5155504001353611
0.44282298602482384
0.20993260657242524
0.46409742289600076
0.30330873566622396
0.6019501133118423
0.6160279234850126
0.5557926595218364
0.3095697840177484
0.4287059633444419
0.7272580979711064
0.49739332430876754
0.2452857634551875
0.43995070403116915
0.6738131804656835
0.5950291093753912
0.729306791970204
0.6977262523811069
0.25992118573290934
0.5927036667469269
0.9218874938416276
0.3023454317172657
0.27620889452507696
0.4283808232608634
0.5572938331788084
0.48502526088338027
0.7399599943384543
0.2854072940891539
0.81281723975632
0.20619934397256362
0.6236488778738396
0.6895333298039967
0.2355982135368899
0.5333303064741319
0.5083856727590047
0.41518266002982407
0.5364070672128965
0.9061172986599368
0.5756674095696012
0.6696343149407533
0.5817024295429538
0.5856546161708089
0.4184234106403862
0.7711176485007754
0.5164540722773241
0.3035917911147944
0.48014650219936617
0.5482904611912017
0.40365207136553793
0.4638094077595813
0.5951606602970799
0.5834005981319665
0.3187907074593266
0.3794629871117797
0.948662746216955
0.3323159864661167
0.1593501700583499
0.5887380247586058
0.5817560185033606
0.24014213716731317
0.3098376421741072
0.3047223692311388
0.5438228596381013
0.671393981680833
0.664495727150092
0.9402036221754622
0.07711914227844616
0.37871525007530393
0.35068985993264273
0.9893188898383889
0.1995267765834567
0.03619814693584285
0.6132564893983328
0.5804665896546658
0.4741014323640558
0.22592556141402398
0.27668940720650076
0.9154395391277736
0.33846409448411546
0.812011095885663
0.2839518979101534
0.38452433088125276
0.45485141092426173
0.9048223948491076
0.052060962513936604
0.2872836646744429
0.2874061768819871
0.8258696603337042
0.6157452777000442
0.6240541627830355
0.25399682375596017
0.5845189865712574
0.5015949237501227
0.6694245287466333
0.6989300623983641
0.2989622868415984
0.7986460897013077
0.7014654236622007
0.0324533331469107
0.6372010608383248
0.3392200601269612
0.8409844016646106
0.633112166427509
0.823208131472656
0.4986163979369035
0.2892533152117003
0.4667321827770238
0.16403343069487578
0.4681711677382655
0.6972276104594656
0.47474148144493356
0.8549758341355074
0.30356161998751585
0.7978381931953937
0.3923408756634079
0.8875444569555222
0.4153904639742998
0.5637537081075994
0.7459957379706611
0.5605508022696797
0.38691717908848067
0.4376901945495789
0.4742296046014184
0.7172668585567965
0.6589409490913178
0.3555171861445174
0.7814972022948243
0.22904221770585642
0.5067630214227306
0.25170628340396695
0.46746098781009915
0.5293276881952935
0.9701786947173516
0.5426710669279412
0.20435000654602786
0.5741132036100524
0.5089599559861911
0.7363828341101547
0.5075761986655092
0.19800736152275072
0.2586817335094723
0.670126923691806
0.9924383863350019
0.4230972156726688
0.2967362625685358
0.4727078062323597
0.8505715096316608
0.6931901893144603
0.7147378711114206
0.23500856399877262
0.40567085554592963
0.8467014863546176
0.32164550065514486
0.7310363125710724
0.8821635788816398
0.4277994333810625
0.7205521517922235
0.11267908217446544
0.6661369959305375
0.8460910729712109
0.6237837512656803
0.6278360154387655
0.6347402243238363
0.7094569125818834
0.4653882672226223
0.09332105442521217
0.5906345930666098
0.7025766661055912
0.2984701987559933
0.7037544379206389
0.20176930017117295
0.5377883526056135
0.7791164581987015
0.651047159654537
0.32344698455467924
0.2860472111033322
0.4227288552169288
0.6794075315309729
0.3426595978753444
0.7188219676273641
0.21473066591999793
0.920342485480947
0.08119563018643369
0.26989159178268457
0.9459695250541604
0.5985429720626831
0.7190164816444127
0.5037069141682708
0.48895000093981883
0.7875109095398491
0.5996669954121276
0.5626489868145528
0.318294435861767
0.6058712672993336
0.5958675572514844
0.4491036809176957
0.7535391911391133
0.6074316208993932
0.7322274758683143
0.6418947574729684
0.7810693407091003
0.5149441517424601
0.07244496322997021
0.6255187724691581
0.7783461804107128
0.49166073133850413
0.22671723043701728
0.14827379597627735
0.9007137018102103
0.7465332534196412
0.6778621927969138
0.1738665546010644
0.22363440899573897
0.2391134835272541
0.7502630790429969
0.2395649500967158
0.5552742275768228
0.840651336179018
0.718895896495537
0.17954173240153345
0.5416830791708006
0.42136451334181846
0.5536023357485194
0.4781064691810008
0.49387116574578593
0.4653583091737181
0.6752231443855956
0.3927286588660577
0.6327466037370566
0.7788761804569682
0.47440093627215885
0.770208772590387
0.5253548755373891
0.7940938684419456
0.19888573414630206
0.6188606185201477
0.41429608049111516
0.40439257760729364
0.46575254349234857
0.5578904249007854
0.6683481606285557
0.7588706879145946
0.7277633912297603
0.41829164693255844
0.3806468617714146
0.7386101979302571
0.4651518060492369
0.7878860538193354
0.5254253102329226
0.5750516763158707
0.6923896834495786
0.7202002731139363
0.6878207196113104
0.43387849686567925
0.7677905613234974
0.5795940011288276
0.7002111376627107
0.741163420539275
0.5618006567994791
0.5016086354910227
0.18566727453330012
0.4715245149905255
0.3820856380041864
0.6608486650139788
0.5274280290123291
0.5566807651459803
0.8319059123348056
0.4513810620547808
0.35756805681774306
0.6772780972108481
0.21394338916168396
0.8902924913557948
0.38462000705381794
0.6299271791135241
0.7850324926685142
0.8456465435303537
0.420962937013889
0.6882486527879583
0.980506098031573
0.18611699517531674
0.7001208634645687
0.8040020433148725
0.45937548171671344
0.3157166228696939
0.1343390807460122
0.555650842958027
0.47088598374029006
0.24873357785266786
0.3435824081072034
0.26327234738821165
0.7641553491660036
0.41871929048765427
0.8749186606931989
0.46693697149602226
0.9259581169384687
0.4188546018808659
0.3047414111481479
0.7790409461583232
0.24791949768811028
0.7469600058234406
0.6735281587467059
0.4447733826502956
0.33385020025934126
0.4883146706289717
0.973802027556435
0.3677086683461377
0.6187210793615814
0.7489692366804594
0.3015304986028122
0.5302149566453702
0.2016825972009289
0.595717745960205
0.5980494012520253
0.30594706932836147
0.7189485248669252
0.044708790988318495
0.32737843674550454
0.48871585221581115
0.48653223139386914
0.48597721872355515
0.33728616927937627
0.5486957223816042
0.8153325515960228
0.7566572764118291
0.5671195615092572
0.7484183620848943
0.5715404045110071
0.7235651087812458
0.7678270817924777
0.5985087684547268
0.3490252497655251
0.3918582384523094
0.4413861755645232
0.5043022448699981
0.3444335211515963
0.8051677011402711
0.3369644844096479
0.8292225773586507
0.28470238388372093
0.5700193332832154
0.06396984776415313
0.41690689660893426
0.47736896467126194
0.30161649863215007
0.11691075190022068
0.5401678955223501
0.8949880516801847
0.2226883945857645
0.4717571619053387
0.13540077591612534
0.610804265341101
0.7267733604496163
0.2937214173019347
0.5004468495906026
0.20034883141971896
0.7502932649483098
0.557958032438386
0.9344647232371888
0.36011742861470203
0.36792188761822675
0.598455798892358
0.5495713666174682
0.25483863068244705
0.5081293989195164
0.5040946234633104
0.4619611822326623
0.5478927695406333
0.34625979502396304
0.6546425764947928
0.6485336394986214
0.434418486871943
0.47572161340606495
0.5691735495214925
0.48914650801223225
0.6929959696442456
0.6125454161620312
0.7220949341125642
0.4859295071294329
0.2357381094003815
0.48790369108463777
0.3781613780116031
0.7984489533714481
0.34465627543038513
0.1068613226686449
0.20086427666095596
0.571514288290345
0.6497281794160394
0.5896592150937223
0.6621874007938808
0.4844252497283161
0.8019987409036219
0.5049423494131149
0.44855525060327456
0.6009968988515972
0.41693982071431307
0.5497100574044166
0.5770858143550429
0.4717946546588838
0.5103482342030534
0.22990403758717037
0.7419591503200216
0.8351357220489285
0.7273464592791028
0.8845577510135498
0.24012155435865115
0.5302660559369234
0.3842075418909293
0.4722450582089404
0.2373236953268109
0.3022057871473304
0.7554455373669388
0.3769686771076604
0.6778717352733712
0.6761990887107879
0.18176184636458947
0.7922910300264274
0.8634783680776561
0.3406190660817604
0.7711212812148676
0.4729283510226284
0.4819238174933779
0.4754671380050232
0.47837508360439496
0.9495637164741985
0.4075944587247224
0.09460424492196591
0.584072477082711
0.6901812243624105
0.36329566714233263
0.41339987640557746
0.3195589349113864
0.6964076237600347
0.3299842459498017
0.6095884903394382
0.3068498365001088
0.6213194065585135
0.7737983687478045
0.6856703646509235
0.4587828518846546
0.48668353711513573
0.6196033245532014
0.5011713787405275
0.7141441235362705
0.848367370588418
0.481183444280441
0.3126502786707872
0.6075992380254983
0.8462491848149366
0.31464927279390736
0.3040081516212184
0.8200673191496681
0.2658160456700696
0.4385611455533375
0.306980353344489
0.7481279623914654
0.3771128741323793
0.3008022850205966
0.6679803522772807
0.4003012372654031
0.28291750807084703
0.5798452135745525
0.6495096965910724
0.4640791632975055
0.49425231723259166
0.5981925837836561
0.6581429821080783
0.26520214700359196
0.3918658468315123
0.3571915679260068
0.5628857224774164
0.6052363874563924
0.8867684547855467
0.56422914166358
0.8022257659975545
0.6954206810268941
0.45905752070340033
0.1224973381094136
0.5835255828114627
0.5874812110340187
0.3142147313726687
0.20401560649819106
0.45604376748917075
0.7119918867783361
0.8147962378434939
0.48783399966531815
0.801498853304691
0.36205885662851855
0.3983017528464726
0.48330229875626174
0.15809296045768423
0.6003955879819016
0.6810139704244423
0.6943562966540524
0.2692617096684691
0.5077989168424604
0.1964387694476562
0.31696507353312486
0.8063392690655754
0.7271474283127732
0.7179698761792045
0.3866090985634687
0.3791027357328514
0.6667563683925305
0.028436618954367488
0.2940752834358967
0.6790233842006042
0.5244940023886393
0.38928371033501585
0.8016553197779654
0.6899523840383561
0.5615615011374989
0.8201686064117252
0.13608187820410045
0.5173516232390151
0.8943360464601924
0.3094298515950218
0.10140187001690026
0.20749354579550142
0.5300409579782113
0.9502718612961414
0.19828273984371347
0.6604582166269612
0.6638437775609457
0.35895200080800077
0.6204995555285248
0.5576181551894134
0.5347256104716102
0.5230060252348865
0.0863296640007873
0.4917758464516147
0.5377296047811522
0.256923021818266
0.7258327927036179
0.5097846024041444
0.2834952101244019
0.6076709089680364
0.45938609962709187
0.4531388269291847
0.06051951511221156
0.5959116735214953
0.508986789046925
0.28950402316322066
0.5537029832567143
0.6063197966971783
0.3923466871928029
0.6190617729669685
0.34798107190404404
0.6158471476934089
0.3276890417023423
0.5042136391206065
0.7878366238144898
0.43869516656989255
0.47862701658133155
0.8742797097481889
0.5685763533916786
0.39293505650304317
0.37518604615004447
0.5768550106702621
0.6424410335865279
0.31464083013217947
0.8124323709292409
0.2940157033317883
0.5099655232837833
0.9274794104888523
0.6568767517622304
0.6564226727321946
0.1694378654781975
0.6741433417491607
0.5649337051814435
0.577419669830014
0.14059642974903613
0.3629205693693311
0.4039902565174627
0.856708043607873
0.25469462959270334
0.6157123734942929
0.20327189049410938
0.6890883456374077
0.4278861872396298
0.7238825730585999
0.46748523740587666
0.5533719791731954
0.48019189033274323
0.5889525404682083
0.1762368862875605
0.6335569754639964
0.5058322435143565
0.11437357840922767
0.5126147664079265
0.6542236051061454
0.5960350531332844
0.6922386347637128
0.9761068693098931
0.07234042999507018
0.3978761780482264
0.43408948742376985
0.07904128678068689
0.5490873475733191
0.7604420248572321
0.18121011437753387
0.23326282448923297
0.30626896506186296
0.9092027824899325
0.1277956240766408
0.548051214476997
0.44934177874764547
0.37112755181094037
0.7031700887626693
0.41274363478476084
0.3393743769757186
0.6540588591233627
0.6556730705969206
0.26143229397149575
0.5922401304373786
0.7519334847359914
0.6411181561135362
0.5027031551058312
0.6891650816191841
0.33505776004056315
0.8291104038224217
0.6298581253792895
0.47420510599147464
0.353449263061052
0.2601107410387833
0.34817216761568437
0.854147991210928
0.2969690647046726
0.7569497110769057
0.3957052956404369
0.08315829216744389
0.29585155585379735
0.29009533479161487
0.9749710135871328
0.35612207061883394
0.17864773657771707
0.6172034497758019
0.431862066211236
0.8482822422478037
0.4323513522242155
0.2934762710020914
0.7795800594516348
0.22968856574024948
0.6283140870055848
0.9161562507964522
0.5082644032493928
0.733574837285941
0.08144615684442086
0.3962069172243893
0.7947000140772125
0.5653523017390426
0.5770729555652037
0.21033472281376914
0.18246098520929718
0.8242173243942845
0.2950681171837457
0.8117124102647879
0.6924787415812974
0.35804123606886273
0.7415810966989956
0.10942822389459589
0.0596528306763031
0.22618944036223088
0.5362281486306489
0.3989229885776847
0.40159011954581897
0.4490887088237132
0.07221482251976727
0.2273864438612418
0.5321657877053683
0.7365222775148716
0.5077512366502979
0.719051600882616
0.31408135221726624
0.7605273464946951
0.23244006853593815
0.6542188457641932
0.5301645837051807
0.24885518200371443
0.4581183667716407
0.7814415580732479
0.5875655428157945
0.5159433506734425
0.8244527690732796
0.23278368509472042
0.49633408063783735
0.21732172082270987
0.7317660690043704
0.644082515354951
0.48414255786824634
0.24015471775061772
0.34454748162402127
0.9769114366306141
0.06831201447079543
0.7099994201933304
0.9205404982804384
0.6452331750162307
0.42237715787834873
0.44401348566873755
0.437966708569596
0.49233552188168084
0.480802114337864
0.8453202957873054
0.2200291407086121
0.9797420757930566
0.13914498473434336
0.11318513460943982
0.5201904113377348
0.8645366985229951
0.7031225072522409
0.4781429292140726
0.3981043122408684
0.7769233791159001
0.3172867168431787
0.6641015495031368
0.3908130251309178
0.6044947706738106
0.6273619669421738
0.7168110524075729
0.3813085124854778
0.08013884694771825
0.6738817855268856
0.5419050444968203
0.41975026060941406
0.9696116505673806
0.35156695398899546
0.4894135612328029
0.7627270853556889
0.6166860304135351
0.7316764902430362
0.37667391072260065
0.2787743925860184
0.7020917782507028
0.013242253028116229
0.35773713281934294
0.5294585677544248
0.6002097539208082
0.9178435757238748
0.501374604162781
0.24573249954172324
0.340892758711949
0.7331570929340532
0.3610054607305465
0.16178190625864064
0.8907615210074744
0.2655011737764114
0.7527193282230862
0.4825149022169795
0.13398266717886337
0.4017719128186974
0.5522490909501648
0.708986251604055
0.49939146539314117
0.602566724475323
0.3861778242397246
0.5703969153182019
0.33146688611680913
0.44381212807535864
0.41697799481108927
0.8516501957254377
0.7268672329230554
0.4846214845539417
0.4151623156277275
0.10265147376067037
0.4228353452780549
0.9735925010518802
0.2369210266748819
0.5850627256423622
0.4706260150275698
0.7112446337016511
0.5121593279636424
0.7210769753542081
0.7557534113122659
0.4198276511802028
0.7884983370165553
0.4503382692124963
0.8010452531327482
0.6416002631922217
0.7576479972076986
0.37292308036827865
0.5395055464510424
0.048184206512228565
0.355857987373406
0.48677329853083307
0.4051399459927959
0.39376337811367473
0.39771052316266897
0.6233084717110484
0.3213160826007665
0.263393745267409
0.2592903023397252
0.4603230106385295
0.8720011538062274
0.3019801427254509
0.502469469092868
0.22355887168671693
0.5643745207214345
0.4716748954846679
0.3737037265811326
0.7641720792807465
0.47617086979904405
0.1906323479097205
0.3644050595914369
0.9632922683370883
0.3568487489815519
0.3041878959343329
0.6372910150958635
0.5304502310562563
0.4457850525413901
0.24239600024919175
0.8111833493966047
0.3784882499985503
0.41887359545458636
0.5679386318163702
0.13497778707707625
0.7991422824790563
0.8976293538233202
0.44454068243130496
0.5446158663729221
0.43788077083783294
0.7305774500576729
0.9446215711902399
0.4095231402042938
0.4986763328551234
0.6203492715408232
0.8689936190084921
0.3908213828952369
0.42035662032713655
0.6699075586255248
0.6461413342207123
0.5350512508926224
0.28611869069072493
0.271225087944461
0.44950627768968754
0.725867672371513
0.2831768336330945
0.3664332650508092
0.6201730781057957
0.3026325474326025
0.7691348576293634
0.5063400773867572
0.5555601950336355
0.4022575480004652
0.32676792484366335
0.8112644280176088
0.5316129675858852
0.8009646441167431
0.3418561216468191
0.3577931335347617
0.44412672042124574
0.6937332423661272
0.8431943084541376
0.4779819416956854
0.4720980106916013
0.4849422741873146
0.3288711283455558
0.40318504309195324
0.2919371840928822
0.47617488449491674
0.3891991955563587
0.1812637150702948
0.49167436865324643
0.5066663588205591
0.9213342825347782
0.5584780171402259
0.5529116621327881
0.23329364091405483
0.5401646305513044
0.3092223708406319
0.4519555832187777
0.7384714621700897
0.5420034550690724
0.8511344197776186
0.7252127636469081
0.4203603063362775
0.49492567870067855
0.4671021899668891
0.38443371835116164
0.5439339173584884
0.48351077309274393
0.30080652139779995
0.704594963078485
0.44943583395595865
0.08307735104072371
0.09185453923359971
0.40262627937373996
0.4291972773954088
0.5797239378678792
0.7972455149689686
0.6268945659156493
0.32469687193396957
0.5085591839757161
0.5720884250923189
0.2660945073800796
0.3910625317052466
0.39420174743492103
0.7738081759810613
0.2217416783329203
0.2925034023308207
0.6264237814765867
0.23126692430520776
0.25910591534170585
0.7293141590709431
0.2220860214910818
0.5520265557510082
0.6137405010751054
0.4423242479157508
0.17146112779608552
0.7036366392000054
0.7988940238996132
0.14547559301653942
0.4520579483387051
0.5588057685325437
0.755608358296285
0.5938418416487371
0.7489540470964202
0.2543646615985616
0.5652900479184166
0.25486375163637665
0.7915081903616444
0.5839102516561908
0.38213384452595456
0.1875731063013611
0.6429753028636966
0.9953894159259775
0.20318502719816178
0.1116997436489095
0.24375482382626826
0.41859824546933405
0.778138153792721
0.5788795318448328
0.369720354286552
0.5072707492366453
0.7974271302410334
0.3658081683547537
0.623159621675512
0.4270563532839199
0.7410429163009589
0.6877285553023356
0.8024648339937787
0.26067682976825635
0.31675720198640583
0.9559418184016004
0.19452169757433724
0.5753798789891037
0.7297536083809137
0.4612724622888824
0.8396582007709316
0.4926272686808438
0.2698687449710372
0.8735482878342973
0.6225608911567986
0.414217955777913
0.6114048499173235
0.5926162833886928
0.4125482887290676
0.27002903233771297
0.8987838070080885
0.3791758854416199
0.2819920608610665
0.7576870278731955
0.07747417245323177
0.6763341161979347
0.6142999493132678
0.39666237566422424
0.1674851937901875
0.24196700118962938
0.657439378239358
0.8116393919649791
0.18633357682342178
0.05350790335021205
0.3646122764993554
0.49912711543017657
0.7916777332211775
0.9542304799383639
0.4628149280092815
0.38920412578693064
0.5821563663172274
0.8863832437452787
0.5417931579207271
0.4491351170479725
0.524562557254693
0.35438597255645304
0.9363716717835731
0.07787652083608441
0.05455855423569962
0.18491812091002152
0.6421231118670869
0.6453967107354307
0.46772538449174655
0.4502444672378032
0.5083654358837788
0.5903281269093104
0.5639025453988985
0.5016934335398515
0.6219252452612856
0.66388607920433
0.3316158711085614
0.47839224762565
0.618272977049057
0.6615280570527453
0.5316864704100704
0.4824836259070249
0.6346719546126138
0.657502058631019
0.3123923268918658
0.2867756611101817
0.4778325850005063
0.3910478247217949
0.5629149500838047
0.9841973270890056
0.053766284775727514
0.2727862895142631
0.49493413550586474
0.5676324364914611
0.7142253094656494
0.7607704535835247
0.07039739392173988
0.5060866718702035
0.8969355411059134
0.514959757022173
0.772739509392034
0.6433490041085789
0.5438109956012804
0.7215626047144357
0.8739983242242911
0.6266236954744473
0.39583835522528965
0.63874969610728
0.3449028922371765
0.3398090735858038
0.7128014174550543
0.30948480934515754
0.5577703390883181
0.9289970721510165
0.5495826415653167
0.34300035471427165
0.8357281613173628
0.5577309463721385
0.4695744718340767
0.9056504425292269
0.11900133500906093
0.5255265907327978
0.3664719977202967
0.5940643332151562
0.2996797924220298
0.5203212783906231
0.5124510589430642
0.8079203957036754
0.5678482786452055
0.8448492210978531
0.46135775201330853
0.6527469157317165
0.6479822468079097
0.28281501679294135
0.9660871595485825
0.2430413557171907
0.5203545862544543
0.5025591936844519
0.7137972728645687
0.28376375850683544
0.6275174426587593
0.3736500354356116
0.4956764581887047
0.3834539416605831
0.922631351980554
0.5727013985463549
0.7945218956495472
0.22522922173552073
0.5532209026101029
0.6108175899858018
0.5129761410747411
0.48984698004791255
0.4857450452259254
0.5455987070175367
0.3616482817309733
0.5868025878201812
0.6280775979747623
0.5783727951784481
0.5443887695126011
0.3612509589708255
0.5013875114555109
0.6494359469358177
0.6828602758600009
0.6095324746712827
0.18661814924402634
0.8259991932338868
0.465072822131943
0.42331072016331983
0.7343377026700734
0.2863155187172159
0.8571532308921948
0.06891712389038614
0.2030282186111135
0.34316304144887516
0.5642471009319918
0.656623837930501
0.474435699928072
0.5471110427981568
0.7200521564219827
0.7422343198517704
0.29987606320852256
0.6817855454703012
0.3529898747232301
0.550870747136595
0.21890729637216777
0.3111930720594235
0.7856475363720448
0.4102640401375601
0.6496233481759047
0.27688998018721755
0.726029686665626
0.683595743527656
0.5005786458821521
0.18796598525204558
0.22219169413516324
0.5089957150393397
0.5302750066694562
0.4881771740957632
0.5419810364415236
0.51021479748616
0.1257328183015949
0.4207596977727582
0.40031478536509074
0.3859429061207025
0.567128200281888
0.26272031018193287
0.17683716460463392
0.525448404727767
0.8169678852819746
0.7236754406086034
0.8269364559190886
0.8888549327362829
0.31632322706672145
0.543945338799025
0.3460478607149678
0.5402289007635125
0.6274685402608127
0.5395233079489746
0.8411526614773426
0.38325420574776575
0.6056942296430102
0.44744502566554856
0.28560409978424645
0.34820052716852534
0.6897464665646927
0.6165966565381868
0.20946418986289433
0.8807225417386497
0.08590118883247179
0.230224654578903
0.6883876015302348
0.47115687504518544
0.21463347510151498
0.8349058155005331
0.38782229561523196
0.11479849112973767
0.5299733587367281
0.5266545798947099
0.4808609985299135
0.6541648474120138
0.43334255557087
0.33899935101709255
0.17525783416786583
0.7255973284292969
0.47753738651719063
0.9497080643161354
0.38638993507167185
0.7194697130732848
0.4611741775598614
0.3189967417840664
0.3281457923760716
0.8166205450163228
0.6701749661435019
0.5906179958260761
0.14764469789225704
0.07291246993357718
0.6965147075482593
0.8101191159173868
0.550869534128251
0.4778279953190715
0.6086380970003494
0.5832568961224244
0.4149450849600932
0.5590029726531809
0.33263914634181874
0.3883529094833184
0.6006498829002065
0.5440984802181827
0.48446661596524754
0.49817269325737545
0.6260017110633569
0.4981748190544302
0.10351197024237879
0.6197495672468574
0.4865498670577996
0.5643749865847336
0.7901503592082664
0.32556697556472614
0.41405712698772645
0.774540205014612
0.48273665143794403
0.19034437464978274
0.5323192613078832
0.8534721702893022
0.5193293674203115
0.563472459220202
0.6675694431010205
0.39400035770018
0.42240340275079247
0.6870800550466982
0.21884384751744856
0.521632988019916
0.36813931647489534
0.6598474002489376
0.5905560531808298
0.7496350278884587
0.17955038401208986
0.09486212945675376
0.3625224470014565
0.6307641172154144
0.2645662264102402
0.11895311322985154
0.4397331541013037
0.7110401831992234
0.697543572607449
0.800387314018386
0.3553768718549406
0.428653474061474
0.33802880397498497
0.7169140380366227
0.966168750940368
0.2100063266004973
0.05977531466166626
0.4638444117661902
0.49117903273751884
0.618790360837129
0.4531031261084318
0.9036449807787013
0.5541356412175927
0.5403473754765831
0.7237414673018555
0.47850203475680947
0.07728539439391462
0.6295229738829298
0.8070678335268282
0.5978555721722745
0.8327846512601305
0.7258623225897991
0.4973980149963162
0.36446345344280606
0.46094388112327855
0.7982792202520728
0.3939828259793268
0.495452918705669
0.2549926702887252
0.301947442121053
0.5789280961626175
0.4132580699644684
0.26657163410395357
0.5618200891599621
0.12504798733357175
0.28325577127464596
0.9173297847572496
0.4758438179131085
0.4750469686632974
0.7272289186969652
0.43227889432967714
0.43229918232791437
0.2709203257060865
0.4561825696781309
0.40351923629019887
0.42899411063381365
0.8338451818717547
0.6563370353529209
0.5947255208070952
0.12100923200308857
0.36290903725921103
0.4071400931668002
0.5951820983529383
0.36432841182629205
0.36349854323074615
0.3277967342388272
0.25910952253439856
0.7400947094543111
0.38198426829736476
0.39847631340465006
0.30089992507097146
0.307599966865693
0.8990616534073195
0.06482141851101919
0.643907721761431
0.7188456145053888
0.0355214373615593
0.2631979677889036
0.2747751834176165
0.47851641836857234
0.3433678848317239
0.16954709358715156
0.7659246121322638
0.6290017561644343
0.41298270849023316
0.850069243126956
0.07567777280535745
0.04910041833023289
0.5698966596905668
0.27593793575631503
0.7699047756539779
0.1304004434504344
0.1460285081031173
0.7248334417076285
0.8692294492191042
0.23017833466188195
0.864082079709972
0.6160808960597872
0.6364827674589779
0.2846944852666024
0.565619292861185
0.6487740646091368
0.7746497879990344
0.32966252717501504
0.6069620736254825
0.6985060232600324
0.0583660787920109
0.4494335694975926
0.2943763889294386
0.40612715635440694
0.5435607059053487
0.46203627061874986
0.3383654800085065
0.520585921231804
0.5314507436997604
0.47765050422735866
0.7101025139635233
0.6749037962105694
0.022363715436009738
0.42530466737715505
0.28557027367826193
0.8516505714347415
0.5010166626600223
0.48722860481910785
0.9431306404056782
0.06610906183999478
0.34701235945066744
0.6825234621061733
0.26954156738491897
0.8365592653524021
0.018594042561300754
0.538981067222204
0.7442029268103305
0.8684818151150446
0.2695342848569985
0.15745988185264875
0.49649347566846436
0.6744831847509465
0.8013185711076432
0.23208409849674722
0.49245254554280393
0.3195045900539697
0.983992590005176
0.41041001710811026
0.2731689258010044
0.722628985296859
0.4402652583295675
0.46816873707834655
0.3724867059835723
0.8725054389429487
0.17178353130487514
0.505371932733951
0.3634185425341805
0.7050442329928783
0.6155322834531974
0.6745015163609479
0.8742102777002427
0.46372956484094596
0.6563732459486235
0.1452261255682723
0.9053833953623333
0.6012418562236288
0.7195414322596672
0.3084223719526228
0.5485723151702555
0.3228138790932957
0.872662480991951
0.5320904883448234
0.6946070926148185
0.2453690968883408
0.22610199769503578
0.5816817624644466
0.3907332503128079
0.8457876826779885
0.23839023615039912
0.32204783125309
0.3392529746078825
0.6842832829057419
0.29405903655372
0.8263511644694652
0.2188271816328459
0.6123476873521712
0.35603533648248253
0.39055155238820194
0.4945591820276198
0.5352569896821131
0.03489496518261857
0.053615217886493594
0.31658934418820184
0.3286012676590566
0.702377346161127
0.11731696345224135
0.26839520675841794
0.7487395339207428
0.06640186628769552
0.23080291783777224
0.3246142215919614
0.7591724902825528
0.4805706089581716
0.6458645258564146
0.6120939942803028
0.581438538133156
0.4155634543636551
0.5507891112728678
0.7224976468773772
0.798453352844601
0.4919085860185519
0.15708204608617335
0.7902367395380203
0.645434889918246
0.769154635317183
0.21810706049306375
0.5810562771968631
0.7429939055920728
0.5310404246876375
0.3504846637686926
0.12822790496276965
0.8504963652189614
0.5265117037028583
0.6567316534000426
0.13969008003366315
0.5599973550477741
0.7347346329498876
0.5199039893989217
0.299229522768182
0.6789022858896316
0.5187903670535627
0.5854315210760321
0.9067250053260317
0.19875440680182244
0.5173258503643415
0.2846388183954309
0.9594914582904792
0.3450481926657092
0.5157721635167525
0.699836540380892
0.048254327250836115
0.26082218352490366
0.2443609077265017
0.31936207563297314
0.786896196760482
0.31712588549506016
0.31020366595796095
0.8238955246434537
0.5868157310960542
0.6070898191309804
0.8775220680286496
0.4903994270266874
0.5390963116442099
0.591369872753048
0.6993512956827095
0.8942844045304703
0.2438669212145898
0.464792121499983
0.388541565718225
0.652222984759258
0.8273468823790692
0.4680254037674072
0.48530236340848426
0.5772523665927457
0.6003683341270383
0.470603705491975
0.2400249911709726
0.26120271234302506
0.714106669140504
0.33698894495877935
0.7810951730633017
0.506701560143114
0.034601241968495455
0.11997298064355419
0.5913216328036202
0.5234121893957239
0.4257688325493032
0.6674159140801867
0.38903521001991337
0.6912235630459151
0.6109501017219335
0.9914522848744702
0.15076888840421954
0.40605218564006695
0.3848644550832805
0.618342884954915
0.062179321440963206
0.42199132388460975
0.4910654706404858
0.7082011145206742
0.4964707681314438
0.920643508039358
0.5502738516819063
0.5474114053170944
0.7647108864981276
0.4199705633452191
0.7797517053183936
0.4908729598242717
0.5620101578490238
0.6385513816794426
0.7405464323566957
0.5072901067088184
0.5317359374166071
0.6400045649805991
0.7900109963110689
0.6025652934523231
0.6180055878761874
0.5889816532353985
0.9179815894995436
0.65642687810911
0.6768654956888361
0.3434576261224609
0.8977164309213234
0.44094683626494446
0.6525898296125934
0.35600852358480856
0.5339181047006686
0.18742152734520304
0.5163487761732246
0.4849521723971534
0.5094409536039702
0.38553373699696325
0.43414583644412924
0.692748667016703
0.4920687800309494
0.155785716455804
0.024736018629435155
0.4948578440997242
0.7292795955626443
0.8970515576374594
0.22424070306719152
0.5696789439679628
0.11712272097341883
0.5549011268442268
0.7538058088249752
0.2936760951285927
0.7044161535481218
0.4132494678646612
0.7251867982959979
0.49861844720549103
0.5805078527612
0.7706412850640789
0.32353662219899426
0.28496431523679805
0.45023572740829254
0.5105758033107342
0.38979464215086757
0.3504534961781544
0.5957128466977554
0.25878698183662135
0.4422587560818637
0.8129297353347699
0.5882785951827971
0.46569212804999227
0.5673894947147806
0.1487650250454755
0.43204971229617095
0.3997042288647533
0.45868033212177267
0.5749513507510869
0.19460921736339612
0.3019086521506654
0.504122081012516
0.45745939063562224
0.5316140212644309
0.4301362551427676
0.7494923550084065
0.19540563505095104
0.5674814506046397
0.6425476420908317
0.3260554686433621
0.842429283189424
0.546200609126952
0.45567844413019576
0.7968136997706123
0.5452301244489203
0.3080944446439158
0.6228959501456094
0.6062056128440823
0.6361859936083643
0.40532231264819396
0.9720495198302813
0.040431015426162745
0.5638164257932519
0.423198806112291
0.600746481496286
0.5865241235534423
0.6734455213490983
0.4637372156459511
0.48636975507433755
0.574648791507332
0.33780426320347634
0.5112764270594581
0.30885979525435125
0.47550364561439373
0.473204046888145
0.46065669725078556
0.1464075596189883
0.17467513879855767
0.49109786507100883
0.8336780377452916
0.22407888414409358
0.6016984593272026
0.38129615564290964
0.48779041637531273
0.6909686192941739
0.7295467353719993
0.3610430887375854
0.6303408047377654
0.5059551882506067
0.10537442138624817
0.5354495191492139
0.8059404155870136
0.4933897800276016
0.3354999942962689
0.2371473105241051
0.6089828255784571
0.8854639838761649
0.06728875533880843
0.39367679778666026
0.44992791940193805
0.3227006548265764
0.6070775092387831
0.665386248288486
0.8230374990771805
0.09347388354747915
0.4809765897401564
0.32654573339419635
0.661886002080996
0.43497322873288774
0.7079301999203634
0.5130323791200032
0.2350169958369458
0.8314786279383021
0.6963838367720631
0.6558822151955315
0.06201624850040686
0.4374155165193776
0.6328204027860738
0.6341911043427049
0.19507223893423656
0.4807305631517119
0.4594872764255922
0.6752136892195308
0.6330049420329805
0.8090877296615089
0.6734899307462625
0.5260282713321701
0.6118391850354936
0.23851910170586235
0.021815809744149043
0.26180549494010213
0.5851923507779678
0.5664886850826811
0.3693069596163395
0.2628924667351936
0.5472422778215676
0.5605790475866976
0.40638656758300756
0.5802100567042142
0.46567559277160864
0.8135877508354818
0.15299331523760637
0.6893931277502297
0.8723972596915965
0.3582024562636322
0.48370045833989184
0.610272409414464
0.6436541560594464
0.7934728141230729
0.35281074564047266
0.952165784905818
0.18460026439822888
0.32079075088649417
0.33646376249405996
0.7863912910864097
0.16365357359712218
0.7493596426586855
0.4110159017889109
0.7581281397227115
0.47543554966300294
0.8314554371197347
0.47955977443359715
0.4376543839352971
0.4686263194783882
0.7404444658053765
0.2721310919802199
0.04368115976866246
0.6250112260887883
0.8156811810416487
0.6193119778690777
0.3610180536627775
0.8344665313447501
0.45254740574133356
0.430081699001825
0.6775817067937796
0.24588286303135554
0.5226289929515533
0.31148335939486055
0.4161597921177629
0.8629504185589463
0.45267213787726823
0.3445662814897437
0.22616972227142176
0.6040884862916416
0.40981018984850404
0.4088260393591595
0.4811351747884114
0.5436873535824513
0.2738117778392888
0.809322616953311
0.7609477184846061
0.9746169009924239
0.07815404393225506
0.24169538472170732
0.4394977374714846
0.7623740899493581
0.6079473266782286
0.7152050031314783
0.11612490167033643
0.2846880612906366
0.27561847427113023
0.5323467165277366
0.6984489188384776
0.27882526826956544
0.5575287671263508
0.11657673125365645
0.5160856386761826
0.7549387977195556
0.5137337181303142
0.9351100079736565
0.5518007749155808
0.597335312295182
0.1923722379763471
0.6226080121904469
0.6196924658171669
0.24849653654377424
0.8494384258348062
0.7243653596013874
0.4273956142497471
0.6551893104374958
0.6798410601851167
0.4811169169318092
0.5516213739390757
0.6016477714027577
0.5749750241678525
0.20789109960485247
0.2659889733404287
0.7484524818369349
0.6818543949065675
0.1670714494158172
0.20551464689891732
0.6831156339419593
0.43630736636410605
0.606744756301774
0.14327584419371056
0.523359815918001
0.47308639315867196
0.6419278300635771
0.49520556499626783
0.39269140997279584
0.07806089145952136
0.5194765446099526
0.4413848568497562
0.4882604392701125
0.3387759758371811
0.5002867497892672
0.3890122777960703
0.6736382779342103
0.1660210752829819
0.5163983540489206
0.2808885241131845
0.7908843121140658
0.5846328054591532
0.502156902106878
0.7871406348700402
0.6858711930374368
0.8244903542496107
0.5128132691931465
0.5471663368665058
0.514980936529175
0.48262764971529637
0.8103332659606854
0.24388316339561475
0.6347613512436983
0.5509206526791143
0.5818836981445994
0.5516100658538904
0.3655946678383074
0.8052979288389243
0.6542840486376615
0.6124505575502536
0.7888721802755003
0.41464026862550724
0.334070430784974
0.7622367251146427
0.16491715727550804
0.6593905891471434
0.7557231876267575
0.8483777422489523
0.32348073725918713
0.07943510572144895
0.5973077123002695
0.6839679946935335
0.594282718611238
0.6278740061979325
0.9006974374203449
0.39790033243764
0.6357891090722187
0.8061597171748125
0.7990361723450118
0.30294068199452273
0.787257199282035
0.5521614163397333
0.2512258211769396
0.47311072114745345
0.5425371001844232
0.2544015718607695
0.9325929843144968
0.0780931420428409
0.7842379938679209
0.9161962935606858
0.052618565870891414
0.4551315553359139
0.7162930208472373
0.523320705240883
0.5651004299682402
0.36791701899162355
0.3773472478609902
0.693143641078888
0.4678118220383647
0.6815423698964415
0.47300723391197963
0.6319286644752544
0.4900953927191604
0.41225909387703497
0.6578611836436465
0.40006684325967656
0.639317871219806
0.7257612210200459
0.760363468098253
0.18626629755097357
0.38827863256524886
0.3179437536598179
0.8599237449899093
0.43787589951979683
0.87044061582637
0.858429116018695
0.36109949255730095
0.5622541273048698
0.8519300671568808
0.37964215120595923
0.5802095646126526
0.4623124230827535
0.42618599006881075
0.1623982625688725
0.4780469740813974
0.768313047843065
0.4278576019684949
0.5597808359047232
0.8730390335512844
0.5201707506894945
0.7916892362000134
0.8771143652154664
0.45740214187215833
0.9779608215926244
0.5412060796585844
0.5584432677671249
0.2413945762099811
0.5792195140125129
0.5419781924290415
0.443800210051449
0.461257132639746
0.9447164600183833
0.11049849897246551
0.5968521013679021
0.4241935116081761
0.6818348467823242
0.25536622468143294
0.4564780899225664
0.6426910236227397
0.3835378232948954
0.45907083887325295
0.5966978997601318
0.7047063074055155
0.48520553064704147
0.7232248505143742
0.790140804427816
0.5168767088465644
0.3676558085913678
0.38213833501193684
0.5983597443655797
0.627222035369059
0.6302354708349798
0.42476317109276607
0.6832892155714031
0.22690207547624341
0.6326728151369796
0.4440441546007551
0.6874696711224393
0.5173769107547193
0.4389651774718981
0.4117666879791758
0.8250756298493862
0.19242314316231274
0.44609542637004895
0.9298796873295989
0.46388960643333366
0.17113350576884928
0.9104076688948957
0.48021691293009083
0.6675493055093419
0.49282457453427786
0.6725903974776384
0.4967707467528771
0.5717169392456233
0.3415001438182147
0.9024065204867526
0.332394175339492
0.3932213587466314
0.5038069641805057
0.7335633872346856
0.33834673372568524
0.4368005067728481
0.613153897649674
0.7635304362334961
0.5601398296712677
0.16063934686379736
0.33900866132609875
0.4217028378256965
0.512962594090599
0.64146366161418
0.33321697503057157
0.8198009646678768
0.5447316534316741
0.43545272587072603
0.4417713996383008
0.883051425848761
0.7524506656175628
0.6485738442150054
0.5091653460615128
0.9393739144982696
0.6400024397929015
0.8256799756016094
0.2991967193604773
0.46463490957196046
0.4700384943587182
0.48112723547447184
0.1461611753184153
0.12414973549555264
0.4658071431737866
0.5689225757193228
0.571663212510497
0.8179204970104248
0.2277261985669182
0.24284246905752888
0.7791367323653415
0.26884369587159423
0.42350564255554846
0.2331226114200157
0.9294557481309291
0.22864292819237914
0.5988003065928508
0.36049614386810835
0.0968021558932028
0.5795852474286619
0.7593982162188908
0.49688165108204685
0.008296645441946282
0.23636799937867659
0.22747033143334217
0.8244514440163351
0.43583151278225396
0.3335680415578328
0.41690166810475027
0.5715712233692739
0.6423433042141863
0.5153054351388011
0.056427442369349864
0.5982119305104894
0.4251407409171111
0.7684655802097224
0.8719297317784129
0.07498762217539011
0.4589103831806626
0.6764851943052168
0.6234383805675972
0.3973501669929709
0.32229717512000916
0.8728073244633162
0.15131810519491773
0.5013650105397955
0.688294437920522
0.6216530451908409
0.5548990612155916
0.2719712444326468
0.8069261599184361
0.6857055127593301
0.8675910036148027
0.3700978826697289
0.4855374876267591
0.7787504899986366
0.2798471526998381
0.17914327514830314
0.18454241791794004
0.4906462801147074
0.6601969213153835
0.20943306662048095
0.09821218318158395
0.30904051414864153
0.5064022248644869
0.9464867796726173
0.13936874432108273
0.27562485286290483
0.9240054871800243
0.49834004713882185
0.46119662379822757
0.5686325416968199
0.47204337780890004
0.5951505021149759
0.4239582478341295
0.8634786432487593
0.6976047404729888
0.46052421152336315
0.3140835872868356
0.5819735786240317
0.6191511918713207
0.7836389882536424
0.3600610590716851
0.8272358566929197
0.6596918806439294
0.782420224711549
0.5594781154542448
0.5677821523832945
0.5078484373079053
0.6272705766500823
0.6536217679962951
0.43759146637515156
0.6593826670492451
0.5704917887083516
0.45614114062590294
0.239828555745583
0.5723759981691827
0.7683889211105303
0.1433634564882843
0.5093981765895276
0.6706313113354998
0.9817925505450573
0.16530187130985213
0.5443949838579689
0.20536476168715817
0.32146793922199224
0.6267960019140976
0.13248082615869974
0.8020320903000604
0.7125132760765851
0.8614225832969278
0.7920031071408178
0.5320508138581393
0.9597154049553971
0.5324798256914274
0.4929854840397083
0.9934344021421434
0.5015347100799874
0.2717739259643264
0.4458821927992321
0.7350630700164786
0.3407116535841283
0.12398424659668972
0.37850677215914874
0.5266278361408676
0.11588374248673895
0.4425622748748564
0.23089957823525764
0.6508524264397436
0.7445454772875219
0.5222411666426657
0.7538641549518859
0.5197613461799307
0.4649655296505687
0.5559581384324015
0.5117647488892182
0.5050638181555169
0.2475262044498182
0.5999938311686475
0.772272367898731
0.8683341868761265
0.7691755956745842
0.7673197179159824
0.2920011960419067
0.6326180715576591
0.955870007134132
0.08809826403344943
0.6050398188978181
0.6795236158431477
0.5668043911520327
0.4774238019515987
0.2645487803449138
0.8028930879836071
0.33195248572296326
0.1956222988269311
0.557921769856633
0.6297567256979143
0.5331137766378495
0.11936337424836568
0.13028699796813764
0.5284692095530289
0.45646625194358903
0.6971201228522212
0.5466329923024541
0.5965704703444272
0.24400058776625244
0.27668349041679385
0.08000103701544457
0.7334925906505974
0.8497028339654465
0.4157043487945131
0.31421242501706187
0.6828746945658316
0.5346077768951626
0.13657154023993248
0.5897596901019522
0.5700244270741868
0.27265885983058763
0.893756841987993
0.271862082969819
0.7384570771738281
0.5515985220544812
0.3372279747628952
0.7032876147553011
0.6008794368700157
0.1404976944024369
0.26393863499405296
0.7410984261216802
0.7731897442740487
0.3568736410899301
0.4608879379352624
0.927669895705894
0.5510438503759
0.671705057049639
0.5420584773258181
0.4627305197984809
0.47451596641779314
0.9165567057476789
0.3174477445960997
0.5183505571718304
0.5046419672355942
0.30299724773592673
0.31121083088218315
0.484128597167136
0.3496400620936738
0.5468989888518595
0.24275184289283097
0.3224068028779349
0.8641561189173128
0.6457586470401449
0.7124823759694783
0.2111154959670206
0.7277807767452167
0.7328126134369287
0.521278787790095
0.24372189494773946
0.22055779750050722
0.4676244119185269
0.8182594369555852
0.6144249746085703
0.4641878472660928
0.41121183188797883
0.18075896199616298
0.6723637972814752
0.5245744872886794
0.0852153453443919
0.19678009865820645
0.7656495949876173
0.5310505525877183
0.7314151236055286
0.3958203753847991
0.545117844219097
0.29797415111103653
0.9613276577121361
0.32645558187854673
0.5347791005393505
0.3164016934292519
0.5683024513385065
0.5387026237476094
0.5997330982059682
0.7824044175407483
0.21760678330142144
0.3501745626105181
0.6931903718075904
0.4960316489263853
0.8157601153110647
0.15420052552537766
0.5804487687629755
0.6940194751637788
0.8054237346469633
0.26945756332642523
0.8779969544010195
0.23883246615262607
0.8339267714349092
0.38289782078896495
0.4451897358976938
0.5133332956744562
0.15864164042089351
0.6463090755137724
0.6082263776448771
0.46547422720707193
0.6128788239057783
0.7842566073923376
0.6098013165190852
0.38722108494964497
0.8315744974315626
0.5290725065798283
0.6135801245138666
0.4612149336004117
0.7214392848259776
0.13538393790865746
0.31120038012730344
0.8330904533394519
0.9115636215722251
0.5246998350235912
0.9928627816012496
0.2219529608557833
0.2091376845000997
0.394466541070598
0.253307826702306
0.7144691575058485
0.5165376726990516
0.16974266681352
0.5500512935331827
0.9599981906410402
0.23771366068236027
0.49806332027770905
0.4750227166666054
0.3431687407955583
0.14117030101110734
0.38634063287935927
0.6448192161051423
0.6396480631933972
0.8023687802048882
0.526493733512411
0.21113928996689155
0.567049322531086
0.46271603528241045
0.2801194578838493
0.8410472170803005
0.0725060419432298
0.4442457176328226
0.43789358351587404
0.8683602124493456
0.107232115152385
0.25116632976399866
0.39814810125106004
0.3114495114111484
0.6531989346363447
0.31720447011899927
0.32033110743176635
0.4559540993525278
0.6057135057237569
0.7585405983398044
0.5537153079913021
0.19387630075986123
0.39826393396085913
0.7516022798927631
0.624019736799027
0.6776975461073178
0.6244617861539414
0.5567603072976476
0.802752595851215
0.1039539525228216
0.8164158258741918
0.9135353057351316
0.41224885089649105
0.9571528590669731
0.3339362393902769
0.51248831115971
0.12205568805068907
0.6111274611029827
0.46414568357477104
0.5758611213351283
0.6128623919010897
0.060215937324641346
0.6068994457072336
0.5148874493794658
0.5761044703629057
0.4091727984550651
0.442661011719735
0.4003857330848587
0.32206247067942784
0.462897134217101
0.42722510168348354
0.18456545678970404
0.28411568797827236
0.5990389946748748
0.3262799527997175
0.15912220124096677
0.3242925562162678
0.46231526265493683
0.9740521062272298
0.36007452541310747
0.16276349212728036
0.16210395863956878
0.27810115066491786
0.5262867674967674
0.6442008892263579
0.6137682893424845
0.48457873242040855
0.7084064044722258
0.8210282060057941
0.4125825042914158
0.5604526875862175
0.6961556421413446
0.7189221435557202
0.8852616498521718
0.4671742283253316
0.5203952278789221
0.521636620992774
0.20382150349851488
0.4657934619589145
0.3560582284891311
0.5119412032629862
0.9054658204211732
0.559358155868322
0.1778861550939853
0.589813776599919
0.792065358240553
0.7556341595829921
0.5415330278502631
0.2351209716975567
0.4672506398386182
0.5180357756889328
0.16912598785727004
0.22667399792471982
0.7630015268210888
0.912073244110127
0.4385136576547555
0.8648428424202159
0.49789512001279296
0.7529953951105137
0.8659385784934358
0.39312059579271186
0.44082834262427534
0.818241804263878
0.5765526933638085
0.29756870776335675
0.8256515997926304
0.5802281157632649
0.5789845556912543
0.36123979892288555
0.3309257330942421
0.7749984235204932
0.86173186034816
0.3339788061075952
0.5876742158600616
0.2991906171755855
0.7092964182581818
0.5552006739885136
0.8622256313774468
0.8163650141538996
0.40746590093308144
0.7954931312657878
0.8482011581881073
0.28835989551789226
0.6124243763582353
0.3406712895541695
0.45428731507626996
0.22757131897385416
0.8475946750523085
0.7561578852555064
0.5083673992131171
0.5596872177074402
0.6755816515122957
0.758738276353591
0.4979855149627269
0.6550586529719383
0.15930030252181024
0.708271923025955
0.8847509061271235
0.5446704427452191
0.5339187450920955
0.7014753498530625
0.04889349489506811
0.11868444930922589
0.25674906699011385
0.6654814955313588
0.44884431108184003
0.7017298561757401
0.6773092868609178
0.6169541531582164
0.26293762805789955
0.7969051818706342
0.310325601572489
0.2617223511602956
0.5948081760179087
0.4676957461599208
0.20038857249479922
0.3379080600957182
0.26473212235648824
0.5098045784439115
0.5570779712929967
0.6194264421970552
0.5100935544482681
0.9003866899922961
0.5213646503008853
0.24688597161639791
0.21228397850593542
0.7073379811374646
0.5875504302452026
0.7377048749481716
0.5385397659690228
0.2729622834057977
0.1261452665245209
0.5478271038285601
0.7375617740995715
0.4735719023438113
0.7074296476108064
0.40922037380842124
0.484543056427019
0.15584059385880045
0.2247576564056736
0.6034472002945777
0.6779609364356232
0.5135316997206819
0.9131051406669615
0.6279735944618422
0.7628846329881855
0.22749919145924197
0.4192830117386686
0.20468450713976985
0.9431857584487293
0.19183090834266864
0.6523852288770928
0.6186932682245652
0.7776027520311126
0.3263723308930777
0.7301609114258123
0.1882203667730782
0.5402057105687638
0.23163849318584995
0.66096494278961
0.7584365974287285
0.5734776520575741
0.4680425636638845
0.3511679321410369
0.5081117351361498
0.3926824944844961
0.7469736707968415
0.17168068876334575
0.4130200034944944
0.15764271798842006
0.8225561504036653
