0.35336651813663184
0.400179257582854
0.867837180063095
0.3232791497485979
0.5894014516101684
0.26887248151632664
0.33112597759032836
0.3763952144462064
0.5513785015172463
0.6602221133166414
0.20171168319200972
0.23443025663796474
0.3807348426459679
0.7020313714752223
0.41403736037105227
0.2911973757829331
0.7689672127025191
0.6782210850544934
0.9527403615926029
0.4301840028733236
0.04500723618080946
0.2211789997055268
0.6209479525898024
0.577847464755653
0.4821494529226434
0.46908916708119736
0.7316422363363136
0.13322901839132809
0.37054139493811267
0.28515033125510925
0.405865120630478
0.729010219243641
0.510555789119212
0.5302564500676563
0.7218133874940162
0.4514474314287778
0.046637778546326655
0.3537019852952507
0.6896409340331573
0.6463564047775546
0.7158917863507999
0.6380522996300928
0.7845242084007576
0.22014036038704174
0.23879639774931333
0.23915772528631474
0.6484661044177537
0.8885294491768321
0.10217004455326506
0.4722086544257806
0.24151529107513783
0.8554703054343735
0.2809726803706328
0.8848678080749507
0.1939796111384724
0.2512203530531508
0.7568870708867501
0.15797304685163138
0.4745070164542071
0.4000988176131376
0.7701034011243957
0.5178302705257547
0.7414268996858318
0.10969347881695177
0.23643842814086524
0.9184058290968553
0.27750338280529563
0.5986371997605106
0.6794578263445856
0.6193889620369964
0.19836508819129553
0.12530483117990643
0.4722236432297131
0.746953667940911
0.058460735034395805
0.4295031842042166
0.7900579146892124
0.4133879657509978
0.9556571304647509
0.11762210375895465
0.2994305745639616
0.6590347153715016
0.39464319916191515
0.8670153000676541
0.3266282003176946
0.6525079637703667
0.20038419990404632
0.23985578100928343
0.9458194241690465
0.3305872914364463
0.39681802787343656
0.8470174416759875
0.03665934517538749
0.34315547696387666
0.49143834547954435
0.6844906003775739
0.6629659972184795
0.4674481113540505
0.4060186148720788
0.6765424947079681
0.8395330071395377
0.4050642519672845
0.7657993912313762
0.3734468199197917
0.5060055178999133
0.6345432927924041
0.22458754487829288
0.7568863133757582
0.6493579124934901
0.3514548955046956
0.8737811777885636
0.3151545804834625
0.4408107370215607
0.655888417974581
0.28387199122972634
0.24650977533716215
0.5839052497229511
0.8772947252020644
0.48853513397807136
0.5118584284292622
0.9427589302979962
0.16942616156398932
0.6775859433459174
0.3144297179392093
0.7286644471177269
0.15811112716931625
0.38304728735493215
0.5627505002081609
0.9088685360405095
0.12537401365927758
0.1331631667529924
0.2737735014296184
0.4804563997930683
0.4014392194265967
0.9211329261739448
0.23740381302940486
0.46193994691747736
0.7093441918349431
0.6153547509091953
0.6751042777650783
0.33570733351272886
0.35827911695161885
0.6067907491966228
0.298403767573433
0.20457159732368607
0.8385742291623717
0.5212409440898786
0.6275295624808594
0.24884544782297618
0.8416710677909716
0.3176025067344426
0.7999901055004943
0.0998367043833634
0.10039002680180634
0.2397759651526382
0.7715556957612313
0.24049620357786766
0.32812738878569936
0.7131419557749661
0.09690625498582603
0.3480084277416775
0.6146196931344858
0.5555849404553973
0.660734349910918
0.9022071483205494
0.2122740969774761
0.7652799881008828
0.2844316223210256
0.7183630490816084
0.30212553050588026
0.9084082181671823
0.362178015258687
0.5912718326207697
0.3404522697546744
0.795827142262767
0.153242234946145
0.2714353844966392
0.6374241494185331
0.23128023641093284
0.8259362211826402
0.8579725345327062
0.5499602850465337
0.9834804248731934
0.12436134805106244
0.2938782659342439
0.35560057687315305
0.6355514682195803
0.4283575439619614
0.5853355721271104
0.3849964970764364
0.3932187161758392
0.21429418655119314
0.7711729204082091
0.9464426737558032
0.3932251498845134
0.8291555831353482
0.683752930361973
0.7655275323919664
0.33612923034787867
0.6523948620737535
0.3829683053300271
0.5209529548044477
0.5451323683378904
0.8901447832816733
0.4601373660928276
0.4519379778185247
0.4980940222755165
0.24650321855359175
0.962369803994517
0.4029034563370938
0.367541651835357
0.7189485808051659
0.7729784037989954
0.5748759143091234
0.3804323518553465
0.7951836080808139
0.2269879136838968
0.5788049355123498
0.7006765218247502
0.10957413683457318
0.4654056909209145
0.8673065751247104
0.2807691103723724
0.6074930073709056
0.272830287302178
0.7087445153441827
0.8475242768932065
0.11600962871949776
0.3729172556733349
0.6204834342087449
0.4951310653413973
0.4273819995853365
0.8280096608657588
0.298220615876818
0.6513874491807725
0.8913528808041276
0.42745115167552233
0.33584522153176594
0.636017887140254
0.41492663202448776
0.6186985989228224
0.19423723947453483
0.8412502771583978
0.3423116841127438
0.8762955943855864
0.376438962970873
0.49022833114419545
0.6485572271736714
0.48090428342169866
0.55557654070773
0.7175659120355057
0.4725102238329647
0.7148345044656401
0.7670286190507776
0.40456154438316644
0.7948787252765166
0.20978357731771363
0.3478157355026537
0.5934984615762335
0.12187988756022024
0.420348706280842
0.6908455449286662
0.18729848691993028
0.8889531561344868
0.4361940324481507
0.6557307689581444
0.37453337257094166
0.0945483488711716
0.4020345789564065
0.44290127809285107
0.8224607131342667
0.5578192084903212
0.5175613077293298
0.795878052157248
0.48510520554105824
0.47093622378007016
0.5894898607767356
0.625966732010545
0.3750258936403741
0.6123219575717471
0.7948810550509063
0.3422231740616931
0.5462595147687567
0.6323051104764955
0.32286484749564215
0.9036745543869225
0.43507355510045925
0.5271216231195037
0.6436748227404603
0.19594007659023085
0.4213618757553435
0.7536087530207706
0.33559756630754534
0.8855794789674436
0.43984962623060414
0.2235074371539854
0.38601510457882526
0.4320298710827913
0.930946508683939
0.18870009058732895
0.4662708649450205
0.7320048307682891
0.6732827433521675
0.9378429304232887
0.2690170058100266
0.3726857961140256
0.2543614987361003
0.8666749739270188
0.22472512650894727
0.7473228525565829
0.5161403581290187
0.42392444676617386
0.8150183311877559
0.4711155134039686
0.7381650238615697
0.8742792418100573
0.6271208568946851
0.76309820634036
0.39423967848034747
0.05897224180748396
0.2333820654701778
0.8165484202217237
0.7496102414019699
0.36992013714572153
0.5880414334996329
0.05335731198266279
0.550653234079269
0.7297553809479802
0.5685097746279346
0.661231470937198
0.18705220860609353
0.27944240914563845
0.3559767206069598
0.7137718442394154
0.9943209397699883
0.2434530485734663
0.3127658972208542
0.5345150107091776
0.8573372985916738
0.40195765605387124
0.31786177953745187
0.6183567220348357
0.8211455239829714
0.6387540082278752
0.7007511708247847
0.7005189225867532
0.12386605246263217
0.6487748388798704
0.7060289071899826
0.542711019361216
0.47122388429438566
0.7949613472469366
0.7019531823577743
0.9197356455791454
0.3829565942676181
0.8683475990207715
0.3271357483977324
0.4674219512262989
0.48779124329286455
0.7918466416037397
0.23146000376178386
0.5249289043043749
0.8554962621381419
0.6168604573925445
0.9191019658827582
0.5792229819620894
0.6623899993842913
0.5168074464384644
0.43635832672637237
0.8628293961867368
0.4972880365216069
0.5644468251604221
0.08909323345673989
0.14627085649959518
0.49628220516640903
0.3853148770127146
0.9963613953362811
0.4120319518825099
0.47263557923941674
0.11797986364704194
0.6087462894976854
0.8169982596779448
0.22101438516076338
0.4531012155732149
0.35572215250000805
0.7562360665686509
0.45368037264920075
0.7347640235718478
0.632978099969155
0.6394050071441326
0.37701243556314407
0.031119959077770126
0.36957516979967125
0.4092980534110176
0.8412752485450911
0.38227946689384357
0.8760801107077756
0.2919415787703461
0.7625946906929054
0.35274844223337737
0.042081097119713376
0.44979389432215505
0.4557984646334038
0.5467042629318106
0.7000653965050343
0.8959079941571985
0.24823492088845048
0.21422203839124906
0.5920175298495285
0.7512391910495377
0.5063073338477971
0.7458669652115975
0.31141304820354115
0.637030031112402
0.14847902078904565
0.42322751415810184
0.6170082357809352
0.6170667393335405
0.34542731778390506
0.8308044400663421
0.14902100110043867
0.6395331406974003
0.9356132634969518
0.28959758455567813
0.24635736257351848
0.41781874891222914
0.6141393211565611
0.357561190017919
0.4635539953719837
0.652092796915308
0.36687390766707034
0.26586073023793083
0.2396800101058272
0.4087533913671732
0.5369688685854317
0.6251110090950985
0.6428198925419196
0.2545716883049126
0.052040274538140266
0.49417007256685924
0.6985579338666329
0.5447473870205677
0.38509885495697355
0.673684926742958
0.31867129553448326
0.8903797340572372
0.2331535762179912
0.4109986297737481
0.5978802078268325
0.4508807614652287
0.5422520401207277
0.5331950844190457
0.2112888262737323
0.43028228474588687
0.8479537793394396
0.7226265056895287
0.8065795075674843
0.24549394862207535
0.5368735594994029
0.4529666019594307
0.7967646077982429
0.6135017299468334
0.2971105911781013
0.7794070093344055
0.3701485330922297
0.32628147868050283
0.59271759638197
0.37258740220962594
0.4110282290102506
0.7584741309585561
0.5106567764811478
0.46325191415985695
0.5559341120327881
0.44121869517733725
0.6802978293083728
0.8862007267059809
0.6347921626322017
0.7074850495887915
0.4055425896522291
0.8959732782546339
0.38345694845802186
0.5250390227996147
0.7191164439870146
0.851061855113046
0.15143308470058542
0.7344838415157363
0.788418425345274
0.41702030298914416
0.4333489653517023
0.531311823959434
0.44465288610091136
0.5751186988552343
0.40714024266740734
0.7856589867392105
0.6472129792617356
0.9547419642818316
0.1790895491657463
0.3624463791365837
0.5820000767910638
0.4880352195982888
0.4360557788289919
0.7559080514528469
0.21842241399968043
0.799008668075311
0.7756409759893712
0.6354042260565016
0.5123384369497052
0.9415462020965626
0.10830772768441252
0.09606728856062836
0.4634968384631535
0.8946141411115214
0.14157616722185465
0.36684326652850185
0.751479807614267
0.9254516070781696
0.21698509345667427
0.49587575096110015
0.9583606690468791
0.41070445288230806
0.1460053259490309
0.6653242800060101
0.6815620041767163
0.3945301216966195
0.5403830050071033
0.1424210248506866
0.6979997833186649
0.5846908156510591
0.33631920530255693
0.2897628401658491
0.9257356347788349
0.22902458491327096
0.24764169935129124
0.6010019462601981
0.4735488909429537
0.3970091454027226
0.7224939974870018
0.18841720093652686
0.13584930334965986
0.5794469697117159
0.7480868113532699
0.35870050761174244
0.6070053599431656
0.6405570494313435
0.834933139761391
0.5091391273281882
0.9571609186006034
0.16387574953138495
0.39910893945249215
0.5349317440941188
0.7265253418635172
0.9246276961949633
0.5071547994572055
0.6376272024941967
0.7446066371597877
0.29839726050872123
0.7270780732438883
0.7516943093351475
0.24356666552139614
0.7661475051166056
0.3654679516288998
0.6372648532490717
0.5352151718019906
0.8217534039954504
0.4293276973058966
0.7626843986543916
0.7150938346061588
0.8012941307743888
0.5358256795942651
0.6956890557280591
0.26136914729756605
0.23746852422753925
0.3943078866133598
0.5643093442009748
0.584837492376287
0.6678777054725689
0.502876512585829
0.5133231354017788
0.48636541639156916
0.44465963513466505
0.6669490296511804
0.479877330428413
0.36866206207283414
0.7823728732180888
0.21085363340835384
0.46754459243566854
0.5058851563735922
0.8089172730555632
0.429449250169319
0.5905682970791073
0.4341318359084122
0.6973568025524914
0.8249586555465409
0.15512601789396765
0.12983603595084825
0.35428784091510424
0.5322498418988271
0.873139322085738
0.19362597898880932
0.35851482575419436
0.6019725035297058
0.5475045612798297
0.738385634065889
0.8906569894223446
0.41985120844341356
0.7661777389580996
0.7784872143498824
0.6428259079808484
0.4752728612630346
0.6151239931116596
0.5671204108626045
0.950836337700111
0.3434728607724669
0.14883346983451565
0.4271548348730916
0.6819571410764214
0.48756357423021035
0.7465396170982578
0.7934022229082347
0.567991396246007
0.729986529754397
0.4066293111489168
0.9411278589542436
0.3290440499628138
0.5432537301998412
0.3309488270282609
0.9329818678614237
0.08064510293719779
0.18483226657905352
0.6808684061261983
0.6308768029122434
0.7958732423995853
0.40578647914582955
0.8551737381379094
0.15447345984386765
0.6749418003106729
0.8050461783733465
0.5921997299874951
0.9154662193552863
0.24210379992408282
0.33456584052450566
0.7322475911008096
0.2213936381255165
0.7845329428573187
0.5704687511992874
0.6945504993715088
0.9330722702583892
0.5850994016443669
0.5666726341683272
0.09557755198758316
0.41132056333224326
0.662890548865755
0.34719621170740506
0.6401251307486484
0.7475336784582186
0.23167220294673985
0.5878913835606211
0.17112141093616579
0.796570409094786
0.7042191613417426
0.9199905981788856
0.1484078479981883
0.7237381963222093
0.8576508955322655
0.322373631482946
0.46557862611209205
0.21980115797255045
0.5890903845751997
0.7680907903828165
0.4628140263409224
0.694484520301065
0.41161356725969767
0.598688967917214
0.2674234002716733
0.5618160537885744
0.7071425253486244
0.31193404410754927
0.6874794203562575
0.31541374165625935
0.19235997249506395
0.6719508093997772
0.8382899820307457
0.48483877189056446
0.7400389470970135
0.6204705450868794
0.8582451922006981
0.27592080864185664
0.3546978803087902
0.5423531090438145
0.4411053418958839
0.6907907684837742
0.5127840983491025
0.4338079322661271
0.863403288482252
0.22023240901559857
0.3006671385227716
0.47926767611271626
0.6898551541178943
0.06923890776396208
0.37431801306745666
0.8929690999519986
0.3203408699303609
0.8412829994111684
0.3903862497815278
0.8201648296398574
0.7817050075319423
0.6062128494293386
0.7043596472247998
0.4145098813543082
0.970589689628993
0.16240378758571905
0.3687746218919529
0.5109665719976009
0.2840796881456224
0.904355126184378
0.3784400470447015
0.0413461382062677
0.22355232559794652
0.29919259171729284
0.8118865199312955
0.13655269723380364
0.03047965524484178
0.5436582705036427
0.4522297674672956
0.9054175224543684
0.0866594103969623
0.29768816534085774
0.6414347228465302
0.4159741016614989
0.8189657930015553
0.46360612345934477
0.5170428735683272
0.782183608449585
0.16690008752480212
0.4922052264394946
0.8628527969078877
0.4522975041164059
0.4714019794902671
0.7675404316030867
0.7388492752974725
0.7367605762669045
0.5725792725306802
0.8109954258053245
0.3154317663938309
0.3004691126070934
0.46181371684394434
0.5780970311155849
0.8518812049710598
0.4882693175740037
0.7408793208933011
0.8419326989585469
0.05268496618467822
0.2518383421728657
0.5186387609854326
0.7610082073721438
0.6257656906714211
0.6817213760860069
0.5528444375903279
0.4630282384412174
0.6779293617853106
0.7410079831295068
0.23856218525581413
0.7095652956576095
0.5736286310086289
0.17203499571438177
0.18955829370965244
0.44008831432078377
0.48250076143727294
0.9828797533328029
0.22554116195343327
0.291917755394419
0.48536776701221207
0.7416106034776409
0.41217563893389403
0.3002931163424831
0.3514865259302142
0.9271347176294364
0.5600287949633018
0.7148551034435271
0.5350272512983995
0.8203206220272878
0.4238020584657982
0.4319685739190491
0.5632126982409208
0.6433070322589582
0.3217286955755608
0.18166206279272876
0.16826514467992512
0.8052166428710062
0.4469333536790612
0.5547566586969254
0.5133208287660747
0.8501320840663528
0.16070432145093919
0.5350724010925938
0.8633617548238048
0.4921584955542945
0.634399879444717
0.47115454176198907
0.7183931304673348
0.7004175567723436
0.38450613467553185
0.779700000531597
0.12433211105348352
0.5460758694308566
0.7558450970805713
0.40823017647111476
0.7688408534630853
0.8765526164445958
0.3702059298911055
0.7450729723801623
0.7287676736464317
0.27055071392874386
0.4105286760741285
0.7303233083461826
0.5564111710788628
0.761831263741373
0.12447829486012157
0.2806997342329428
0.6226533438504311
0.4774543306899144
0.515950605107539
0.854433915267045
0.7032630885586904
0.5961939936946502
0.3267344428159716
0.6591175674595832
0.22474723420820175
0.3353546578911052
0.5124544828678769
0.7315992803592145
0.7780091455984126
0.29893624280732534
0.6614485614386161
0.4109836242208309
0.6612976980608366
0.3702814471681548
0.3906799026707855
0.08847324761116994
0.3026642866290414
0.6181005153481688
0.3067466471620131
0.06808935288132383
0.37419987619179246
0.9554634454120029
0.2795312822706355
0.4877523858413828
0.7999945189376769
0.6637641026010728
0.7825534110449531
0.17971373811736482
0.24306944036481634
0.6328714786793211
0.3929361262869151
0.7694455444690576
0.28653473016735426
0.3364416307047315
0.9142780538262956
0.38741651592004045
0.41091584977258294
0.3750187165913147
0.6610261071048846
0.29300663725521037
0.234968405205966
0.3753858883113139
0.6295308675203038
0.21901691761476857
0.6629586966798184
0.7246446473251549
0.5620009430922324
0.6029075891073088
0.36256438743228875
0.6667889104018128
0.10541865559803461
0.4803936809030839
0.7207360834373114
0.6784218201736
0.20657267959679243
0.3272978789437609
0.2867097928366818
0.4472591699365931
0.6033706954088839
0.023851987512630804
0.2143728383692073
0.5446964932009689
0.41214700941648985
0.6339265138216417
0.4711796313637373
0.9395901632918859
0.3736999577317248
0.28056901084949637
0.7840690910586094
0.6698756414305854
0.620274420278247
0.894179820075629
0.41894801023572
0.3799021736569343
0.6648020140510971
0.3796758507113242
0.6218649832067881
0.6552678441802222
0.441284310189948
0.05508112169602788
0.39780752532564145
0.6975813467763005
0.5838025578110417
0.21326129238492536
0.31779319958582036
0.3816177456853968
0.6118080442144792
0.617034280536541
0.24834547324530062
0.29534198757868113
0.6078728274668548
0.14297405440783362
0.6049123910403407
0.900033151222287
0.2779030138598041
0.1783585312388525
0.5179202364681886
0.5186379482729667
0.6162090667498672
0.3833519857444692
0.11303067613700193
0.31494760073645844
0.5466069460399341
0.5377283482296765
0.7599792661012342
0.5642972709466794
0.6171409763994821
0.4166057030054901
0.20202163722688643
0.35882058318211757
0.36468093932338597
0.7784175562502109
0.3640625666373304
0.48863938465214135
0.5961381188734651
0.8999980269605634
0.39338940778714493
0.5867372308954525
0.3279978815856699
0.6108938400128883
0.11825391392197535
0.37817617215599764
0.8331322865733357
0.44472766132341807
0.5281959651178636
0.36775410279935583
0.7145590889184625
0.15921801766524224
0.1577743917898014
0.5090132862813253
0.4724760522829347
0.903054980597414
0.5008240600316437
0.5187202192061431
0.6832651002356791
0.06804365228751737
0.0582678688494273
0.5386414515426705
0.6807249820127595
0.5237492196213933
0.8768415729481422
0.5320510873705636
0.5967374589659705
0.3792185461200862
0.9827234132145009
0.34485435001534637
0.33354290713861795
0.40716033190434275
0.9760270925971437
0.2924798800717168
0.6191532613317559
0.7193804850302372
0.5271511872113488
0.7154495394054723
0.9152551326158874
0.5980098860123917
0.5569716535235497
0.15790172462417063
0.23600924214301836
0.1542425332526039
0.7493304819573319
0.9341240236064604
0.2166858667217582
0.5629820052999107
0.38783524045512424
0.8662020207083365
0.4362405438704614
0.43079321464856657
0.5085781352590099
0.4003213470002487
0.7562810341852465
0.1432726143465751
0.38416185470806363
0.10739834661329091
0.47356665239430795
0.7827510906867168
0.19721397778488173
0.42391476135235584
0.5652071000164687
0.37701074127429784
0.08138953359276548
0.40483337600426383
0.7471492275363811
0.30207543899151024
0.17238247170193174
0.6184991945911077
0.9251463490671694
0.25410272223085384
0.5474558717424138
0.19916647595624312
0.4708969886578458
0.9576131212663346
0.1537648634315073
0.5319338642322503
0.9724785747077922
0.16694484592809034
0.16804559929657747
0.48521672433391516
0.36359525435851925
0.7935074343258517
0.1224460409983943
0.3276264256511765
0.7596768818821651
0.1399973345584556
0.5338992900196179
0.8077508585698896
0.4115731237077683
0.8655273929142926
0.08707763721942605
0.5263429052953117
0.8415756708102813
0.6352314783348627
0.5739241148761514
0.017851994243815776
0.4306331669379744
0.6136618878265592
0.5001539785112287
0.625402841765583
0.7230360907591157
0.18222058344889439
0.4553210168167915
0.21754946683804746
0.5953834021242499
0.7365460073443962
0.04626097085835787
0.4355790568056873
0.30071126980910806
0.9176019350387139
0.10923569985900491
0.6202568983125041
0.9462244147886203
0.45670672440351956
0.6378347394646824
0.9571898452026377
0.14185393817737232
0.3654263960856221
0.10797545754629415
0.5105572707328949
0.8953555720112796
0.3380689101388397
0.12434257062253642
0.3731452436418211
0.8326448482351527
0.7621381074990874
0.5105026058579714
0.7269946476894193
0.47899554014057744
0.25522783176622793
0.582398263389532
0.4865051447169875
0.7500648148159351
0.933738155387193
0.5896729101949355
0.5617176210195458
0.40681557309241495
0.5608719426258287
0.43571550573917434
0.7243895851968435
0.44657001590759415
0.2697973201099723
0.8835757379077933
0.5418682851426554
0.7949490702934038
0.2658510799821413
0.3656608652908282
0.7529648218571187
0.5398066785535515
0.419047943527473
0.8416710023991054
0.07147408007287528
0.4618849069443644
0.37879868476246237
0.31511709127608223
0.5838019784352045
0.12384682936358328
0.547008172634175
0.46958414851363867
0.5419472153906859
0.36766568780114994
0.5512167192758375
0.3752298775411137
0.8376653952017423
0.757438312032146
0.69899152106711
0.6952394805696396
0.8415022643393302
0.11615127382225474
0.45415361856349434
0.49541661207733245
0.42232388276940286
0.55090232453124
0.3454374143545591
0.6554290233631688
0.6630050082536855
0.29012855026388185
0.5237357398396146
0.830005657199848
0.3555787504003621
0.5075895223827671
0.5514635257078919
0.7818330106413146
0.2920842001074864
0.14371157027755968
0.6441860399165127
0.7196520486250925
0.010887229814107276
0.3032583092766329
0.1645364591851563
0.5451765100177021
0.8489048890698057
0.4849247240165833
0.37707650888587013
0.5792375294310328
0.41575083859985024
0.7291574441493173
0.903421413998521
0.3953496161623874
0.6187948955821941
0.7327410047649381
0.8081056640858502
0.6257704886416389
0.3666524330514476
0.5474061174230325
0.453411770153408
0.31589357519570316
0.3828000558754227
0.5644919133160679
0.4458821651813218
0.37046894042060796
0.8963105600041803
0.33778039608165383
0.34278284346287674
0.276098461669927
0.4325967552853351
0.6024073738177701
0.20097347034546093
0.38229237324253695
0.4384666492992752
0.6149654291210193
0.6533487352090648
0.16641634238452863
0.5133130973737488
0.665954406867286
0.4566005289285697
0.14004428603257835
0.534506938575559
0.9324430360537415
0.09476630003538794
0.3956787358331635
0.8464018161873759
0.44147422143443416
0.8996879599022498
0.6928217425976803
0.7089068677046726
0.07929788325341833
0.47397548467329237
0.48763358739568297
0.6717181863126691
0.4440331831580834
0.5217117656835786
0.9737037955383314
0.02830677432028548
0.17109059419383288
0.1656706222368288
0.8429720224517023
0.6950688852836145
0.658340843142096
0.36078730310525664
0.5351128160575819
0.3686189432446042
0.7075829988851402
0.46086179514249237
0.5877210384384148
0.6669427859384084
0.1825027987489438
0.44853704948096096
0.13549092482664649
0.37589249592818413
0.6761168505583203
0.1000182805699243
0.4873908473848668
0.813614943925893
0.5504117716093379
0.6521940760089906
0.8732833087218168
0.4233988905706278
0.44232325895709856
0.09121826932854446
0.6498281309463625
0.7895164926142008
0.09386625174758052
0.28164714328878165
0.5727495607908687
0.6095563791439419
0.45935331282945413
0.9172246445373173
0.26700517772650456
0.556638459771203
0.867497803509863
0.2904388898736675
0.8443750993278087
0.37340102341764125
0.5312127194994831
0.6821337676992305
0.7772780448770482
0.3682663346066388
0.18888978699636022
0.22728572241324607
0.6268631724361968
0.9576833278778476
0.09058195873202421
0.3652584130374868
0.6268963808868915
0.44514232878569693
0.057967341797559246
0.5914006237602353
0.8042087214490135
0.49977576668186835
0.7296271237814874
0.3387817270376357
0.30239243272721
0.4272565703784673
0.8099506149610949
0.35528763573928684
0.8900023210312029
0.09022033094857734
0.6236468002184486
0.7904901045948269
0.6075102733137865
0.709355564297757
0.26045143356684697
0.4385829050254896
0.7572063215497551
0.5235067334335353
0.5461174562344165
0.8710796758501322
0.6283500491961492
0.9049247211843938
0.26890252189032493
0.66372453513252
0.49158560650037375
0.6519986585121071
0.39959692553054865
0.3694594446072469
0.8113352533360831
0.44363227972795893
0.6347772056881263
0.605437427491569
0.4870326470417599
0.3337056888674179
0.9080693775537375
0.37061484762570557
0.5061504130401003
0.6094365649267677
0.5308439776299596
0.9120611127671664
0.4382504858815843
0.27113865431592576
0.7981675412868259
0.27676761926097143
0.623121640268613
0.7917431435603226
0.21982023869800324
0.3534633348977767
0.7218338496572226
0.43271499702027677
0.5216245030857126
0.870441566994339
0.38805393831876595
0.718874708171016
0.2389392583242018
0.33150105239006245
0.5159496442976553
0.8345568502932188
0.5960575368126518
0.7851785415639424
0.5398111751221922
0.5372687178086286
0.4835295955995318
0.8848896855692542
0.6053547117825118
0.9826542802162288
0.30233678850743045
0.1576762889662238
0.5465966468265626
0.6911991594721987
0.42003792402207607
0.7017157743441826
0.4017352486206798
0.06233613792363034
0.11257505799400155
0.504041815037826
0.8382780745438483
0.30470488968737924
0.07665146865640168
0.3982352545548632
0.47492500486556943
0.4404360485665626
0.8555223779064842
0.061682765867939415
0.10531101399600068
0.38337166560227454
0.49177654118610076
0.4933767702012506
0.8068482670741803
0.8111393970391217
0.8643541659936971
0.4034782390060344
0.9623999836524784
0.031755690725430635
0.0809449015303967
0.5172416869367896
0.7122245732018326
0.789972248243002
0.3599493853282005
0.6075815978955975
0.3518847069851121
0.6860932067296761
0.8382225688529986
0.3611588671562488
0.30869283636697575
0.48893719089438525
0.8544528981178608
0.5878462703230481
0.4974030419843377
0.6517763892864533
0.6264685348734045
0.45074615587806044
0.8137041720594129
0.5398442545305209
0.6707196631868046
0.14596936678066785
0.5468611745975107
0.6844710269920788
0.44554054303960716
0.9729640640685496
0.45841875707671786
0.3345117346558631
0.9020709522939254
0.3777865299115225
0.8512374915430314
0.4244670405772383
0.6557451041220419
0.37915521116654616
0.6504117221521292
0.44980017874336986
0.43334320439275625
0.6897101419086984
0.42239032181700464
0.6865610490530067
0.3228392692781331
0.13954023574352514
0.5368180106603293
0.7373762186006312
0.34953853422365505
0.5058941660813863
0.5587870387130853
0.4840414242611024
0.27329431636255946
0.6458923236410702
0.4790328795118777
0.8209827932274576
0.30456427161592464
0.33305021912455485
0.715777162655751
0.9221985378561213
0.4964021621749338
0.6270613062043013
0.6830529362244597
0.726281128415782
0.3309335886319091
0.2136448577150799
0.48180235220167683
0.6564322560250538
0.04664191539922273
0.4501618103121053
0.16901233840228644
0.49909045617898906
0.6314744926502385
0.09956415760713003
0.06843497971252371
0.22824138640613995
0.5932430618572944
0.5834732420216241
0.5722901814235737
0.9128318346487209
0.23528488986900453
0.05775494850642238
0.45052492889747686
0.6683421292710275
0.28215796534465076
0.5973117852629701
0.34612756930595423
0.8060421999638346
0.21920712912699894
0.4770494584053875
0.9959398413180566
0.0317895283994936
0.05954845873652037
0.4837897780262923
0.6599028415204178
0.3249406157111158
0.6254329365007877
0.5447771938076428
0.5377703353975054
0.5102810115456154
0.5566573123360994
0.4697773807238841
0.7510534771391227
0.08859970205694292
0.43834219360827403
0.7206140625024658
0.3131058305054547
0.8155049955495187
0.5954860493310911
0.486018351418362
0.8971558319164917
0.1884011945936459
0.3920436905446466
0.7575604411512935
0.613616085239175
0.6099532839638153
0.318106046764893
0.18827357037595902
0.1717743910302267
0.47546043987473263
0.5802526261200643
0.5229200699396118
0.7473721752014568
0.29342081379732077
0.5774578812321538
0.9382444409676535
0.3548967596406174
0.7466589390017848
0.6085653488756204
0.3886596355945147
0.8152909392464415
0.6771606256491343
0.6008512309428664
0.33883363176946674
0.9078615303900937
0.1106229852399979
0.3485657708994275
0.501025677317628
0.661865125858886
0.631825956303395
0.8913358194916877
0.2453554200349402
0.7019593789932952
0.6994388316778233
0.982404842182842
0.4157837229826521
0.3822228041632472
0.2675032447153004
0.42313771341946355
0.8433051901874289
0.5877326084909883
0.7588330074771029
0.5847100848915765
0.7686089005756929
0.685856094501955
0.3227275004968988
0.5368604868045057
0.44528331863731574
0.8842704740055283
0.24108423998099504
0.3097616698653162
0.8071744182929468
0.36358304675322406
0.6235645443396169
0.16399262384235264
0.3531928334199481
0.6370443324962949
0.4221841127360421
0.6957375213785626
0.34297909423641426
0.9103456147458181
0.2153473572581772
0.6801098808612067
0.7345103409459904
0.40454200259139406
0.1308207858063355
0.28997809626319243
0.3790858390788099
0.9179426711359554
0.3446560061582026
0.2364789776160737
0.5319378521557232
0.6237707053503244
0.7988547820849894
0.28874369131380395
0.3174246942434421
0.8731899203782851
0.12962477977570958
0.524725111283998
0.4860592668733933
0.3956939537101516
0.5712471219435561
0.393146528119874
0.19512960998545964
0.8399921514336854
0.8159254709502158
0.45195230969729827
0.4967281063358921
0.7562469346588414
0.14253027660417186
0.5765563734403707
0.6129282323079703
0.42463512610655185
0.044632182988214184
0.5081044719879138
0.7957217860505759
0.5082897854158299
0.5210102675892553
0.7315299480802668
0.3183973186192793
0.9314857279832044
0.06991369984667846
0.445770952585099
0.8029284258462691
0.41404195416790524
0.2994241714987244
0.8597492367777919
0.3801177560728283
0.38881034483027266
0.329458149058018
0.5578199037800694
0.04019491853361536
0.4460729554465062
0.41003926351257236
0.5939965786023818
0.30887921589024614
0.8283339854462938
0.36010819925660564
0.592331074132858
0.48509715748525783
0.4001271112205298
0.7632915865046851
0.2057688245814513
0.8158874553484912
0.7551867089397598
0.5194956570124154
0.7221247154799926
0.3450357536523899
0.1326025641700487
0.46500035896264746
0.756473567151104
0.4807716462083908
0.5346633849051963
0.7881139256619559
0.15749638559043272
0.42653385138746924
0.42487938044546886
0.7116160005447882
0.8566748848296445
0.38043680606214636
0.3790101723412537
0.3758796239154017
0.5598249560305624
0.545630038685303
0.7781403180533788
0.9191707812660623
0.37509839836357683
0.5561454479349314
0.5772325630309199
0.5054245636019157
0.5170734859956729
0.32877652179509265
0.8275270483169528
0.3551999621983243
0.5757422093941185
0.5038255605109433
0.7722348762152882
0.5719768377592198
0.7809350001254218
0.25926958670665984
0.04888422787309897
0.18997564705051917
0.4896105210243417
0.5777516860074096
0.04083434116145046
0.3574489065054087
0.24321791312527097
0.4327257883124542
0.9370376138169321
0.27729028346748075
0.5655685759569675
0.7159391693412885
0.45460611109093474
0.5676867005405211
0.22535698212638763
0.8442445851382301
0.649858484754576
0.5721708266101746
0.24717699041945201
0.2451529692115093
0.7489624400874961
0.22121274667822052
0.5181902244505329
0.5803470198288149
0.5836709242707354
0.5027910169255403
0.5931550050997626
0.539741423557945
0.40705673964364886
0.7819580226935332
0.655343214275311
0.7891738426243853
0.3995069528160248
0.32058117492157323
0.8401168679853044
0.08820669503409898
0.5126634797230372
0.8774495845966119
0.5578723530380113
0.7538481838950153
0.6084698447572218
0.40595458850717153
0.7632279469896546
0.29689204948626957
0.5093659529148928
0.3620148465701083
0.5772894616186951
0.4105430512548362
0.46634559890218097
0.5429873849242473
0.5415706113179687
0.5940070517594773
0.5017327210064706
0.6898080613767004
0.8931935579071208
0.2027288542527721
0.6215459449714082
0.5351917086233232
0.6057530072503504
0.48762041451835714
0.6358508796159843
0.8446923482014541
0.1417843817764698
0.48221227666086885
0.570963619147379
0.915228806979592
0.23292073126438487
0.804108172257865
0.32805363225026585
0.6571434749252396
0.19318060049958488
0.08113934204816328
0.15372725517444177
0.4237173860589992
0.702213892783235
0.259528312833924
0.9260674905193231
0.48834982309573244
0.3736070528577722
0.8430672763433454
0.4597024648379816
0.4848229152295947
0.7907829402307953
0.7194060039675116
0.7087787478287026
0.4612474157184713
0.6703537337519314
0.39903301112119727
0.25272510471552995
0.6710316160522232
0.6776879818826754
0.20507843904359763
0.6674711795688203
0.5687458440607657
0.663338612180721
0.6107830770982743
0.46481586530437646
0.7576631171359565
0.2753124352027649
0.1409892032670266
0.3320648657212346
0.6118358632113214
0.9603971057668654
0.2333221089427863
0.03643688411766613
0.16075465413551726
0.44426631362311936
0.9257242352565054
0.30428421695024255
0.2378896772065541
0.7721067394690166
0.24805488963934694
0.5130388488152224
0.9204385852604423
0.3463356790094907
0.6280862511429687
0.6273602781051358
0.32923595880909373
0.09226967135575972
0.6228783093430272
0.910638792266458
0.33352903602650086
0.8939750547755996
0.4229582249967604
0.6539149134445204
0.20602153538394344
0.3683260751274917
0.5522145129644581
0.4657227911336244
0.27818512374547183
0.6478546367916601
0.2283896440159544
0.33833199860579066
0.8748054245560211
0.6565703823770798
0.5668291223230352
0.3000547897605697
0.9280216715745675
0.09937145303577513
0.1544945497610992
0.6593736744203079
0.5557926605915383
0.3235032936224547
0.314778916741488
0.620743583866703
0.7816008410445574
0.9510362289502458
0.504122418519598
0.608367392858121
0.48656547399966354
0.703428319387213
0.44304411345780687
0.4780624380454764
0.6718379393503179
0.8015125546304283
0.5831999009169706
0.5567346804276574
0.6455394372989464
0.12013470734607531
0.41672555087866403
0.6864070041481048
0.5725050103174072
0.5033773496461318
0.454794416322825
0.8493809105381276
0.46618208950715373
0.8638764435585681
0.5388936768330794
0.4468580452153741
0.6530067204274843
0.1774529540998222
0.3816018659560818
0.762784792744388
0.1758263062296566
0.42033014317679096
0.494025826271003
0.599502713484156
0.8385432899632161
0.06966096735174836
0.44234756890467863
0.3300343025251009
0.9034054365021712
0.09452809459072832
0.37689475481006085
0.7298986700407158
0.41412717782265795
0.9501819836661072
0.17926818656724589
0.7730524543095855
0.35674726673640356
0.967708178467529
0.10848643087231544
0.439197358211044
0.5102026273351539
0.5330397859918454
0.8504354644478307
0.7875570541263142
0.8103630247116556
0.5123250552468119
0.9072210386577266
0.3720672222132899
0.09314158618341398
0.4386247915046342
0.6585661304149489
0.8818444240057839
0.23235256613669963
0.41283218505880115
0.6053418509640885
0.21196515525006882
0.7280420680443216
0.3956798226686846
0.7013647239471394
0.6579547746040675
0.8002674701503381
0.4570698985839995
0.2786918678324478
0.5838621057213695
0.48669621969085586
0.402324249977435
0.7050002287894532
0.3288930061978187
0.5997521840566303
0.8717501253740577
0.49201185723643026
0.5679329887729161
0.1526683482189106
0.3428994014822708
0.4627543332365963
0.9485490791934277
0.32324854241566603
0.27893587912261775
0.815115447812874
0.14082959540404358
0.2793316384506109
0.5244729638857685
0.7795492799395932
0.6529746304171786
0.3271804551867759
0.7403264532432084
0.18029190749253565
0.1841170474952911
0.599286953320244
0.6693155859876825
0.5504345508074093
0.32861168375647776
0.17172409392693222
0.6648417248631919
0.7662938377814121
0.9060296381756909
0.19542562766572247
0.5610847406876405
0.4099958153129132
0.6058123068860404
0.41542942224668766
0.5522175981886654
0.746719669248461
0.8163078149851282
0.4744949152036973
0.7475948917224963
0.27154250410858166
0.10767454973000065
0.13973980196281444
0.6474652924104678
0.7948751356304387
0.3804074237700558
0.07679274473911896
0.37540633604616214
0.8815605666321696
0.479777772527851
0.8928524272208562
0.28784012627947375
0.4312746422156887
0.46081700275759874
0.5916504729464792
0.9813593808973549
0.20046551481156508
0.19649413973833615
0.7492735100876413
0.8304267514257446
0.38820659252573114
0.516082555466447
0.8124488635714548
0.22140326275246044
0.3477621965382439
0.5806557196083136
0.5329636196117912
0.37515162119220846
0.6397717082361449
0.5900411359970945
0.552965304075737
0.5377754433010122
0.8458422026969479
0.28988268827342556
0.43877955117588885
0.2198466880557266
0.7235986793614895
0.8657208670346225
0.546333306402755
0.644350554535434
0.592329119831976
0.34878616213581715
0.8185179964285343
0.4435166186503541
0.6062461796984445
0.8587087632926144
0.5114584420207298
0.6835973845978194
0.521268468276536
0.629459223454577
0.44709411860881354
0.8448386088782545
0.6038292008144007
0.5084636935280293
0.7177239839117171
0.43390260422426286
0.4270829577470102
0.789831822563152
0.7634632138457382
0.7623748598453224
0.4873374600917057
0.5820573013040176
0.5570209238310454
0.3558853783343741
0.4583363488068861
0.3757579563693251
0.5972640297409099
0.9551116224309235
0.2866997236901301
0.29815431876278475
0.2978407193400737
0.5606046059730215
0.4037928091850686
0.3534377602723853
0.49714017627787455
0.8553231188516655
0.6001868472940414
0.6434709537757908
0.06552840090227467
0.19524141707818557
0.4376552746586909
0.4333848231294861
0.5837941422329663
0.587260155929222
0.5731882533558835
0.42839730567683615
0.6249809994783169
0.20927295739789978
0.07336883743926413
0.39068312016820694
0.5506256726033709
0.5631909052664446
0.7702675138084297
0.4716648654003369
0.8485669672240264
0.21362771572991063
0.4948975740573156
0.7863855293612523
0.3241459103993636
0.5515343266738574
0.18813265151585828
0.5230728295596443
0.8195304730509871
0.39844630418363636
0.8627903692106564
0.30495822335753714
0.14473927140470078
0.4179458379055925
0.45706072218885757
0.5387724098776097
0.531214211338363
0.9047909165791359
0.3162826784078966
0.9590129702634846
0.20400189814889697
0.10439309569395352
0.2702067305856366
0.4164773690746861
0.8023786733001845
0.13319403523621554
0.572185867544136
0.6264192685886861
0.14890209757044226
0.598820592115447
0.8527559140000353
0.0809168358295905
0.40075787622961223
0.9894963739288878
0.23026877403705656
0.22039173143620022
0.5589450340948376
0.6756775498876815
0.6938551992141948
0.6677361259391696
0.28558548676099044
0.9412133822532769
0.3386652010696629
0.3406741770035599
0.16709442370985994
0.6413630425460726
0.6689654274755066
0.21788005574943936
0.8263629696556141
0.5351818185958988
0.71665608971707
0.028701330799926383
0.177274987359958
0.7379952393595259
0.7948695059539508
0.30391139073584017
0.8573335368434449
0.42668587549372233
0.8819065096270038
0.5772758084928853
0.9246174554623801
0.18451500875275492
0.21940430131026958
0.21526840914401957
0.7185543485978048
0.6441487156132936
0.42473925953291014
0.8871031637516593
0.23433212017967195
0.3600820262870082
0.374944590699689
0.5591334143451407
0.7287300545070287
0.8184808770460026
0.4651786187346612
0.6671769998462779
0.8231406134734344
0.48420384845338704
0.6159273153771715
0.6655357197972177
0.4716785480888198
0.7973312788197413
0.4615446625831653
0.7823522152732696
0.03717104825315967
0.07974548351552074
0.3780214529119022
0.4601879233219309
0.8487321141919894
0.22795984614893822
0.4544568011471726
0.9157815766020798
0.1536596300209694
0.5184844340069025
0.8271920578326977
0.24789342152850094
0.38084850826053523
0.576383141538484
0.8640356043433768
0.46680021076010586
0.43059632532626957
0.6337883606197889
0.37148863949129085
0.6274360702656551
0.009814124063013518
0.1657374620935985
0.3014716448292306
0.40823136526731807
0.5807665211880122
0.40645211839096507
0.6225189152243975
0.2844681998174874
0.6565608468512716
0.6268362874557619
0.35590237860326934
0.7652201964092944
0.3491478410513318
0.43977628728865176
0.5865284568074451
0.639195701509009
0.3288732869814121
0.23675203745643497
0.5076280029979177
0.7655822804100105
0.4635010818889273
0.6241899787169307
0.35737922698720653
0.7727006245406965
0.15950680042868487
0.47322103484648564
0.580912600623865
0.49209763023547604
0.7735904532760659
0.5690757086617984
0.8794711992201952
0.6211914264374057
0.8716798860419338
0.4272587744087346
0.3726178869993695
0.27624859068418245
0.6421623767315665
0.22748796050699063
0.6263855742902555
0.7067271808870849
0.222076985574312
0.2557371503201681
0.15337862339679006
0.8612515713944762
0.6625209788108466
0.8830063873894822
0.33026463480550533
0.8958536061729314
0.44213681960290474
0.14631318256104905
0.5379804807631985
0.9158813225062818
0.13891658938407417
0.37860228290445347
0.39470306952949863
0.5851196627151951
0.8009836836484938
0.5411166163199728
0.7365030439867295
0.5789841541966505
0.7141834994165234
0.21708543121825175
0.4543695579969556
0.6493706321292886
0.7883505130864854
0.8201628691463263
0.4116965038283598
0.5473241057470917
0.2427316414251686
0.5560096229198065
0.618180256022099
0.8073605683607763
0.4257805306526539
0.20276403848302207
0.1918826687556169
0.7783958615613045
0.6398793389557368
0.5479821554079678
0.06412662139616318
0.25733926533341533
0.3572246987925921
0.8856519587022481
0.22949181380096145
0.5625801029031028
0.904299815715616
0.2801391891348257
0.6980354097505745
0.03715876851294137
0.2136086570706134
0.44287898544622517
0.5899262377166548
0.916689682783467
0.08384884604321624
0.34144487453601136
0.43347217454513
0.4270263977213817
0.4513803108703054
0.45836323839059906
0.9008214173341544
0.3263841123626727
0.6787921668695931
0.9966542814234047
0.34807138525350356
0.0634111508468736
0.16538555688589565
0.7792277270981104
0.6032570797192979
0.8161747643414006
0.365496903837404
0.4506058803822393
0.7693059510542084
0.5664660932080781
0.5445303521214501
0.6994082057403561
0.6945669915726754
0.854236340479722
0.058837844385445696
0.44177793579348823
0.3689017498678582
0.5488309123395972
0.16536517074503748
0.5743586556957816
0.7076898501683402
0.49619839254824627
0.6139512681541642
0.5211176821380037
0.5386199886266599
0.7880319018310789
0.3068003179022165
0.7966317300100865
0.43807989503086364
0.19826993288258232
0.23166253792319352
0.5649437377246217
0.5377679245894018
0.6431886981813184
0.11022302789035432
0.21735618142519075
0.50095021976997
0.5554454741028396
0.653326893613244
0.8833842672047285
0.19815030495295635
0.08021547463126973
0.32320937415747325
0.8096482496353967
0.29753795751728906
0.4790415693526651
0.8208943650049988
0.5558793823611033
0.5220900367015462
0.4890334457049239
0.697422698990588
0.34492741813268285
0.3172244115176846
0.2154399027611325
0.40895181462189545
0.831695655129256
0.01723530631110183
0.07390987273967582
0.5022577810035099
0.6937305014952578
0.23750804615014942
0.8270252352427379
0.7222065449579141
0.8193379110422943
0.06754076282024296
0.47153859513234253
0.5598436855271546
0.8704018880955414
0.5548513979955656
0.7953810843769096
0.0801638291604492
0.0809745886698493
0.1653907372800262
0.5434897490453463
0.8967303172691978
0.6657453150958544
0.9210289285658939
0.4205103601944067
0.2672040931185309
0.9088782083439967
0.323131104721466
0.41752355963426624
0.8331193324386834
0.3963700633684993
0.07372562850521361
0.12361752381522324
0.5554468753978928
0.8995177577962388
0.22281134258223034
0.7019467067203529
0.5472124325687188
0.780111894996145
0.47055784796066846
0.7172962627415304
0.26704718960913265
0.432777879444084
0.3815806504279733
0.7485458213240839
0.269185732427597
0.6811669377742466
0.8376119862444925
0.09503404617354055
0.31633465173917286
0.6853308647450175
0.8630775810225159
0.39038013791707094
0.8277888775661348
0.623954959848777
0.6359351975383349
0.1739653743325259
0.3834671816529915
0.39250905753950305
0.608908443196702
0.20815288293315942
0.36346125626503717
0.6639722215746687
0.7627308740406794
0.4369196023301874
0.7083055064695941
0.07879664943522662
0.28254809978169143
0.5690924130566507
0.42518507103764136
0.4084335239211944
0.8635692277875953
0.46641994991768765
0.658921318380392
0.36080684063511553
0.5820936350590158
0.5762439776547713
0.6532627858919451
0.6653797846546001
0.3978071940925081
0.8178328920459675
0.42422283983024744
0.9797311856061826
0.05719519520253568
0.11010958223205075
0.5445017563593584
0.4321136312082966
0.632832531588198
0.572014282149267
0.8318414410730333
0.4542482709224931
0.7105294095763457
0.3148818304684374
0.7209280135371201
0.6798455553528099
0.43264034684386726
0.4985439140092274
0.833956092763173
0.6281400897551306
0.5963758686516358
0.5762203390253171
0.28400491329684735
0.7398304574627629
0.45996380124259645
0.7151209266457458
0.6005704071669602
0.5596790154418259
0.48588803147435033
0.9166657785134826
0.3981725413798272
0.6321305782418061
0.8635813203530112
0.1349367246679979
0.43701825239745085
0.4698990943001975
0.5937374605941195
0.5638243250405053
0.6996276852012604
0.4037926971746326
0.503478923474658
0.4552947313903114
0.5555881610935017
0.13554001320566364
0.5273717613451927
0.5765607151166185
0.8812651316565545
0.16011926187411543
0.35470410847475264
0.9207262034367737
0.31499319861146147
0.700985691216724
0.24937161904506
0.49875716649025215
0.5734370461354995
0.1786762188257295
0.32561284929323275
0.6299829379330733
0.44040086058102423
0.8395959094563188
0.22318804918152435
0.3571904724500027
0.8710441880349556
0.37454524705220515
0.7301920420829323
0.5031481658579156
0.5390749678362343
0.7076419566906378
0.7404362126861727
0.29001929512420477
0.7988833655773695
0.12087634302166936
0.2133124626077114
0.24271535131170052
0.7860791556564848
0.20260402568506247
0.6725730371516372
0.775087596607916
0.2761814617452007
0.7108172717114711
0.1774597344237132
0.8142952676529622
0.4517011673097197
0.7046195698121094
0.4887941740309278
0.7837845343030518
0.839054509204482
0.5416740797558821
0.5421800204658656
0.757579347607283
0.642193126495846
0.6378436891235415
0.9116695420464176
0.035338571610300906
0.06264503353338008
0.5984426858719704
0.8375282247541131
0.23714601741909114
0.9024440868324333
0.2852363822951121
0.6907639817532578
0.2443099815577302
0.7798682941515187
0.40846988995822575
0.6466441435181269
0.5825808142443819
0.9026010960728033
0.11922816163434069
0.2917174747717367
0.5539601789263422
0.28111865199234326
0.40127986051826725
0.4402114677625414
0.4274191191742073
0.6230416681423211
0.3752614557359052
0.04692529439285221
0.18599143744866733
0.6705351886134392
0.8213921458705078
0.38152530173739824
0.7747396251293928
0.36030206664661263
0.6604766064917549
0.49359014965787795
0.3279939592519242
0.8859204938305135
0.5351812941521454
0.7722089344351989
0.6562074377372691
0.35340587646987875
0.597637540174427
0.7125039564891691
0.5878501149328669
0.08908133211844359
0.16089441976686447
0.4168360560732263
0.7670246017004125
0.7664520795778644
0.6213094904938993
0.896475160756564
0.09323475516849097
0.3400683463071222
0.7789350580893492
0.4625425601308154
0.6858579293400089
0.22412145351429566
0.48246481959305143
0.5392567345438312
0.3679385738511013
0.5813321968837597
0.2902304674891719
0.6897786771850798
0.4971069580880225
0.6538162758775609
0.6137654556963323
0.464406375912312
0.6452788762238112
0.6490015835256997
0.7713781045725675
0.3087864748759486
0.4741954323393549
0.7798369888269686
0.5109879946573123
0.629999926971547
0.6788843039229164
0.7361646264983466
0.5787002269447155
0.4614374510969026
0.577476141588767
0.6980242017677474
0.6814941509344592
0.16932984414172078
0.39116453905549226
0.17514570760024775
0.6603710939654699
0.8705659385473183
0.3967085046944574
0.9169429607681061
0.05314087697117294
0.3096916944674906
0.5862735103275805
0.38509745463731904
0.6703376967104254
0.4953938939592343
0.7784364242214369
0.6627160028669216
0.3614338254687818
0.5974552627484457
0.4908409206391149
0.721456683222302
0.5793023667596732
0.3876734035275007
0.5459930614061107
0.47057326288744605
0.5684574588601639
0.7951978241646377
0.3204379696089581
0.7220171059440578
0.2582123187507542
0.5408538908840752
0.37249665224453427
0.5499801172868786
0.28421425700703923
0.6555579390366499
0.8168508537565515
0.5827915398741598
0.656433161138472
0.40386531805953546
0.8947111247598696
0.034715854384253786
0.3726786891237548
0.3975589265913613
0.6267120892043961
0.6510112068769964
0.7917514224476274
0.8688883621462642
0.40650390708494505
0.7298346817806586
0.37507537550203573
0.2374912715006243
0.4370161574408808
0.718297427324524
0.8045693140479124
0.9290087405401926
0.36894625761791355
0.8887744006749225
0.3279740243086185
0.4697858368741107
0.949429254015029
0.15851747804838984
0.48922839859892264
0.5184554861751214
0.14902328877049195
0.8140465464158098
0.5258638793945015
0.5433770213923808
0.654712229591627
0.4456076790704038
0.5540775729603435
0.5848000412015171
0.9274617618601071
0.42215714463404974
0.40113502210024987
0.6426571151091685
0.8943767465407347
0.254733971494144
0.404645562677587
0.545592519168368
0.3399787857654166
0.21619683661580275
0.6972918391800542
0.4522716277967588
0.43342166472691485
0.6433157416295424
0.20432627597122732
0.6441337055427199
0.7540508179501206
0.5864467292200364
0.9243564338080159
0.041624736849356955
0.36423066327976716
0.45182741028694906
0.6683937385820139
0.4800631030236485
0.7147538436217038
0.7053407067099073
0.13938492618862253
0.45313756095689256
0.8362709061289618
0.2877152152952175
0.35446743796205993
0.6240046028538383
0.41798174297558666
0.5240008457020564
0.5870957178507229
0.7395271199788074
0.3186674534239546
0.20156920262488942
0.5066051553460983
0.40018004529273316
0.7224810927127229
0.304730592852722
0.6610854970256498
0.34377767830304007
0.6910160521937563
0.2427960287837741
0.7018833520861124
0.5809903288390168
0.351959236214326
0.4379798589271318
0.4144075297760962
0.5604224282694108
0.25743133043239824
0.09532866604503316
0.6054298336784913
0.8272443293704466
0.10420649991360753
0.4374888981902877
0.8155798445332327
0.2986255821375085
0.5997354675226716
0.2668846311385798
0.49088844274154697
0.6516113736344277
0.45801906272951937
0.9536442888461264
0.37179078287868644
0.7163846476038683
0.7727347489508656
0.2820850411880799
0.2885576475202625
0.5090748138757064
0.5721786445192162
0.6499985561250553
0.5758883539665903
0.483518198270943
0.344921414545925
0.85521212474688
0.2718584547163906
0.17529050142419006
0.7584862444724854
0.29768529880972505
0.7567424550873322
0.2708669387710315
0.28967211269911974
0.47701518516212804
0.7255480997760727
0.5465755581695833
0.20931647601966524
0.4498616203073404
0.45713287141631453
0.612000442954982
0.29392916558469245
0.2885716499239415
0.26630934745903084
0.7400245473914268
0.5534159762779195
0.24284114935673806
0.5571055074749043
0.7969066102807929
0.1641617041025325
0.461225180939833
0.8575720631209403
0.0728034008647524
0.3301764827370493
0.33294936567833117
0.6269790533009557
0.5073999581952613
0.6310126147560811
0.6855280403234718
0.0827181851329618
0.1078636740481374
0.5990285324363628
0.6708950027639262
0.6991307937155855
0.6157702654757875
0.4051467449318872
0.593669790597408
0.8347725172865998
0.7828096086448886
0.6424566427835325
0.7642962475429279
0.41872440818399764
0.6934587023756269
0.5133468402324493
0.8055838299806398
0.6623735347066305
0.7630829999500676
0.22276259784818156
0.4819875236362111
0.7459341855688615
0.07026988825993227
0.4514691970911562
0.4583925055329088
0.698454507000689
0.8052261683125754
0.7722462275063103
0.2644849503743558
0.8423072475102169
0.4117647010899498
0.7441831640265874
0.6829287657734462
0.6938428982332311
0.6606988821219416
0.9668304267817455
0.17915079226172287
0.5342225510826306
0.9433356482266186
0.06700689430516096
0.10781893722737693
0.39627791793406564
0.7027004905593386
0.450834556618176
0.5227102376108339
0.7819099326556571
0.4139552778061801
0.16322616293264092
0.5158969125664463
0.7524297076421085
0.1318166683860908
0.4637009697180948
0.29148460883672955
0.5779088707626108
0.1013681844651019
0.15196961571534426
0.3772927221533742
0.6975305038663598
0.344265969018097
0.13823573218184845
0.6259224450998233
0.8993440810921831
0.22577244265428956
0.7420357765195861
0.48503694213140947
0.3571622222053443
0.5785825839918657
0.42628800048834736
0.672374206529264
0.9035184855344911
0.25704039144443136
0.6518634663158659
0.35033106316671425
0.8224583235472969
0.04706271063858505
0.42264192958626745
0.29197386965159033
0.878829121123543
0.7483904837447507
0.7743096044220611
0.27060151188974735
0.420139241242551
0.5037057485226709
0.9842114233897106
0.2478101499394714
0.5957710997592285
0.572679142421608
0.33785743426048254
0.5698100168481276
0.5231718589587674
0.7212656072697026
0.6883630372515712
0.41878808698510184
0.6623841567685341
0.5063288364976846
0.8495117226908834
0.22093414983554271
0.4000953592627496
0.28141635047496855
0.8090353659036214
0.7117000473049456
0.6925590537835483
0.5371695929979707
0.5816732314057927
0.6708876016920267
0.26321450151011494
0.6907953071931103
0.7539375717347062
0.40820490496111794
0.249535832096659
0.4659344751228198
0.8264478600679923
0.21156085149873546
0.11193009578429389
0.4398021588096984
0.7366782091547195
0.5779624039436375
0.3129022413803381
0.12274955146803797
0.5720095141815097
0.821456516410038
0.38954365730518525
0.4421195277843825
0.8043545192437451
0.722557220985434
0.7373072359152244
0.6821795687107028
0.9670888390922072
0.1294453022236312
0.5298803391363365
0.6257041370316226
0.21641735264103223
0.5561545274013988
0.5667753703418087
0.41399239646245894
0.9560286650157078
0.3373928057019234
0.23039464585654157
0.5531955156352346
0.570411213593102
0.6287561993205697
0.863688758110382
0.07808019028375525
0.5857000766139386
0.6246362493002313
0.4381762980709446
0.4777542704273969
0.6428748375588932
0.6448677659634457
0.5938655822335965
0.35568846164276857
0.4338061300430689
0.5215358122098847
0.39128997298853047
0.6773357391671118
0.1190748189728954
0.13916478826900108
0.5954004738454173
0.9738218887762717
0.2142108462241695
0.36285237033145346
0.49769855439958544
0.8356743769181441
0.3719585449805998
0.37430553857003396
0.7494322510219515
0.8306165166741688
0.48254477125287204
0.5355764681549672
0.9214776419603743
0.1566564008731745
0.8201910940399784
0.8673473513229388
0.4817874254523482
0.6351722523918993
0.14670140638735138
0.18942094473771887
0.5567612616201173
0.8210225848988416
0.44727037415025395
0.5382198203494301
0.6026370776102713
0.5539040364395653
0.9002448868997222
0.4327449040425669
0.2078567848204854
0.3601330161574364
0.3841171554455842
0.7194891915461927
0.17084953265349098
0.27614068695975946
0.8072174058563846
0.5543320567841596
0.8012843676992512
0.11986354693284522
0.1332753199207467
0.44697976865993044
0.5461090495593227
0.4740233294778391
0.2489485929140081
0.6100250716553879
0.5043138128710262
0.47335482093406445
0.5826357078468969
0.35186134305317607
0.7414675667809657
0.6170195924476783
0.654982371342884
0.9713201294933238
0.13827676544551362
0.6334373892035532
0.7536401911976521
0.0532621341329959
0.13669835784995749
0.3142945034289512
0.5574245759087892
0.5317490797576473
0.5794794841453114
0.13184459443569865
0.35215639167574153
0.636511481285524
0.2713885024967307
0.3572959786137878
0.11568483943086419
0.6824420056607531
0.9651212523870809
0.18660598357896274
0.5737123497872402
0.4832366103748761
0.6219023965354828
0.6541536385861392
0.2929579325027697
0.7567514919713967
0.38165566379196775
0.44160519083198446
0.3809144589509654
0.5592969262577903
0.28336304403239987
0.47738028402749444
0.4581248381426313
0.9908449562503194
0.10647007922611963
0.2526784498348607
0.36643908275536996
0.7687479123894978
0.32197888803378283
0.5326415261654683
0.5277090286363534
0.5679360631378336
0.13843847829227734
0.1715516045691843
0.17694121788449785
0.46161003782770726
0.824133107117555
0.127260267002693
0.20610823521718086
0.41495124729726907
0.7424914797111011
0.7763356607466103
0.519406544892942
0.47275376285322956
0.4701470997428271
0.40549472578967216
0.6969432067355802
0.6735899850083589
0.8783173695506494
0.10752392452256597
0.10353921271486828
0.5514978230171087
0.5784395822790577
0.8737014577734019
0.32745273778563644
0.5129898788185718
0.4455694886427752
0.7269245016817191
0.7337761884206913
0.6270596034932736
0.6599934021669254
0.3178823262215068
0.7191304921393669
0.27004875525126293
0.4756635953332403
0.7431901746445164
0.8662432575264162
0.21306603832674917
0.640139542970662
0.9553481866328858
0.18153007292894088
0.5339393971729007
0.5215833462010102
0.4847090271529139
0.43466008379965054
0.7189546158673012
0.19668488503336243
0.6049179843781702
0.4186133426216432
0.7242176361921902
0.34833583038872173
0.06171729346683505
0.44668763584579557
0.6119672367802086
0.8132931677753739
0.045218325521401585
0.40647529953306405
0.296504727051353
0.6997236542530441
0.9258063509083703
0.5037622903538097
0.276669718165457
0.6623894891193308
0.16576425755744784
0.48688033303004236
0.6909185811436293
0.3949808447778511
0.4924796305417007
0.6532933820040703
0.3984422330529266
0.7896247408794446
0.5826278460215789
0.6708018997214107
0.027412963850273357
0.3194907038595376
0.35159675917064137
0.4520308819094936
0.7311989282524938
0.2755009335193471
0.2062990887263027
0.27021688334159155
0.38901133505257535
0.7245844502158719
0.17846076265990707
0.38387023193843267
0.7110064423304865
0.43196865652069083
0.452495084943059
0.4062254761724968
0.885369469052278
0.6628968049881379
0.6823096059015312
0.49958011686729464
0.6424906930391485
0.545423310522117
0.30411642460585614
0.217765159408611
0.3147118001266729
0.696053337823113
0.27256893719146763
0.37196144465667724
0.5430945473781645
0.9357504612040399
0.36206032190964527
0.11713744895962239
0.20661151171379483
0.37754621279623835
0.6942979137458353
0.15304550741212714
0.6072966257048795
0.5057081329788284
0.41454214489139257
0.468827789192638
