0.6001954178790805
0.5315373452844325
0.5428067102926492
0.1810104730967817
0.6300434690208904
0.8965515797545351
0.30568223151080715
0.7742063347822916
0.1649648561745952
0.4218618648810591
0.27919408790365235
0.869676958668038
0.5580801460540075
0.4451681045463495
0.2514718309380674
0.8092619305044346
0.6866199327395801
0.517764254263064
0.45485447628904585
0.39120530046358676
0.09621651218961044
0.4794897211997853
0.4930175824376785
0.2245926439836517
0.561374703656469
0.7663521471998673
0.6698611815097621
0.9530575887641998
0.14811046514516915
0.6426572660035372
0.8669368062368514
0.3552890361941459
0.7471315301041759
0.7507204750020197
0.7394826312568915
0.8271064193210055
0.23799468550006217
0.48123160827952377
0.4712675277705277
0.3949991638543002
0.7171418618911938
0.46557102828796243
0.24600757051208477
0.7299307255256124
0.6988571128536931
0.4138549470021724
0.6599003798677239
0.897631468080653
0.5157953803698007
0.2644440326751692
0.6352301843598653
0.4330988353842534
0.8166550593517095
0.5482332753928176
0.35608761683304796
0.4328542612531873
0.5296617627590261
0.7177662559048674
0.32869618088603275
0.5512387640782938
0.7909923844089893
0.7573883056681612
0.6328745967910403
0.511759084573185
0.5528236795530022
0.32996302891467233
0.9254055863894496
0.2956942696702888
0.7432528107066252
0.7624569193447951
0.28733741183495787
0.5044263481326774
0.20414814076953222
0.26647380492762773
0.4273324270911504
0.9056744577837075
0.5693547665214637
0.4745662203381035
0.30351553316375185
0.46181066865452514
0.9017494998760979
0.24658752700467826
0.5777981947008153
0.43749315470131456
0.5620727653926789
0.6959929868283954
0.921178505762882
0.2592635316959154
0.6106043546110427
0.4886023136390325
0.49340352107552193
0.423501079651948
0.3172843137315432
0.4275091563473408
0.5601501019949408
0.5509230522453351
0.3639322792725751
0.41522484035749085
0.4849439664806618
0.7549184458208771
0.8022720902531859
0.3801295839695085
0.6241108131057875
0.38248983670413966
0.6460221695615324
0.267329895222629
0.3333356265866965
0.5345702992488542
0.40152896997479626
0.3050512063604248
0.3987902686140346
0.7282003748982997
0.7924234144017035
0.5039617906163474
0.7158482205896993
0.40312360245906637
0.6554655337203962
0.8693816376702108
0.3981859303736577
0.8085234033661867
0.5460919962061108
0.46215876047404775
0.7335387954919157
0.32918899691000136
0.6867391484041121
0.5300095719874518
0.14330265505429754
0.45507550956737064
0.9432596273905012
0.42576687405466906
0.5158491071914572
0.5042774479349746
0.7728209826218067
0.7668546667756757
0.701433274206978
0.35781128538015494
0.5262254376103986
0.20976624421385906
0.3904656388944892
0.37651270737879317
0.7977114538767144
0.10775841061421233
0.5170185899760114
0.4453915531002409
0.5663299536175709
0.8756445952302427
0.517658397652506
0.5742304965475301
0.36370300969664904
0.6614333274285663
0.3670673830085514
0.5806569004271884
0.6304053193862138
0.23529025321240937
0.5710282174875854
0.9207115035822493
0.22147467745979615
0.845497792768566
0.7922921305740325
0.8018354086557404
0.48771633674386344
0.6892239078034936
0.5849407297527216
0.6858814637858006
0.5856684732153957
0.4643685956567679
0.30024045332908644
0.45863882412886003
0.5433532719865588
0.10237472364555178
0.4861591603259843
0.7965843150057359
0.5350661150343576
0.6895447963307644
0.8282513723824063
0.34560653984458184
0.6071214646688251
0.7721015362909556
0.7077763216926418
0.24126034270322178
0.5804418589900349
0.3937233644419512
0.49412222805372574
0.6932671383312122
0.48243129326203243
0.4235053339392556
0.17939164513926034
0.7687130972076389
0.40314293993360717
0.5565666683156703
0.8367496985010084
0.4506645036414674
0.5197324474833173
0.22099452522138224
0.6944769298676867
0.7557329694813362
0.6329817077638302
0.8222004894296938
0.2043294008800228
0.9647118478738337
0.2591510534439885
0.496864037625332
0.638047433769812
0.29598595157998275
0.3497989279183655
0.39899661214162335
0.7427850838795496
0.8119294682797352
0.39214239570802356
0.24436180542982563
0.572988757074214
0.7929141830528552
0.10157175466841611
0.3878371734724603
0.9083635263362291
0.6496772176588271
0.8587642707655594
0.297831100464853
0.8825709912198231
0.574937951332869
0.7539703826233932
0.6963703405283094
0.5655714650845121
0.6052882754326283
0.24284289943434298
0.7315977964775506
0.6602555053575925
0.06392922503477248
0.26543725537909896
0.8029425765744511
0.31571567394361894
0.2228744632307013
0.689917854882046
0.5910587713331423
0.6602031613679858
0.4412324966086653
0.3611888507473989
0.8899770080712394
0.6654179618117042
0.6487125670836088
0.35465784214547347
0.5641775437220417
0.7342071951607112
0.5321063879765653
0.4897627179254779
0.4136088851226112
0.7060073102427412
0.7319138752323053
0.5687488227233997
0.8429384444741677
0.5427450413542936
0.7002215240651513
0.40570863877381746
0.13094357259216355
0.5696983295347662
0.8151023673738582
0.16370920366476974
0.7125249488453373
0.6977012748622549
0.9118663478645219
0.03127564351913071
0.1556947766286231
0.14756812075979925
0.8667134608336333
0.7228741722052539
0.7963472897538797
0.49891876448251626
0.35150527213372385
0.6872685809107473
0.8326476498996596
0.28113902483157754
0.33539641015600996
0.7343997112564755
0.5353590819219927
0.20337892466168786
0.4152615251029891
0.9590266447327114
0.23504714736265594
0.3488906914771232
0.6566148816669187
0.6638598168205985
0.4601995316502937
0.2747987339082603
0.9383187449354446
0.38372555689134574
0.7623589391513061
0.7766469023279142
0.34794890284667124
0.6211374411204267
0.5484625150844094
0.5480473842321351
0.33714187912045757
0.7634528715584449
0.6523271107386559
0.41830619980116207
0.479812005511345
0.42375264066947704
0.518486250325046
0.4314091442725682
0.4577047028854266
0.511593991492449
0.48423995781785506
0.47914662652569384
0.605956045056464
0.41556754474348145
0.5490255344583692
0.6896601546334182
0.6900633185971506
0.6704314785554114
0.2570490295630202
0.6559873677730271
0.423287215433208
0.45152722518530364
0.8116545290078627
0.33834514978841634
0.5969057008928649
0.4035017568131839
0.5095979114698168
0.6308270422345419
0.5374180974140585
0.4714437933033208
0.21711307352834341
0.49159433983429635
0.5504764392686405
0.8036300023173897
0.32271860326809887
0.4377236851318639
0.4432357037575599
0.7230560483146626
0.5890246042209017
0.1274252151784255
0.4335881346793744
0.5119328324745013
0.8786475134580771
0.30315063355866917
0.39105008036621425
0.8687683071843969
0.5242763360161431
0.5364732001388848
0.5051085584137944
0.18139449264515609
0.10393603677306437
0.5049233187130633
0.5562301885816774
0.6902401724208219
0.6523210898275349
0.5553225511953521
0.8837851134544015
0.364375688369218
0.6695252639838815
0.5787274003726728
0.8494439856163165
0.14949118943729003
0.8276820987141298
0.5429699984950257
0.18912203115345086
0.8345673417996424
0.5993775961913185
0.574189771534856
0.26869647042263417
0.36257608057079704
0.701824336506709
0.5822615602601195
0.9350017216903561
0.6915736378590648
0.6072529994404174
0.16318225230751648
0.5349945011143518
0.6977054862310781
0.5699112639544187
0.5906066897056489
0.41653119014834156
0.7128454670178683
0.6048519209636588
0.45140366130308573
0.7050555753804019
0.7674138079964288
0.574381415416806
0.47116129185808964
0.6641004148490122
0.5250576224838736
0.6857413775389889
0.6724617471313123
0.3981049499040813
0.6578139616197725
0.6117381161867461
0.5343857228137435
0.4117404748005471
0.45864308478242066
0.5084968586004585
0.21985431028078953
0.6331129231643222
0.5198956746525953
0.558593844349296
0.40117790021711053
0.6610347643971568
0.8435795279087072
0.8187238488154787
0.22117700794244755
0.8642547276589774
0.15722957304558327
0.5900884153657343
0.7744262044484497
0.9054164831580567
0.556685895269787
0.7935742540697552
0.3105891351284807
0.761798245164238
0.4837952463257249
0.9620123277403672
0.1603273355204066
0.07412110339298267
0.17953846941675936
0.6060749803292589
0.609164556462439
0.39409757727901207
0.7076433383028964
0.4213808577205127
0.11575040161268692
0.8510710038854739
0.637190362418544
0.42582006549075
0.5456711152278081
0.32336815935173924
0.19808883378647196
0.5930543773955698
0.6432250372486543
0.5319305113352129
0.6822290091520735
0.4881602401416917
0.6039552974925761
0.7636532982266384
0.5490073088316322
0.26468698283534664
0.6213838987222108
0.14871807545359167
0.3346753811576088
0.8416267399334548
0.36507267585199826
0.712530422573294
0.8220696278226511
0.09238313579026322
0.5026362272014354
0.6647978760357001
0.7792572461614429
0.6618895439048458
0.4969752609798421
0.4145404346023204
0.9593731811112846
0.5062249837518177
0.4912865672586474
0.6657305146849961
0.7320270246519242
0.7334734233742144
0.1756118937850239
0.5853241215587652
0.4788539908246514
0.5482810766385183
0.5946868213009343
0.615823894637447
0.22281203388929488
0.5906340050748374
0.7864337807999091
0.21609868422455378
0.5370951763008385
0.6282594031238695
0.7876719299037167
0.6081561640259009
0.710382598953548
0.9269985777438489
0.4710483674139598
0.12867944087319305
0.35841810515518097
0.8610955853090471
0.775777583654192
0.3274204642749864
0.7417081351192409
0.6987035579195263
0.915487503616473
0.5070491123966618
0.14843085933315417
0.7277971663360757
0.5562111293032473
0.4795804644380935
0.5132375853749737
0.07315102308425825
0.3101438171607487
0.5302254320428941
0.5504684127494663
0.20762445554037104
0.07136962923120202
0.1653727528637558
0.7087929434467497
0.4732358150597392
0.5446027221763259
0.5458678927463743
0.6178434222461116
0.5113413027664747
0.8613999356223416
0.83400220404379
0.5600906590236521
0.7988509103401158
0.2423661528582784
0.44413203501661114
0.24933824104747543
0.7298729118541691
0.7000843623747359
0.13603265488058894
0.22637853890401827
0.34661913059492777
0.7820052279923402
0.4532232818705092
0.9593705132318402
0.1713363037602591
0.09521232229894838
0.5015992307523589
0.8171887694113015
0.3464355555167895
0.7079236719849816
0.6917712774709106
0.15497070650726008
0.518836708280136
0.5954574742488234
0.5978927876053888
0.921554488952782
0.5346578253865633
0.2853542471672448
0.2096327099953762
0.8079403987332201
0.5014329238137898
0.10261674058109507
0.705326104386053
0.5305286392829784
0.5791022146610151
0.4075239530448616
0.5266695875821088
0.6989044869344803
0.35005944618980217
0.5394196779181224
0.49697619880393307
0.5594454480254965
0.10254965772540574
0.09883401740667266
0.22492228044127377
0.41218181823764405
0.6219657220386781
0.9259959184366856
0.23509737469680467
0.5212917720036211
0.45753908448902747
0.8149220249264821
0.359631406501007
0.7122865633408195
0.32856722450266884
0.47064362816649485
0.8070030777136841
0.18546275931152764
0.34710613676143054
0.7527905804558226
0.7046386515771239
0.6715216240009385
0.8204033372085959
0.2942829784114037
0.5363180635261444
0.4556441097093321
0.7191169884337175
0.18750200757842458
0.4632280457104767
0.677994325184222
0.15814461379237182
0.7846061311611379
0.8619011714811676
0.3978295233262531
0.37761214938102955
0.36624504105272754
0.6176774202924481
0.15491978212696284
0.6147986562467896
0.5701557601451854
0.2285547522155565
0.2082206295380224
0.6093745959970858
0.625668866380685
0.20631021882161768
0.810982512117881
0.5125600243004718
0.7332249968526665
0.5428846572341215
0.7445483794381402
0.6785107784489577
0.9088433574882903
0.49629482687900894
0.7191911666191035
0.27262325558764844
0.5848602252851914
0.5705555038453882
0.17409453151762813
0.7326251793974671
0.4023560763747558
0.7056429698548465
0.093433427128996
0.24095571834382123
0.12902027516799752
0.42011513720756544
0.9326685625373856
0.1957951058547207
0.05851702142804314
0.4538754838706469
0.564274819302852
0.8409223840503519
0.3463039779858681
0.758126156308498
0.10745285530547026
0.2123044173477619
0.8570787471487709
0.46038460242786683
0.508370735781539
0.41251996178685146
0.8617773533404024
0.6268263963299261
0.8093537012053849
0.508963818761786
0.4248194850807497
0.7714124813951154
0.7954468787668996
0.6952167628563646
0.358187524418706
0.9378256354336303
0.14416536898485885
0.19164479870253223
0.43540248269794424
0.5496024688640682
0.35228813983237744
0.6158531588785672
0.17625821361121669
0.6020971734364032
0.44416273799629485
0.39824978581448733
0.4746876601433166
0.7239091878495278
0.32770037939882857
0.35401941898152595
0.13363141058246833
0.28380653514104964
0.5010999316501603
0.2876563341198099
0.26885019393607557
0.5201000266635165
0.44028917200689605
0.4537782593645113
0.8405967774582725
0.668701036531637
0.3438254316291489
0.4607733402808132
0.21650539703674349
0.6756268751435045
0.7016214423994811
0.393973940593933
0.2932687423334006
0.20974511597908324
0.8519188378278841
0.1065748697745145
0.5499292384149734
0.40138484495860427
0.8439557015354119
0.20444625601824507
0.3230791836893486
0.5509215934334935
0.44459113128941596
0.8004628758867272
0.8160341424081154
0.4727265339477978
0.3653224452850118
0.7748664051521468
0.7932007446163276
0.5359822126709946
0.4086300312322669
0.7150287623088285
0.6814590591357685
0.3007571919060273
0.8955809277766251
0.29306862303166104
0.34213160849773444
0.4502149468283556
0.7602447378581415
0.6798273118669429
0.48494460235897474
0.13563588909202812
0.19829626278844784
0.3910410734792752
0.8655989885620108
0.6540612139662094
0.47675774758923267
0.5330899585762054
0.43696788180071705
0.6875763639641727
0.5643694838682071
0.1701046983960115
0.4497740488921602
0.5004130123900157
0.365018711510774
0.5401431424530039
0.6434563112416195
0.6497768800400311
0.37943798712842136
0.6738703714191119
0.8046201939485657
0.4586342962076722
0.6722415095287434
0.8842956614668287
0.2602727610486283
0.4788661365698447
0.24285297642446319
0.7070041824563309
0.5799031926844522
0.5163519854870774
0.3513539368702244
0.5403672504001075
0.48112187661047373
0.7616007930328503
0.6748725865201719
0.6909873752289073
0.7631613282315248
0.6344109653651971
0.5371741458967734
0.7752068000782215
0.5213852077844631
0.8160166396383213
0.36395767074754243
0.3193067823831593
0.12600913234565078
0.5981298353573066
0.6958618615763439
0.8672804953492683
0.5051804549756729
0.5115585974689273
0.26807454576243034
0.5098061719083472
0.24600309010029378
0.4917443604759797
0.5642823462655899
0.5360695926343364
0.5460718893465628
0.8543861500074211
0.26152752131341606
0.515592551481479
0.1136982472081697
0.4646000449232165
0.6726695852778928
0.8817256366841402
0.1173505563567894
0.5767998442572597
0.5050447662601244
0.5099205694351758
0.5376456916715238
0.32778794119102245
0.4911958082877459
0.5738090384475111
0.774981393588255
0.10460336306262011
0.1106618865846514
0.27227425647416015
0.7272787236885943
0.7539678971362321
0.2298388329572303
0.5367110117853049
0.4423745407992352
0.7431078313200993
0.3652469738159102
0.5260009420811788
0.4519532515590009
0.9404382868463369
0.20332128335643684
0.5481131175406766
0.1256759239176235
0.4910485961279731
0.5660476762957527
0.5128850411120459
0.7043065521692883
0.9283345738657091
0.1806269381232456
0.7908167756732165
0.35650658105853217
0.9362573849334742
0.18970378856761907
0.5675999381390923
0.6049031590795616
0.5805458366887447
0.780650377943696
0.7975563634354517
0.22513172523037883
0.3257249180943729
0.7679279115794115
0.562704815944483
0.1263621847916395
0.2786479035561969
0.6855369046487123
0.6153988457550622
0.6540634691257649
0.6188514492967353
0.4592138321889564
0.5576867797113428
0.17649215344580382
0.7022095651471814
0.8585076067811235
0.5864803191586736
0.7024607503957294
0.3453974875278488
0.3470825953287147
0.6360445478496861
0.3481071445898604
0.7220738174635633
0.2166435566492203
0.3897334589758032
0.1942244804588639
0.4046846640474403
0.7715760819621995
0.30949326382607506
0.6058043713438775
0.47561990589129616
0.38010512412798714
0.3789915954494372
0.3039120989597246
0.6549753080294106
0.8279344974678138
0.42469325692967075
0.6151294564127221
0.6438409937138483
0.5360226875046675
0.7922349049688047
0.17380966353733127
0.7722326861125401
0.3049220614760773
0.40304004541188587
0.6592896908144175
0.7760148451093971
0.591194686999155
0.6565353106835881
0.9305577594877875
0.37066844636355867
0.5311599624234705
0.3905492401027468
0.28320432897653114
0.6683798808858408
0.09420460291885745
0.17500276305103277
0.12010378258953633
0.6405183376436213
0.8771881965833506
0.7135771148174197
0.7767596734992972
0.49186904923632746
0.6285876117856605
0.3596076857404603
0.7045346826083748
0.7936228843390447
0.5693652773765511
0.23740177821278924
0.20180087831918886
0.7734485985570734
0.3798391543473368
0.3234406984347634
0.738879226954462
0.08203895306233165
0.7299703519821675
0.6531386917248457
0.15117033934735405
0.3120693826417624
0.6372597045243082
0.6096816069614741
0.4425622756986194
0.2488975389283613
0.8299556860811887
0.3700664035268133
0.8855290973954726
0.24780506416904105
0.5309943064226911
0.41214495546191465
0.4468162518255664
0.7182057571435462
0.5013009094503489
0.17225207374182694
0.24008525222201796
0.6355800882320293
0.15688617305927927
0.028775212737581865
0.22940643892939572
0.368383080753822
0.7667031585557919
0.42852919051184063
0.4074322414307004
0.28070268053279707
0.6713370248313081
0.5344984500269652
0.44383120185458147
0.49443368602495713
0.7448636426151316
0.7439247460898613
0.5560918986170544
0.3518400498599659
0.8615709475497844
0.17686690648413234
0.7578111247589735
0.8560873851651578
0.27897436532138303
0.7590772254579023
0.4844821395043559
0.69367834743069
0.7753636042075014
0.2256059391312164
0.5242789451759826
0.33957331554261144
0.6629018925794811
0.5054679671595221
0.5820877132872018
0.3780949109622783
0.5291803668746087
0.3306025168828808
0.7178638666880475
0.7721136039555341
0.3775688133697222
0.4116611738873494
0.9588247611650211
0.151505295082791
0.4949468052195599
0.8067420709955424
0.42231255365821196
0.6422863063687094
0.5677576399345012
0.6556301034819322
0.6132529086409193
0.4300435296801386
0.5709785772981084
0.16183793064717927
0.38885813346562786
0.4727602237436004
0.7224122780050606
0.500652684132798
0.5294729273966483
0.07387837324314117
0.5292482941869734
0.3948753323627874
0.7565090775126253
0.5124157310609255
0.6933039800190149
0.7237907574811524
0.537299409346748
0.3036028160216609
0.7668066942130212
0.37814011110466794
0.5920725917433387
0.6117028964842045
0.5285736525088286
0.4859421254627136
0.8624258424429906
0.5767449506626694
0.8723451724019219
0.5561165045655234
0.33416727641759103
0.49056109386319363
0.6441129829057783
0.5695170286989883
0.29251323958171027
0.03614448309851935
0.14544464208337712
0.7919131350103625
0.7997590336180687
0.354066976050318
0.8558544263489913
0.5399404573361177
0.1924755079106571
0.5123295748101815
0.9933291486421216
0.05168320535978552
0.07547779643668699
0.5611344438610522
0.7469668406770875
0.696704545443313
0.6560903409238457
0.6781376770801815
0.4887418674177794
0.5922152631662023
0.1820076296589194
0.2671126849962374
0.4801561381722415
0.8081185412044858
0.904023297790984
0.5737884652885152
0.6043304132564911
0.44378358292681147
0.1487085644425225
0.4451245006931563
0.7918937030853204
0.2687127886668725
0.6801831830228627
0.9033003851591902
0.35399612490768567
0.750084829741795
0.5039922336771575
0.12386260605495782
0.3376387919883025
0.8783010464669112
0.26562156646121565
0.6133584598886145
0.5019846273491427
0.294222692644399
0.32896181791918233
0.3561836677516697
0.8193978612231233
0.7742424366896365
0.41628582609784304
0.7818420648119586
0.3090129916030348
0.24247762717503946
0.885403958718779
0.7099749849762965
0.6700803877517788
0.5497130160270319
0.2839335730609843
0.7267743956669954
0.7988493388224402
0.3227441563359267
0.5587404159537998
0.5417982214338923
0.5249137849459742
0.19511698764718005
0.7852842164908294
0.7818522269557917
0.705855128160354
0.6936111156591783
0.6523984240855943
0.6991718872099508
0.5962605710766833
0.7213858122938165
0.4059550233410153
0.7073485369776931
0.36534805353597827
0.11779379216531613
0.22825331857087933
0.42727255230751454
0.4331805314574166
0.6455908464803207
0.5254890567090664
0.35298634603423773
0.8386084537962648
0.6324845563809633
0.6108647654974892
0.6192370875555301
0.7419359618682235
0.902824609418638
0.5628150059859902
0.8712029147072686
0.3485577120200162
0.3522479236134859
0.5168457126441098
0.27852151945457543
0.31443773845914785
0.912985603902539
0.645207755715545
0.44972733337284126
0.15167568959690886
0.2625670062810544
0.7741495883817313
0.4278018081102587
0.3820699317445291
0.6373749261660544
0.6964472972758073
0.39370680154711274
0.40143943258553755
0.808629840656804
0.6194230759679544
0.6354238614898461
0.40911680943175605
0.7415248515345205
0.6729300982904615
0.7011095420481837
0.6097056600990756
0.6355259122871799
0.6065999182943738
0.7371079117928026
0.4476379905940517
0.5141912805286474
0.7794034389821947
0.34265259622678035
0.7236379941217057
0.31558987059348154
0.6184622329235561
0.5602335514317054
0.4690878201471327
0.14730210369388735
0.2270566534310296
0.5640761163018342
0.835105403474245
0.8121275330038957
0.6759038425055631
0.42095481643906185
0.6243327632214449
0.1302441567444218
0.3597624785786673
0.5350374062446513
0.2845650345949903
0.8583750912616983
0.6974944830066925
0.6752244891058111
0.4982871060520615
0.5123335334399864
0.8984606425122229
0.5005387521609377
0.7132498364585167
0.4417768039291513
0.14554116860443944
0.8020065715581725
0.7875400780527393
0.587787508834791
0.41100005461216066
0.7550283398883794
0.3832129350852684
0.650222928401606
0.398400434510305
0.6998883535599325
0.1446548761160549
0.4907462483098388
0.6077841407091187
0.2926864876270937
0.4635904884883559
0.434127014547288
0.501291219238769
0.5804045485416092
0.3981153376230238
0.772008360131927
0.6498476797768866
0.5381573640559496
0.672747092879557
0.5161508644383064
0.4077499848148827
0.5791266963384183
0.025238143468996804
0.43598996438314397
0.11289022227671144
0.40763860232579724
0.5300195431107831
0.23139027853149619
0.9614625598615998
0.29509939980757127
0.37863288934941014
0.4661492677042106
0.1989730718389967
0.7065527105544541
0.7127156730679759
0.21479991715632846
0.7010807708142298
0.9540838555487394
0.6429608232943897
0.44763573396210415
0.5263482621884924
0.5753272919323883
0.3949389488679362
0.337216614040081
0.7990518593722955
0.7865341818531952
0.6214828095523913
0.46889306809741055
0.02275133304981846
0.28859177599803915
0.40172022181973904
0.6606503206846052
0.24107960028059994
0.3097328906915474
0.5559142019356683
0.5999094548433017
0.7626594023676831
0.8790047503202527
0.022974282527866707
0.5942595173960356
0.7147659282768566
0.8949930473301001
0.4930741913592264
0.27124568309742003
0.37612654695960257
0.44527546373083376
0.5046630647765693
0.15713787636500348
0.5975652307809777
0.7497875021292619
0.39816189674651237
0.2942163729290861
0.9175305798197569
0.13262732457267956
0.5218799241677491
0.21745721112152738
0.6438164986104488
0.7081325135010108
0.31786956573338715
0.08832312137725437
0.19665799860150443
0.8099944910570951
0.7881294055696144
0.6348291825623245
0.44818306060100055
0.5583200045211287
0.681385380675699
0.7577044591968487
0.9623271589939801
0.5436486604038737
0.4802387023163587
0.6692950950620031
0.49197378439050726
0.4675998825071058
0.8675509745307673
0.64552265033123
0.8872764857242318
0.18228260338305996
0.5825609889272142
0.862330568174813
0.5184468309662564
0.7595232391942399
0.6832718269717089
0.5848431842227018
0.08012762208680566
0.4814307753524466
0.632537600740275
0.15305553166404823
0.40136288859348423
0.7796651421449862
0.18899206547333328
0.3948858959829277
0.4397684256748726
0.8917432411076412
0.5558415408761989
0.604334737718243
0.5675252988909518
0.7037027835086439
0.45464094454366194
0.38330672928676063
0.14028163086516926
0.7050880785828738
0.9866038497141784
0.5344193456081539
0.20060810692439623
0.7102148401770301
0.505693914304485
0.3105583159320407
0.3664014326372858
0.405589986954631
0.562436559632542
0.8359820088314841
0.8697942626800415
0.5338916111968935
0.5662843553736525
0.3586007124347488
0.6748209450361636
0.17655023229875472
0.4027107834766723
0.6812839606310671
0.6047672376936062
0.3314758142463825
0.45394295893500464
0.8078508112784404
0.7109347714469301
0.3517383757385426
0.7449663047733479
0.2596760988255337
0.728232871022226
0.3194099449273524
0.4673940604999577
0.34056685655342395
0.48884215344904547
0.26336646332043784
0.626074822859239
0.2700215181662945
0.7979418336126765
0.5122279728209851
0.5524184345705917
0.4310042062115081
0.25411270709846645
0.667646310548758
0.11795774819769704
0.1351363571312004
0.5910691867444817
0.5828030562296543
0.10415421109708012
0.851094693510624
0.7736480318374415
0.7204711378329223
0.7210517574638313
0.5647918175476542
0.08758887647299572
0.6657772629050707
0.6693676205009323
0.5438853186911529
0.34701337240583924
0.3803893448651047
0.9906958788942593
0.02982584376991332
0.08835950819814152
0.5917871483403232
0.6996248436678518
0.1250845788296678
0.1901853970845113
0.5375722989938092
0.5381998330546778
0.5361463160003599
0.5493730951071492
0.5865914676746311
0.938141062932634
0.4729933246518168
0.174803024492976
0.22079719658515395
0.6400838707289421
0.8037599903106104
0.2843307272346499
0.7330579012408147
0.3822816502181219
0.06399652986365081
0.24468981710854948
0.30549543414826896
0.8279472615955474
0.07522901180460612
0.10158146191194084
0.42430616392189713
0.8854095763282417
0.21430832241892891
0.4235994707808032
0.33754861552532545
0.503095224064874
0.7086705989005698
0.7268406497691068
0.4006738766584591
0.5301452760957264
0.3039308905004564
0.9621221409565444
0.21723213197647295
0.7355035637040438
0.36431241962862015
0.4226504876851893
0.35161639093303976
0.44862868133517303
0.5101991830141306
0.5544251960157156
0.45464798230938486
0.26391114411753486
0.5533267116841252
0.31034040164111815
0.7011913045639577
0.4612095857110293
0.8261335003135376
0.8027255925071108
0.9610192005285041
0.0955943039871319
0.3786217639140667
0.8128628177352386
0.11164811254313552
0.10566836351732609
0.38120912186267863
0.37815846259531793
0.6881660613066549
0.4558223698355688
0.39776357338391144
0.2312329252211196
0.46143334968700467
0.684583954195007
0.58889242781169
0.4132253220172931
0.8014901395082643
0.6531011930823368
0.48590158686497686
0.3325045995498205
0.9699121115720691
0.10912956069263455
0.4401151082230773
0.693812731760766
0.4979612481867382
0.553834376547451
0.4765548582354544
0.37261597320552553
0.6336055407472839
0.896281995867227
0.43796174673570065
0.6728083289903504
0.7444502612815606
0.46053444770275337
0.5057459415590959
0.5602933954175416
0.3185492732416184
0.7725349283784834
0.2597883025046343
0.6590660924231876
0.2121100035016451
0.6133322946611104
0.5434181946106741
0.4995763489273589
0.390442261264329
0.6411438876796595
0.7500874333404772
0.4258844490581846
0.3052541815726651
0.39811096879869085
0.8868208560599696
0.16689353809930985
0.5442300288934607
0.6152833143449713
0.5565688592389781
0.6942076451707538
0.33414896550204376
0.3365593949798816
0.39067687976581167
0.37222386813072394
0.6691732807131043
0.6480397388443297
0.46658032165817687
0.650719583251769
0.4974008815407571
0.5811730400161258
0.42993202323043533
0.7516795570494259
0.5534035712181822
0.578490073263708
0.20027273548121782
0.8914411264873803
0.7697010640952119
0.9645626073778424
0.31353515996688935
0.413941324506442
0.6043304624697923
0.29387789108614804
0.8868768992141246
0.268915690657394
0.2032367503456942
0.48554876716814455
0.7579389045981884
0.39736048387935075
0.7786697360049815
0.4801024048004297
0.21100385269607988
0.9279223067337979
0.6128138781432328
0.45931980624975344
0.3997417415770666
0.5320462274637028
0.6702811818513437
0.9509470208285411
0.34551554186376443
0.5491920371610084
0.5708710067237202
0.44898790671911876
0.5787204214719708
0.13663570568383937
0.4241238493932339
0.927564938690412
0.5353353873500096
0.720552043627667
0.7956601603838658
0.8473275531368797
0.5786266144264214
0.4716123335924327
0.4298200646920012
0.2569610995464692
0.5289290045324431
0.6108746670361358
0.468739325556421
0.23841578649723127
0.759947665534149
0.28967477656856816
0.48534819976811594
0.7980367689952108
0.7511774956829522
0.9034766450209668
0.623295891945229
0.7900952522262963
0.33169581208549337
0.28847746492876664
0.5634672106487945
0.5399053077689361
0.48878705218467056
0.46028376304143
0.503548685800793
0.4627772418394012
0.4167233708583579
0.47698240476265874
0.4305890414710392
0.7841652436316316
0.6752757202804818
0.7593240504724093
0.5683566638472728
0.495457707749161
0.9126110785228154
0.3718273239410901
0.873942674729119
0.7811502549682696
0.8473359991080929
0.6032443879251919
0.5717116751262838
0.38263918573834776
0.4368317916767941
0.5353147457854945
0.9239672034975493
0.47562439201454537
0.46008516378263803
0.3909170610201987
0.26855874427482695
0.35985675470524847
0.5358852171973326
0.8006117949402347
0.29342244147563434
0.5953726374986649
0.6271397759484073
0.9524261175129956
0.1098284116511945
0.49806726438274584
0.5630920455226402
0.5513660157241684
0.20900852015542856
0.7483856144133513
0.28106835328435137
0.7792784319292033
0.13649576427437765
0.42590170663520144
0.6835969355052829
0.4057104638564668
0.9058846879113788
0.106344020822428
0.6747619364108943
0.45041869667053425
0.5537468326700606
0.6838523494654295
0.45624480483422475
0.6044108328925002
0.6524119477583593
0.4629171723472498
0.5214590803061805
0.6407956080091555
0.8334537886190357
0.3144981559596126
0.528796643748199
0.3557865009962894
0.5798839454870565
0.6369392387309666
0.5421674810204826
0.10231378415569198
0.4581489112206581
0.7337455017554126
0.30543858551768577
0.5647065426961084
0.2682465377881162
0.6476971957496829
0.40600132139678236
0.4385725252270165
0.19577253489483887
0.39484913298763324
0.4868342436509544
0.4041660017750301
0.0748279174700287
0.594144989654039
0.42310433353187515
0.6549478580027022
0.6514593733745668
0.6262003972441121
0.5132689082213994
0.8811298394614648
0.8018358069545652
0.8097626298819814
0.6806510323084376
0.6793232570097248
0.3104540266834826
0.8840961563281697
0.011164796723307509
0.5301221542350381
0.3195428456656533
0.34077500298483815
0.425707990307817
0.33568475061586556
0.6501852886817424
0.6600595186944092
0.5103846938052854
0.9033805312064234
0.5484954443210273
0.8953376293357175
0.5511796682033765
0.5149800267833096
0.5102941328448807
0.6375503056943618
0.4290132574948622
0.2479338492839794
0.9875373121163362
0.0466128092134171
0.3046366355457806
0.673396531992865
0.8382279735125997
0.3206131939444692
0.8126221045594204
0.4450945371938989
0.9054367852027296
0.21300570379954636
0.28208815276766236
0.9803013461458763
0.508764741183141
0.6404024664819219
0.6289589226004325
0.09038334674467137
0.6654617700038066
0.4702371600427724
0.3365753636239891
0.870644182761416
0.42568180396614214
0.4187229555218676
0.4335591035752936
0.8759613472767678
0.6253276443022399
0.7466631734306461
0.31555789477347307
0.38167992523170113
0.7640206521469397
0.8620988665510668
0.7356510746677933
0.9797403939946958
0.3088645701104418
0.2722102540531603
0.768648370501614
0.18595869805862247
0.38211661217069476
0.7588707005026717
0.4508777537472981
0.45956050216326394
0.6412083759823342
0.7634417841021743
0.4856282574530515
0.5056133580630726
0.5492013990207982
0.7396508732380097
0.6142722034740873
0.8325996035934102
0.27955005901356467
0.11255150594064867
0.07554480679114815
0.5177789714154322
0.5829275177396076
0.07212724441920151
0.47564372221897067
0.7408237196782643
0.39424042570102813
0.6788196785949095
0.8083052913905844
0.40988059082376616
0.2828642387035016
0.2464639147992504
0.9173390405865456
0.4670678291587378
0.4462801458914313
0.4275635187238007
0.8723214843594548
0.3940682325969414
0.6213295976986462
0.36418536725183015
0.7971466811964827
0.3360840784873237
0.500258989837451
0.5673172931603254
0.4705760579826939
0.5374524030462191
0.443447064303097
0.7057567155727974
0.7427183302067231
0.12475444468543681
0.46712583408308483
0.556413795256308
0.7450013885856114
0.34309883740367575
0.8941404160730846
0.467527042674841
0.6505689003390857
0.19567787921873014
0.3998293785924052
0.7762939069073936
0.4144482175450537
0.872534082840357
0.3661372883527311
0.45122940886028107
0.5497045528456338
0.5312077759766909
0.4502386986240616
0.16483971857351867
0.38399126367716674
0.4784272166108303
0.9139836792544934
0.4471618001764459
0.6507420545151454
0.387027154800066
0.2629386518589585
0.3381513480379486
0.28257781465867804
0.681974930993377
0.4120546450689998
0.21808528870959626
0.5801226859148537
0.46083979805246933
0.4533622409144467
0.08165259859607477
0.45431694390411115
0.6557217865551906
0.5951451361476083
0.7684876793601209
0.6079608865090391
0.5598971821246358
0.7838685208719922
0.3243220899303183
0.8596236087586973
0.6635673822278942
0.9514897569238672
0.42961994116153673
0.41544640638613056
0.5083295009854722
0.6824265739669635
0.6930997347502218
0.8805760596124441
0.2389274886153357
0.8769863955596755
0.6249577836284265
0.8285449035755548
0.1539870551271715
0.32698619803263984
0.5906782607949445
0.12303158378966947
0.6808345254038121
0.9451232445195494
0.5496334130266872
0.09103376700899626
0.5418705704355606
0.269291286611556
0.892454075880766
0.45491555443938997
0.3876958543193516
0.4415983544968194
0.5596349606460991
0.6156718536227839
0.5218438356567493
0.46447921493711
0.48500530126181524
0.4579334427541435
0.33124531149628067
0.5291375778945164
0.5630979614956089
0.9072823410837267
0.1325259216394084
0.6111975484023757
0.4042896108373959
0.366607934595947
0.45556820722747404
0.3738466901885654
0.0909647172244559
0.2838097760351459
0.31930639431249874
0.9845468499400885
0.4298887153809823
0.20830508418637844
0.2926478014127684
0.6034431763600007
0.8936546937257293
0.06993173835538057
0.7622409753194045
0.5168240155733796
0.11360154869899344
0.5647620766132203
0.2503138511243586
0.5777138445303978
0.7862020213241887
0.5913846508368515
0.36207470701138506
0.5574196971451987
0.29127320294393366
0.3208825485268025
0.5514708914387583
0.2653878483868842
0.4898048366504479
0.6548174883764247
0.6266226327444979
0.9684222871599679
0.4979651890055495
0.11340481383174379
0.5851897419310159
0.847240523450113
0.6533709778889476
0.7910073443733762
0.9045068615072951
0.19628947166456245
0.18919629622083314
0.9030474182125373
0.4684046339732839
0.6306981087468011
0.48708841248650203
0.4827716727350917
0.4082372591316721
0.5795013653496308
0.44957814457753487
0.4017593929024862
0.8928945109725288
0.13436988771846997
0.6591851909545561
0.6515340329764199
0.20172545113096613
0.4522155285880368
0.26641520085290926
0.8542411610786305
0.5951781946664249
0.8749082147648142
0.6815856623759142
0.9515229155860125
0.1594663726712347
0.4338965235804623
0.3708576288068521
0.39162642635199196
0.4314554826718401
0.3681586063376953
0.7677619756823046
0.4260990097835521
0.5001465247844626
0.8063837886880992
0.7968857532760589
0.49294234483778954
0.7518529402884998
0.23500661345021395
0.6982659089258316
0.5109836677459778
0.05883891355476102
0.07198844029346538
0.6161702325807606
0.8473653627788772
0.025519574989780226
0.2772303340983759
0.47935602730749416
0.8044457390764341
0.14659339982094421
0.3514720903242376
0.5121984698514885
0.42355767064743866
0.6946524079170331
0.1879714725521698
0.3284942985694961
0.5518230327579355
0.47276460287119054
0.776571532250975
0.8666029621463378
0.46566153890089335
0.5618434364503267
0.21963123590384143
0.4597864419871601
0.5279644669764663
0.7483173523462988
0.6635828305491144
0.18485577838364414
0.30708934665049664
0.14721119347041894
0.3643969884520016
0.6684710191272175
0.5696481933228686
0.29358696233049475
0.7939088381498781
0.13462605687112833
0.4900689957818206
0.32325003744923275
0.8333592298664675
0.17881211642914818
0.5771059349751095
0.6231698976533343
0.8587006449165766
0.052268316524940794
0.2888967105571392
0.2892586473421941
0.5210843558079411
0.5748573460066995
0.41065491045231545
0.5204234666991658
0.5086366477518491
0.40731090032470607
0.5341683131522433
0.38760677270585703
0.8681764343430478
0.19861873428052734
0.3497316993526313
0.7203107042664548
0.5580218929009955
0.8638941463655359
0.4755121516462198
0.36713744702316325
0.6333225130865769
0.8819790470181067
0.22878187951695458
0.1954767391486558
0.3018658029016838
0.39066222325296485
0.39164106238265933
0.342427001024515
0.6441201984540896
0.37041949080727793
0.5531934397540708
0.3526608306859477
0.8859845504161312
0.25554897426431394
0.4009240313506426
0.9155226593425356
0.13157788406471896
0.21709668758759293
0.5134399669126359
0.1186949570408119
0.5677030477398319
0.30435971700734693
0.6769213992635954
0.578207164891883
0.597207776429984
0.5276914132787159
0.811981652666241
0.11515590850499252
0.6948036136167959
0.6165055611585897
0.3934773277000795
0.7783677895182054
0.7434216570832062
0.38342278019806775
0.7537963492669068
0.7429829374422632
0.3206690868340041
0.9315657089523227
0.2446795254742148
0.48751208961612635
0.05200661150781885
0.37528435433096585
0.5833326243086461
0.42040745232136967
0.5730517285466797
0.1637746994304529
0.04155319839486267
0.3662228791541209
0.3618789476530664
0.484913980100657
0.6190751645149568
0.5639714030366341
0.4251372896780254
0.2250060667249898
0.8333508997639434
0.9070797102689692
0.4309322587622524
0.600756818639032
0.45443136507118653
0.9093209749258591
0.3164928942807609
0.8084294817751878
0.4985265029894591
0.5278849150320231
0.7056650125937507
0.2402258532875941
0.5791550003944941
0.5494771978268629
0.3359108994181776
0.5247437000667137
0.6339767275706448
0.08932148676221005
0.43501291191577196
0.4932923521089283
0.6512119262909962
0.2758669875265671
0.5432803148471828
0.4890859862686258
0.20762111430889138
0.7271200300186063
0.2893995318157037
0.23446138170416142
0.9894080399762939
0.2443008680230326
0.5535571529764498
0.1409477552699871
0.8234026943998285
0.5742651928027782
0.6957753966599788
0.5557737952847281
0.6942355835819126
0.8192892387870088
0.4775804741036578
0.35816215650189964
0.24241378655625903
0.7356264822439433
0.5042432406444062
0.9239968172816755
0.41418978462066325
0.5253720702016599
0.3872088575069621
0.20158806988124361
0.1429513704244553
0.625503269795454
0.9328702156460068
0.6672059611024036
0.7766176475225874
0.45306729435282417
0.6678494053039675
0.7888742699895221
0.387605843257345
0.454001251269212
0.3002387441023394
0.8236808455381761
0.28664912833276895
0.4036913290061008
0.6580718538525203
0.7909288113070161
0.19727126699678005
0.5174664105712525
0.6582852842685241
0.5020191200146182
0.4769574223072026
0.7142903864277612
0.6253931605517773
0.45287588029407105
0.2239115093107425
0.24108826561598268
0.6434001237766658
0.2723903273325263
0.8702124793196437
0.488947384422784
0.4523824796969653
0.2929137369620906
0.42154081558252665
0.3029600935376823
0.681629863048427
0.5281937062375007
0.7021417357009596
0.06349501338635076
0.45944989489868887
0.11805891348502888
0.6036788316292541
0.5520594492153353
0.5110667021989104
0.810688962994126
0.47668553944788916
0.7155080382650298
0.48278520210663045
0.43483020179845183
0.43924456522484756
0.4014992590305406
0.7933858846289867
0.24211342698032018
0.3398257136624986
0.5074317483349275
0.3038627846329356
0.9914091385134823
0.4797646874819925
0.18626056371662317
0.5011216134756297
0.9092561244409014
0.5614981318998432
0.9146910632136513
0.2623095815085441
0.04287409877992087
0.47222810759179235
0.8500080666256081
0.48848866857005036
0.5152277230585492
0.36497919766804604
0.5312038536263888
0.6523754817113061
0.5804548813267407
0.1044898092355237
0.4598722833675125
0.787182650136399
0.6304852785519148
0.8299697377074093
0.6055568788039725
0.3817827413295156
0.7504467708450968
0.3208447264689656
0.28112495499183326
0.3994669935958839
0.4608066383909498
0.11532400631751709
0.31062596012935767
0.47837617678377187
0.5248674473135069
0.4227442403605358
0.32560591796352056
0.5095138430553804
0.6694495882129945
0.7645125421685932
0.3030952714478963
0.616370941083797
0.5275033271117852
0.9482872932765791
0.19947809119628973
0.3638542682296409
0.4897207570002431
0.6394012802889875
0.4556222195234182
0.5424796668219751
0.45288888269033656
0.4606349034623698
0.3600059684523543
0.5533905701317359
0.672844982183848
0.30186028815730404
0.8231050089897898
0.34780086098100127
0.8025179218112992
0.5655572802267413
0.5558503832841074
0.5050756315706586
0.5671352930521614
0.3911111957644161
0.4987888121362104
0.24329392613248718
0.35582536471393633
0.7217893154232877
0.40211869841977743
0.6857429516050837
0.24393056995542756
0.13291423087167537
0.4879142497085946
0.8449376940843432
0.2889336805962638
0.3328563403832621
0.5027805640063956
0.2061343036452023
0.47759333768813367
0.4415925709841974
0.7584956462801524
0.4610285680900769
0.3487052775017855
0.9611633032913147
0.6572855104316249
0.5646690665628317
0.7861307119678763
0.7709539007789903
0.5149041718322045
0.7814424402582909
0.5206937821337093
0.851223484920802
0.4214871244139776
0.45663110493971576
0.18352267718216997
0.17674329720756563
0.0985691908642872
0.31895171411706214
0.909707934368041
0.3787942433168292
0.686620917864724
0.5365245817267614
0.4241021160341686
0.7792979154517615
0.5427997198906845
0.6714424545699732
0.7743353678055227
0.7344770142072394
0.5969433656059766
0.33673515130536236
0.9285091918983329
0.294140646869157
0.6353555862130915
0.5794215917993086
0.5753619003635696
0.5625053302005454
0.7332206002103363
0.2318333301047576
0.7224059197504231
0.579604748086188
0.6123839544195744
0.8606698779004003
0.34316989039721474
0.4744578366936152
0.43407698923275484
0.4193536867018338
0.22494558552155697
0.5728218587349498
0.8247796526983335
0.9348143615828881
0.5390854446094577
0.5387613883422621
0.2194202447885157
0.138761619284295
0.35597892852208285
0.6211495846145645
0.9054011656424292
0.539802511582241
0.6382875819275384
0.44400964972067214
0.4376995273692802
0.7119709971769131
0.6371474284074685
0.10135203084764315
0.546529758949745
0.545946252948158
0.5873035518316233
0.5056261577793977
0.6990453200450442
0.08666631568143511
0.2618547238563806
0.6987018592774923
0.05841730575328915
0.31615196646675187
0.6382270499333474
0.541407729122339
0.18355543731509244
0.2678167131559186
0.7534834030016859
0.3201198152280829
0.8835367884627012
0.7797766243195732
0.5034894516240737
0.35237660720290964
0.7941620819563989
0.5234904125279165
0.37560878791683366
0.8962657068800262
0.5618191581980608
0.44258390361944466
0.6233202379602157
0.6453004776473739
0.22489260075387518
0.4961198104800175
0.3683256605453716
0.23457756956112435
0.7440418593603833
0.022362130471940994
0.24343867738053063
0.4799847291684106
0.4628573727903432
0.6941887999310934
0.2149253820874749
0.2903939258731238
0.5436315506196805
0.5519816131237368
0.3711916787064554
0.7370781138266078
0.4115653460670719
0.8435530649730314
0.5167527035992867
0.20062935626989084
0.5641483068623316
0.8791510078086819
0.3250417119251865
0.7713051931652368
0.6723116296914282
0.6846625824450367
0.6324339057835819
0.5280580486759887
0.3500543060897478
0.1668691885134573
0.5517403677444024
0.7978699305871273
0.31708403159001336
0.0477484664674489
0.08917464952156973
0.36913022136133533
0.9843102087893965
0.06798380377770143
0.38618245344916685
0.1353484718854771
0.3039749474601607
0.7722196699872815
0.43357785663766474
0.6583854200986357
0.7242233691068252
0.5402821884408995
0.5471026283182878
0.8832615908511924
0.8265314357385446
0.9204888456770772
0.3397693093406725
0.622599395201529
0.4992862995419663
0.5284747597864812
0.7633483352930592
0.7417738967562364
0.1407229032224187
0.2937170696919671
0.9102621543843405
0.06504189022430545
0.0868358251198151
0.537473633762689
0.6273183801835227
0.019923694803562108
0.2394293789323481
0.5083779338523425
0.3800218081289655
0.9110317958401566
0.18478815807073126
0.49212656987031195
0.5700361060359783
0.7882959540212962
0.4378941955226515
0.8636343409639082
0.3859216314293302
0.4002232518808902
0.6889818197799644
0.7975520134406504
0.6504806384799692
0.8611526371815839
0.5509543600941053
0.150046391371451
0.6758351364699762
0.3087802985955658
0.514643493069524
0.2991441435521561
0.27877232309828676
0.3917195346356358
0.3592608468348548
0.47616970104601086
0.3979021933697528
0.522652516982351
0.7019765715291008
0.17367295272812083
0.21441045102491194
0.6250191890678565
0.2770547761720806
0.7127806030007594
0.10293909358009476
0.5463117546421942
0.693942587056108
0.41785407066878066
0.8376103474893868
0.425002177687188
0.18848363088991968
0.5148783883136911
0.7347935715864087
0.12855159988540155
0.6170707658182051
0.6271037519024738
0.2658210933993677
0.41760820364744017
0.17896728548021426
0.49096253116390043
0.49047211467524554
0.5054749616310641
0.6441666704206676
0.8707087316148983
0.7222901892397717
0.6935481662837266
0.5599389780752589
0.7897043245219972
0.7291158453060562
0.2661507526594584
0.3310645204711049
0.7178246943349529
0.5995235195975639
0.23276568375736154
0.7920671867645298
0.3646853847445412
0.603578005527392
0.35170428772407897
0.6640555909019399
0.33977427661067494
0.15043803812073575
0.5169451831844654
0.6606412854238968
0.4562818521846071
0.09116819035062762
0.5755126558459059
0.3937158335018194
0.8612188545601178
0.7728959832602049
0.679506823366785
0.45700806578753017
0.4265846276871789
0.32917941381793625
0.6881625151272719
0.8221118364906794
0.5015545325879464
0.4543980555098668
0.5696729055780526
0.4055560680421632
0.4203989444187695
0.6262566232418394
0.5955587276172933
0.37321816379507056
0.6673006937545747
0.5215337987307382
0.503282599267308
0.4442729903775561
0.9411143576894303
0.16128012315350304
0.288548954304294
0.48966484121509946
0.5716814472750811
0.3727026867002034
0.40666734974018764
0.6169131019313537
0.3540335211337796
0.7489455314869984
0.5907740162414388
0.5639521448395705
0.49668446002531264
0.23413441930335915
0.7814606620233562
0.7418480050450118
0.39231196493811077
0.9484126053450248
0.4057896931432198
0.4641102964210738
0.43159089569342085
0.6722761195074178
0.5742362438070967
0.1856486442674053
0.813722365665595
0.3439135298861503
0.896338280750467
0.5688373328690135
0.8960886777126951
0.1767209537844522
0.5733983271013706
0.6345012606584974
0.5248635172208893
0.5901249973266883
0.9087135538911397
0.5379960049532837
0.4108707868852107
0.7221605719459661
0.4730286977021354
0.43041208088276484
0.5667161982977285
0.19720559535043616
0.7227897076897065
0.4431837424095798
0.8807862983658497
0.5460974218592201
0.4495069219772651
0.5063649797678278
0.5851118486576568
0.20220849826257598
0.45206788801538605
0.38416684995991446
0.5915248279764882
0.6408707533120344
0.4913699324037578
0.28660591010933967
0.4559007023462822
0.8029111282163555
0.3198378691158229
0.7239897771682251
0.41113767161024833
0.6993209682690646
0.14219548429761697
0.6714479912456575
0.8442892768058947
0.23638294734224835
0.8150903464116964
0.748564824978843
0.7447133251148409
0.3948236455397263
0.16847069603547293
0.7874497801024138
0.528210022801636
0.7853958531662899
0.34634962357922455
0.610374377280198
0.4311672734788089
0.871121788868522
0.4746604035497014
0.9000139487393998
0.4988562325615009
0.8419815578471088
0.5353289385794592
0.8493618419168868
0.5670302086029675
0.41999414743758146
0.7916640068164723
0.8282347203304034
0.7487247116763254
0.7350151097752812
0.622303100544969
0.43482865785214614
0.03652986132219596
0.47546859373944284
0.7777679678943641
0.7588067757211678
0.5028893357762378
0.35293783889511593
0.3823168250589708
0.6132562987870606
0.8365558990455267
0.48175398702108846
0.22386144980584508
0.70911153831778
0.23665665411197354
0.5381944005409449
0.5408896513106718
0.5745199556726599
0.5463763015988804
0.5398671181566994
0.29585531604448945
0.4354114579403213
0.4782845710110052
0.3306288473959738
0.53399390475239
0.5645031685670213
0.9330132244467554
0.1562309108917953
0.6795377467454605
0.37136362886221475
0.861358831094907
0.4524109550331614
0.8108617222287193
0.7545996435096082
0.8555290576527159
0.47405114489211464
0.8419254079611916
0.12445048021984327
0.6180478736784503
0.5412160747471371
0.49309405154715674
0.6909823871474283
0.563837739525005
0.33445647631225456
0.6428542959449839
0.4532255937951557
0.43844729271270944
0.5781428684981387
0.9441150072440245
0.30579245815318123
0.4586688419075349
0.7331911112190341
0.8283355642246051
0.4394518710545944
0.4766986116795917
0.5165450228471489
0.8632634540188923
0.44544196681952336
0.08375144385971237
0.28830785393806313
0.28130669768970085
0.7531639976184592
0.024433595815869263
0.21818192601366207
0.27947584267969017
0.37791228646994707
0.4424875531803958
0.259094985566791
0.7758770149784643
0.45574527997431113
0.7071734702033237
0.16940182445682858
0.4470763408531865
0.7864471529759414
0.3529350123943021
0.9555341356270433
0.5367497706966669
0.15261235466039344
0.4520520772894089
0.505952032999787
0.5188419277196157
0.8433117432549071
0.16129601261296145
0.2027149485702223
0.3802128124560971
0.4577845341667307
0.5616883677701712
0.21412642986554067
0.7845486363065706
0.6891535801247625
0.28660682643010515
0.701820983161628
0.5683219414129692
0.6542402370868261
0.39338250093760757
0.6905942967433605
0.8072863272003661
0.47657265492803014
0.692451956798088
0.940791212772836
0.5832997073745685
0.37612973967804414
0.4444970823075208
0.27653089835324374
0.5124754575755587
0.466103829541549
0.011259926708277431
0.3897625220341066
0.48002966527659074
0.7458980978647995
0.7152303919689524
0.5191817601780478
0.11200947500471105
0.2935745119146001
0.8319928905139232
0.7035003416454707
0.20977325851885095
0.4070626707473044
0.6227334148336129
0.7162387343558055
0.6187384701443401
0.8986614142862452
0.8221951790754705
0.8713568659734232
0.416557376053584
0.4716728289145445
0.7034732296146573
0.4972885396164458
0.07941231771518674
0.3876388149304927
0.48608310334474386
0.5535094900989767
0.041363936706732184
0.15073677444510508
0.28950647220689235
0.973923547363668
0.6088179703790523
0.526076698410597
0.4558965875296912
0.1444057452048346
0.5056831218744624
0.5353579830118829
0.33947142764891236
0.582855375784129
0.4429502314335989
0.40649003894903923
0.2273659448978803
0.8045136771947603
0.5089295026145775
0.5643973085401068
0.7337276300328078
0.6235578715376529
0.33358063722274417
0.7697541521402624
0.30262640562530085
0.6469429268645057
0.4516290554010089
0.04149977550265413
0.524924846916554
0.38334354329035886
0.48145358953718587
0.20615080190094123
0.1810008543770211
0.36109319393657546
0.8062687109005517
0.5849495955392516
0.47019536028926856
0.7640804580279257
0.494858025489191
0.5324692382328808
0.8228272931414272
0.14210426980438207
0.7616835872597238
0.9909075063555213
0.0463345595000872
0.5755576009947527
0.38640875969618416
0.6082273593563676
0.6626651414657121
0.4934122347822413
0.6500264796927571
0.4284794046861574
0.5896606417868071
0.4784455603352429
0.44789455404975015
0.35145647832595117
0.7039990906615277
0.44977754623576643
0.21844075554712278
0.40126429872520525
0.49176114551216044
0.19012168178806813
0.37292877648983674
0.4732992391133988
0.6905448574417561
0.19356780014241193
0.48991669526371345
0.889323135959841
0.13995923703942525
0.5889380801269701
0.5656606936123398
0.5913009557999882
0.3958907977250042
0.1803731864376476
0.1524743157807159
0.7826554743403613
0.7113748038647161
0.44530131973891174
0.48118253694550056
0.7980279971498956
0.8144596372847543
0.3461053799351419
0.5072854194775795
0.26277532179584806
0.6639003409400319
0.5827779261331526
0.3701595930138625
0.5559375333981619
0.15504459795176356
0.4580472839578428
0.8487816323836822
0.315400803944492
0.8756031729860462
0.3672644147090956
0.9731452334749027
0.2655276318665491
0.12072489975796119
0.4663202305251257
0.7644506230233812
0.40576167739057123
0.7325492054106705
0.5024646973008556
0.287837551837137
0.19748660611983143
0.8735868214253399
0.07481030154106327
0.6425897891181857
0.6308739444134925
0.7160803887245171
0.4609132818182506
0.3020277443546987
0.7433723586928578
0.09769074406414713
0.3732314038951129
0.4877840995546636
0.8314233766321909
0.7859200250614706
0.6984804788908154
0.9016368964335708
0.3974687093849106
0.3876465777689063
0.47499066566395803
0.30725339001694163
0.6497118817754611
0.5850752094471967
0.7079078609181142
0.7066955516358409
0.28727965330493843
0.405450328876982
0.32435884359940526
0.8074779628399799
0.3067772483374298
0.1388453724622567
0.627412058735788
0.3882776121022849
0.814229401723783
0.8309201900299392
0.43083707135814975
0.918654685592198
0.454465469233204
0.8216623014386812
0.3056076913700277
0.42700619241733156
0.6134098222340428
0.8569154999524546
0.636773738245394
0.7115149319823314
0.427341809747617
0.6130900894236772
0.06033941134462088
0.31491787187706416
0.49393032887950733
0.707511860976476
0.9456734310946393
0.021502624833265486
0.5280630563032614
0.1989776730037321
0.7205826100374874
0.46533679793347515
0.4678957866034153
0.453306030310269
0.6693132429168703
0.9408178152937369
0.1008253915040229
0.39901139198018337
0.6652808594598401
0.8413255454231685
0.5633612101578619
0.6873844599648542
0.4789823873197585
0.44294961465974464
0.4846237817906678
0.8455008350037461
0.40492302837415733
0.2510502702743713
0.9336917855080232
0.27602881319115624
0.7716903223149165
0.5528914951449704
0.907806383601116
0.43443595422666254
0.38524090068759353
0.6343679554194929
0.5867892682884135
0.7421230439801079
0.25264474220877153
0.3308274755583891
0.15460768227173483
0.577247224970965
0.6206002745910296
0.23891757211949521
0.6351648620390904
0.38468845331196666
0.4097957041577616
0.33813086270080794
0.622089374994836
0.39073679935457944
0.4219590604693492
0.5647314114488089
0.46885121219187986
0.7399461845706654
0.5843208620499429
0.41462389275118117
0.2749387411744806
0.7884490379011937
0.5466351414629265
0.40874496467326493
0.4580647947029452
0.7705198046635446
0.4288330040463162
0.5274937916401179
0.6760396684971817
0.5604147176764075
0.16012219318307752
0.7136551909311151
0.8858941792178519
0.2558918191544413
0.4092970033621976
0.24418678805763439
0.4666263958845063
0.3517267231307096
0.8177084120142166
0.43847857336326246
0.5296323548254498
0.8298419811443789
0.7747774977981465
0.5488863329340876
0.4278338040354784
0.30859266007674846
0.5725734100999128
0.2593837475739724
0.226468712824275
0.20744430930317886
0.7438709555983536
0.748089523872402
0.4387877234839154
0.5421610308740111
0.8870031573037291
0.037644006877630844
0.23660774979643218
0.6021833414729484
0.7888566187792956
0.5585806549114585
0.5698255426864836
0.6857051349475924
0.49620759348364873
0.010829335808360003
0.20106086024277522
0.16037735590157676
0.3824795362680179
0.541730570543035
0.11178451642732311
0.6617506767941486
0.44241006827868806
0.6088243583334214
0.7518825316157665
0.27117753005247613
0.8374666550772911
0.5936954599320835
0.6676229805286131
0.7318218931765923
0.2291951971202639
0.5448830699508884
0.34515822665981133
0.43102743597153986
0.6493417430321636
0.5163185429410307
0.6032922402872274
0.6612553437180944
0.37573475589310834
0.9316818301915832
0.015821552234383623
0.3062976886427573
0.4020266788220596
0.7402385367576786
0.7734220989435733
0.8520668468554524
0.58850695004722
0.4658090777428583
0.21342500776875645
0.5752353267997823
0.3635076119590903
0.3494570788119559
0.7579064060275078
0.43322919436853763
0.9833401401526738
0.07411041990673378
0.2925816352478975
0.7432762984977597
0.45377043776880505
0.36044042660739595
0.4831997852461276
0.7996453901048738
0.7209220427504969
0.3166082481579879
0.4116070464407151
0.5321636051650432
0.3656554249658185
0.6516421072213385
0.18899543823833317
0.9802179604402553
0.17029764024294108
0.6223387705810274
0.5862331441735107
0.534845834051048
0.24351579428946302
0.3933651890868175
0.7825958662903436
0.7994120583765494
0.6813290508899937
0.49584811128179984
0.16613503107052585
0.5056086005046632
0.8282326140140744
0.45567654738295915
0.8346146727453341
0.31880513595795434
0.5401291663177265
0.6816211070886613
0.6219858073740886
0.2287381301306012
0.9737213532819438
0.1635320353733714
0.3024629788647178
0.5896627715109134
0.535298576066095
0.47114007620679427
0.2794022391907514
0.5395363367844204
0.8286332138134402
0.6613490065632899
0.4724191740615142
0.8023446759542481
0.5540030687833087
0.36651822100844555
0.7776977724083067
0.5933108111953761
0.704738664758414
0.32366574254159475
0.8082467859123232
0.4864146972083302
0.29694421734053533
0.5851468728178538
0.4946833853104906
0.7942021753681117
0.26093638696786237
0.5164104363395763
0.14212605351514113
0.6019003575873031
0.4028579928639096
0.6051037254896544
0.7358637552624161
0.3689659919576605
0.1728348927079424
0.6398568546347053
0.5308635912530673
0.20885124659256257
0.6491397574277658
0.8505345939926185
0.7310821023442422
0.7276233794972071
0.467399471525683
0.5293692696172547
0.40644303799078263
0.8527283767307222
0.753931098775189
0.9534738804446261
0.18996894852593052
0.4539034189111346
0.5325640636274872
0.36101521449575713
0.5090599663059641
0.710545933619581
0.5942417409889705
0.37012261079316155
0.5119591525697769
0.6145212437466896
0.4897291171471798
0.4901758390515604
0.5276037883993978
0.5237090626892124
0.420366632096556
0.7562103996066866
0.5153556089016691
0.5033152227418413
0.2693635599577354
0.4522024651665502
0.8606470837373419
0.6220809385485024
0.9171120842799924
0.5612527845509485
0.5746961902314539
0.9571619002926222
0.3248441796554586
0.22883063103531118
0.24965643531658946
0.6667970939380972
0.19862222356200943
0.2181084465210178
0.4744008837692909
0.7274745751628161
0.6917700320761954
0.4779845216260746
0.5252588566105417
0.29871984399773877
0.6099790261436684
0.483371403631215
0.4653852728834255
0.15364399568488488
