0.41051832333327787
0.5753550956460848
0.6105126581117274
0.7007832730242715
0.5244763729143862
0.42844176923883476
0.5618826967117682
0.16012421463551185
0.33889664270899855
0.6097166060065187
0.7152181643016076
0.8668363222553579
0.2769029899895984
0.4648337122990456
0.6260501967138457
0.38309064976019397
0.21989044020808116
0.859279386646469
0.6644206305895494
0.8318184163459474
0.6133501966822958
0.7469727479819904
0.4214474453035831
0.373929678763148
0.13307742672697567
0.5960579200416927
0.8704244529703304
0.3538636911533528
0.8724080651868108
0.24667166712495567
0.42844286492744493
0.6208786096766323
0.7377560522607272
0.33425464821256634
0.7520062727975945
0.45022620034363087
0.26853533317551054
0.216353114436302
0.3955401905927223
0.6286037322570107
0.603436798673359
0.7484777849468127
0.4094190408445397
0.6170783407177158
0.7289840859060631
0.1273206359828191
0.2397538470010831
0.4392108182260268
0.6721052469976154
0.6201482116231303
0.3530102936158069
0.8831150738355651
0.2746429598662423
0.37005575441912114
0.8375055156262137
0.08263608948585446
0.462213372223631
0.5752704588345248
0.602816069801421
0.26123867467926065
0.8252147639963718
0.44386738297898454
0.7565121842482112
0.7787730190945368
0.627574285468963
0.7005239593000534
0.1885620615727884
0.10655160646097392
0.27538608844166057
0.5702622857550834
0.5102362460377374
0.6650540112717851
0.7723053842137335
0.17712446451199032
0.1902971521795797
0.46143039029051913
0.7051726767753426
0.21632940036876325
0.37455856058045084
0.8491313185629206
0.5796450965754808
0.767667191731191
0.46224450074709234
0.9003500980460313
0.527411849486896
0.6348708393281044
0.17795810919146068
0.49897039011691086
0.3386100894219213
0.7613634255994144
0.2765894556115617
0.8384920130973333
0.8692505825639618
0.8221159385186317
0.5964546223204985
0.6045984517079779
0.9469591706707748
0.4503026854907987
0.190178079323168
0.16137944962866269
0.8137389507484408
0.5208789505030201
0.3492757978911799
0.8908775980584698
0.2232711526261221
0.2645442253977319
0.9359151614150175
0.5659947624567325
0.8065509919836563
0.39096688343265706
0.8683105502888402
0.5988737375168243
0.9742212402044009
0.13640708470680704
0.32353699588510787
0.2379287707974399
0.5253331293328087
0.6644760008693287
0.6306919722391807
0.7175578841976885
0.48697208755423665
0.6839297517586327
0.5734714102300521
0.3956709959813519
0.8527871853022748
0.3257902479309116
0.8021816237811861
0.30523751335110366
0.2763234461968651
0.6491140569093271
0.23967597917538802
0.5598801268047057
0.4969358840645482
0.7446612264593071
0.5678086653631519
0.49359847200593954
0.29529564576292655
0.7508830672997951
0.10056196643613406
0.32639562450659154
0.6333488909057349
0.5970222604046709
0.20087999170242693
0.37483987515260464
0.38102743202559974
0.9886028735326411
0.22170495382751404
0.15387625186258663
0.69371764796101
0.79587563442446
0.5428482709422606
0.5335552084467435
0.22099344430014078
0.634693726591156
0.8951916073091428
0.4003239360418731
0.24918127853555555
0.8487409101998493
0.5705829183943443
0.8344166548062806
0.37945552392681636
0.605987326630351
0.5218368791168969
0.5457372913333501
0.25323471605941555
0.5324826396577118
0.38871824474109423
0.7211814237960177
0.121750932974967
0.23445019876350526
0.7707348020314455
0.7603378393760059
0.7334005983338483
0.8088789520620805
0.2201200373554015
0.15023397027938432
0.16219772290694878
0.5311429341104493
0.5845732529039593
0.36843790515779185
0.5603526025976451
0.3211366633869196
0.8280744417330963
0.5435157174412499
0.7262649446116318
0.7880943637242712
0.48030563457715114
0.5082203229541274
0.8660701565144413
0.3156136590105565
0.2690083262979356
0.8672046490431236
0.1927986168884828
0.5070198453782022
0.5388222636926918
0.9074705581667333
0.44340246753514434
0.6292310010310685
0.18301483097739915
0.15179870534654993
0.453457888433634
0.8739811681781638
0.5330228233841856
0.7947184834125012
0.2921702039227443
0.5796385445374655
0.4491050291133503
0.5141209680877965
0.40127396883352123
0.9126247388149137
0.3071644041821589
0.07287947969918032
0.26375285948336047
0.7815732565869203
0.4696375101095129
0.9118601523279138
0.14983355747414145
0.14436855130766374
0.36375879231676544
0.709690241211241
0.21981232769713555
0.12667832829866088
0.3845746265969586
0.9796606040663728
0.25751871695013023
0.41404748130708213
0.3596082073550976
0.36125977969168355
0.8436429369525918
0.09963010240067696
0.2703104720681974
0.6536531912135742
0.6613226536190555
0.6966924939004401
0.42731269700393215
0.4701818738989464
0.47476041866695173
0.3629558153168542
0.8891000106313964
0.5036663615275272
0.5867852939906366
0.8708179095233669
0.4017947542422573
0.6952232951726487
0.8844931946232383
0.6226106109872087
0.8975966526563017
0.4295784038407038
0.33867407611016775
0.815630109418006
0.7003428786549032
0.9418686135939712
0.1355644910870424
0.396544654902369
0.33906169714523626
0.7668089613787559
0.7308557585877653
0.7917566278240691
0.45632328099924263
0.6842967702012297
0.43347201284816456
0.9733811708171932
0.3655103040149207
0.33298486269293115
0.35300893262013405
0.36275608277148613
0.754014137568479
0.3354918581534411
0.45288414464327853
0.26928041739153546
0.7598332344584741
0.8547477242511008
0.6509615602451646
0.7803322728885702
0.44540835628013603
0.3936694582050697
0.5472576679003697
0.5990610097511178
0.8344101713113607
0.36947335868306275
0.6246429001430582
0.858594237646733
0.23238222700041353
0.42590880413720905
0.2813627813860309
0.6121661687677458
0.707527109599273
0.4358000840865205
0.6286184064809804
0.3995124005256381
0.5995247042895564
0.669927645196221
0.6140401857838957
0.12245812303831104
0.29128981656743336
0.5331891328806664
0.5427524534169665
0.6105359616639414
0.04582114360860743
0.3730836270515308
0.17061644952724198
0.7672038700314734
0.889330492258108
0.4467841506773357
0.6768757147220339
0.8580300739332789
0.12095256449761002
0.2960967035230596
0.7463496272077408
0.3667789929575738
0.895238216883453
0.38162881386912295
0.7026053336860757
0.03055078620466583
0.08545736924183105
0.3036412029312502
0.42234538513155606
0.6926408592973672
0.6790298695914972
0.8470294369520148
0.2881562537700785
0.8796204935182972
0.21160747133841729
0.6463829420784198
0.3674662040989345
0.5844428426245463
0.419188475253421
0.45291288359876775
0.5520387995663518
0.7134068990484379
0.5343048365843148
0.4842550596056723
0.5692658094387175
0.04335468361898817
0.48108750594338034
0.39655390196400175
0.725679709878154
0.14770025704447637
0.36314397661780046
0.6885180653367685
0.7080835526799524
0.3675430979746316
0.5709543432551252
0.6243719335783682
0.5929721363280787
0.45750256041479137
0.4896956156599695
0.5740226458745359
0.8053849734872893
0.7083564244088911
0.7616052490845049
0.8105428073169701
0.3230285926594258
0.6350607693563615
0.6258010168034507
0.8550722597726996
0.2917919808663271
0.293829760917839
0.3211564231466259
0.6481911373612509
0.4037438407205266
0.7755336274209196
0.41211395126950223
0.5856126377087932
0.5530682841905282
0.6010035046836905
0.10949297094612215
0.5851702392159699
0.8669063039746098
0.12187254915693582
0.5721663906266159
0.6494184089486085
0.03531337638218215
0.13747769360150403
0.5601649599449423
0.8927692205306086
0.6840514847193391
0.6894043659558953
0.40901457451724466
0.4763999611033501
0.5037647756328437
0.6493797771506956
0.19779714785526117
0.6239118308649878
0.3270456832237906
0.6073314017715408
0.25556390395280515
0.7004608216424577
0.45324258705428555
0.7918757278247259
0.6542989707536113
0.7984292501873647
0.3327378759219167
0.7580384787087795
0.45365849292121707
0.5977870100925431
0.494024212812723
0.6214335500694338
0.6212869399371133
0.11923080604089953
0.5574260540406287
0.6444372469548084
0.24446749139278284
0.34457044433978734
0.4357017692314654
0.6890695726644631
0.25880498147590103
0.4446529923186256
0.44441938241541146
0.7210151200536514
0.2752022491195253
0.20358832207382874
0.5645609850214
0.29806650325897466
0.7933325105708983
0.6777279181470343
0.5987385609873106
0.05633763723413794
0.34590050406678
0.582426587157076
0.738452570401698
0.7924953419733888
0.7530096884240269
0.3820375965279873
0.8272171512715649
0.4827104638862437
0.7789915757149186
0.44236587120371984
0.8671605631994443
0.6038848211659547
0.7719420367794647
0.23661169700974705
0.7957788827728639
0.4155984949040743
0.374080563177599
0.8557101895384277
0.4573439544412116
0.18004340726764265
0.6864327290914283
0.9255493260454747
0.30334168342968565
0.46905830475658494
0.559145820483465
0.8426897414649713
0.4409903448635555
0.5461719650624274
0.9308296057489753
0.4431389166344124
0.8559164555311898
0.40811310220972785
0.5495373613104275
0.9226666828246337
0.2939947575044919
0.7437600289048623
0.23579113025680848
0.5102360959051432
0.8401872784381483
0.09488866617165449
0.26885646293018045
0.26470884977390796
0.759670961372868
0.5212252927552219
0.5119316583386898
0.8878476039442756
0.23019351196483173
0.24793777431614805
0.6375221720814049
0.6473063298141425
0.1796733267830551
0.317382089888266
0.5787001696374197
0.7544396628204301
0.13652621157863243
0.4689506382722091
0.5514215029045704
0.29456431936223754
0.975870184916151
0.24384775990780824
0.47286052286638053
0.4789198052990856
0.7327974755415347
0.5817645396015256
0.6367780352452125
0.2673525557879752
0.1485460684567591
0.21557987306872373
0.8344633131121644
0.6936867132562948
0.6589981814085821
0.5623379551635515
0.38305163484162935
0.6340230279066839
0.8863938185871861
0.42850348936720883
0.2045933891049973
0.8271118615770336
0.793843703782647
0.8367444184983817
0.21399623774876686
0.5886932971696962
0.5374622958736314
0.89785843408632
0.44176151256439483
0.4255071702235819
0.18524753467881389
0.3564017396952347
0.6116011222259188
0.31538513002732815
0.0514250697395485
0.6259514921376226
0.7635672181474709
0.3813001024063061
0.6508551612682687
0.45592585057285473
0.41892778792252194
0.7178719101871516
0.19418248923216286
0.42202867362812024
0.5317626907331938
0.5932188334073083
0.5173978789924726
0.6605599583942802
0.6448751117332959
0.12132061315498145
0.5997882065012876
0.7851099261690102
0.12336119706931598
0.20980646321331325
0.7792784093776506
0.41462827622417175
0.9147128215106757
0.23629482841674662
0.4891815137056086
0.5911976057674524
0.6307404432761473
0.157758793185971
0.5900323913283056
0.8773914507964979
0.20740541214525582
0.5253157965362858
0.5905895478305667
0.30460310092590853
0.2537579205036323
0.24271041315769057
0.8275934554966844
0.4418595552731023
0.4521633064268433
0.8053333721116913
0.20441963525922724
0.7501819075407754
0.5632228795177856
0.4656760198831132
0.8367392810026352
0.46366219836861067
0.23612721740919368
0.7974883898373637
0.4059004941201604
0.7666293117546316
0.43151448320752883
0.4198050638085514
0.8844548084332291
0.0847488238694385
0.27187258375377243
0.15599862518676183
0.7458713667972492
0.778724101792033
0.5758750117705955
0.6508806307120509
0.6019058001528619
0.8200423340446863
0.4766050326004218
0.8392286843029455
0.3649593735829618
0.6521146253958738
0.09449377726254318
0.4226764349118886
0.6403657023115813
0.7751002039741441
0.2069595721742033
0.5418127940634128
0.5247748542438051
0.5587616150767557
0.5641982258574171
0.6357588219093455
0.8085767034401665
0.4610366231520928
0.6218728499228026
0.5121274992896697
0.5467900312936954
0.3884567664108292
0.3669687779780181
0.5521769240020205
0.6314883485343696
0.3027997112633723
0.5667588389793216
0.35237404761853675
0.21492221368054615
0.41900540894043004
0.5937923006050225
0.31085719600860023
0.6121532328485165
0.6285894379757551
0.4267714026657934
0.24399829156150157
0.2675816467524573
0.5170756702251629
0.7187330972204242
0.24072393736248449
0.6597546807531194
0.7392053491264813
0.38449407917679307
0.5620299408946827
0.4633581730031845
0.6307283396833872
0.6181210884815073
0.32377919736874694
0.8315117382296554
0.3696223524398923
0.22323068700849863
0.5014357727568128
0.7531719864278821
0.11186139856198274
0.24115675842552367
0.47879801005573375
0.6827148052157137
0.90749374354594
0.5946825752404523
0.8202034206969315
0.07723092212631041
0.29408195861304864
0.6127850141434994
0.8641004887972557
0.41455808593901927
0.7493916746238887
0.5736073270613605
0.40810742828040203
0.5483071704148207
0.33911557209629906
0.7201948022341551
0.22365750788347877
0.33574639033814496
0.5568192603579252
0.2773951742020808
0.5874220643447703
0.9013369972023009
0.6663642422670021
0.8414120118472711
0.11826444032336107
0.07832337029170496
0.36443916377259733
0.625946154550958
0.4312135117730047
0.29431442190197543
0.6899113207070364
0.8962521083675072
0.11968843665172596
0.41558650696220956
0.6753759348926589
0.17601224291736248
0.5648962207511974
0.6348461016701729
0.08597287921146178
0.46534814699598126
0.6360111603746301
0.2828306955137653
0.6190439904554089
0.34079191114170293
0.8224939396474515
0.46763199200270567
0.2670188399457955
0.6928601504146301
0.23490216791001928
0.3967835127178728
0.859619037176087
0.5516556738779314
0.7987436921723872
0.5174575783024398
0.48539767831724184
0.5101688068692571
0.694807446920436
0.3966970708819221
0.12049700431516934
0.17449574356130249
0.5950376791303893
0.7161039995314309
0.48857793742287725
0.3132043731029615
0.7471816112854548
0.40400474361657834
0.6426815946680104
0.8458285485090711
0.6924245613966356
0.6577225086520024
0.46653151691863387
0.3484826592138708
0.5212273477372018
0.5731887367276527
0.6937623066509144
0.9473803313530123
0.26337855345137484
0.5169873543374788
0.6644988509617654
0.39471245053159715
0.8341815847740923
0.22229044786698016
0.43342019230939594
0.7728448577775031
0.18035572859161209
0.6899461626449622
0.6824934120042421
0.8077491101224891
0.13219742332652407
0.2846357627882583
0.8592601029023852
0.6030784651182839
0.7638516671576296
0.41377226184834187
0.46493094215478725
0.11843957326182458
0.37021618574766413
0.5981119256786582
0.06731492053663846
0.4414111376860763
0.23984765618678433
0.8483953617831794
0.5126120883763298
0.6381659523663925
0.6905417509649583
0.12220392876914898
0.6093236001039701
0.5792199913431422
0.3706285253817212
0.44816140854445136
0.8595278341939024
0.06178429284479257
0.3824024623331826
0.5745139329424794
0.7166670499984983
0.6943798702709606
0.4979550825436049
0.7986339691559386
0.1073837588477602
0.3317034442030397
0.4760070032542856
0.9545194087943547
0.01737886551837501
0.2094415566790745
0.13904778424684217
0.7481409914954682
0.8867874645345053
0.11265529232118547
0.5532751824589054
0.656375530363853
0.9550983819379693
0.27645028007670436
0.40374957112984855
0.9056125596218342
0.6896626423621071
0.8914326835205892
0.023516949975625746
0.3111031893931638
0.3697666323142755
0.5760627805143231
0.5687055724530515
0.24994179860902704
0.16570705058041063
0.4734039948024194
0.48509413649276656
0.6983276616043852
0.1830585611619471
0.6924265978830572
0.5321160206658885
0.908150421420427
0.09892247353860412
0.267463988639303
0.42635328853467436
0.5077577464464694
0.6814419719439444
0.4676941065315293
0.6923927986515462
0.4657712537424055
0.7456564793878692
0.4897830402540797
0.5137255114212104
0.4547118868314379
0.7143479128305362
0.1728677052830868
0.6203646968800656
0.9080592475728222
0.4315002787758827
0.6568745032254645
0.2701881002632204
0.6434830573817757
0.10407909638001987
0.4245576289450278
0.6084887257058098
0.8294925400866684
0.503127239073096
0.3698164011016817
0.7197203652819097
0.29763736482811415
0.3213230894387348
0.6619847414836335
0.8996759874766933
0.4386459072404244
0.4649454870918187
0.5694262584576194
0.6665162923638527
0.3199358581019844
0.5997505516098236
0.11690960024964586
0.42996099014068434
0.7199797395268521
0.8727632892522115
0.37580769934347696
0.3460891565591848
0.3387476578930564
0.43259046245602095
0.6459385979557831
0.49667335193290696
0.49700831898545245
0.7266225990853488
0.6438996332832521
0.35022892248447596
0.8283701621133885
0.4899913889180002
0.7156857025711361
0.8220351870289675
0.4723595894406676
0.5370380051834596
0.7504281477528753
0.25056246172067026
0.4613059056156123
0.8420648289607211
0.7664365140478004
0.6961967493915435
0.3668667899526641
0.835166573422784
0.26493389195795425
0.4280110192954762
0.7520640056603283
0.3397751319734484
0.5828994657902706
0.7963693179913216
0.37923265970031683
0.937664962878336
0.09861762505685463
0.6313398489415334
0.6454113144964564
0.35043697670559487
0.5148239715602563
0.6732747202795073
0.28878104761036727
0.4748665327428816
0.7426265199617309
0.26733197271237946
0.6898797985083586
0.5471167786768089
0.5392214283403888
0.49275152306985365
0.5133051386261045
0.4806967879974918
0.8160907352812536
0.7361763093489133
0.5514103857947181
0.31133051688996705
0.5789736595346342
0.4678266629119476
0.8970780459556014
0.1537611822428577
0.39545899516816224
0.5561836859753264
0.8943654671669596
0.234632321182373
0.5079968889699539
0.5927200169201137
0.7488777084000027
0.44111591747837886
0.38740755251937187
0.6397259202581155
0.882098306219187
0.1845026798407072
0.3952996078003379
0.31642786096379266
0.8269955964334134
0.370330216118218
0.32864815676350745
0.5687255590427893
0.510740808577644
0.9207766970353477
0.2523023841927195
0.5386514665136237
0.38405392915026654
0.6025160404913581
0.7503861957262109
0.26293903167169413
0.2200342575702289
0.20494841966821864
0.8002496176005378
0.34946568942780043
0.6318250807108987
0.41442562473480893
0.050576481635623116
0.3340381132320187
0.5301937317405497
0.6281525811573988
0.4594551648837938
0.19370496677104032
0.5982399682890861
0.7826366173025407
0.4121922933584258
0.7166671432128618
0.47719101705133005
0.9646893620071609
0.13090897246697536
0.3341632863932634
0.8212848311625258
0.07999802668384426
0.3362675117043255
0.6187198995602246
0.9865032243836493
0.31710430988347627
0.5385076062528424
0.7538165614340953
0.8681484433165112
0.43363510720148163
0.6321817846795889
0.49227489614230363
0.6189100836488222
0.6947316182997277
0.2649828098696676
0.6372869435386361
0.8123253952390302
0.14075366448882065
0.46046949302450274
0.3066967102932564
0.5915435428569593
0.6382770288257679
0.9642750394111652
0.4073569846943467
0.2962034745399458
0.630306768737074
0.877175887640083
0.2674414952830806
0.6026578173575481
0.09381252376240648
0.05386892664904935
0.27156034346349467
0.8803457630307037
0.6426417973773066
0.8007185800727545
0.3267048170354952
0.3754253385245982
0.7644514381761214
0.6192581444658639
0.47209330526422466
0.8100722884841951
0.1292692208786161
0.3689760327782274
0.373491421260364
0.8344290267825836
0.4239505894146317
0.9543963246423537
0.2546992026322605
0.6681072236247709
0.722929603067246
0.060757929867689256
0.2410674756304368
0.4772440428014123
0.5863235222386347
0.38173715447143886
0.40695982270411823
0.9335426082184571
0.11065957798246343
0.2734009164932767
0.3371908533540775
0.5336438123690681
0.8640753908774593
0.3642015230845432
0.46488037437331503
0.2513286117366524
0.8029966267358024
0.46775906882233315
0.37595238080663784
0.4971091399348655
0.5703733026163258
0.21449045622457044
0.6324617731670937
0.7137697843581695
0.48841784361131646
0.4837420453773196
0.5427931686723716
0.6590869236087589
0.7596379922682782
0.03542670291654964
0.5124357719437345
0.47681479876111926
0.5884144581711034
0.3510704728272035
0.2604908312860985
0.4710591790745333
0.587544247247341
0.21701069960474212
0.5908836575039542
0.8110875679866099
0.1917024538910397
0.32785191737072295
0.5635220394398843
0.6723185989990481
0.9040780956699781
0.21781475975324224
0.6911963601606261
0.3831164352136833
0.8286599304679166
0.43312560970565395
0.7314668862329439
0.07469177998074314
0.27359587524714657
0.4988536802718103
0.27005328707138704
0.8988745858192431
0.04280307531646491
0.14921588635557034
0.5846930214983156
0.9081764754325108
0.5861072376628569
0.9691040036535048
0.24554883549849504
0.06539827230233995
0.24077178953926026
0.6299553616486899
0.6012780284912821
0.48202632547001034
0.805604100942843
0.591033484624361
0.724270933088424
0.06705998726897543
0.2507085140037005
0.44991702000651135
0.4189854818707737
0.6340069372302001
0.01749727403419287
0.1738706895330402
0.5011599214321802
0.4941879380745159
0.5909749380146245
0.4893307648772896
0.44920785954063513
0.6488168505894656
0.3890391759604308
0.5425693064935747
0.7565296530350158
0.5159371987059533
0.9351263438452415
0.4549461640129502
0.6884313128181835
0.255413278915461
0.7559431461084543
0.8223500153481019
0.6149547565786074
0.5364013820060601
0.47025998796635166
0.8804712076966152
0.27312697580545553
0.6759387915445358
0.0202512307413815
0.1106757903501374
0.3250919565119089
0.6811281576133832
0.2057978348709591
0.6336315435304147
0.2840272496929298
0.740216876277489
0.7386958890305164
0.9172186455837351
0.3519890444520185
0.5882347378907117
0.15525646190797493
0.23398598131565151
0.45353004042888356
0.5172998523964554
0.3733566174583094
0.8597589496636251
0.33697583248547275
0.697496565760839
0.3396281329245831
0.6001594083448192
0.8355724271752765
0.5564602352944347
0.7829672816708426
0.7169202289407367
0.26245411511420264
0.5515788718788387
0.4509685372911314
0.12241528622203739
0.19487810321105303
0.5756567195853886
0.7022077750537379
0.717882330291793
0.4424212014971037
0.5037487845634935
0.5210427275976124
0.41341216449537393
0.798980455077881
0.4751784377194151
0.1463999847258207
0.7085774397926274
0.6952834359926344
0.8861380869761264
0.5701367833709675
0.9385776349957091
0.34708090997297714
0.49932264081566835
0.9148726224119581
0.11178585831025079
0.4950298161586841
0.47250156316069436
0.8521781675867611
0.5770853314427145
0.6901453337982187
0.34590992927707204
0.5789536952408532
0.6242463892480685
0.6023720965448838
0.802946436483722
0.4681470132307528
0.4000815786824279
0.5611081707619804
0.4484280888957396
0.4648072653052576
0.28386995938563164
0.44956169530562895
0.8037417966852174
0.509982708584535
0.4362286128430902
0.937334551467
0.42833930371809104
0.2551972538565488
0.20138783199507188
0.42094765077631713
0.7769376186804499
0.51084304643977
0.7340222020450924
0.8001633049634496
0.2963841830999483
0.5857424836649604
0.01617040606002251
0.43423931773295693
0.4293551413900052
0.42199567881813826
0.6050752027975403
0.14423346880130372
0.5240580487594381
0.5870914781139778
0.63753852196331
0.5979548737484612
0.5913755053960419
0.3771694428261586
0.62285189622146
0.6082144374608713
0.679820514547067
0.19793290685265272
0.11552758977707085
0.46627210379198825
0.5840339669492389
0.4807324417337023
0.5515834081390946
0.5583108772023684
0.5919750108325097
0.880574401913744
0.43447436488126145
0.794227669481541
0.40726780418894937
0.12423659517407463
0.13884665806185476
0.4922136352754576
0.82173888014753
0.1680399177733147
0.16263618331477564
0.5173515688185963
0.5405088184745342
0.41853620215098486
0.6691700550305142
0.5492728773103758
0.8561623194378307
0.0765453774480493
0.20303576599029724
0.42865522328073924
0.6276785523712064
0.609139784474013
0.5282816556818783
0.8616287183615348
0.4280315053800285
0.2659570925235074
0.5491978162800856
0.47411619156678764
0.5167055696013618
0.29839011288626427
0.5988680481783278
0.5829657946186827
0.6561583310855787
0.26247697667870407
0.780290135613301
0.2953552924448471
0.44966283007293933
0.44657051467125686
0.7631112653009327
0.22259069357706818
0.8609562069376513
0.679363918377767
0.6185420784925407
0.3285322798147495
0.6616391157660197
0.698503702298836
0.09503794000714251
0.3187741160507672
0.7964048111218835
0.1380980790702168
0.41634440785993826
0.3550443095925201
0.4421748533747897
0.6543786220985423
0.8286899401478582
0.23055130046999456
0.8891389266870073
0.3427917670282822
0.5547925642595121
0.5907588950946585
0.9921661222831765
0.044091938313131296
0.2654841166300227
0.35802528782864557
0.7197651258144575
0.864151080891619
0.6737749170339553
0.9518042430456441
0.320965589635365
0.17300079103875537
0.2428891228898596
0.7043097938346585
0.5842329827747665
0.6102116562736487
0.42277019518053666
0.48941560432836545
0.36513743336227533
0.7110670315327863
0.16132055763081785
0.38002586484773093
0.6385285408677203
0.17816349870275416
0.1963288941100439
0.5522512977801275
0.4555366446227998
0.7715461990520907
0.8729994490589936
0.2946070890229991
0.45740399419955685
0.532860029987341
0.6351096630635398
0.9627573415285104
0.48526753214460033
0.39898882181531764
0.7322873339407681
0.4001523840695091
0.7483506002493702
0.7642976414092084
0.5449050770095668
0.7019068575251444
0.7165736340870283
0.48925259280575983
0.8286965241260056
0.6769653951704685
0.5512624656532504
0.3712609667851542
0.7228957794695269
0.30969337588029255
0.13421064160156437
0.4995547105141277
0.5890173187506719
0.3622626919986842
0.6340004839800115
0.8661572744885949
0.42589191093518763
0.4381238542096441
0.315172675181439
0.4196415726436699
0.6355904685463213
0.2487594419299673
0.435517084386826
0.8261187185944621
0.3778865797868323
0.27090788182982395
0.6910027409912292
0.8841654631314201
0.4233499820065977
0.5819601725500345
0.5664921725648037
0.31315009666757665
0.59258342354223
0.8153561445255285
0.6062805196373284
0.5810275957567268
0.22609264773581003
0.09775954998379913
0.3439535572298588
0.7289602148942421
0.636082245825019
0.13961461505554745
0.06929639067177323
0.5740660194981799
0.6979976509704069
0.09778873791090298
0.440322081177443
0.5816927530107677
0.13595516765199717
0.6157620664686732
0.6477001464661324
0.3879478840518408
0.7790894571954172
0.80843743527647
0.7433903513078908
0.4847526243859707
0.6546921486599667
0.2891867168158363
0.596903112854885
0.6362502801200499
0.42203472741055126
0.6030698658477887
0.49788447418291215
0.5179272315550844
0.8768950645586497
0.0918702063263735
0.2491070904543101
0.6003643737999133
0.7358084837906413
0.33205261309008616
0.7490153457832847
0.11510376369778527
0.3182566627060303
0.6331044681422038
0.6810005055534474
0.5885043471719104
0.1607754104466117
0.49358473910081274
0.5920632092269678
0.6728483138387115
0.05307738004456225
0.3315562569246808
0.442966130624179
0.719969459110898
0.3737795641429942
0.20871314894369594
0.5480191772262134
0.6196530104203631
0.5900983204253718
0.9547938347877118
0.49849775560944454
0.6990114282107887
0.6965411337627315
0.052652125400603655
0.04746156356511319
0.18544792581288516
0.5768496665738676
0.5518142762211126
0.2910510237126455
0.11108984689363192
0.16955896688567396
0.6951495782802666
0.3968523067792997
0.6749027059550076
0.2254448082476768
0.4518041890167006
0.9373859124832875
0.37267534189193524
0.21717360110057046
0.5816690779522689
0.7186180742655505
0.3427242323857942
0.32714315251984494
0.2990578285428611
0.7036593482741748
0.3378323136484116
0.6274111067349009
0.029386277053297778
0.38489590893597025
0.6575848671307193
0.8578669838453332
0.3230597064723139
0.4844638070409275
0.6494969450430965
0.1437188349003746
0.48995959153386515
0.7179396657220941
0.4868636034099987
0.19277918766234137
0.6751220343853535
0.47560666818741326
0.9758815472663649
0.10079092422773843
0.6014615631161948
0.6243220152842756
0.441745714020025
0.47575003950640316
0.5887341946589505
0.4014671726662341
0.525730727742747
0.5698570942223488
0.8073714577452171
0.38816268729199516
0.1311071382225225
0.3432924058973335
0.9259077454217024
0.5111277302563815
0.4893319121526333
0.7849765381583373
0.4366858726788238
0.3983246895245977
0.2975992972935255
0.774891613588796
0.7801182774508827
0.36849689825896004
0.5492035561274435
0.2462977666501117
0.32780283161510904
0.5442348296740316
0.3764638970426765
0.5850353913406454
0.2710211112099159
0.5008267269957505
0.7030865812424048
0.8584835198189948
0.21546036673745242
0.42827670476954727
0.38947441586563725
0.8672702356593638
0.5575766807493164
0.6004552997604977
0.36951682594184626
0.5603964320692114
0.6197795781756084
0.4051076780008143
0.7791165183766883
0.49816552615430504
0.6339018421654081
0.5851262172296424
0.7911237244658407
0.3819610501691332
0.7742441795531229
0.4809461687921622
0.46826869378313873
0.8796620205792739
0.3193796923737033
0.5629685131487929
0.44624471966404
0.04554383346131141
0.2895776309036624
0.6068094937943446
0.5302398272432172
0.5779822191773016
0.6261376325809134
0.09155343156595307
0.4384408343759606
0.22906930534978884
0.6533091058940398
0.5154456386192826
0.3040457077367052
0.8079036786031248
0.39364684408211886
0.09096400874860776
0.31860647896438044
0.4612936667708148
0.7561775034494962
0.6633855630086272
0.5216669583911762
0.8654201484777446
0.32323414209533086
0.7318712350171699
0.2192326080673529
0.24355713945819396
0.5089805082673163
0.23408757773294586
0.5656281173814625
0.3951829400453387
0.5607909918230873
0.18726680533041076
0.46927714073007387
0.8523670121266915
0.5262681186929495
0.627324472129861
0.2872689389072617
0.5802388478145922
0.04810079056926109
0.14465448973637957
0.7535252948969273
0.9453862543074254
0.3791291436589777
0.5388707862616621
0.6425734668684522
0.24867033981194733
0.5892433065922305
0.34008252458899557
0.5622865211831757
0.3665035056788998
0.8004162283809879
0.3090669733937945
0.32009536473531797
0.2679933060059462
0.6666585774434142
0.43130522516953324
0.5010867453286929
0.7651385778934325
0.899456675614015
0.47945580393517195
0.8142629393967249
0.4682608614486459
0.9088107494168098
0.3422127476563796
0.8542698089215987
0.18062282527863888
0.4522900263341485
0.7839159712350214
0.44511986691396876
0.5662090458179012
0.6545032584604218
0.8792806175821046
0.6082518161585768
0.6346603222571862
0.21167724357815043
0.4300457434349537
0.49179763252776987
0.8178552585380715
0.736626811395153
0.6176020237102031
0.5314237147739266
0.5640133529473752
0.640714205822884
0.5347098195981849
0.45210532887889865
0.7116557022965038
0.628046604296943
0.7302909729704488
0.5130362800718994
0.9142113650528576
0.4143499376808188
0.640716784544799
0.3757660350552737
0.6960558769325842
0.44906898181558563
0.7059330160484442
0.39098197458268474
0.6039616899557891
0.4799865574886468
0.547812556446676
0.7725230158760443
0.26162297963617326
0.555464954683928
0.6317694593098344
0.514445660308594
0.39054935126988416
0.5809549658510758
0.42523828814109466
0.7189904040031907
0.2896882027269813
0.44216707963685414
0.4546723004952507
0.6984656563641167
0.5860206682209184
0.04588758947860659
0.20455367883349893
0.562108211668638
0.8833524021555219
0.27326806634231016
0.08058421315058956
0.3186805243994827
0.6476243490268987
0.4851588154636278
0.6266016877481777
0.5529612927429765
0.8378180984656003
0.40590587743276724
0.26675325897924596
0.6895550002832497
0.37597890896545066
0.4255969452373696
0.8793752502595111
0.35018123476517865
0.911350591436891
0.13310346957634817
0.7136056782829674
0.8288044298823705
0.5771806548384173
0.8449116351824908
0.3229526389746497
0.7585463092575047
0.5592956467134332
0.4748962405437388
0.511771621921458
0.9670168691347425
0.21428103560829898
0.7152192175283889
0.8881171454604452
0.5280181163473996
0.7156752991599029
0.16370912904321877
0.3754984149295331
0.5700267652665747
0.4822511525062503
0.8509067626896683
0.11208690004336685
0.42801615191569925
0.7711865293847318
0.839008783953259
0.30621981180463953
0.5295740928505381
0.7429592811540566
0.9532120370178871
0.05556708835954956
0.5207240619759322
0.6912391332747456
0.5395336297130717
0.46778406052555543
0.46059765402236263
0.5836042903461185
0.3529358285276426
0.7706019614070094
0.7466518360308091
0.40554720196850724
0.6371930134681107
0.04941382027233085
0.4964812244650694
0.6971492063852422
0.45425398431071784
0.8889620623620978
0.10615743959880494
0.39171129972347807
0.45997591064401566
0.8905704213097221
0.20978592107103977
0.7363341349620295
0.2765841161157102
0.7589016475645111
0.6282759290884226
0.5536546428233485
0.44854739250025527
0.8476645338553828
0.11684180598360398
0.48659553560530583
0.4962368799486805
0.7121242015804405
0.48149979217560074
0.8006539929488514
0.4368950828721492
0.5846784143575082
0.10169738829649806
0.45754236410107413
0.4448999416248368
0.7481134072199016
0.7068619984168325
0.5045949899523358
0.8907934340758253
0.29289952928393864
0.5061520829295123
0.8553903097009774
0.3205403802134205
0.29493374008318063
0.9432173753693961
0.3799627477222519
0.5215130151369889
0.6759926441754915
0.7295593630996519
0.2945831296117115
0.9350185499405685
0.18671855215316158
0.49573983049540893
0.6785044325999254
0.11326417368258296
0.2864120975253379
0.5622470203750762
0.24746220272111025
0.688472838694091
0.813829080949645
0.3902060663322493
0.852931008958758
0.7754309845303997
0.6393435618391373
0.45329221492195065
0.518178865617519
0.7316376121563064
0.4190452231373878
0.2161649329303257
0.40497189024798724
0.6087602746769583
0.5724363092391649
0.014776490539574739
0.4520231225517106
0.4839440883842292
0.6600194956228275
0.8899516859587235
0.3198378015764703
0.3301279226775237
0.87953233383813
0.3821746378200644
0.6102043850907108
0.744470133417652
0.3634787038379443
0.2862294913454003
0.47205561684552244
0.643020298419226
0.18050897960978524
0.3894610773277341
0.26350501668603327
0.5805858156983567
0.5547733382794274
0.3535755068080566
0.47062426648782735
0.5361517763872442
0.6469391898408449
0.28371092189603114
0.5209174948061726
0.9394610622633861
0.34941285916814546
0.1491962831470461
0.30621086785546
0.4436544155726091
0.8521135117399976
0.6236594073011557
0.7820136873219035
0.3972760015142668
0.7179964809436177
0.9573842036133027
0.3570940865936081
0.7321119282872133
0.45988448027157836
0.702969609432015
0.2165817967574786
0.8784689241553282
0.3155041663044076
0.6656612177691223
0.598001483030285
0.6888422183373066
0.5715622726370554
0.6088895187848699
0.5886335860174208
0.6201898521958594
0.3009702847776391
0.36704656937278196
0.6941024481694363
0.5387740574447655
0.6039504200154654
0.20203885511371694
0.2773896484398751
0.6374266166083624
0.49256156696310277
0.5688006413285016
0.7664615134651667
0.07807510212722749
0.47995247325837676
0.37836585917123544
0.8204115265199233
0.7967580334087776
0.4677435650214461
0.7423772966782745
0.7940242727166188
0.7704658185768134
0.6145949367828892
0.7352290843048281
0.5926788965282519
0.9783869381935224
0.33717195757829593
0.4579515075855198
0.17028904582620155
0.7628470972104962
0.6720307049224884
0.44546560260048473
0.39643860444929135
0.6744775338004811
0.2365193951428352
0.6344479065605123
0.978384428034905
0.11795565137528377
0.3904695595787667
0.5552204881026476
0.4463540249567703
0.5748024128842548
0.5456020193850775
0.630481652513011
0.5453639236411475
0.646982843841505
0.032147436182127724
0.35708739024531855
0.3958313547412111
0.887560712227637
0.3204068552613017
0.2946796145126583
0.5468840433965981
0.6664855856074403
0.9236853272061152
0.1686675710373588
0.5325477922708473
0.8483780856222449
0.3083382040093736
0.6261244090483553
0.4778982533392928
0.47388892344483996
0.48426658829326
0.8248179101090762
0.4336824206516763
0.737542150830634
0.22412721959375628
0.46657636404063907
0.5042451876380457
0.7926727224052464
0.42941120282192313
0.4358061511160031
0.3056607454357993
0.42983937132232214
0.8119017433911968
0.04661258571310397
0.23839123695921763
0.5061016945704713
0.5783992841886161
0.7227431206739798
0.6805715178895733
0.4422753086534545
0.6831909952398176
0.8550043541222248
0.44330622662726854
0.05583485290105699
0.33217032781200395
0.7566463868164278
0.48245989371613807
0.6667707898470369
0.21613939265754528
0.7115516529425826
0.3629769777371884
0.7568386152522151
0.6135426759211419
0.503132089321539
0.42343498184670614
0.6241110477230537
0.42596374039205365
0.6301711344086639
0.8720021076124234
0.3277663591490181
0.36509496681131887
0.6038397823375146
0.5613522932529567
0.5152282992930711
0.7781393676148269
0.891213401193129
0.27712110563569303
0.7305830861308203
0.5659554442166441
0.6628502066522834
0.9654936050183711
0.3633243454081001
0.6123680141006043
0.5267028369279382
0.24175606978268682
0.48702939030802694
0.48166955407468137
0.4577129895230839
0.9859191617735894
0.4689669857470477
0.41232695107655765
0.5625324053829397
0.4585450489310733
0.8141287647149817
0.594043749628659
0.5660916780379746
0.6832635069421086
0.6304253710823178
0.3243083037165863
0.7787798993851949
0.5424255383212213
0.6364512005912619
0.6928835519574352
0.7809936468938341
0.3004791005148963
0.4621326138809455
0.5578623874949813
0.5984965830907615
0.3143713559216067
0.5685933646930548
0.2647189091938264
0.5067239507670058
0.5550452980964072
0.4846480485588629
0.794508612249095
0.9262587209875032
0.46166656757267255
0.818142909896566
0.33244679146152634
0.6404437379995793
0.21107038392852162
0.18589493764056222
0.4488328707775706
0.5684562084803815
0.75385545020291
0.5547207153174332
0.7824890492515889
0.5424818382842441
0.43552222676077346
0.5962266453537031
0.39529202074444575
0.8197463277779677
0.5136942411874668
0.8887577783244005
0.42295581121364634
0.3784294804919837
0.5774671832409967
0.8509839880496608
0.2886998229644936
0.7628978672853272
0.49851950925854105
0.6734640532898393
0.9588654564051441
0.14361675750904995
0.21870439791778046
0.12999796150257248
0.6424688259515632
0.839311394039577
0.40727828133051713
0.36651733957111676
0.4568011103493109
0.7956447841308705
0.8756533622277032
0.7989689011494754
0.6142147580629237
0.520388499376895
0.5962651444783624
0.5932858525287347
0.7635010317476217
0.5128082447648588
0.6915755990479403
0.3716553335414903
0.7157748172031627
0.5072790188876051
0.5145957640634347
0.7322393280800764
0.669430074731223
0.2773456426844597
0.6758324235437418
0.6034145761555021
0.9205839003815414
0.43598994105104644
0.3547064774254746
0.4926608583915903
0.7558042360569031
0.48473945955774517
0.34892609183563317
0.6892361794189116
0.3251871151876287
0.5180735193890003
0.39504549742523154
0.9697443704975521
0.09664992864897524
0.5484661061940195
0.721777272892898
0.8658595813924918
0.23678585465606877
0.6049186055367561
0.7596208029830702
0.7589788923703186
0.6017395770685573
0.35622958515115266
0.5291664189771292
0.5856866405818582
0.41406216412177965
0.6644791212056607
0.35866918076307
0.46967826056110673
0.6527103981059826
0.4642183555974544
0.6803309514185363
0.7727883297301813
0.6930775505104507
0.3990405910988919
0.4662966142241021
0.6166824422571106
0.6098688770201378
0.3234167957434885
0.8189649835907711
0.08852077994607983
0.3598649964408508
0.4429110792518047
0.7703815464288408
0.4619524380980927
0.6123809367875284
0.6570758675941154
0.921895427458131
0.1807753699731639
0.22334031973729854
0.5987097194489797
0.7627693474724035
0.8333220768098635
0.3880045708260415
0.793111180864946
0.6841515365355247
0.6884329601833494
0.9862562292119107
0.08855187426028471
0.054775050718951876
0.4035624806904506
0.325306839734703
0.6097038369353274
0.46528259610633255
0.3256289723867145
0.8338816804067923
0.525388151699421
0.609046433593244
0.4466686449830682
0.10911752013037306
0.3140759273120084
0.6576089058141374
0.6300785671262927
0.8533322597247168
0.3125154175875422
0.12135633482210371
0.5596133050334717
0.9784923655236477
0.3667869261851955
0.2775068879520912
0.6033418476890271
0.7032761189390714
0.4629651291236836
0.8655375785905652
0.3479415967521288
0.5889087468132648
0.44120505985560743
0.24952426581611659
0.8442348531882606
0.5747401437270723
0.6164198462846012
0.507864419517589
0.4234057665122115
0.7273488533678367
0.30828198694113196
0.7287117427207526
0.5592674781235297
0.5569455934363812
0.29273944012478836
0.7670207951959904
0.7157904280968537
0.6464624496415396
0.8065357612254519
0.488271813128193
0.84259672085137
0.3350542464226643
0.4979091273086422
0.6599332824670587
0.6451464448640796
0.3564106473287193
0.30719020302861794
0.8265258515846621
0.1656348147049645
0.22638505576997633
0.6077949052857516
0.8829548741768471
0.1102251418994879
0.6413534271958052
0.5358592781413787
0.26969905397127114
0.508884078479072
0.8115660431453997
0.06773775590602649
0.19645674112872108
0.37574700622187124
0.6238416461173152
0.8552535516670944
0.3331483542265506
0.12011637753822396
0.27837700442910107
0.7122192787483417
0.652162641787597
0.5624288125451178
0.8539497125176609
0.5199447849910599
0.5162677370343919
0.7285822800080447
0.6086155541565753
0.7582494808891991
0.5140127732130237
0.897096102574801
0.24787712066354614
0.2178403041103351
0.4161440605529881
0.8997268417811399
0.30556673942006596
0.6352750842795469
0.6157131319024142
0.8155139646237037
0.5064250137315753
0.44593887031332213
0.7180189507518012
0.42605026792282247
0.36354050681826333
0.3921140247699578
0.7771013588868032
0.06183772828122531
0.49114559366547883
0.8708062688728283
0.36123687106944374
0.464943335008661
0.4061440723272173
0.8266653332865939
0.09838440158721679
0.48921451512519454
0.45287218974052607
0.676649654289249
0.40635130857431345
0.35596139112878294
0.6332635070489596
0.9477790882862359
0.5726983352113932
0.49845444332113126
0.8068880185264036
0.8166481403569144
0.8190813930018707
0.5614395421410758
0.9698697578703327
0.4156477474359595
0.36576346707695884
0.5025496915639679
0.5380061644399922
0.9278306406555654
0.03214385931996429
0.4480382817977096
0.36781502400268085
0.7426776713834459
0.8015985707632254
0.8841306754625213
0.40581147036052717
0.7144005627003444
0.21695222035612938
0.6435986697109447
0.7644122297116009
0.5412932766548867
0.2908475218338575
0.5413493793725509
0.5763194341464045
0.6899791580125229
0.4420912011580376
0.23041453036870313
0.8322541649738963
0.419742086662525
0.6921284798685121
0.6348893269371311
0.5199560324373407
0.43008952893183644
0.4966153892444117
0.7087528042544962
0.5320553292989197
0.8107684934620667
0.27805283580917206
0.32932785630951705
0.45813185132980255
0.807780510683259
0.9019337949681083
0.41121066461575073
0.8116195668568591
0.2702741962435077
0.658518330758662
0.5526679165692614
0.4608634803133331
0.6371084699594854
0.6081480669072965
0.45829753949140273
0.3303752113889137
0.5456882147292206
0.3245206183396009
0.6538365080372438
0.19595307230884296
0.5497817858974199
0.8305153137571895
0.5130281368616528
0.4902540838572037
0.27210022202033474
0.7555236402740739
0.12140608109026914
0.3757382533688504
0.6251329231996496
0.35432500017688573
0.4626693810436714
0.39038649394377645
0.8176555412231046
0.18852721441225884
0.8549510325225242
0.32810462526141787
0.6382104194414168
0.21937405411780592
0.5470912558716834
0.38449477647304686
0.9389311181564741
0.41391443257916627
0.6540228542342776
0.36635888862506727
0.7625156554021938
0.2893626260067572
0.6131724689494578
0.5716728553153501
0.6065723211213723
0.08307712828611843
0.45587014875120246
0.6710293608040545
0.6644482406048037
0.8048178669930812
0.7262329549966497
0.5572821733399973
0.857464743474686
0.4534258760652998
0.5552992417760176
0.38750322744745835
0.32069222163384575
0.76900013372901
0.30748385231860687
0.8073747815845037
0.41953696345179825
0.5220174495328225
0.27543884628643883
0.6328252369620685
0.3495549758486537
0.2865861477578706
0.6248164847317577
0.17698014237336243
0.05667168420432747
0.2195043607812433
0.3842885556308587
0.9782782198761197
0.08620834056663848
0.5441216486819075
0.7607957056062294
0.607021955075418
0.26370368812411893
0.5440981284148564
0.45719132902248444
0.3148200361824399
0.7501079696345456
0.5337623242523276
0.3440756648200109
0.6307510161613776
0.4366338722856999
0.42699100815995866
0.9054510607908808
0.3101617589567658
0.3055244764242324
0.12452800905343608
0.7660459121425942
0.9137819519476603
0.443935068330572
0.832142536335994
0.796820599826925
0.6710441300844883
0.607215371837726
0.04055280840658412
0.30531022183332074
0.5817723947869631
0.6123307511091345
0.5967619486260001
0.6875230078170331
0.8854430515338381
0.7533633662360764
0.6918364036206284
0.5065505311150027
0.3679948842456521
0.7385239328145028
0.1864079876816707
0.4310653890051732
0.4035154135753086
0.8588122268065906
0.44766970996676697
0.29128418804864453
0.26742314661780764
0.8596645651949659
0.4785457423644628
0.6196169652148001
0.09838978349997807
0.3463047494352146
0.9104512261478103
0.2591136297108719
0.4677288669081258
0.4614497129029547
0.6015645491521728
0.4253729005067377
0.7913090050214613
0.036466064118655404
0.22037719996627597
0.6366195704692326
0.9153368670773625
0.4174026413328658
0.18039954794824214
0.45048533496874965
0.6082753275580162
0.3082367311301574
0.6633432456931032
0.8261784528883775
0.0871174470781767
0.2405610284269391
0.44782730768877976
0.7653121298304472
0.3232732560806167
0.6492424956165217
0.47378198337965144
0.20904179572587625
0.8024255258659865
0.562927774466734
0.7839027811257507
0.16784973298838007
0.3376865205626226
0.7889722186091912
0.6851495055989585
0.6251507536015828
0.6471956929771426
0.6491013157959218
0.21134692318611356
0.6456184535459324
0.5367297066251369
0.6393579097909471
0.39240223059554175
0.5232629113870535
0.5877736094601897
0.3737196390942331
0.7518176503643363
0.41224831323635763
0.2809110639376165
0.4670505700708701
0.8807128920521463
0.4821190581497602
0.5738581807520597
0.5591460443011437
0.9773026287171662
0.3862080390768151
0.27806047894355046
0.8179917173015372
0.3247831511230559
0.5985695814202099
0.6835045027741647
0.2888636091915545
0.8462135866883518
0.3669587335372345
0.3902739212472212
0.8193797928068074
0.3367508016292309
0.3512293321024271
0.6011307111765856
0.5709182674666884
0.6051099490507272
0.995998415056638
0.02803905765501423
0.17850093182231444
0.4804845805665333
0.4093078985120907
0.686216415091389
0.5890103261772378
0.8047401141834781
0.38334559774652577
0.5420895402339638
0.2580077454937557
0.3085954436661452
0.921462777029218
0.2685887753131428
0.2692420114389358
0.6010105234259614
0.47328134706211855
0.7991239725899786
0.5659629387125317
0.9349276941761884
0.3932006599058485
0.5693382069565713
0.788271355073999
0.7067261198502139
0.805445641869318
0.13063743417371831
0.36202369686656183
0.5861377433358379
0.5077612229986244
0.3119535643934061
0.7348874803031058
0.2131071766250401
0.4099522779811661
0.5322154119451543
0.6476441031375699
0.3840199995253406
0.5360312035556342
0.18214047524210764
0.358870677710866
0.9780207774901502
0.30216696792424225
0.7151918761804906
0.8581427288099739
0.08629203329704946
0.30589804694307937
0.2853319930415373
0.3902153263174639
0.9263621422016718
0.2244576158081133
0.41880206449535917
0.5211599316595912
0.6166661020794961
0.6076847126632684
0.8757107501555113
0.11165051646563337
0.3231478794574991
0.7703702253751081
0.024474964654243023
0.2510215729024149
0.5607834521879667
0.6543977161609027
0.8070378495077951
0.5548143349657028
0.6872246716477188
0.48064704780535283
0.31995015221045586
0.5059176327895505
0.5419949798748583
0.24148053404552175
0.6628709607502967
0.48518296484263196
0.60209651046387
0.6608515966848088
0.44920176686602675
0.24461073242211268
0.6808861104261859
0.5885691816457317
0.49667472999575113
0.9537428467304608
0.06810017298773972
0.290916600632413
0.7783731155026828
0.5197585403074002
0.22417898828098676
0.4863134035693067
0.5931829591570373
0.4116324412225075
0.8021979547302711
0.43567996047843033
0.7380788171327184
0.6372472652760495
0.8612725366684955
0.36009898430279513
0.17623183969802886
0.4302552047600482
0.3868301761972266
0.558835036416524
0.4211382479834696
0.2935979967420247
0.4190377196327806
0.8492486058453518
0.6154749643872921
0.7149594440108151
0.7301263166406885
0.7586124905663199
0.5588440347955848
0.8060338410680644
0.3200037236366292
0.1725479381901737
0.6071796921652627
0.8118614111614284
0.45416012310943277
0.49803362317500355
0.6823938214233148
0.34977527644082523
0.6416543366915043
0.9078293446692571
0.44103913780354653
0.1556470403156214
0.5191640704161348
0.9056796886508138
0.22722489238753302
0.16958573067230848
0.31897583389251394
0.6925865147968975
0.4432594260780376
0.5764823930383283
0.8264144221276895
0.29672937479555406
0.6004047352102965
0.6933831633261922
0.863539785807459
0.2847059069502347
0.2737987426797198
0.6699701865860745
0.6491483510231514
0.2481430387860171
0.28064351577010327
0.18750366617167902
0.7180172010500181
0.6251312745722168
0.4079366657295434
0.40048255425070645
0.2724734863068765
0.8117342711887028
0.3691269580902474
0.4910586668912552
0.3533302726180469
0.9725036799301446
0.10060159909279885
0.4429152241431698
0.37656327288139
0.33016107363493047
0.5550259594237764
0.137863118034286
0.2985233822579964
0.45254343454907425
0.51046923691146
0.5115625706941097
0.5686287173035948
0.5464346737569431
0.5094755722823157
0.3092057156374791
0.6417388966279454
0.33122052674929997
0.10815789882922953
0.16762946494857128
0.8500780497276788
0.37941268882683366
0.8733787136161939
0.284766808330013
0.5886551137826707
0.43969439455646503
0.8957846711570836
0.39261316047278283
0.4570233586009924
0.25828483949105374
0.4174594322982508
0.6424299393938293
0.7596121353778429
0.638393474766392
0.47053388532750584
0.46863994380901425
0.5818594845342148
0.2687526701288914
0.2963541706956383
0.8177271355087068
0.6550822070655516
0.7926863522889827
0.4480795657355358
0.43192752150740377
0.8791548787677002
0.36972628725296797
0.9253139302802016
0.09823668675025893
0.3922479945641784
0.46093633289320257
0.5662748370429476
0.8675898591456355
0.2337383228794636
0.2705841857216149
0.5187767140846791
0.6537156091836913
0.816468290486861
0.16365195496172158
0.5251044768232882
0.8205055426600256
0.4495655041499358
0.7394829947710457
0.6750592498217263
0.25876018372206383
0.6732562194148154
0.04528704024623878
0.29967988916556076
0.32725617388059736
0.576665513073799
0.3300661561728625
0.5902403423330871
0.5535684918662153
0.1839145167173215
0.7005463431209102
0.7635171397491171
0.7471526028820192
0.6106004256110313
0.620282322688458
0.3234391642693204
0.5401311165372048
0.07978186562624572
0.5666610588813684
0.8859632146203784
0.46380653767165825
0.9228074051325308
0.4297557133995768
0.4904416585156178
0.7636405540819622
0.5804141614593918
0.662794990149551
0.23141692775758915
0.19068661568197984
0.5133765798478005
0.7784718722899582
0.6632169261549766
0.37416517424051055
0.7237582654286137
0.2688582414391733
0.3888116634299435
0.7751143390226997
0.1306208421085997
0.3726462170903416
0.4030278554589213
0.8381471366052149
0.7589273742873062
0.7750576716910917
0.2785766707306618
0.2620457015128318
0.8784850144736014
0.21389683824045239
0.8337404510592974
0.45654722893169114
0.5840384039703173
0.5254106288034631
0.6655597928780088
0.4362239225498914
0.14667373017964724
0.3731706902569237
0.7699746995484938
0.3869387246725255
0.4416062893003596
0.7577810198959992
0.3333074718444112
0.49745542655393643
0.7895403118134066
0.6292829126781105
0.3248770202807132
0.6276577025487045
0.6277179655627012
0.3873060859673958
0.6498330875824333
0.03892439908831851
0.33029347978462
0.44128970611591173
0.67653842624349
0.7103343449407757
0.7231056923739648
0.6755049566426842
0.8882499491827693
0.27335829310068094
0.42781373119648103
0.3815965735666025
0.7029818799048305
0.34078381852003264
0.2761700877347164
0.8215075217777599
0.6059177067988595
0.9578622887736766
0.16381707746991164
0.4778696485362647
0.7459849969941422
0.03204678408261931
0.3976220839548248
0.10260898204733475
0.543516141752285
0.5696790012238134
0.33013814714141404
0.4941119734711629
0.28978429115064946
0.853213263468344
0.056259132646676
0.49698286113355467
0.45602038885536356
0.5666935261197135
0.05403981110505375
0.16793001587722883
0.5198685049408198
0.8024576026780852
0.19725368998980522
0.6798014631117731
0.688113239005554
0.3950942408747952
0.4257493890187106
0.330743449445258
0.6057081113764009
0.851979132275043
0.11428205417169712
0.3830742031594763
0.3156948459855465
0.7726532551698964
0.1416124079592955
0.2276150567058136
0.2421586777468664
0.6760698491281747
0.3156342236601104
0.9081070423491655
0.4258471126496402
0.6589037849077645
0.32448823224491075
0.441871022058085
0.4975356582791432
0.7674727253681588
0.46183013483503865
0.7993613158911497
0.2951614777605255
0.45702931223382315
0.5641690119343229
0.7355212230180705
0.7166778971163956
0.28373706248952923
0.6782948163647021
0.3862340864615853
0.3196874233816999
0.7681040959666341
0.7714116241358747
0.3380729578233116
0.5711035411701235
0.8311671701026181
0.2162319188292735
0.475273961711697
0.45222452082953635
0.8427769343908735
0.6644637681952101
0.5700568049638493
0.4195249528910159
0.7460836709730201
0.4696389832924176
0.6405923914528138
0.07012372836490208
0.23148068966375823
0.6189474787089312
0.7518151259499172
0.17864988680127863
0.4914851592378998
0.7594890119728998
0.5457316216844648
0.796006549473919
0.5914835005932644
0.790629003530209
0.44328761599061134
0.6219311689555631
0.6017687992155369
0.1432752160644477
0.6698793831924404
0.7329581089397709
0.12277585738762853
0.28436796144758936
0.5262699299106622
0.32258430080686157
0.44967791072398583
0.790692116041434
0.6650755067294366
0.5842105249675298
0.23828720600811604
0.32294283734024587
0.8125272233342685
0.797180965976271
0.6793239810143745
0.6990514463740428
0.21176518424428226
0.261511664006956
0.6651942866835434
0.8546571992403573
0.49711771851572784
0.6063932588179549
0.6241447699273367
0.9797462234354248
0.3698045395698497
0.4298913249222891
0.5880687620269192
0.8634736573836312
0.3641705252677872
0.41469135335878393
0.4355421962260707
0.6174724965087042
0.0652709132181173
0.3029751869208573
0.4073630980416378
0.6764415720270676
0.6375678676930816
0.3188367928257209
0.2594530270378063
0.5407515736562574
0.940647598606233
0.6090034023493758
0.5621693364305764
0.4918319958475953
0.4935345798732857
0.3461114534343336
0.582616251341006
0.1181138679764998
0.3059514409185858
0.21457811460718834
0.5477091558799663
0.7031803324527857
0.38771531151357624
0.4497849880045419
0.47904504220057686
0.48426057366210534
0.6636427488442026
0.7969220920407791
0.5918376823400671
0.545999016472539
0.34544085518483025
0.24249480197281784
0.6200758256463281
0.1441084237296936
0.4813619745776778
0.7011566381602011
0.20858266772207673
0.33887961908906955
0.22020594564967977
0.5272178184086329
0.6254080445269108
0.8122845303090919
0.4662793843817639
0.5012796778476547
0.8483767621866762
0.4841381064895697
0.5289589393566192
0.9383347628136365
0.15932747693893004
0.029546278057001468
0.13821045808015112
0.45186773552030235
0.8946001696484249
0.04704757330344924
0.30179400697232833
0.22674521863952796
0.4310681195734906
0.605576852773636
0.503726970201286
0.450703250406602
0.7232299621791104
0.19309089429399204
0.719851734021914
0.8505686234427885
0.44134624894781793
0.5453051120635876
0.33367016850062703
0.44861022946054807
0.92482728845022
0.4750445096580467
0.4038943060563699
0.69098367925883
0.6675248457497078
0.15945097064733246
0.5529620034074856
0.8465152573579402
0.10750385264033914
0.08798879923888317
0.21563430687169355
0.525558672879166
0.5084290650536106
0.6225405061560202
0.2879099054127636
0.863651906630934
0.4808880789691513
0.7169665788538937
0.4913870833924513
0.6447528364992647
0.4630100560222009
0.8529441900229146
0.5921354420051952
0.694774254186443
0.3738508359651568
0.039617776078169395
0.2871070289120019
0.7766289345988523
0.7235030018309202
0.5476481374784733
0.6639792913996172
0.6923171159330049
0.3402101456721639
0.7040174114442616
0.4620137582126414
0.7249589711163779
0.5928748980477814
0.5119956596220919
0.372576997982456
0.8125089483017008
0.2602511538619422
0.5064360792680023
0.8188037339911913
0.3070565142214527
0.6902244472377603
0.5572987418300701
0.500480761916217
0.6927776400972564
0.6630821607326873
0.8751872674137221
0.27234350881138525
0.5873209098797587
0.7316501150532773
0.11293002232208094
0.44886674860870424
0.75446672821738
0.4631376341462204
0.7057310769082117
0.9179336699142366
0.3010528143553315
0.5925848807826657
0.9748017018574946
0.37694441055150857
0.0802720309909716
0.33298294516272653
0.41981714671938475
0.7279777124394721
0.11762733244012274
0.643450958461494
0.600315661467025
0.29402767749097297
0.35885001720954485
0.5493927337992245
0.7937355283503718
0.2106714537347396
0.6685915317582287
0.26901324138302696
0.7793438143835942
0.23135448356932986
0.7846623827676352
0.5110403626287453
0.643072331592485
0.8927230094347358
0.41315987149135447
0.5130655622014508
0.7373285831202872
0.5778389365221489
0.588788500318534
0.5863866724927949
0.7844135654655318
0.10335710667525565
0.18746754018750322
0.7730823750029381
0.6432663535456826
0.8137956407649372
0.41280654322940624
0.9215187134603846
0.14881409179574628
0.3295657221691647
0.822787513846734
0.43449827705037836
0.7020039071539512
0.19204189951959294
0.2859745291219209
0.7166273039077076
0.6341370451620001
0.7003582390331337
0.3738356230792382
0.16920075729335599
0.4712381969133943
0.3924798919042862
0.7252603706642021
0.3688903169958991
0.6335550514802798
0.34448987797890307
0.6935397265440274
0.8135442184531865
0.35084578574211256
0.28272089086719454
0.4054708023170599
0.7821394274558222
0.3563173777122436
0.2780036207593803
0.5359491191659305
0.587343326304419
0.2519927383598419
0.618650182428747
0.5520710594928273
0.7806317712132848
0.4308363490388391
0.5607865584845606
0.7414052007914287
0.2453786007519706
0.7320686071068253
0.5745400399449139
0.8481102345118048
0.6736664902205607
0.8716726862088067
0.3343745975203851
0.8421111752931077
0.4686772513752409
0.49204172249070915
0.6347770518118786
0.4535735053785732
0.5880742073743096
0.5541583672104926
0.6480150987361217
0.7964912732018274
0.8094567374133979
0.6531991894232292
0.3879896933652266
0.8879124869106476
0.1319911404476355
0.7158515770782317
0.742978799962447
0.1564226117409851
0.5142501317028586
0.6763080197761285
0.16197744935010347
0.08505354364409065
0.3278342908785688
0.9957108255899134
0.3315446989770495
0.1410670491273312
0.3941913651185194
0.790408479589974
0.40502226872108876
0.9503708023717874
0.18988981288581364
0.6546916175537321
0.7634163448000617
0.3573626066793967
0.34367945518353116
0.6849715991895323
0.35509224707943704
