0.8949821625780461
0.12852056043273127
0.5326837878383751
0.8174740203744926
0.8429687536814525
0.4560825824709801
0.8792349553123602
0.1053935295296586
0.34567595489913006
0.47351269433695187
0.34026744642177686
0.975584052150205
0.29624252987708793
0.4428035699254742
0.5392983680558047
0.9326577661541308
0.615016412495016
0.7850575541051673
0.3613889233744391
0.9498604044466128
0.4231818389572855
0.40716131931675903
0.32576660771690025
0.6878377966070388
0.2587279099902372
0.12794859697768726
0.3672596059932647
0.8997719207868468
0.41154425060344796
0.6165872713451341
0.9533885544407898
0.24206720940750212
0.31522340594913284
0.5559420129105703
0.2557501911705677
0.12133711939532474
0.1676433216562215
0.8566419022026011
0.4297584260217646
0.7603346232274628
0.28414523870287894
0.4970729830530024
0.9687172128090273
0.20673414967208012
0.6901653953594287
0.6481365543090503
0.3839985981096846
0.781997590453583
0.4754988937219124
0.5053798230052671
0.4975817303151887
0.7510992442231667
0.28566423819898434
0.5206384495153679
0.3416476291841664
0.5618393390944054
0.6149440520524203
0.4112739167041796
0.6241983916835854
0.5059540426665963
0.6101475266895178
0.34836808098212124
0.5672800893082128
0.19591801697018166
0.45573338878154523
0.32793955560991694
0.6675729794262996
0.669392006622829
0.7787234293918585
0.56539964199418
0.8428554909121688
0.5883547749713536
0.8578693179134625
0.36451430975888477
0.09773518147211843
0.3392911822338721
0.7885579700437536
0.36821016635967996
0.2123324339567858
0.45385915549016953
0.6581569310033336
0.49858404484567076
0.9256334498354466
0.3670704881542496
0.45858639995687916
0.3948816587125842
0.3730550413077188
0.8896093340529045
0.436208393819303
0.37239312450608486
0.3184069690761926
0.755601942301193
0.17881067642836845
0.4187246324588778
0.9020921345921413
0.2750236842746573
0.4717814970648627
0.36692756353142086
0.7141977484269352
0.3023124026264976
0.3412383494546557
0.7315280214200258
0.24457053354567396
0.8226251581071725
0.7924987953973677
0.8432342494993541
0.5041947350158953
0.4625180832654456
0.6927056158484299
0.5028087982848578
0.6301879726784152
0.36972442482602974
0.7262129588340982
0.6136690999714736
0.6144844803685268
0.4215678667317951
0.1986392021916768
0.8005891043162605
0.6082194413378404
0.5190106777657361
0.6038071513280083
0.6194216760717578
0.41781730746075246
0.7468084076020574
0.30676246143257285
0.47750285086156685
0.8551357820265619
0.15183592810804247
0.44002487160073533
0.6604078701287888
0.1667491478017702
0.489304913080291
0.7385147954745593
0.28582795785452647
0.6956806645040394
0.24010160738355774
0.17146541334135496
0.65325877792092
0.6626346986086864
0.694935878383294
0.29130904631713245
0.46280681372263
0.7159855168545624
0.5503542237904859
0.8294721507193052
0.3465556696967228
0.34611280191846505
0.359640076492653
0.622929857925407
0.5552000196432538
0.9721642435015949
0.32240865845399247
0.5514443960479497
0.9706647709258476
0.3020283472419557
0.5161217002334292
0.957196272826242
0.18582345165878408
0.5264981087256028
0.709418233667098
0.6779947403331913
0.5093705433003615
0.6248756780255146
0.4424488586354454
0.11145361568277215
0.2474099127537937
0.5400657268079648
0.5018510965571206
0.6940222382343976
0.09387320522811378
0.15442008371341537
0.5653311040775209
0.7021121652342244
0.5160142265395925
0.5555268793124208
0.9450870248459019
0.42476593010186753
0.39781581128985816
0.9606973651152928
0.4811883177212589
0.6630684618740327
0.8935429418216687
0.2952572860319318
0.8787023130055076
0.514094197410328
0.33625278158550725
0.7592381725940923
0.19302227688511883
0.15460785298569063
0.507455113206739
0.40085871961284875
0.8043976966740671
0.3918274999482385
0.3911400347617708
0.5605241229493728
0.6027780740308778
0.1879933538588879
0.3166953333859431
0.8042797426863488
0.134501568684177
0.3262941523127287
0.6436047747954292
0.8291229346470337
0.24615751170667846
0.5327374338696137
0.35529762003297277
0.905586859930383
0.24003951315492225
0.3608929433059088
0.8381982022456697
0.1194517888843853
0.7898451876389523
0.9377638316474515
0.5600580764380474
0.6873528270948859
0.41797455488368895
0.896473944385852
0.07635435921329002
0.3525346350561764
0.9505479774333965
0.21616012697900303
0.3474419076424196
0.5706647822844274
0.43452956320542535
0.9417651030642179
0.3644552109656122
0.7611876854775741
0.5953519790383999
0.9707934897217881
0.37928401731117367
0.5478022285064885
0.7952013966086682
0.18647206630905125
0.17173661571511079
0.3399313767651432
0.7333004706194334
0.5622165433856364
0.7570391723054877
0.7373812156489472
0.7702796088979594
0.30457239142537523
0.5911989433467064
0.4692587077003942
0.4699872646525776
0.640877961022045
0.4577044250806306
0.9654372302851162
0.19506820922515408
0.4028429946613863
0.8549705696417097
0.05032127502321005
0.12038741686122466
0.36761068772904226
0.886294574276306
0.38727531516527075
0.6176448566391084
0.6028561944163204
0.3604377204094844
0.6597828303064568
0.4267354383726663
0.176080306171836
0.4733628121338595
0.33691237409937075
0.930650787851651
0.4032124492062965
0.07159250946587464
0.18891967727454445
0.3623355097563522
0.8315945505216822
0.24504025935189916
0.49151087260196613
0.6761901759644184
0.08760306656072156
0.2951409033622572
0.5702719565488323
0.7156658361963599
0.17071260081240497
0.4475887582420942
0.4510403643947579
0.5617323314472725
0.3509494666684226
0.6912150738371128
0.7910592794052537
0.1828475166513061
0.8953478814961281
0.5898374906059605
0.9242231356009588
0.18721227336745197
0.33896026107579535
0.642429299104581
0.7371653629157773
0.32759821993874055
0.9775428138014811
0.009633385767926538
0.3619978244904655
0.18077206796347034
0.4614816512214531
0.567488853462178
0.1758917049545886
0.20995779965704955
0.30482076733115687
0.7340249863848253
0.7852717528466155
0.3174077823546205
0.6343594987907684
0.8379663946544529
0.26148696101288593
0.46618530430441835
0.5560506836490524
0.5351439806039439
0.7207929851913543
0.7094197811040089
0.18507095929458833
0.4718664117476399
0.3251258820243286
0.54486628849974
0.724752138311095
0.41744313911368924
0.8613117788058298
0.07452224896621501
0.2657604416624835
0.45941452634359875
0.5311366022307902
0.39061337232947585
0.8269633663647954
0.06991561960771814
0.4790117624002072
0.49715702042557686
0.6733355858065959
0.42526026906843656
0.8924811791086265
0.3330365819927413
0.7277407344829243
0.01640853165707745
0.44848847887546467
0.16971143357822221
0.8085560235856963
0.5043664145870719
0.763430152393905
0.31113340924963695
0.4380632472032798
0.40320886127766725
0.6640870052329593
0.4402407253027037
0.5696805796420649
0.27240413590462664
0.12530846494097853
0.5335405640824944
0.5983342716628732
0.27031487113264346
0.3984266554694105
0.4624573316461268
0.6145343275965588
0.3564635563269911
0.462022342569655
0.6530233330380693
0.868105424478486
0.4555851031408393
0.7204521023256651
0.45492229950471297
0.34739019013988165
0.473028985925494
0.7136060865464908
0.3745661153306198
0.6053255369611266
0.27521796224621387
0.8144469903552591
0.48936820680254456
0.7479517414890076
0.17043537714390822
0.7356549563974544
0.6643266866436479
0.4137682467474061
0.8655381430929735
0.28923272484572926
0.516203117739897
0.5508897224603296
0.3845571820504236
0.6580727909656308
0.42225981629469966
0.7470820951591186
0.2943009001313297
0.46661298265313766
0.6744226071123871
0.35521580272098785
0.8602792100491858
0.7144267936185684
0.7380847834449269
0.49975748268679127
0.826863888329403
0.43271741033447053
0.9725212510389605
0.39374713729640964
0.17042498573729262
0.13210925174810695
0.47119053669809674
0.7546785149504945
0.349709494110434
0.40175395386079726
0.31576046475037667
0.7732861130312885
0.1954948795656692
0.3702790799493184
0.545090098696712
0.6579656799978506
0.4409164074551243
0.3804691483429329
0.7627439893316669
0.34819043406728833
0.36250101751355285
0.9646142099713654
0.10026323839235594
0.2897941116506508
0.5174027310118162
0.31081882014349443
0.6481485923092425
0.48144063455201225
0.1566903125571563
0.6141905881692693
0.8648511891069955
0.5646982243380402
0.5185211064591932
0.7507969253114861
0.8618574428138959
0.3081454849078031
0.3983250439785919
0.47910709192417633
0.5426372089793545
0.6314958412793195
0.6468022733325283
0.14389682800725548
0.4344012955297597
0.7254179117947244
0.36309811880280896
0.83452904005299
0.4605211074035284
0.15845698514721726
0.7937653924359214
0.8112939098194032
0.5288031141635134
0.6302907487884838
0.21944243578403622
0.5710893792746011
0.8072785798315387
0.24813978175507653
0.19391686502261488
0.6657346674347773
0.4147059948667975
0.6082890251666738
0.08861355478998682
0.21568382591533358
0.285725768325663
0.741203043796077
0.4350639248772069
0.4920772895546921
0.5484555840602013
0.2288507342365799
0.42443520433763604
0.36539204926578195
0.8746669303146877
0.05122714445675138
0.5157892817700186
0.8145916239658428
0.5217527262713915
0.8205155029819534
0.3631307442933629
0.24454150856314444
0.37668687944890406
0.5977668148696894
0.055302678696472415
0.2385732616313161
0.7822277255854451
0.6660151319543135
0.6519217748541946
0.39695763303415776
0.7394602610015066
0.5653948037926024
0.639887808362285
0.4929950240809202
0.7895631082311443
0.23925965601419955
0.16846681610215591
0.261263861002004
0.922575013447225
0.6687122158426517
0.6164955550453578
0.1335454739535757
0.3351851887914074
0.2916265615850361
0.8095978130699895
0.3294545497139308
0.7049403346975899
0.1417142881982262
0.3718301713471288
0.36909478340382407
0.6521457169128889
0.14816543284622175
0.44041370496892784
0.6033318162644394
0.7784142864405639
0.39280723303829385
0.45409885740182376
0.6999317963531066
0.2933583621004567
0.5513002246764322
0.7110983566641584
0.736981896807899
0.4486323853198177
0.6027061763446955
0.3407121249137659
0.9838926078221152
0.2500022277684356
0.33095919428667564
0.5210804021565104
0.5796390268615752
0.6237982809392635
0.07006850307581455
0.15405808253623676
0.4649921887232498
0.5251746413629769
0.8308390256971802
0.5735448931233248
0.5746598616992578
0.7277439029052667
0.16391816845448703
0.24020291340516026
0.5467170191084894
0.17082327536199016
0.5183750780961509
0.5841789240252455
0.4565470231733178
0.6503587798961061
0.9758311336437497
0.4710946387593185
0.4751150429275703
0.7236005419585574
0.4133847107470701
0.7093799307841459
0.7508910344486566
0.6091697079206724
0.36924107287236174
0.9439438960722959
0.2735912287061306
0.33720179288625807
0.7784782976147433
0.43229029228764276
0.33692266463958864
0.6739596144540891
0.4071293302167104
0.6496864040251653
0.25296845004629764
0.4268067571055675
0.26913484300468804
0.456243569091092
0.7360305069101957
0.339669060486233
0.32659071014532715
0.5532392270581976
0.5566716098616288
0.6504132137687432
0.5947573385130349
0.891857498004297
0.5586027225632642
0.8817207365251603
0.20970464567804498
0.4118224715066502
0.832449990145687
0.5594183681166713
0.8634292069942656
0.5752417817811369
0.7333918603340814
0.6849273117211624
0.8353043206807127
0.11285091567280758
0.419242043383328
0.7493866230918727
0.9309480311188447
0.46907389695583157
0.8037888660281578
0.910726135350741
0.3011976939704112
0.9699555717609922
0.07529277265778478
0.5202478748234185
0.6474828431938286
0.5861377877182754
0.5789887433174431
0.2974358114269503
0.5856326130985433
0.5248634780456376
0.9553389117530604
0.4166823761578029
0.7304839940015686
0.6468584826602289
0.6771847223689677
0.4602715652181635
0.7431270092111815
0.86883354228142
0.5727481294729871
0.6611450023131639
0.38288941539553356
0.9185307202486759
0.32084124575019046
0.5735344291771547
0.623910935643267
0.7884302617212169
0.6633217419452799
0.4667903180900125
0.5854031189316454
0.791896678196246
0.420842874723482
0.3304336460534893
0.4114768077421587
0.5978691835777289
0.34866216040524695
0.5375548213310389
0.4663332386121065
0.7226874695716323
0.5778297840076775
0.48118618822156717
0.2915668453716591
0.6315817512067755
0.3399048180321213
0.2363182507843808
0.21259032469801192
0.9054322255919944
0.4125700985824755
0.8292128133945316
0.29192111227933837
0.1838232721835929
0.5587735753173237
0.7822535927306387
0.8094118442046686
0.1583976560618213
0.6261503434298872
0.5366620112245858
0.1466025051723361
0.3965777058929299
0.5507736390620669
0.35539167707528757
0.4815948695646751
0.35474256259219117
0.9729047778108312
0.08329928852133053
0.31568375278851274
0.41352837481736304
0.7421032078087866
0.8501994408659519
0.0968831416230124
0.12196575151958469
0.36923918599076105
0.785745779182776
0.2692559631068485
0.49702321747720524
0.7061972771611608
0.8983590795092917
0.3770621543716741
0.7292206841980595
0.17500980924631837
0.3091202925490899
0.42267564734192153
0.45671592446267517
0.7512038853949231
0.1980524629712946
0.06371354611312027
0.16424496695046187
0.7351996218613114
0.8828737882306914
0.2352719114610788
0.5346144234078097
0.5528783072328438
0.28393634856391003
0.4102331785241421
0.6154968562744256
0.44856820554694704
0.3068831744320947
0.45107310212105595
0.9106724027920621
0.44103571050293955
0.22138202474614083
0.595912351303802
0.5990836120487091
0.2647177705499874
0.6711346131952055
0.24480500262115326
0.3993969918001445
0.8864525627737279
0.3125043814486147
0.426063460261746
0.3304003665207561
0.8227583547091845
0.3415020805630679
0.4972697628336699
0.5739989675496923
0.812411726626816
0.4112149627529883
0.9363308053783679
0.3596051881484608
0.28652653998773586
0.2664831674962042
0.6285769600266448
0.5683293002577515
0.35837003593272687
0.5092538477067827
0.8489034258654058
0.2182630592306832
0.8826986195047599
0.5603584186453073
0.6811210275944084
0.4140198442935045
0.25760357894298597
0.6296704302483208
0.6042903760828768
0.7875870317904634
0.2789307056797803
0.42303356939868153
0.5394775115665007
0.4877733168402543
0.6286047008639086
0.7547907209820438
0.3354510993032837
0.2365956634507019
0.7153558418159021
0.4549036833816061
0.7513409187327278
0.5041294252834373
0.4416020556325104
0.6876817249159074
0.34475465677522665
0.3019404511923991
0.5550394900328192
0.8446441969129213
0.8154251039960194
0.6330401120362151
0.4900577496851326
0.48897767434505146
0.6081287701181862
0.20367373461110713
0.4211175810594064
0.9714276045592832
0.16431710147759523
0.5996035664035533
0.9284537595565289
0.36341782729781785
0.6616717480355574
0.7308328660556711
0.2621565985900829
0.29386815533456534
0.6666772685479823
0.8293046349555855
0.6249147002326917
0.6882706736661005
0.48179956636584576
0.6318831607638047
0.6672267928939672
0.27702497429475614
0.22584199201259683
0.5894896600909673
0.72331452640664
0.402871640376808
0.45088748033544823
0.6654967853246849
0.5944001303138109
0.6199744317579693
0.4461045004649269
0.5579221482242107
0.7683895570373789
0.4317894184001826
0.5647338267019019
0.4641629170974752
0.7707507352040843
0.6491567110830242
0.49136245465936945
0.52874015267153
0.7994940832525592
0.708159538467393
0.5306798320870465
0.5723973771682833
0.5036395994367056
0.42091423459179633
0.573872672621678
0.689657760967711
0.5710897655430737
0.5447761016438466
0.5273176981670531
0.5241236176099722
0.7702093145079336
0.31915947296339825
0.8743797572124693
0.09624856338674363
0.2517709594379486
0.27440125325832043
0.630147640997677
0.9957296044150825
0.38302545330073307
0.39396648930131456
0.5615663653883521
0.578807917810678
0.5260590985389605
0.6231946327572659
0.6072578355013967
0.8227138601856555
0.4396603417391726
0.26250859742465205
0.37815927969191043
0.6707166684443435
0.9114910847276274
0.1782832835024044
0.0700605989792339
0.18948987293849825
0.7090540876549011
0.4556501502851526
0.7052367446602381
0.2922556434530317
0.5258790578224388
0.47257590828438945
0.5780711595973304
0.5308329051436061
0.45576775120218804
0.31726748961104423
0.9372413139443321
0.1647781773145815
0.20609198348637064
0.28288948438518113
0.5754087356254962
0.6620725497354154
0.9221231561013354
0.39004008115562633
0.5935753611812025
0.45365900727890046
0.39627294682650893
0.4381074437199285
0.6186261863737725
0.5920959663925567
0.3533344250137396
0.9365837077771936
0.3443875646758402
0.6993275972235049
0.497655097820368
0.5095158297417068
0.3482365469276331
0.6437884481058834
0.22954131657364296
0.07537895559950242
0.4110748265445994
0.7454131435370093
0.641444247472207
0.5721690250927661
0.4696833366064629
0.5471632991072625
0.888575534523411
0.25770257696969956
0.38689673759777965
0.7257784667867104
0.2550301521557466
0.6695571196720164
0.2820458095314638
0.8181472042982285
0.007653691136062691
0.2849251722089593
0.5207020828171909
0.2872286139618499
0.8623119744746269
0.11240290959762941
0.24130807593697168
0.5223774540380225
0.7423252121521391
0.7438594238451268
0.6712689644749787
0.80460455774713
0.31855732198620457
0.5090958165277166
0.5652517825399088
0.40601241728233733
0.9287089798461703
0.3810933146332049
0.23380577749862638
0.6166061986312331
0.5977644321714082
0.6127511256633772
0.2974052911835057
0.7333056969730778
0.39387968186507183
0.5476559615141852
0.7721919397997177
0.3382197834826579
0.8406872717769787
0.239287020747231
0.8037312875811331
0.10002729907594077
0.4679411155025244
0.917008654082242
0.2889527714446088
0.5102418212167802
0.5921589614402112
0.1804429245669319
0.5698588087776382
0.6586165756727451
0.8672677389876826
0.6990316999259316
0.8017918892518074
0.3069622463319297
0.526457760455691
0.8452111592054119
0.3946930872116458
0.7729513554590705
0.30871849868321816
0.45381514091349034
0.18499997081447633
0.6861987804820134
0.38699586604049907
0.611028397464445
0.08890521743532712
0.16060962662670514
0.3447174585197652
0.7653217017842571
0.44370679242414984
0.4178037217539425
0.40075806966881483
0.921623364101027
0.477096782931861
0.7396213658917087
0.7614141468172324
0.501075616941278
0.35204454521177925
0.76534738755413
0.3954989586394826
0.6380876105401724
0.8777613686647239
0.39499115574176047
0.6098130424002473
0.47168963145225107
0.8510477997524242
0.271264321803128
0.6594973708959717
0.6405280467585457
0.6962705374798692
0.414708582347614
0.5816417715109728
0.7220213852015317
0.4329868617049361
0.3114934277360722
0.6839016491829476
0.8194499423642454
0.10539588016895075
0.1777275195544355
0.46914674906994236
0.6070039488644123
0.20015559086035056
0.743509178783742
0.7153777933255451
0.5787469853790853
0.2742201596821216
0.3637143757340583
0.9554752816634975
0.07449578305006774
0.41478042225986667
0.439115252401866
0.8439115952718349
0.294520530812621
0.5103942183979053
0.6344740546129467
0.32329202299535637
0.43953641091190165
0.4224068503855124
0.823954582233184
0.433259776863621
0.7391803098392493
0.9029211645119452
0.29850547007716344
0.36001779487718555
0.3125730216061696
0.7902911253680054
0.36586899616887214
0.9628583240392936
0.2727537840696665
0.43025205332078453
0.40123303968339485
0.7072836983023773
0.20745905706875728
0.4899038217277074
0.7948754194946144
0.6234429134808805
0.821454330825067
0.3558999149394317
0.2738529244027491
0.4338532858531453
0.5408232630759245
0.5405375748691115
0.34252504743214185
0.6197412976829678
0.7452293035753788
0.11322040654552923
0.4701693686981717
0.5058286180051873
0.2554064953076982
0.8197947783039925
0.45389935854042585
0.37630255092732545
0.41121544608776955
0.6729268456366604
0.26692492180382915
0.21144280604788354
0.30802817692048867
0.8556419361732777
0.48989576541424396
0.5922619040334515
0.47694821659002407
0.9295221343549714
0.4935915995509962
0.6202691037944194
0.36028026489929754
0.3999983121180874
0.8116468216668511
0.41828143885611396
0.7073962306363022
0.3059865695333658
0.3193084564005028
0.35198749323407197
0.8807590231757654
0.3959206615227936
0.6322607024727722
0.8334573487665795
0.43107088943378363
0.5768151313944387
0.35595902535801904
0.6901039931479593
0.8798893006549333
0.18332167545217246
0.4283580062521505
0.19270229801356867
0.616669254801163
0.81858544752444
0.1658986574509877
0.36065550396353924
0.7131705990530451
0.733363237381303
0.34337554651246477
0.7885435241268062
0.7503547360403008
0.41990259251068934
0.42748921328155376
0.6128100034246428
0.5955074875657044
0.7188450714405854
0.6313884903804976
0.5841067147594929
0.42361954396476476
0.3476503576633131
0.6977789078337573
0.916753895171351
0.15429764645248714
0.5474964600752168
0.7426198417983071
0.9467597540881905
0.4760547528585095
0.34468625406981035
0.664192073412387
0.12201157598371848
0.2630514047672475
0.5912101707256494
0.8280216833093837
0.4548167339132224
0.7110352839172167
0.8949873711991756
0.6250068071469683
0.5484008971191017
0.6087082264305064
0.7021180194198425
0.22526959457904966
0.5264844286003205
0.5971669469017213
0.46866797928657644
0.5741141686600552
0.6370605043017382
0.22258130925121483
0.5720060426892337
0.5753335213655196
0.7974095423257792
0.6108856679133887
0.7135586732329546
0.03387259083794686
0.052792506347912056
0.43621270333939033
0.8039000806746031
0.6869033345921016
0.6718152678702561
0.3587720365057372
0.21413008506348416
0.3775227069265686
0.7704259900690185
0.19012811204169522
0.14041057861748946
0.6395490720339068
0.9418356505269723
0.4883858884879817
0.5591619360167689
0.5464029548277518
0.6100609007284583
0.5741822423456497
0.9513422759432837
0.1789388228581796
0.5813935032320073
0.773362794277063
0.12210579733860191
0.1918934370675372
0.3328176374734855
0.7782903207036171
0.6580076700363988
0.6224389649802161
0.44370155806238354
0.473442073020788
0.4241038986280434
0.6992094351639758
0.6960932903359208
0.5619571678555804
0.7420878814357021
0.324874215799497
0.7259096637163616
0.6009000755923192
0.860211394247173
0.23659800667652958
0.5244572765277368
0.3066419755815266
0.6820080139926472
0.676249373174246
0.5050744718178849
0.6877075878719522
0.7147241178299371
0.6629868235253669
0.1317333964266513
0.09189935688207684
0.42683760417527217
0.3740574447008091
0.7858148492204734
0.33708936585002724
0.07095756765810396
0.21945105002979445
0.5384241434330067
0.5766521571999839
0.7137853793687243
0.6131163992637714
0.41457194680212783
0.4923060900151108
0.5748272033279856
0.4954896252579183
0.556369829907887
0.26054287122078346
0.429104799382072
0.8304415433451668
0.5812349199098084
0.5957900255649938
0.31137891412243973
0.3565626186047201
0.9331919442516322
0.28994794789559075
0.8563125062016529
0.40753913865017466
0.5854636392603536
0.6627959503027608
0.6961348489764613
0.4501753486069666
0.8639776907953951
0.3489521386179711
0.19265901861473766
0.3173422853089057
0.7215970502856516
0.10577879488474401
0.6552935002947187
0.5839657572312625
0.38794036155070766
0.5222125175832169
0.6229579398316561
0.4130605304641415
0.5687603372879573
0.7019967616184265
0.44941157950529326
0.5722177966649502
0.47776838041395814
0.8411207319314729
0.30312115088832015
0.9639282324115164
0.15193957341536482
0.2616985470566694
0.6344993472791766
0.8023134825561695
0.4873580959556128
0.6522226438131131
0.545930283594662
0.34405672818675703
0.5703684800659002
0.40235073136794847
0.6194585015155378
0.11534096370132027
0.3075127324518303
0.3757128322805364
0.6300944365774445
0.4528413640997106
0.4917611820738979
0.570605725312171
0.9425109515871808
0.2914752891711743
0.3007566791234414
0.36969141006006984
0.9383488502253621
0.2799471017313993
0.48327477736225655
0.5370965802400806
0.7019321657390596
0.28222521361910763
0.5184917757172783
0.6661796824877989
0.2576814727076057
0.36344732047549844
0.45144200954914004
0.7255619245821439
0.9377103191544134
0.5600300916573006
0.623684220526918
0.7250559968842256
0.2872984716145246
0.6657756639767847
0.43865189753540634
0.16491618478193057
0.7956050908407208
0.660659221388036
0.8398373143786733
0.6996904777366265
0.5019507458876737
0.27827643861645157
0.5068873335065054
0.41405250505633084
0.6475021970845953
0.31839648239316803
0.4808047946844277
0.6118728367854234
0.5954658960987734
0.1073459906097717
0.17369647504863125
0.4777273387467761
0.5071255344791545
0.7455405514261995
0.5052537697727368
0.5417772237585238
0.8564819043655693
0.18399679823526807
0.09443561251784664
0.3847810378144493
0.7113800404339892
0.5760333240368742
0.5319873201126881
0.5711171306452666
0.13579009452349808
0.6111856789967086
0.7271609874220788
0.6465809937389078
0.947448786760297
0.3599598151274912
0.10312819993728493
0.2170078377001387
0.38141501965762
0.5118269709565039
0.34625982824800733
0.6991929632346932
0.45021764793191765
0.6006320660328348
0.8899419987411183
0.5572423798481797
0.7658180566988361
0.49409811177334323
0.3856841055452509
0.6171158428241706
0.4875770148345038
0.9461341533488904
0.28124890734083424
0.3511780161159519
0.4865957597482875
0.8577001104145523
0.11573681066778999
0.3332892906967111
0.6055846797059218
0.6510569539105281
0.49494289216738885
0.5472509199466185
0.3350377097207245
0.6921258689195797
0.28007586947146207
0.46909803690301466
0.7277854817561084
0.8195508631365889
0.3712055136268089
0.5452961713961756
0.4992402142437449
0.8351865010750217
0.46630285396384186
0.5672702809422099
0.5763714839453231
0.6284331702526654
0.3839765442201935
0.4175757155469351
0.6117090853334471
0.43331237649161364
0.21045602820147952
0.5997244345529824
0.6868718543834004
0.22436009862031586
0.9140820813936807
0.22275622854220112
0.7729617168859142
0.5174693110788197
0.4424037937301763
0.7906149367351265
0.18720883253553755
0.47659355552424987
0.4032198136721199
0.6841008474041728
0.3927540673908044
0.37357265945596035
0.5147704179514426
0.5968126627680985
0.6907976564127889
0.5285518668844622
0.6254563662376829
0.5653382962115827
0.9155161359875126
0.2647984005234608
0.3624588876756956
0.4337556825723822
0.850346685305713
0.4288296065278081
0.7507029734761506
0.15594515960372668
0.37796646866961375
0.21844970267010075
0.9231073978217961
0.5125850576514557
0.5397836173773098
0.770706830134531
0.42729624304688585
0.6899307668028996
0.055724657882428
0.4391765292899544
0.6010577757646289
0.6793414889122193
0.595877680803857
0.46604717629458575
0.47976567972489986
0.7641566930957917
0.42342077317907373
0.541304916985846
0.702210340056856
0.37650964628605976
0.31717480083706723
0.9472389966132666
0.5257500332775213
0.6817513873455981
0.9364051853060475
0.4084240833171202
0.23169677546958098
0.3944346381890912
0.619971739239618
0.5538167121978963
0.738740086117082
0.37972534093172416
0.8009477777431637
0.8358063293755544
0.7682207422862354
0.6862497151809204
0.6176806110390509
0.5951820164536885
0.608453933351765
0.23630958614742836
0.36278128543561794
0.8255608938887515
0.3565105016951746
0.6649560762702843
0.7627094428024721
0.7979077231926117
0.7503031353959787
0.7111063943477316
0.7277087943510296
0.24419210558608362
0.7743353078891388
0.8932418125523492
0.5603823483736525
0.7943315178144842
0.2548461526437915
0.45651871560844487
0.3796236175615955
0.6625163549073145
0.3058705926851716
0.4570053929029749
0.3318065008260829
0.6078595419896868
0.49976999305441694
0.5827983055734121
0.2613988664804507
0.13641196776301212
0.5474057604936611
0.7951639419666658
0.2240602451948613
0.48633644588257435
0.5493231772269707
0.749054141807572
0.4432277296534907
0.4197550973894538
0.6080543219696046
0.3936757486679985
0.45617538997428025
0.7141331079537026
0.8946113293440244
0.3414119980598144
0.3809369348708929
0.21665291641958678
0.33646736258654164
0.8012873215005982
0.30726214180317757
0.47148805006487776
0.6415201388663198
0.49890946876747416
0.6016694757975842
0.7755018865674096
0.513198917326761
0.6522836941007537
0.8914929437715391
0.1626224675072988
0.4853115909333275
0.4055692305522053
0.8740013353021026
0.20169493512306055
0.7996453716374297
0.5176748639929745
0.4558300304585744
0.9061201934087454
0.2615618181866064
0.606088586209224
0.3724728342768445
0.7641762090092489
0.14483251785464296
0.03163086267465927
0.5293661073814431
0.4468673103879072
0.7427694256445126
0.23681017904486062
0.8165425052956778
0.47232336233997657
0.33872397482240424
0.691631451749806
0.28382868400227035
0.8098604823569828
0.48483070588509375
0.57854208753532
0.8960913181635528
0.3514283155946043
0.6637565050911169
0.31219229810616345
0.4846793047849342
0.47874863794774214
0.8682106013188107
0.6095228412870496
0.6224433281487621
0.26386672594648486
0.467284489688898
0.8200249534102771
0.4585209680990436
0.8612789839059843
0.5427179439236065
0.5758400615935927
0.30650247718412144
0.5039934383710453
0.9103976265847122
0.20543649568394412
0.4628502383095175
0.3971128688983019
0.791808077773744
0.21530378081733048
0.5207224232077473
0.4355608854777035
0.7135229886963915
0.5373301391072527
0.7618191912102003
0.2983019716749872
0.6265648351485644
0.8560358958841854
0.34952712848140666
0.6555199372338625
0.1108956196119878
0.2220777082131739
0.37612975971913154
0.7200156375194566
0.3880198145966168
0.32923800461873165
0.7987300965752664
0.7905168278332135
0.936518081840453
0.29632898018428466
0.7929035360989019
0.5013471544655674
0.4143047099941854
0.6623351643438328
0.4545250050365998
0.6163901524530593
0.7989844185419503
0.742989840591616
0.4420406328498047
0.8686333272273703
0.3254698909074318
0.751515062627654
0.23881205212508275
0.701058119866528
0.3520363332175629
0.5615891578733035
0.159339490010298
0.4338934650206485
0.338214553163717
0.6225840739843347
0.16494312051247867
0.7688729319088387
0.8239999861159037
0.540146247312455
0.4533138068775979
0.6718170235349787
0.7092067874336772
0.5075713181398268
0.3159427530684605
0.5633664357248214
0.09268788650509029
0.1839030813863709
0.5461276900679143
0.5466806419247854
0.5569944618993309
0.11269023899374596
0.5533708638148056
0.8565964939726645
0.5344488057791853
0.8796162661642687
0.22753913376743823
0.1944765793060666
0.5825784962774637
0.8936308502515491
0.41375929944789214
0.5505843929721804
0.5277738141024535
0.6372399405466387
0.757237560238866
0.4330003659615255
0.36868723868689035
0.5051264388826565
0.6224556723704422
0.7581846840759213
0.37886902998717514
0.18208985458203597
0.716826533792337
0.6361291475472262
0.42946601691618835
0.46606112648218684
0.7658983315172465
0.7931754282291679
0.53840718973591
0.7710220384880789
0.671074423613983
0.6687215598744443
0.5151937203706057
0.6661023429022188
0.6180638033439796
0.21190375143473344
0.20553234863879352
0.1949368607633734
0.47641601267745054
0.7919597389436286
0.617085260913353
0.496193756626929
0.8763435875954357
0.5613000946848736
0.586799733885681
0.7702065799874841
0.7495240705706184
0.1190611755665209
0.326702799755873
0.8123233602516449
0.11385284734193826
0.4948564374866117
0.7927203355906711
0.4289842027746615
0.9599372532085342
0.23038143606381806
0.4559559864325824
0.3595188877617089
0.5820283176407751
0.4601213387018198
0.666350134416192
0.6572093534982293
0.07978668151818621
0.49524646955148394
0.3330585779856016
0.5874501911705823
0.289897541520481
0.4016680511530881
0.15771930124700317
0.6312854824245211
0.5597578910308891
0.23403629760135514
0.4171059130543967
0.5371912137975172
0.9655255666819416
0.4330690741108026
0.47048289420881517
0.6330027176732647
0.781759362913848
0.45027133070408354
0.49707935215205307
0.4384335351582732
0.808635911311803
0.3656988787497652
0.21823302362049637
0.3669081238327822
0.6501904132463049
0.3783008724808607
0.6669494815974938
0.5187723676744769
0.7123482476973311
0.3970711983661156
0.6564788452266821
0.4158234445903044
0.5188328107582942
0.37059434143191694
0.7652744528673668
0.6302120226970963
0.42575899418048624
0.5891737831874058
0.6564827604031083
0.7891867124731984
0.5981677518551721
0.6134837702787289
0.6716608290307177
0.9397721757962689
0.45533996530203935
0.6206862311260377
0.4666225723295628
0.7128165947487198
0.49506370316518444
0.7005911893070471
0.4725533111255538
0.971460859025132
0.24072279458143173
0.3740728014417809
0.46028626592327987
0.9299919654195267
0.3916561575549814
0.7971200143346966
0.3037575752332191
0.5525616061310344
0.7387450390594327
0.9212112977494049
0.06852676201959815
0.25834345829848016
0.3852319864164375
0.5519240476547003
0.2474023305446168
0.548834224845457
0.8020541937784114
0.30253948957260685
0.651174909113959
0.531959665388998
0.8820530321748699
0.26972118516558186
0.9476478628918771
0.5448489703407328
0.5740782742709003
0.5801468813870794
0.3788604168488986
0.8582864467578424
0.45666441396791
0.8513313998916202
0.6239210099059578
0.5680449824399169
0.3516235633650429
0.8268364888129074
0.6081807935894971
0.8609784587707052
0.15138757435124814
0.3111445329811124
0.8876184148505851
0.6593982710150079
0.891547399614284
0.14866293322401689
0.4421342173982636
0.31634348034858834
0.7621382237538266
0.48155462459891696
0.612219666929141
0.44834336299062355
0.7417653625306657
0.3678589829248867
0.7151130167157502
0.485146916403313
0.5189736210927519
0.48690499144035476
0.8951087205463685
0.14606741049304447
0.44015726241514463
0.38093378681981294
0.9730652862056255
0.08616389588756641
0.19941172932106593
0.5586218261651372
0.621156532419227
0.19969689566390114
0.6394274477398014
0.7205458896607033
0.6486502263246698
0.6727248765690562
0.06261856211202399
0.448927057545476
0.6299825804047335
0.9051098808866427
0.6295233298568887
0.7774596979425356
0.29031411989040495
0.3888959186341726
0.5384327251179655
0.5593511060787721
0.7485450732863528
0.6674487318230549
0.9657449514876537
0.44951840192874865
0.3679585441224909
0.3302317162418913
0.4723287883262989
0.41315437409725103
0.847820797557581
0.4843397831771995
0.5256870687253424
0.5068439262735556
0.6004758810129893
0.7543994761098025
0.3679564292489095
0.7527462708584048
0.1592441850178929
0.4248047906934893
0.566199910235537
0.7762661078303519
0.27716125966541
0.3702457657788059
0.554071262235685
0.6190126562569309
0.6954413697456092
0.3822287356753232
0.14615700298804662
0.5975829677002882
0.6044830553990909
0.5544363779787236
0.6299071327682255
0.08298118564512828
0.49191127946887914
0.7781835101219234
0.108872230384057
0.3386818503629323
0.4946630054920753
0.5913589795282086
0.3109672836525538
0.07837583444545354
0.6172924784057641
0.6824608539020234
0.6647235696555649
0.7758044566003549
0.353878870127202
0.3604913570702893
0.5225761391514036
0.3709725890656696
0.5797411137253256
0.391126613572827
0.26104965462466045
0.353276466248042
0.33611715482274485
0.80834134505625
0.0855274626998774
0.3010458802667496
0.9056938101368075
0.07472452734577913
0.4630720971587968
0.5060254144648115
0.46279848964593695
0.796219564475533
0.4415525155024591
0.6832971458504942
0.6701146945206624
0.3593551802762219
0.7376997383664765
0.6145748509583803
0.32012059747700616
0.5041435000540558
0.26976443274945305
0.692431317341853
0.6497354561176552
0.5520434174551022
0.2589389873383884
0.23896971096656988
0.36367223336616866
0.7067718928435393
0.9463275414374426
0.07743735700861835
0.2064773620383734
0.3087602844534533
0.6208369909208235
0.6677276038843916
0.7386696389221636
0.20251209712790988
0.09426834230634992
0.4298200088625942
0.8085287826770573
0.07754124905914792
0.1548365012303833
0.40324385202860746
0.5537684571533514
0.7982673259294535
0.5898044117208305
0.4455125408489271
0.8232479825458645
0.7682197000743587
0.9489376360248232
0.3653711244444071
0.39222746962497124
0.9592506012044977
0.21427841289859817
0.6491407435447982
0.5756849059721996
0.22808322035776815
0.330185143166989
0.5888588501519392
0.7966259569034507
0.5369774045163166
0.5071041870934708
0.7071763998818124
0.5524170705991646
0.3785820900672153
0.8356858290928317
0.07593540573001777
0.19002331093194635
0.5648539729023974
0.6429678149989835
0.7562590422440034
0.48758266839536835
0.5709842306597634
0.8246829392267062
0.5474425455872152
0.9040924015602814
0.2435584835304101
0.5724951099272729
0.8403152761132711
0.697355924063836
0.6792543316793122
0.5547807154986996
0.8649599778308179
0.3260639209990036
0.15633203498028364
0.5371073057455891
0.6376663688694693
0.4167894339839233
0.5832869742816514
0.4244217798850144
0.630392776962436
0.8828120778158048
0.1968511140182834
0.41365445519452254
0.8292969365801973
0.4615675763717201
0.6428530573610213
0.6259203534328706
0.7903928810315666
0.5123336584710309
0.5505699050230031
0.16364702341594622
0.5608475795492746
0.8411356223473512
0.24358154652963493
0.683571260827466
0.45841364245253463
0.5243711392760063
0.3721946535384092
0.8426382341317049
0.1730087500995774
0.3287553682896692
0.16458543455547853
0.36926433713740875
0.7411630990374967
0.23385431711114424
0.5313906876519873
0.6614289046789378
0.5452051393873325
0.441617445455327
0.45974416648485594
0.5156624382988083
0.4387676110336416
0.6467234449183755
0.3858928963210718
0.07645355466515974
0.43212133304292566
0.5236878400963438
0.7603615751609838
0.15704188082021528
0.26344817004352994
0.5555446951380683
0.7615820166023946
0.05535564589170943
0.15094003484965626
0.44975093168598446
0.7917278980434805
0.4454563706529147
0.40941633071872585
0.875774108012155
0.4527555629405006
0.3515907180577589
0.8334421400727912
0.2648733748451575
0.31555124713993865
0.8393002029216046
0.3270054771002707
0.2794378349009211
0.5976794796522492
0.3400682745212354
0.530626908567627
0.7282620118494672
0.10745715801788058
0.46174215821284914
0.510463115485132
0.7171833043220065
0.16436661900722835
0.3693240064234049
0.5399931577020674
0.8776922696691289
0.5250124848333352
0.9663259660024635
0.1272569240419536
0.047126552099934674
0.23391768875507019
0.718338347439831
0.9255109942591105
0.10030677356949365
0.5239145450654217
0.4565447584375423
0.5522595080859884
0.2277341103414514
0.6577507366982596
0.6738260274755786
0.5192315392395762
0.6010620467207055
0.3495639231642248
0.6435041523273355
0.5846811776318621
0.4820817986672664
0.5431109670920491
0.8318816603876336
0.8070429236610658
0.8490705544217072
0.7381299680512048
0.9211153079679597
0.3418937200367561
0.7361508727515313
0.672747790121456
0.3758426109356389
0.35230209034657795
0.8291507044967875
0.22159107145850382
0.42968903464827973
0.7411137249171089
0.39167175434433554
0.7836437756800836
0.5094375971947451
0.35972522253021855
0.9221735307612655
0.05686854776204374
0.329964988410478
0.35778211159239487
0.7348278068611321
0.19911700697665816
0.18209233889554255
0.5202606832027867
0.80442545216934
0.3474660239458348
0.6981063143873028
0.3734428193051559
0.5985110897168705
0.3416980768236321
0.06794021891804441
0.4425368504031573
0.5187906231127457
0.29080417685365123
0.7999635704458679
0.47491916094068676
0.4433329055837021
0.895621307547835
0.46640462279289774
0.7336146863236662
0.27728470396840016
0.29128462668653665
0.15683442674349612
0.6505205710889979
0.7273607741583306
0.7336915310464192
0.7517329631122129
0.3643265959942551
0.518539051525811
0.8627900956470536
0.6242598105570587
0.6546249605184271
0.27622975446941966
0.31571202913018137
0.8829031224421553
0.5446350566684743
0.9585302424826292
0.0651202095006876
0.3270804142337745
0.4894795995282291
0.3425746413674621
0.9616554886343587
0.09858056676815899
0.3845915331051608
0.8095119558143041
0.4830128177604549
0.5558213375167348
0.48570601933900515
0.7193740841062082
0.4270134168702885
0.6194644391331259
0.762623190946661
0.26418889145438845
0.7896686074767744
0.7666150447175872
0.8908496995744415
0.38950462127687324
0.7629919214654366
0.11626484265848293
0.09165658692670396
0.15066333029216325
0.6253183544056993
0.6627661926174502
0.23164710140868464
0.40591492095111137
0.48340300158221916
0.4893330665666497
0.4397990817784976
0.7200708456761742
0.12977970619906165
0.5132212221658539
0.8557009161332783
0.2517498452105575
0.2522585944070758
0.542831087298239
0.8325813441637764
0.289924897522064
0.4673575478499974
0.6574412114156394
0.621422532071845
0.7378177645904629
0.39908652391058985
0.3027173655850881
0.6889095912900842
0.9696930910651819
0.019322465043896515
0.14986971614745365
0.342920108990752
0.456784568913139
0.6379562179834182
0.5801363968259846
0.7751217310404525
0.24958316523657764
0.48921226791632677
0.8315650837957131
0.501296623556781
0.556395414083148
0.3020791318404171
0.33406656251317207
0.862182397898552
0.3615971893942696
0.34973483723101456
0.08838784676609375
0.6648391328158549
0.9513271190470868
0.4462349787704971
0.2724821537080325
0.40118715880321476
0.3683557830692588
0.5469596714789215
0.1988125459477595
0.46376915842672944
0.6565213502343232
0.3764431601870298
0.17340227989303672
0.7086137447468932
0.5566095255336765
0.8779910574721214
0.2062224922270838
0.49386493696623646
0.7495138845419698
0.6636846939194057
0.5843854310513124
0.6858503636122617
0.26853525399567013
0.2915363818917812
0.565453820968022
0.6069446022285875
0.3526065968275055
0.2992002448694302
0.5835230465662877
0.8367572333167548
0.28829089376926215
0.5197443792802465
0.6108075580929261
0.6898535159908883
0.19163850962740522
0.467295041439836
0.5675696072098692
0.4997724432868159
0.4118191025796709
0.7100849746677322
0.6817189162477753
0.877288287937006
0.12826723929778533
0.46316280155064105
0.3674714487942996
0.5451929528377373
0.31730000116741686
0.839161293116957
0.3457372830234562
0.4618497713739963
0.4021306229427983
0.5924529253687183
0.3590224433040258
0.8865782041206436
0.238657735437322
0.8143771066871438
0.2744473542846142
0.42509665731083746
0.4691349505688033
0.6202678574804059
0.6302297355092972
0.032583475148120315
0.4814506406875371
0.3837837761332612
0.6162476544238041
0.44863893633139074
0.742527898698205
0.3298062930976104
0.4754991235450067
0.793962261192133
0.46118517740807974
0.47904087451323907
0.47356772688691584
0.5973124015157033
0.17434669068278824
0.4443781947017514
0.5532439419430459
0.595431682688063
0.49005730145208404
0.5684138593063279
0.3861730703720445
0.7787496327456774
0.43196902412161975
0.6045058872519874
0.7763545615870737
0.8618047391897957
0.748803311795929
0.5063546854514143
0.5967393716730424
0.6250960003660984
0.28109601974481807
0.3129302810935861
0.8336216588755934
0.8199030977026592
0.3533784338640651
0.5399914991381309
0.3149543025374595
0.6061703037790221
0.7527562018155849
0.38672039330129376
0.5485582931522652
0.4441910629306547
0.6309174269544178
0.29361946801546424
0.7123484637361703
0.24418980988754618
0.48543980383002444
0.4717643464249733
0.5122841977521498
0.7370524982034896
0.7923159950325447
0.5498033246672416
0.800707879094744
0.3937500249761975
0.7411469451278847
0.1578893792453679
0.6020381067779664
0.567438683995753
0.6233709089479138
0.9293657550064535
0.18770567432421778
0.524870301937812
0.6975665087851444
0.3685291227151035
0.8454970486590564
0.43734542694354944
0.17289127540532684
0.43596309719952436
0.6281230285034309
0.5517919538253377
0.34831527321520844
0.3656420503399482
0.8478345375330536
0.6002538583460566
0.9436214791470491
0.02370894707425293
0.2178187557736871
0.2816958605835846
0.9412313883402992
0.18495254048055002
0.2839361304268878
0.5280856705639968
0.9645287063020411
0.27789460512607955
0.41816632637050744
0.6595367285383928
0.9336362729936092
0.30618141091375894
0.3624282872416343
0.33944166622994765
0.5184109349826376
0.7760038085925147
0.5726503176698496
0.5389177725865887
0.7310574114193574
0.7872967388307059
0.5542499367362627
0.6067154951540409
0.319553858985828
0.5871088030525304
0.8896804100429025
0.3467248977589104
0.7278526776938008
0.17389335675090606
0.49325083941678793
0.7801217160938727
0.9321318957638819
0.20799513943592396
0.8438238163868665
0.611468744766381
0.6352525922157475
0.7738628525758646
0.636203279480317
0.38657191004366304
0.3627736933933701
0.6856845701751862
0.20191309055740753
0.3723335350550749
0.8238084103976016
0.5187537298187628
0.52044745429708
0.447975509573196
0.7350343107959687
0.4127130483356688
0.9504772072255261
0.34219749873704225
0.5905962858208547
0.6111512501731375
0.527916408134819
0.6260000719025873
0.8672561839959676
0.39695708298826116
0.45017595342282024
0.9273917538658341
0.17503981224863274
0.48938529315419294
0.9406342732707489
0.259289856339203
0.639672295375288
0.4104026649019603
0.5543455165762067
0.4416126168822344
0.12784838352114059
0.5076470507766859
0.8030884245483656
0.7576371032272404
0.7372713652984401
0.3253297302170289
0.3352689977132128
0.6320680786419178
0.4683928585024499
0.7009118159036722
0.6577695258783105
0.2262136666179024
0.19265166732530167
0.30919883977402707
0.8695091303830016
0.49471385465243095
0.8280297227016886
0.17987614483595601
0.462060689141901
0.5862979354690967
0.7718365813744756
0.5996254787169808
0.8995933033063273
0.07338045466446873
0.28915449548741584
0.44028829467669744
0.7343423518657477
0.607286029527313
0.5600193955376394
0.4527034609845236
0.695463542728606
0.5889891904502341
0.5800646974893465
0.6065851620797692
0.6714307465144409
0.9115856900135524
0.5534574027225534
0.6600560060207218
0.28980515472447
0.6505115210821006
0.3261246210325318
0.29554573616363145
0.654171882690994
0.40294106840035565
0.10432619829181863
0.4081970343803243
0.6809099516216076
0.5173763732585166
0.7607705268850962
0.7534931125923988
0.7512618088330512
0.5754519346251137
0.8703238777176237
0.4929035859304482
0.35403845170941695
0.6744885469466957
0.07214797864865843
0.40643240372153616
0.522773584309034
0.7259590519440897
0.2277174720572804
0.5433622258509925
0.23866808123667999
0.7257268247074913
0.7187231697156149
0.6384179024190828
0.5713945728667835
0.560327960480551
0.5654885721343288
0.7086793975642456
0.827957618273012
0.5134112064992029
0.39213652014783595
0.9027083323849106
0.5059186769143597
0.3780077311863978
0.6327625865972117
0.21429016672524093
0.14843685843546933
0.49950347470734324
0.6603420301759921
0.6081054776164804
0.7605640591386853
0.7855179897272213
0.26467409913907647
0.24128547672885775
0.7409104336447383
0.4725502303083772
0.5955017583541661
0.9246216588489646
0.2589113459681119
0.3590998692031401
0.7122062733741611
0.534877047187607
0.6948479700721371
0.592646628049874
0.6634520504912977
0.2569381671240195
0.886079499304461
0.48819931392352095
0.6120061613501508
0.2232221642590973
0.8131177483115705
0.8388235380612419
0.6061154712007506
0.8330000843772118
0.5567873824057044
0.5526167919733455
0.49144955254372635
0.27131161748186094
0.6881353240990857
0.04554395645210279
0.21476798077566361
0.26142039895115704
0.4633572449250523
0.6448439125452039
0.43362432357384917
0.6727497513026763
0.2501753237242493
0.14073031719327647
0.5353286510923627
0.7396491818541251
0.4836990610652275
0.40775957066186563
0.48729789604203627
0.5506909497941962
0.41424245520411274
0.5184298760402688
0.478973847165898
0.4811092907547283
0.5399780220843128
0.3782009487821357
0.9030601686570632
0.25434039065486985
0.34893724991489405
0.25353135115346187
0.3182236192460277
0.5461511052361148
0.4782863013765783
0.3941511735758587
0.4455832124135342
0.7608777506964884
0.3870799503839675
0.9091300173765693
0.3768726702465161
0.925539815078837
0.21935694300884345
0.2511145152968115
0.5920342248808621
0.6011413986426539
0.2867333337478812
0.7803890321404839
0.3050787339086037
0.5232264233969026
0.5852917632331192
0.455302268584596
0.46786527265374844
0.42977011270020987
0.7414801263733751
0.677148322571424
0.7491609701219746
0.5533538678132273
0.5147778963542359
0.5536799751638477
0.6713311653952276
0.4413161459895333
0.6556798978338216
0.5299025811408692
0.45457607662495514
0.5939678588050068
0.8176851327486929
0.44679222872884017
0.09728396431897321
0.2767451798826912
0.7637994009467619
0.3530838107012672
0.614241874310329
0.3288168706329353
0.29516096055589214
0.30726793171215316
0.5806206239896594
0.7873468849859042
0.41039327591498254
0.6062392788832675
0.614836143469343
0.34871442959563104
0.2866504758490021
0.5021472042006471
0.6524344190013474
0.16359393213147627
0.12064583335976523
0.5092368750721399
0.8881586301605101
0.046465344774100595
0.355747564264623
0.7585189501384056
0.5744358203726786
0.2229663486739268
0.40312945584884885
0.5465132106833821
0.28738019203343274
0.5216916678936108
0.8919198936189661
0.3378544726664892
0.6713673405598134
0.20453499878955095
0.7387956349293293
0.7366233705523151
0.2578782234727073
0.18396960856363098
0.6058417453723984
0.771705595700864
0.47718469603716346
0.5073922794874688
0.5967703724592655
0.0952571743115818
0.20170785781244338
0.31995597604350695
0.8807422664027558
0.7224978441379566
0.7281698014750992
0.09573332823861694
0.4430325836931681
0.40983704278880784
0.4808973044032353
0.7047249757980565
0.775364671509336
0.20312234297513973
0.25021123847676596
0.8118409427837321
0.32709865290374657
0.8591327232912809
0.35960199244399904
0.6190229908194532
0.41080191370046737
0.19980445531912067
0.251927092381598
0.8801326753656578
0.6520275081566516
0.7069764070512645
0.2736758949398311
0.916826655747896
0.2470321523498105
0.8731365551728224
0.6507478178494253
0.5827436547984217
0.6494553576958905
0.7477743073142592
0.2197247451615139
0.4551753219539006
0.46259948249788096
0.8303346660838484
0.35117049797369737
0.7507158540877911
0.5309679404764851
0.6260159867624021
0.8191879245933413
0.24856052797110617
0.5959519961866804
0.7342007866898184
0.3693821255518028
0.7059333451458282
0.48435507036985426
0.33665150047303305
0.7266434323902236
0.6244223562219611
0.5213243234589782
0.6956599865190913
0.475465554969386
0.46109428583694534
0.5005369729169249
0.6445129034911946
0.5865466381389769
0.8898385687147907
0.5290349537914927
0.6511119669653874
0.4181500404969214
0.7471715685854348
0.7895497873711015
0.4678172771070158
0.9149022046890158
0.21049463826018364
0.18828115246153682
0.5166950098953336
0.6311280207189461
0.615643630559912
0.334455166469243
0.08268882133299879
0.4064765863488523
0.9140198170958973
0.2895530307692896
0.5773251123634279
0.33200833828977333
0.6192031712558189
0.5259779723772566
0.6149367924898234
0.5852964748471297
0.20044233211355697
0.36926506212166665
0.9953882694805987
0.4061828897066057
0.36449786979306886
0.24083672376784532
0.6846506143141209
0.6616383513332391
0.42794259219026964
0.28103231802611195
0.7008110369102033
0.7579924691167663
0.3627931842236594
0.4459850291141192
0.9429573557087392
0.16704636510683596
0.4059933774587457
0.5796639069078124
0.6247647406797318
0.44142377018660045
0.7108828416609381
0.922369487187874
0.297509845246316
0.2331050070577017
0.7227841139439211
0.7494920726672947
0.30048061275003424
0.3732094840202603
0.7675696516487971
0.6768671010985026
0.7622654756391722
0.11562875316032009
0.3781387229550296
0.8563624103428193
0.7110236405477361
0.7511186824507347
0.3035984690501368
0.5233864450870959
0.26416657539027844
0.49186485018099785
0.654909203569241
0.45086967375822334
0.6734597792027966
0.5823242824307218
0.6976705897919411
0.3550195776028304
0.8240968918126335
0.22578161913859995
0.41958985960979345
0.539108114163799
0.9019302346173903
0.3789146906482942
0.7131541450199157
0.3260140234861485
0.11912252615745747
0.20878923131252514
0.7922449123626363
0.4879132119190045
0.8698558120996498
0.6179913766090476
0.5418035054448012
0.4345356382634332
0.7309739151515803
0.2611827352757878
0.7203785389540822
0.569851295791801
0.40932958844948597
0.6753984403251625
0.709447069181772
0.301593692087494
0.5041442738831986
0.6962851362201221
0.8411968667276923
0.2401916646912605
0.5809044297537724
0.7849033215866761
0.5430393752789155
0.8594939637911861
0.497075826006085
0.5929898630627579
0.7370902827268073
0.7333927836554333
0.8459063701900339
0.41891270250889007
0.5090774663829822
0.5626638617457362
0.43601438746538074
0.711988153406183
0.7701652051573942
0.4858415100970015
0.6669033972720212
0.26874997887001173
0.10896042525790471
0.6489326657492656
0.6847483408540158
0.16032152649348796
0.5366070411161219
0.7472691446604909
0.5863024343946418
0.6218102220741699
0.9017779638049441
0.42425646558725116
0.7764836163598279
0.4758187932566904
0.5105746536120293
0.6959541055794557
0.7441083902853382
0.05496311724502119
0.32868773785743305
0.2943202617822054
0.8584999568636311
0.5212064317381688
0.5967399330617376
0.13648845020190015
0.14907730001446362
0.45277464313574434
0.6744547822045901
0.6163380015256542
0.2037353358268461
0.3967035620469163
0.4738215999980334
0.5660315324404065
0.416977554409776
0.5400884319443785
0.7635685969601164
0.7106432613663761
0.5336880123115965
0.755434663364335
0.5613649277706549
0.9342430058676863
0.2222953531847164
0.78665308600851
0.4303003619935521
0.8575700345528853
0.13319156735821633
0.278557719361995
0.7510496691131767
0.11875528444523221
0.2300170014843934
0.442994095785763
0.6506537360066311
0.9640200709658393
0.1706794165828036
0.36564281210717886
0.20262199836382255
0.7587247744488526
0.3594360214172294
0.7997225395301188
0.5580396237102025
0.5574718535791506
0.391776331686049
0.5521392421427798
0.5376657934522986
0.4391230241092028
0.768114006146545
0.603982412161289
0.8936476938026745
0.20207147890679056
0.5217219650038929
0.6856359262213614
0.6492290351726627
0.7872865057926357
0.8658346416075156
0.2372400397708144
0.9337314853278537
0.4951875651142177
0.5233201154802058
0.6948239299011674
0.487307330794116
0.5350286632294905
0.6823773774010908
0.5354366937251054
0.6323635702966993
0.7596527014658753
0.8888334194785059
0.5028099980098721
0.8644128789941776
0.42281727264161684
0.9116482797933365
0.5803469502812653
0.8766934296176203
0.34614802946725837
0.5642242654503865
0.19116835313856717
0.34517001635745703
0.5715070645231046
0.8380611444976991
0.6240513735495549
0.7833022161187356
0.07863013700725015
0.5623728845933972
0.5699841253447953
0.5066817286757449
0.7079547525859514
0.3328311010895549
0.19899128270223898
0.46730645887211786
0.9628059408616567
0.07332860002281433
0.40436468206378196
0.6086826001414768
0.30161240920307264
0.7344344136305729
0.8679639318585723
0.408093504975466
0.6132310442461186
0.6215720054269737
0.5232494647704722
0.9163742885297439
0.11433965129177849
0.30781921546481716
0.2929161736444271
0.5689643877617655
0.5125387395650407
0.7210006948424359
0.5233146489208096
0.48470477405005913
0.5855507039132108
0.7630962627790971
0.0843086623408676
0.36531779094910444
0.261789917339149
0.8714530959416331
0.7837981165156955
0.6719819999990936
0.43967340717429304
0.6013655909191635
0.08556742843551397
0.22116428789430875
0.7677961776284288
0.5900643755015391
0.40138904797410613
0.623984184003118
0.2600252433726543
0.5469314778659007
0.43764076769172156
0.5798626336848134
0.5025165780214391
0.6549108295112873
0.12275915528114009
0.4864340697393371
0.43310159161506145
0.6727260082531218
0.0550381498955506
0.2369730078137598
0.5123290697848026
0.37529486213517704
0.8494706450313032
0.3309578162209656
0.1983433660036033
0.861516104425126
0.6275496579158091
0.8471234715795917
0.1765998268913548
0.2518695951208905
0.661645098504811
0.8956579793052231
0.07178575225818486
0.05485228315205489
0.31315210713969704
0.3693374777363215
0.6624517904826263
0.3071498610589114
0.4226697133824073
0.18246904636143768
0.48044484054309067
0.6861804358912982
0.21681801059674763
0.6312926692471736
0.7219971812097892
0.11407520771729125
0.44069604330863466
0.36843039155088564
0.6070855568107996
0.31830217955129525
0.24681181019875217
0.5661223268699294
0.6881385642803521
0.48699358000659976
0.6466739038690521
0.6508149379309754
0.20126290910033962
0.8020028041434757
0.6264099222987937
0.8245973276744245
0.11252356864385891
0.5923117652568177
0.6700678714827241
0.45031498018730526
0.2292966531955044
0.6259170691296656
0.746637692938305
0.2347880358100479
0.47736902581636625
0.6287159009622465
0.8361485293496358
0.27756244785295214
0.7677799813799729
0.6447871696455976
0.20588768001242555
0.3650944026734186
0.5562507313965976
0.5247050624979079
0.6457490825792442
0.761022344615033
0.4465936403757719
0.06630302490994458
0.505342843531927
0.5997486327581043
0.6199854580851611
0.11130106725099741
0.12144850189512127
0.3413959283932022
0.3540939431608445
0.7305072660682299
0.21850980172819487
0.6782763135842362
0.9377120596016779
0.3589492700122625
0.14969177000939718
0.5143725153498997
0.6570338809789729
0.535338274936692
0.5399508403038529
0.39321017209774417
0.47093371959715186
0.8334933149701245
0.32724941181392364
0.5208090532469213
0.599411933009991
0.7925307514610345
0.6269868552879646
0.6208091190477376
0.06997802195069089
0.464554765421497
0.8638912098063418
0.5931697589195402
0.6409175149387443
0.22056598792089321
0.5144616771493029
0.5886493421031923
0.23753382215604157
0.5689386671449507
0.6421415040796756
0.5356635663105115
0.3617657122572475
0.6213755108153263
0.2557021140329044
0.48471745350677753
0.47876568248670814
0.9152360205432999
0.1711939688761008
0.6526366019426004
0.5989878907203687
0.9090502756533346
0.4905385806784056
0.4219539796226086
0.8053373712064114
0.3015959329656492
0.565432560436939
0.9803895614626262
0.1474465019297711
0.4251312383632725
0.5468468776398068
0.7221326614628794
0.7331903741635283
0.4574857895214766
0.5970348621355868
0.702478764141887
0.3627665255950201
0.9446528909584061
0.17950367235869305
0.7129472999171416
0.6728798044215054
0.6460314146878624
0.5402060738606318
0.478811928605243
0.8911543073708745
0.34647418447524625
0.5662064510222746
0.7237869321644451
0.9056649337034386
0.19454393968475053
0.6002733733404968
0.5829617272470351
0.6870341835460846
0.7125184493525119
0.9695303300993283
0.19514576902255748
0.21597808364536336
0.41724522063034164
0.6088685919803578
0.8975207774232845
0.06847125550092475
0.3743954143883216
0.5649895341513768
0.7316087776081938
0.5122636782045044
0.4842438040617217
0.6050178371764691
0.65158500254844
0.918116162633146
0.29219657757259826
0.5871318828436783
0.725267864064887
0.7147777680082028
0.8154619274448096
0.4477469334096452
0.7157794227159455
0.3554699589443515
0.5929685724129955
0.19351365394043288
0.6975243601133271
0.8096823056168287
0.5169961321065022
0.49560141844201644
0.6055733733530614
0.2043235510853827
0.46424272244725734
0.7398926452073404
0.888727813644698
0.16575487426104277
0.33977415412893963
0.481832947610335
0.7283262419920511
