0.9307634958094273
0.35629294965149466
0.06284535781188248
0.5276181339037826
0.7577497274650312
0.5290697594778694
0.6446497389041016
0.7998477642891856
0.23726361425696013
0.580637669678131
0.5929333396655786
0.5063167556342882
0.7917669035384629
0.8675659804245575
0.4667796956620899
0.7624628918048405
0.4673774676157824
0.4815952158300513
0.5562738396368041
0.6005258122806009
0.5963918171668273
0.4583857273712276
0.8461789665516917
0.590204732751561
0.83795651441156
0.5240160259668656
0.8648929183807679
0.7781550474344106
0.48641005744366134
0.6411969758299694
0.6772321428805126
0.542867848043413
0.8575071548700559
0.7166991830980283
0.5871623966151094
0.04599817535743836
0.07972019197001737
0.4890236347491381
0.647435499007442
0.9484683427935833
0.2951289357158204
0.2278794705890689
0.39089465944739155
0.48099829394906196
0.6570207331962228
0.685586242266921
0.3573907856554092
0.5024549135977933
0.22610427153684912
0.9032113303266803
0.5204557804000249
0.8742509202436171
0.7202740509154701
0.7520755573130461
0.36133841009087136
0.1730637808561381
0.8516564082247606
0.4784755913482023
0.6546124982828588
0.7686392282127403
0.7052515589942931
0.7559804932968304
0.3391210275509726
0.5676466518834791
0.6567008985347165
0.6948231304500324
0.9787747721634843
0.24525682346168054
0.1814246023004159
0.5291085485581093
0.6585531040315538
0.3856083804922371
0.7560723571438146
0.30280959682370856
0.2546447241923626
0.19502250539129573
0.6262136530450879
0.525387818051381
0.5261201670334299
0.8059995387457128
0.15035762780856476
0.2911378925291242
0.519068188771869
0.730467059325189
0.5621877377963251
0.18188058247163627
0.12418630572165462
0.22146848220639215
0.538131259450056
0.6165303709693872
0.3860973348074244
0.819873764467371
0.922062961130804
0.3253141974778445
0.9232299111991344
0.03736870522158621
0.41360651734873366
0.7399524509529043
0.5211102618381964
0.5727474349649484
0.8526902910224845
0.12728629911393102
0.4560013398189278
0.3157003065051228
0.6522247417235506
0.028337889366477687
0.2025664052233689
0.5560675793748036
0.8426153889018002
0.7407555981700082
0.5787590548980707
0.3432618364534718
0.535081795691551
0.3943435464990259
0.451011133675386
0.725920470721322
0.560792441370021
0.8272240022301123
0.7254587167757599
0.8463656457915866
0.5398220788945477
0.6320420810432716
0.3152458150727946
0.9455064355525977
0.09781500012500402
0.4570956199212672
0.3534584039832716
0.8426041202507792
0.4040470427124053
0.6924861425609954
0.7964606484760446
0.4925983254926317
0.41451656381943164
0.7290489899221013
0.3152081206619144
0.5174824941913365
0.6617148332021151
0.4137732562940542
0.11449216963512532
0.30400233537114796
0.7933722382360989
0.021853401702321973
0.3871316917709536
0.46851367027491364
0.407625986776461
0.9013144577131729
0.6635193254250619
0.5480576500201199
0.3523636035267649
0.46543757389064594
0.7072834592403006
0.6887194693876937
0.4502361973144162
0.6815932307297093
0.4831057011742085
0.8276404069478864
0.7343365213358821
0.759667292137257
0.9226329995845235
0.4380570552232619
0.7438260079766922
0.7338900465153426
0.6448768589224709
0.6055932960293069
0.8950495165394604
0.541426278957962
0.5224353435555189
0.5046766308445861
0.5519100567300421
0.7673900607213828
0.754321419996522
0.3383239210544305
0.729548258178486
0.623134462791456
0.804489388054028
0.6228186906201151
0.5466744333270517
0.48859058733054617
0.6927548093530876
0.17073137135039712
0.43585076069491285
0.6080901494400289
0.6907019627656561
0.26592056840176603
0.7950958301832036
0.46753090814914294
0.5267572625776857
0.7161348968744006
0.2732012203349888
0.40175294253512156
0.4268755298187116
0.784885679878462
0.22173328299358713
0.06751419608912762
0.3813927109862098
0.47592589044910505
0.8493655931986608
0.3359407981956575
0.3030096646241023
0.6813713756415616
0.6209016859610412
0.19823939955884862
0.7897437220145558
0.7730088239326983
0.4103609473274795
0.5764779531210594
0.09495391379914292
0.0689898617060913
0.6079547290488182
0.49683531830257827
0.6705560163282376
0.5623189164663497
0.1104291351535688
0.03533525586440349
0.3209726079486187
0.8185153793961675
0.8978261508440953
0.5098021459731787
0.7838826145573927
0.12222138187218001
0.5727320961663707
0.6764243143695193
0.46371302435311434
0.5325135012374674
0.6154483472189405
0.8047782238574628
0.3739577463328217
0.6531308028565609
0.2166450023138255
0.45159080749346237
0.35307372723193364
0.47342542903005647
0.8916124385099502
0.06226385018097616
0.21542370832755592
0.36291296441301113
0.7412412591323688
0.20047782276602305
0.43638925451817173
0.9896741453705675
0.13941975656678965
0.10410128316026286
0.34015547145141223
0.5848533462646804
0.5932099331368924
0.6939713619947234
0.1914027541405399
0.0356654818510298
0.5146763315970749
0.4264569721452631
0.6209689931157175
0.41603385769427226
0.849907171489725
0.14325307760127756
0.2900097494533463
0.7035418652487239
0.4930960856510562
0.4429091034109391
0.8292164997949214
0.728615672083725
0.7385669084593028
0.252499749867985
0.7740158256813519
0.6534626653196756
0.7263906973973993
0.16421378098794995
0.40649821254562574
0.5653307640226332
0.7036831570083233
0.7193219918805654
0.35986397012122906
0.6232074998417413
0.5600134516440108
0.7560695641917725
0.335363209470644
0.41120732148132505
0.7556506820374924
0.7733058292098376
0.8910101067641918
0.42689149192430653
0.48584390314602144
0.9317245149832298
0.49289678534265347
0.17531739462109303
0.8601670569983872
0.4187420282247045
0.6077380949720961
0.23546111597546596
0.39171360409332123
0.6946505744197284
0.7643409392014271
0.6952837859743832
0.5679491392759193
0.5552355964919756
0.7042621993420433
0.841912104274174
0.5693869902684323
0.9693635403172852
0.1718291696302186
0.4232066969556342
0.7555043233140648
0.47453757046671424
0.5928935186183673
0.2568321263175742
0.4752048698338688
0.5869228466287799
0.10533024199853094
0.4107903146332203
0.35356047251774675
0.4716686931407942
0.8257793794914441
0.04670063310316182
0.3606266344583401
0.5571897602949084
0.8784377433685997
0.19153841120385717
0.7397006440196263
0.45919388771867914
0.8243871852131699
0.8976547367398113
0.39421223149237905
0.5808881557354292
0.1598901086595132
0.29828522725440904
0.5745923843221743
0.6722673252478097
0.7302752325447839
0.6785802356413619
0.4302196269117741
0.8082230769193873
0.34774385461750623
0.5429796544725888
0.4866795116086836
0.7299418238674691
0.6912998474018415
0.43509479437047327
0.8783872572067286
0.5362272828753297
0.8406084006271386
0.3323194777112561
0.21818942316912698
0.29643128675197306
0.5937474018768645
0.7384173363108336
0.9655916652768018
0.10082619149711124
0.35730228677170145
0.7251611322055613
0.48983421486326817
0.6045123137504607
0.5473035067036054
0.34221512314725705
0.6300426038349217
0.47698518628251524
0.28696543013323733
0.8863104306055303
0.18291849702177618
0.5228384888407591
0.7669580073274209
0.6600635769299391
0.26219790457822584
0.28806024514140877
0.677212864577373
0.3425591256483839
0.1410448407348954
0.12927146930063016
0.44750259943555626
0.6590462832632685
0.29262590008656353
0.36858964205108086
0.5110016491169285
0.3461976792303672
0.9544330910961133
0.10712499434003424
0.642770772100493
0.8938232886054898
0.45582507380796566
0.530976523503131
0.9586688640092693
0.30272170901110007
0.709112981530349
0.5974717474278304
0.07431815184278673
0.24975844955287327
0.5691176740944855
0.49707080420955113
0.7710767631001141
0.8955629083245311
0.6129376444799537
0.48817974894235605
0.6561289310205514
0.7162111648375408
0.43547926515538377
0.30888302766765297
0.4551927345664831
0.5692361015045917
0.9069600738608645
0.4089923615362317
0.7299501886017985
0.4005167414603107
0.45929187935358606
0.5083535335833567
0.8002786704735413
0.7626634026220668
0.6506620313188028
0.5121885030866385
0.5897072269815862
0.16673581705450657
0.6605287117036734
0.764031404767627
0.08400994516438316
0.28216536826630156
0.8786273155485311
0.22782837196649752
0.5998376877988814
0.9094663738160056
0.17993672284553683
0.2497192671632114
0.605488623452782
0.448654082802596
0.5987037578439589
0.5411780003177482
0.6241197346347094
0.7078613551804873
0.330203097423695
0.29347966960799615
0.7454916828175354
0.4192271136546013
0.9676827522792024
0.2255390369880896
0.25491155091229784
0.6493741333488185
0.5420862475574607
0.7353581193824756
0.3970688200974935
0.21677199647254103
0.7857072449986138
0.5486986073674516
0.5298505296827912
0.6237654033866263
0.5086854920741446
0.7039757502150321
0.7283704654665881
0.53950746551055
0.5957450195093197
0.6691314811624657
0.29313524090614174
0.5698582944965097
0.5800175693550607
0.6797380513111461
0.3538391679287135
0.8163562168623499
0.19455686753295448
0.42981555095290797
0.6050401942605724
0.5886087158940322
0.6907785811329245
0.7365034227099376
0.04398290638275728
0.2046052947695317
0.5668992709445102
0.6541107605608143
0.3942187931382583
0.07901584306462449
0.6537947644215795
0.8097393768284247
0.3650086595467987
0.46692379367960957
0.19249321093259425
0.550151469501015
0.871760128713099
0.15134229438046662
0.5733111812832614
0.8194131957410018
0.3190331667821134
0.5551058199776818
0.3874427308345867
0.804688562210377
0.33547357258910493
0.24526407146454346
0.42874454180907495
0.36229696296269065
0.5767658127107332
0.36342936506781603
0.6969307942768894
0.9131648073262163
0.4687994916394651
0.24568957393780358
0.6856381886199848
0.4012298135888414
0.34660213885070135
0.8329847500752754
0.5374210620908925
0.7757488615575316
0.6934508924965821
0.6642135656748595
0.32638036713342305
0.49316895270070005
0.7163637795381651
0.8501383556362978
0.306470401186277
0.3760242963039244
0.3029868073976629
0.39055073716812305
0.841720108499043
0.2954801528147904
0.4463212782376029
0.7209382815963232
0.7467029210670426
0.39933754250194464
0.6146395050660624
0.6602518683234235
0.6844113975743398
0.23099411098376463
0.636167706300416
0.7837787017665849
0.5050116143904617
0.5218566364105712
0.6320913412588054
0.20021509781749097
0.4644081897698937
0.7391258934508764
0.6988052798818982
0.3830425892620444
0.42588673248661785
0.41861848032766247
0.8304290564362322
0.034079020661420316
0.12293077933124447
0.1632028190235313
0.30213538995553646
0.6499816070098949
0.30633422352614037
0.24057723231126174
0.22376660579991278
0.3515281802592579
0.8647573167490216
0.46214503871898005
0.5666958551075747
0.8535270262917238
0.4024516395484769
0.6186992373767259
0.5830394450586253
0.8718632646325997
0.33469133922893307
0.9389459071422108
0.44640568896897487
0.4433155179439444
0.22226897587442407
0.5781988410358999
0.9119798157478511
0.48978161639955514
0.9330895744697465
0.2276337359420409
0.7443568657521535
0.45482423253191206
0.9756397978511331
0.1862721542303664
0.4442336377964117
0.5004482120832263
0.8010738361624488
0.49280663753190923
0.39344596898210327
0.597045114391532
0.3301432269117749
0.3065748380124396
0.7597764327936126
0.1425756068234844
0.6498243027167794
0.5931095024423033
0.04908977419050677
0.4181065859739008
0.09330801181965369
0.47580027054402546
0.5685852211584321
0.44221074654005477
0.1311843258890517
0.39023691392535775
0.4952409148587138
0.5265743949122141
0.17196074714772489
0.5724104212435205
0.5540850752661034
0.747691240169037
0.9292100006582653
0.07698087800324696
0.1884593282125129
0.5055953905555362
0.3221168827214625
0.9229760311770601
0.36915826091513704
0.16871325810371035
0.5118989189415851
0.6367037100825426
0.35053358481059715
0.6541545953523152
0.10307333580494055
0.27512379752957
0.6048649075582981
0.7484725672352063
0.5011046093851709
0.8621442746891893
0.15370538314493978
0.11875121188879882
0.6762945394711438
0.6972497254978056
0.3401666745398197
0.30451125177796823
0.23598524118267278
0.6659737191703681
0.640249258917664
0.5346784903958132
0.4232908728771467
0.7267641647379389
0.20707339965830318
0.4903184200089542
0.4708438738835725
0.707149244383074
0.6769208718788309
0.9656318620114344
0.18522401197730473
0.3184020880097334
0.9298834163574189
0.48755478865622154
0.7127757900866893
0.8604150051678693
0.596796195624113
0.9476634814458101
0.14175289924466783
0.45328857159059566
0.38186822088587435
0.5189616429833884
0.8024558431190854
0.2913678847599544
0.12677350742290075
0.21557446411139403
0.5564607828101805
0.8388201680185042
0.42585927070035523
0.5647465356062511
0.7024645029876379
0.3597905710623185
0.7245778129315268
0.6966050417480785
0.1988268303492939
0.7742380855830269
0.9374466261788397
0.1314443431418031
0.38008484786041885
0.7838972594593845
0.3273303203184804
0.46804165893102057
0.6910000409334562
0.8296795958592948
0.4411570967078252
0.407995516623149
0.30103224182271143
0.4649751571657073
0.5772362285595564
0.31390783911496717
0.6277722227296803
0.16470128426176572
0.6331492173061357
0.613986960776924
0.3809702296615531
0.7006249833879667
0.46385346191877913
0.7354509276681107
0.7812945062850809
0.48850375872962887
0.4883718214505893
0.8312490117084494
0.2345528379965233
0.743059225151943
0.17053499414656065
0.6225146082782238
0.6341823100508941
0.3171626801976119
0.4517627466514643
0.684239125050403
0.661668005387126
0.6838052836049618
0.23663967646993306
0.4518626920542377
0.7048113104295863
0.30469549613826946
0.49680564104567826
0.534670329719739
0.9509258727131716
0.04287690474972881
0.31071846039655254
0.6762942947944355
0.8959892869809704
0.582907047385351
0.6556893216447146
0.4333658295881711
0.48732061266020743
0.7641492175936256
0.6357615084276546
0.6987047106292122
0.8133219479814435
0.19063770774282118
0.7231578138551255
0.4664022909253417
0.6938574205254467
0.20688394384668146
0.72457086866635
0.601675116450092
0.8426388717915592
0.4763597601476891
0.16521984454419025
0.6334261869656468
0.6164445247182109
0.5762933766925085
0.5985265590900438
0.27618224678147235
0.22322097556658807
0.7766706435752275
0.5122227067505969
0.6425995413401582
0.8105249433390893
0.4775362532513081
0.7760996260977138
0.1880579180983758
0.4167581345474649
0.5675918391147108
0.8088731347746263
0.29516530529060403
0.6466435833295558
0.48745821754403523
0.633177093187909
0.5587652464396857
0.8092338825861105
0.5392404047751601
0.9154786376597112
0.22379185164609472
0.4876342362875583
0.6415004481088407
0.7108236718334222
0.8228108344152032
0.08592020030439618
0.13637372657348787
0.4695210225269048
0.31073401297630115
0.8111285008830447
0.3391410327857918
0.2859802539824694
0.4854090721228743
0.7723889656372129
0.916263234682177
0.5720761064311783
0.7651896152582888
0.048569686647048034
0.5666393410246098
0.5183468822158755
0.7506720198053073
0.9393936935395188
0.19184971577360135
0.4092787025044916
0.6014839590026744
0.7454034614025998
0.3610486002696766
0.5701152746488475
0.20412612338466107
0.18488804934647624
0.6337592936588481
0.685371041427904
0.708705813556708
0.647836246965871
0.6777469860417329
0.5928248940796812
0.23231082472277598
0.6189397326512986
0.6569827360695255
0.46714070064943325
0.4097748615559851
0.861570831573999
0.6437045727493138
0.8192321356850665
0.33201035857800876
0.2850263535400812
0.25848354960708153
0.5078495404055151
0.883625763141446
0.6211166759050801
0.6255076667228178
0.06303038264509717
0.05248817275289726
0.4415463216229041
0.5711830186242749
0.6177729200515382
0.3592979235548429
0.4522877594274758
0.9637444484591022
0.3965830352004436
0.412360435811324
0.9900846319835181
0.38501314934702624
0.36687551564762966
0.7399597547952481
0.7039188408985055
0.24352179083943085
0.18389659384445972
0.4716995127921405
0.9642297520384366
0.5221917053912567
0.5498276425549798
0.7595934821167694
0.15892417752986873
0.23313396024568314
0.22602266186006237
0.7516086256358282
0.47099735659521835
0.9030411843418022
0.3139583339794565
0.8389134163412675
0.37265335377285447
0.5939485802097363
0.2874575691177376
0.5058822617235568
0.6657418213538038
0.46102207267144996
0.605114215132101
0.9198489450217854
0.5423237005920007
0.8254228812115154
0.26111002608650263
0.8616465832815836
0.21514381016899053
0.6286039654058737
0.8653011550255627
0.19813891977599918
0.1380695717452065
0.695596570616609
0.7258381592449198
0.1474197070858139
0.13826641621276675
0.570633037473383
0.5523727253289323
0.5076852158095381
0.4791126522064362
0.6965674678275819
0.7652680415307297
0.16568163821595688
0.19015313027343056
0.5352001801716877
0.9764622380797561
0.4260266576124847
0.5295716761972591
0.8184016521455834
0.4029289643511727
0.19750155099993705
0.48771364219741964
0.9184784835140358
0.4798199317969971
0.626058457771775
0.523770174737185
0.9058969165614654
0.5647732319226657
0.5654248709719507
0.3641374088950403
0.44760437514042095
0.8119098041217666
0.43915660787045946
0.5637515156543067
0.20351921277942162
0.3520777598309156
0.8578243931890928
0.452866706813307
0.6693599034874569
0.45793660315122897
0.1587340864194582
0.5122376407208329
0.7924640772987661
0.17527781770811268
0.38831376506267623
0.6422457896575853
0.18338840356669037
0.7110146990757807
0.5247382462988877
0.6702985114339799
0.5804291296525215
0.5972127965774684
0.2714889468674006
0.5545959721957133
0.5316177530506268
0.8078407686957971
0.3956042360423421
0.7870185807515798
0.5893495927432995
0.9307601429867001
0.24651909477986936
0.9350570777451197
0.6014320527834279
0.6018713507189768
0.30631395193684413
0.7106278440543928
0.18080907690229597
0.3030395192465043
0.513338807789949
0.9352103699955423
0.3447309838278846
0.3248078203846786
0.5629169778548827
0.07627744300051392
0.31701532889260836
0.12425298442247086
0.46314421826570296
0.7804128959146274
0.4389946315673397
0.5523943417471116
0.6214758892182524
0.32838924781299605
0.9276644097672595
0.24835149734315384
0.4578718415502707
0.6064177023152815
0.6981326987872363
0.6465120669108395
0.5201289045846108
0.4803037699869568
0.8286523915906039
0.7778893864090102
0.7386822354180345
0.1718449268823473
0.7674176624552747
0.5470369029346763
0.45834936585174657
0.9228399683381863
0.2895336660401088
0.7133567361175374
0.1047717481747413
0.3934035890936274
0.5504779359386387
0.31087562790079026
0.3086193824718766
0.5013637667945517
0.5809681300930931
0.5417892407121274
0.39522725569944583
0.7678077911836292
0.3223533521154858
0.15291696698675733
0.8576570279207874
0.7966094862100912
0.8505038557760388
0.8755184411191832
0.6697437988186277
0.6434817744262235
0.34665628116105424
0.5613837586419389
0.19588208616274552
0.06938793740936057
0.28669820067519713
0.5601389170810392
0.6466843428177271
0.6794064322488321
0.4828304128266554
0.7515472347905482
0.23201526790636834
0.33003731476578446
0.9499598553154915
0.06285545979818605
0.23167039801990214
0.4229420782676753
0.6194878873476053
0.5918200433329789
0.555834829585398
0.30133803968786443
0.29276407002920174
0.8496233068784844
0.22007760314324945
0.48700950863489334
0.43666158146676454
0.6354350239258184
0.5652337190622021
0.8014300644687742
0.17077587111721015
0.3298144488577544
0.8318133091090036
0.3876957627932686
0.3843805367493104
0.5326039698613478
0.738744022286499
0.42458708175045456
0.6053893916280098
0.5657100770239434
0.7812295095293402
0.32370400578482117
0.7224670654475186
0.7388572053172227
0.11057751146432879
0.5116128311761609
0.9147877638616957
0.06519513282959322
0.4493398566359178
0.7360741779046055
0.25891081559164053
0.6668315449543609
0.9318224258014763
0.2195756503639445
0.6860121754726844
0.8691346174166723
0.39402695325379433
0.39453750761757256
0.685025449764009
0.45506730188833416
0.7834796268383623
0.5920211045452397
0.9723061931931434
0.39749317546888474
0.40243900501801005
0.13116471399785237
0.46242089117759777
0.8398221779253636
0.40437973984011744
0.07886875962278043
0.16141465990834658
0.6219541307164668
0.8689249414618929
0.4907174381530702
0.48639655310206975
0.6802508273488451
0.31196896276804226
0.339463178200208
0.9090919074190404
0.23523436671158832
0.4834013003671748
0.556050369280108
0.6050444394825754
0.7512148363657682
0.5129260920587139
0.42918824927845883
0.7260130844299912
0.45822752924894083
0.7554416812187519
0.340244685227839
0.6462311928324084
0.551219300660164
0.6171815538509193
0.8644434143908639
0.2990531812417319
0.724854979823772
0.3284802269720924
0.38251796347602
0.4089662711286125
0.5264571421414517
0.5351252459343774
0.711064094580298
0.3697185856697729
0.9413349632844294
0.314435676916225
0.17937337441866014
0.26245681407077687
0.8482723460096153
0.39082201547179274
0.468475709538276
0.18381264418962165
0.8390600774877477
0.6423537057861155
0.6136930559477808
0.3077626372272845
0.41732549193557666
0.280133143330067
0.6285782330176242
0.7341287224890766
0.6041899797541024
0.8602092444762222
0.49355684034024905
0.6134127340970269
0.7440704003894575
0.31738227469880514
0.5905419621972394
0.6957374630136213
0.395901541929577
0.5900113417458352
0.44268905207168746
0.7248748308176595
0.22498030886903128
0.4608608275438956
0.23748536685758034
0.3038160308734098
0.8658357727821151
0.04520652924605163
0.40282647660568305
0.3364229595953296
0.5521183196050782
0.7296024028690438
0.47106080648206083
0.6144495926075977
0.32091789427220874
0.7707100415867671
0.3518415833652219
0.40814589360226483
0.8880460095575583
0.22221724864522238
0.8059241565431152
0.9036870322639207
0.3053477543467332
0.6014440757398898
0.16361892475395337
0.6164598847086167
0.6182493474199913
0.6181185555432506
0.2912741652721942
0.1852936860449009
0.9382045496781328
0.6517731577551974
0.8065349062125946
0.5350809827669161
0.43011888008323995
0.5955363568669878
0.37015187912838365
0.7135077653103901
0.7983775555508759
0.5584518695502177
0.6457304684806064
0.7770522267744626
0.2705749660143354
0.02805703255638012
0.5231568680907395
0.5846514858408901
0.7003231288772801
0.23849653565606133
0.4717973350307977
0.49815845902946176
0.5002854959763399
0.4731100493678087
0.6427211321305503
0.6876684900615639
0.4911031775732495
0.4619740628780026
0.5815269167165263
0.4191208556627436
0.647539689119611
0.9401937508851077
0.0908618227489694
0.4901322809117066
0.4601191083902805
0.7488488309517013
0.21008879012786585
0.382191985211322
0.9121325615649831
0.3733650616952655
0.18079097937612715
0.28152909097252304
0.8442779924842703
0.4425992758001444
0.5180208255808485
0.5893120680122268
0.5267040527616553
0.3035365882244542
0.7646778828836385
0.6855626682341855
0.6637667430534009
0.1708245741222183
0.702842468258177
0.7231284396316757
0.2594147517080564
0.5116816961552535
0.6186431290563555
0.4833717442289749
0.5374876779177986
0.381115674641755
0.8692401722845582
0.5027792466179312
0.6383006955508381
0.420049684132575
0.804230011735892
0.4399976810189234
0.33489865191413243
0.6594707120621229
0.11846983736865788
0.4357997991645678
0.7713686379378315
0.7616216431204046
0.4064491716979838
0.8290550985405931
0.17320269063306687
0.5284230332971347
0.5287899940254397
0.9065735991250705
0.385660817881033
0.5704430829212739
0.5921734612857732
0.08060337567541404
0.4428163152902646
0.5706823155265928
0.6159903477994997
0.11234312441865084
0.4421244746595259
0.36938833310850205
0.7068986117003653
0.7398905169857746
0.45233748100959653
0.302263163815155
0.4927698665216215
0.722236458994628
0.9116308436509616
0.3154729528986284
0.3523476556513597
0.5938574841445532
0.34972457498608234
0.5922434178044741
0.6960120051949338
0.3178528631730124
0.7990959894822067
0.5392511807991484
0.5355191077955667
0.6872786076678585
0.472433860605623
0.1665362996871282
0.6825199261137244
0.6301479064317785
0.5109618067378362
0.5376823886505917
0.5532857264638177
0.8135630867398715
0.5814980317741042
0.49268367654994016
0.5736178949905104
0.5375652638727184
0.6686514396343646
0.7588932709864633
0.4419620766262693
0.42667805135484616
0.7792783592462533
0.2813754322788415
0.45419910563523846
0.7196539863830328
0.5556423610362029
0.737684966236078
0.6338654053694225
0.7156125520636597
0.35138936463252846
0.3394909195377534
0.668764222994644
0.3629143147670192
0.33512512292817864
0.872480356765804
0.28298109790924625
0.2810632371291532
0.5019153197255826
0.36484237986480256
0.6202904449971951
0.45431769143227135
0.0428101694685422
0.5433358260555295
0.7241396070113131
0.8823610964387427
0.4611357053733268
0.4460179649691943
0.8311839372514698
0.12431938348615879
0.5764109100530883
0.9492188265757644
0.09602491786941998
0.3270431992115338
0.22668896671691463
0.30081276794141887
0.7145358777832124
0.4108181491512792
0.4597213884003333
0.23885429188953003
0.9029924159769984
0.18011736028018027
0.7083731614352313
0.5938323938395172
0.5069229223429437
0.24496408579174545
0.7062141071915293
0.5227384029064421
0.48692199548420745
0.7291901625703974
0.3238642747909098
0.3052772128635431
0.40600643099693784
0.6759759125175252
0.7051575057129837
0.06301302167759247
0.3334719053828547
0.19753512875331103
0.7229852253918495
0.9207592490658125
0.2610075554718184
0.4362785316895006
0.8062648209263715
0.4240680504476114
0.08914615357923855
0.48197239792998253
0.49712659922001057
0.7738666265039171
0.2268187841010314
0.7281345603111908
0.6054217002922131
0.4313360751868478
0.8289802463143104
0.32423328983079375
0.06455372343200019
0.3016292643618572
0.6694339949515278
0.902730792507872
0.3215238965769418
0.586314159160582
0.4896746519366184
0.9739818558876421
0.1871259212083108
0.6189531251264806
0.549733407586442
0.43843781919069624
0.694081241757484
0.08558978918778942
0.4535846870733529
0.5515084532265031
0.6073764039312208
0.4107187671633252
0.9764190259058785
0.0919590973312808
0.46277485768214105
0.6715671086080501
0.3000397566949866
0.3040255779349358
0.6212549720172582
0.4786037076909655
0.7273811521659165
0.2934558004214931
0.4278233729611469
0.5219081933247334
0.5133244201496983
0.5685952957094852
0.4447236831233031
0.7396915473922747
0.2618789341531377
0.8868944504738919
0.532402384016375
0.6090212251259467
0.45041156060465837
0.19741251521990247
0.9211029287421347
0.5650109138503406
0.7080910384695319
0.2809343842172647
0.7879441609968524
0.7956143145882485
0.6378402131824557
0.48863219414710807
0.596746363474676
0.8934094533127368
0.2800136520495529
0.4684344534255301
0.4929831215724105
0.6629535416727474
0.7863233295228245
0.7812117025253487
0.2821524687390323
0.780036142906043
0.4531000043804132
0.5336382464378726
0.34210556181240076
0.6130645639390869
0.843829382837209
0.47674112337077473
0.8354224983681208
0.48307777007355657
0.5702573524110524
0.3824156084293288
0.6317255243079413
0.13096578660402938
0.3173858730011372
0.5611456229390962
0.6371053400735806
0.4732989770365923
0.9128167546103496
0.3304934668676495
0.38086061676775324
0.5566071632730815
0.3835664893305669
0.6920042919998399
0.7716640957068925
0.13877917692273423
0.6071054670250362
0.7958696865443347
0.2503694070967299
0.5786240455808815
0.074531364058431
0.5573011860454351
0.5389290137352427
0.45299583505130525
0.5184218106857139
0.702729373356432
0.39835823681528126
0.8032502283055488
0.5923818650566746
0.7726370546617374
0.49713885461690843
0.3322725723478709
0.6351442896480032
0.2688202172575288
0.20640238771895153
0.30314507922113504
0.4702525242599175
0.8476475788806384
0.5400206152178476
0.8743994761751221
0.38449506690739793
0.5222508041979925
0.30829180218668595
0.652947633379394
0.2714666685397758
0.3854805659182639
0.3403501312592952
0.5523614848226632
0.4647065411621441
0.27993687753935054
0.5274345912694262
0.1867593282963586
0.845487149660098
0.5492822216932205
0.5631342832308139
0.35542963632045577
0.6999477001690211
0.3799069000424321
0.11507237710623615
0.6637469343656596
0.9072687629341489
0.17349877846371098
0.5098750274716543
0.6900606003094731
0.7834435481387436
0.506406103513734
0.23099808745396683
0.9071063753076046
0.42279376307862226
0.7487393708122403
0.41040928887238165
0.754425553409868
0.3284255537453989
0.4486008604707625
0.7067834171625607
0.7367011608620928
0.2378602380883404
0.14485429766639918
0.39534389854386787
0.8133410222628601
0.16154422619103312
0.4768782645934296
0.49454707299420675
0.947658581411303
0.18202156414817128
0.4213665817042953
0.8979623949110359
0.22541384573757606
0.2008677965827703
0.7356359058037947
0.3630106739271144
0.825241368976682
0.5494251683066731
0.6419370123380319
0.48379695467834405
0.2840953118692089
0.5980456802770012
0.3979408508431039
0.46782807065492493
0.4650881215478998
0.6062456216545775
0.19192246932855822
0.34634723776314935
0.5722952344470629
0.3776968838893298
0.7705886780922885
0.15577630179648447
0.22729423962367593
0.2455062994944518
0.5682578943531582
0.8295820619160899
0.4103182442454162
0.5222811369758168
0.6836167980755177
0.6790863393134055
0.49531294987298036
0.3382843898239958
0.8001854872345986
0.45595881163551
0.3399463542361021
0.9111513162965059
0.3339011074405936
0.8751018879972081
0.44083063224549657
0.9150632806598427
0.5397144163569163
0.7247003532878352
0.6551800201020109
0.715942202829749
0.2769530823855124
0.42068076692930734
0.7869932718981114
0.626299659426139
0.8243806807476388
0.2232134232571612
0.5684584483296093
0.8239784329604409
0.23537738708619688
0.7588927017543994
0.5337079867198218
0.683606162871339
0.24978972781284609
0.5648728848171898
0.8440947592214258
0.39527570056558026
0.4750666562084425
0.6641914985802608
0.04612582634449596
0.3103986590339002
0.5118323050765272
0.6991438011898118
0.38586518951519394
0.5647445360825917
0.08587264201679408
0.5886495453881937
0.9298603875611593
0.18829231896962134
0.6586756363774026
0.7141963467197643
0.33951476557583843
0.3421438470232623
0.5452107507289832
0.7447299426558918
0.3105745368992576
0.07946112884465628
0.42442848294952706
0.8049977912951499
0.08415738324563293
0.29082959059378977
0.5202122689688027
0.5891848772952522
0.5886958424506636
0.184762720168936
0.5966952058868018
0.7661991588807706
0.24192104881162835
0.722561166402176
0.3002791441376258
0.6834749208498436
0.5643684030050341
0.8076481669480273
0.6847479825672227
0.9204485168109365
0.30044819144910717
0.8081458233075162
0.7064455793425957
0.5557084169918353
0.7225597611829998
0.6787456871412504
0.5016548903361329
0.24990354768561113
0.5320425001898008
0.48911793666718056
0.6810313701988394
0.5878252112341636
0.1558606416377746
0.29896344653425994
0.6094584290859335
0.593676752501709
0.5993355397827939
0.6295070877659784
0.19912218138421683
0.6554520610669535
0.9735111371165419
0.27601155862696536
0.15093673848742198
0.08688724556963123
0.46068072317288566
0.9877355262540335
0.2749096956830746
0.1367761336534563
0.1517543130223655
0.6557884371156842
0.5430545718546371
0.9347421002797613
0.2941668287528222
0.8829237645390822
0.2755503893130507
0.48814318793504285
0.9735487831546816
0.1605525108399703
0.3638142551426369
0.32711745451343266
0.667829644683314
0.6437926372333186
0.3886913822336967
0.7489937200081422
0.5546741460359027
0.4538499418891391
0.5210550177949177
0.49845056638682106
0.5962822040265775
0.20123510665551256
0.39096263756512667
0.5247477493261492
0.8296779169360844
0.2610970208072515
0.8238359862215465
0.42171921085504627
0.5080592262005793
0.47400015070978646
0.6502435082538978
0.8517119664835155
0.4407868197201542
0.15089686666300195
0.19466634124304727
0.7756455725444007
0.4955490682330257
0.5355906359160629
0.7383338275978979
0.19451164110342184
0.3041452738279404
0.3203967982672756
0.8028418591453157
0.13941405318822828
0.7745444680718412
0.7198309278870652
0.45907231415941974
0.8954926625418781
0.165662893819277
0.2705141173104432
0.5965822369146834
0.5926752763522548
0.22359727446816002
0.3553435144959815
0.5602424558337433
0.9039608704249511
0.2055119279945677
0.4405376483289649
0.9416953019260357
0.615172197161752
0.9370081689291156
0.36621420479267974
0.7005622653114134
0.20514897002506544
0.620330932574935
0.7524029776260643
0.5775130665424283
0.593074828595722
0.45512147588459373
0.6136695892952879
0.6802292903141656
0.23028670672827437
0.4587770875795832
0.262600146514058
0.6239597955650968
0.7136348976475471
0.35526670058017423
0.2013344623077126
0.7115495480234348
0.8214990424407344
0.45453629436119514
0.28065883759650395
0.47537814407029544
0.9179453056936593
0.10731004153600696
0.48494288683139697
0.2102369580269726
0.6199840423058358
0.631103627197327
0.7021083814228181
0.5241831765950682
0.5054122075713421
0.8399019102323881
0.4135995638478597
0.12948125957746098
0.5818067859770669
0.7101812185249343
0.2616925013254631
0.12202884125161002
0.39748921592818165
0.9291766410558402
0.2524948556799972
0.5080476882507343
0.35621540359754
0.7740197784994985
0.22190271399078265
0.4286684901888809
0.7471367337485141
0.1746251014306571
0.6873366900428837
0.7741747392849075
0.34085953243941025
0.284425768793538
0.14275704791300797
0.42959594540992063
0.6115053213587052
0.4158479640161567
0.3180943746930035
0.5176553094033403
0.6788631585532938
0.9752108105629914
0.36960025952118863
0.06802695920573455
0.527550538536811
0.620931696303878
0.8601571346226922
0.5795646205691433
0.8893102471149196
0.45213117071123465
0.635963727418196
0.8592370923973964
0.4876050685198514
0.8526536798923621
0.681270648951265
0.6085675621040688
0.6841646986111094
0.7642465171477655
0.5530630474423913
0.5351702301587583
0.5445521799812255
0.5898152360420619
0.23426932466160544
0.435962949214263
0.5005868581457398
0.7361626790886913
0.634131886829385
0.8492059670761926
0.4696095107571324
0.42610010370224494
0.5928460004858784
0.6896572394884212
0.5301966389801116
0.6095141328216822
0.4129986149228916
0.419465980946402
0.6977989980332071
0.10702032329654604
0.6744601588044274
0.837246704929552
0.48594711848724825
0.5172509782792178
0.6931117777885273
0.5486163996705271
0.9294361181463849
0.35847911397917204
0.4496212710518372
0.41129638256976075
0.8855160204923023
0.658385382206617
0.7632137132211124
0.36705699181511553
0.563120825128028
0.6710545904698811
0.07995177767427113
0.3524843029344694
0.4943687390288518
0.7844700226018998
0.6765989736957215
0.6910329893504551
0.32519183444589606
0.43906869734928705
0.5633120718839213
0.22162347683652106
0.8487894792553603
0.7191179432369588
0.8436713659492983
0.43662266793800997
0.33600294961558735
0.6383567484681867
0.5627701493905134
0.17889612360391127
0.41598185781926583
0.3797196036212619
0.6157142966631548
0.7025085696686224
0.7125403206080622
0.48184842009492856
0.7740349116028287
0.6404145355113676
0.655439945545894
0.4489906010441297
0.7200158003241326
0.732630105129555
0.3345091666183779
0.3796335319908292
0.3402746168774068
0.6189394767598814
0.07914362113590726
0.3614801556503657
0.3332162484299199
0.9268442112831365
0.12538736928300556
0.21525679465218092
0.8429862565901043
0.3864490352452272
0.8572977657407227
0.3190772183944416
0.44329398653148694
0.9623328536545357
0.31694763707789286
0.6030239721854784
0.5460550720836034
0.5090584281484962
0.5017599088782304
0.6777420257773101
0.26812250094182133
0.515899522503247
0.6892883638007778
0.18805531695833563
0.6076365102748192
0.41969990680693114
0.8885978473337118
0.45113439049196197
0.10037291046639196
0.6129062860305872
0.885114376025437
0.21192821267392278
0.37953582287785687
0.6472597952554127
0.651751074868306
0.37464909044871747
0.12843365335065587
0.47848733732927495
0.36615657095485343
0.7487621362379226
0.3476272123250323
0.1479130970454473
0.2855954666619008
0.45887371065041976
0.6534872881967113
0.867626523379071
0.6410879097512745
0.5633686277127845
0.10788238907962563
0.4180186776556023
0.6897641813623223
0.5063793031705683
0.4738231608442164
0.5694219925130486
0.36657789214748016
0.9431489897712799
0.2143024579245419
0.25034456084341966
0.7335089762067979
0.7078336202588659
0.030788837019185236
0.15322949902150404
0.431228275116458
0.8720583832036795
0.37630484729951963
0.5287846746308738
0.5556362634040024
0.15595008021044207
0.4224945412659131
0.314513971356755
0.2882444618276131
0.6249592724874115
0.19060083360195568
0.4813483497906781
0.20275883758369384
0.732286467748879
0.4769124047954736
0.6986792400028263
0.6002369814996636
0.7232068545692658
0.43678383619098093
0.6792380792628051
0.47450513405093336
0.16219578805910273
0.5840940696255073
0.6793224130747808
0.3032896834777711
0.6902987554851646
0.6476075916894685
0.27004756444104405
0.0671828152672995
0.4431834793879609
0.6371161313642439
0.6950876508676085
0.9602559459610405
0.07000267568998306
0.41649361959319176
0.19335926199395867
0.8288343273311664
0.7229632209273386
0.49416654242312014
0.5133841107050917
0.8359938525354198
0.6041953646398642
0.6788116195907388
0.3372034152618055
0.35465733665874677
0.9693808221239808
0.43109977671587757
0.34216411328523355
0.5555265529918232
0.44107639979186397
0.3785613854726369
0.5426382381291998
0.539165140154065
0.622899343954388
0.6894836506998804
0.4763422537208452
0.4162236851337765
0.9394490199218238
0.45669884159665813
0.8749210205837341
0.6070642289717763
0.8424423825051843
0.5137577619073872
0.6332999352490748
0.6510642475181175
0.7599209680603249
0.21916138541825966
0.6268997734402917
0.5416729838868322
0.679995361368756
0.3134380083971463
0.3900570101016751
0.38571569059857325
0.6799660276381851
0.20320260478333674
0.35253915016500714
0.7375450454300365
0.4299178155163184
0.1981414194299701
0.6270175587583635
0.4799741643589037
0.6051341877968563
0.36634545149166997
0.4013459521661961
0.6300208805882371
0.587320476096279
0.6796002966744087
0.5567457032376665
0.6680015598779165
0.4619789363319601
0.7057884762976494
0.6241835329285419
0.337014354550335
0.8379881139667344
0.537960849367119
0.6211517534991342
0.8018660153820651
0.3606264586078564
0.3805276838614805
0.7435045674854335
0.15884058720606165
0.6607642604219677
0.6746595649552876
0.21956941339392982
0.43708356748242244
0.21876273406487579
0.6498652279552315
0.6395665763520304
0.13418587934415105
0.3236892810865563
0.5147990169345148
0.5165970110006446
0.531727230198245
0.37372246408532833
0.8389925774491489
0.618352939217286
0.7681477091789577
0.2048881643956199
0.08063026437487134
0.18224460622522992
0.44683373709302826
0.7658010101056303
0.5709286131562392
0.7966743757615748
0.17926495389897004
0.2631523051565712
0.7094699584428038
0.47268990357296514
0.7554771028065836
0.28586685794785516
0.5728086498016948
0.15293468498405027
0.04963795833321376
0.5991963309876047
0.5330114063810371
0.6193669283204736
0.8746617965829567
0.18647057033383696
0.198703630789268
0.2751598613389041
0.8598139712225465
0.4472485479965628
0.1804148417335317
0.5564961197617817
0.5185418252254204
0.6611994076835834
0.6675235654232651
0.6664524711049395
0.9189721188523963
0.44279167134923214
0.3834507786481582
0.9664378515154446
0.21197552009352777
0.5231042201348747
0.7631731575426755
0.07101814748368805
0.2775176798366329
0.535172515556485
0.7456605404780537
0.3788760127450965
0.7222491653696823
0.7468233736444967
0.1415397462092329
0.42381473196785713
0.5431139842441717
0.5975909748540247
0.21234378273175453
0.6694553452204539
0.5355392366031629
0.3915028335478361
0.5755028325535135
0.3960879723916336
0.6445384354015158
0.8740324781372029
0.5024207182570503
0.5505231729960284
0.4525010314910564
0.14565903429073498
0.4826184792700299
0.44875862087426
0.850697711794318
0.5307839932939273
0.6106657607073349
0.33431244918604003
0.6013001036052765
0.682292973852253
0.5317918343394434
0.34269582384344766
0.481595556523245
0.3829546464410021
0.5841184466535462
0.41736053243175186
0.13923667936769535
0.31861576518308277
0.5980926680713108
0.7545097707886818
0.6073213082446159
0.7533382090610962
0.07487745365697143
0.3701743906618518
0.33467545820061523
0.9460049229647721
0.29049572146199854
0.3913028878013662
0.5480281016056605
0.8685688425476902
0.3758535245030869
0.05014302081124293
0.5412994229083503
0.3915054229452257
0.6864016062184428
0.20310335230530444
0.5123582608697602
0.7469728671620799
0.882816741035549
0.5797080690976543
0.826938863468905
0.40057085023109984
0.20154572617444688
0.258765757860815
0.6891250052977722
0.5531438542291681
0.6787260144674654
0.4856648391827831
0.3707591717264884
0.6432152076620292
0.43527119847304446
0.26091750687218956
0.47173791571895507
0.8724353966152532
0.4317682552281876
0.42875275530491963
0.31452626844301834
0.7878636808530695
0.22599122358554746
0.5324586672287436
0.8589003850776799
0.42482317108863743
0.7530125697613261
0.6565652768955024
0.5450282414867557
0.530287032526753
0.6509538413611455
0.7913914880899177
0.4501834857594793
0.32217815957644425
0.9606421399098819
0.11777606885934205
0.5642104292684257
0.8892849260413761
0.05732931261358565
0.1679355437380165
0.5996966384708703
0.6715705261262408
0.752709570842443
0.17681129373793542
0.4699548885974501
0.6330798190826497
0.7580849797933107
0.3079040707459573
0.7128607388981021
0.7000691082176514
0.6492087659704073
0.8575545560048503
0.14184313536202914
0.5516160161406182
0.6606062802365865
0.4633453120640093
0.5233779146315202
0.7227850357472301
0.8463553247444138
0.4875279620216537
0.6789433353813117
0.2975744466102195
0.4575808697589492
0.6536500136319787
0.9112325009082103
0.1216371599088899
0.3396756147291438
0.6250900355633489
0.5308729338421503
0.8389894806129937
0.0648781149288693
0.27749593412508894
0.09266081156455164
0.4815803776341332
0.9412993750897465
0.07551612420543012
0.3003992161341353
0.1329086132590123
0.642765942558669
0.8492333475451155
0.584120505953735
0.522714028452167
0.43691397876334676
0.8168158115028152
0.7651092789637357
0.4734564444448207
0.7885989666873783
0.24600465358117707
0.42849462886276374
0.6615085736496242
0.26474275745801656
0.26440559627099547
0.33559758833910586
0.6705488606972392
0.6727465190355798
0.05471496747841918
0.08315347600294506
0.3769670971484411
0.8032568819539212
0.4868066430171427
0.5253737528330917
0.374476139441416
0.6685765414307723
0.7480660889138571
0.47648446876882533
0.5585302114964958
0.1499944223116122
0.7900068897079071
0.6076752797206693
0.7402914494534848
0.8256199888427262
0.4761458189750909
0.8161049932860545
0.6290642216088306
0.7430006870309523
0.2388653592356333
0.4286873487585724
0.6190220474102761
0.7386576303575538
0.4663386964080133
0.5138950214646398
0.6504207947973115
0.7480588193095951
0.3098814953073788
0.32305891796555347
0.66395147735758
0.25494858175337287
0.4387475649156314
0.8524876533905799
0.3383921270313686
0.586160119883454
0.4034567494914272
0.9170124174595031
0.49444535956394353
0.8487495118581625
0.692261492276536
0.7778174198432559
0.08702236600638735
0.25116103546797786
0.6500564496662932
0.46464087798353015
0.7306573065777732
0.3682432122354297
0.5964437651097492
0.8556054445032024
0.5176819273720664
0.8020447759077193
0.7760212510091786
0.31644027309410067
0.6152942009776677
0.2196297806496328
0.6989478381222309
0.35734716000357014
0.810114983963804
0.4471608591754055
0.5840034755044301
0.7902309620000946
0.17540715861118855
0.5894536349272887
0.7888675846555098
0.4207547309131665
0.8038388314499629
0.1400135339592991
0.03632939180164772
0.13413248502599084
0.5246146976648413
0.7108451356605534
0.44882422492393165
0.4026136014351256
0.9882587736133661
0.059890913467379674
0.14221084320566063
0.4092964428482855
0.5972732052653984
0.6041874172069432
0.7619736809292427
0.38039914722742457
0.8124941917234234
0.42768067568548196
0.5935968397564912
0.34966849645835185
0.36812111208841636
0.7788653806347072
0.6691795127750702
0.9864735600752472
0.22769767691212095
0.47214912538994946
0.6527785059416423
0.6181195200573445
0.7646273757257892
0.08717047315081371
0.23956116535065775
0.5817886110277506
0.6523725760960128
0.5210587103815361
0.7595438453780303
0.16545441621814214
0.48306470024138143
0.4760572609047789
0.5788145952716811
0.09513428552464498
0.4474079564823541
0.884313929063874
0.40323218992850346
0.6377546634882983
0.6956250766103436
0.6205578541311327
0.6841943635722383
0.9440719069274046
0.08034869681491823
0.19332949071782946
0.5245156381210923
0.8138049854648386
0.4873628205454661
0.9294129426689011
0.4994314752557597
0.7530772277233544
0.4103421013542177
0.2985154900362357
0.8380040308597734
0.08364273678020845
0.213445428898579
0.40594324850254254
0.7401465542888638
0.03781159292135351
0.30033327514580194
0.1920859552924905
0.6659705962762958
0.749587290864145
0.7458089997442929
0.44132255232237017
0.6319509348250002
0.4738849056896813
0.6699188941260076
0.5255895041870975
0.6471619310083633
0.40971257291180196
0.4851762173959308
0.9018404849391173
0.29052616429060263
0.6500833885159907
0.33117026866518123
0.3425206908699999
0.8460939074889269
0.20134424547991925
0.432879772267312
0.6644819118539692
0.6608932052375208
0.9239244074172537
0.23612831788307684
0.2852159076663806
0.5412242255713754
0.42877658826775317
0.5343159467019113
0.6856048418704423
0.1929741751590434
0.04036144779189109
0.4916975698740884
0.8375642115769353
0.8104779484713099
0.7212389396281308
0.4918663002954191
0.6907061646713794
0.19578685144367566
0.4345730653073516
0.4251188832649029
0.821964102605996
0.3350454144265344
0.3433514022523669
0.46069889635283745
0.5384188566217583
0.4894999713558208
0.7153888835235543
0.3647230034604168
0.3159137226032689
0.38025907421823724
0.48938166516722154
0.7306731671105557
0.37458502041355474
0.1325392943072642
0.43670883297944907
0.6415518493719689
0.3425407055764731
0.35745616623423526
0.9908995393798754
0.3642683474649939
0.24658913340201355
0.41800965483067754
0.43929096509029747
0.8498106276624314
0.7162375458636505
0.8655542957870314
0.4415886720535375
0.7229901397580519
0.35791786265261577
0.676417344513098
0.3450581048786709
0.6101163848396393
0.13957891770941055
0.306650827566721
0.5734463998589096
0.9078775906972828
0.4150677587778112
0.4402887763319012
0.44474130581526305
0.7100817340598602
0.1793576513902345
0.34693937929377305
0.6854574190175938
0.560633380967649
0.4046282905302536
0.2391642376185513
0.8801443233483778
0.3227013889475232
0.8782821327566681
0.3956413711711058
0.09832724414168682
0.39468514570978697
0.9308396555264589
0.3404193132901448
0.3819777430840206
0.8118773587749806
0.5989576216739677
0.6664917971481574
0.18941006225802526
0.7059123091000896
0.8361454682573994
0.390152775319784
0.5448162676201926
0.8430800138836345
0.028274448115581344
0.28164726605541796
0.6551102642192623
0.7843984994785466
0.4486757833443067
0.25718517839436317
0.5413733359338252
0.8263703373617342
0.43057814139982353
0.2568577099951073
0.7404397349751654
0.3888058511402936
0.5656596704440764
0.5846818420807044
0.33743144284530446
0.36599936073976913
0.22412234556430505
0.7319258544360338
0.3586379369964518
0.7307664608920562
0.12513942459321584
0.07664338990895228
0.2774949557296188
0.7552429981189117
0.42400396006752
0.9351742543802287
0.29655459134472717
0.6535843331831677
0.6922128879621309
0.946417957932749
0.21234156652622907
0.40633961807310676
0.3867808628868149
0.5628118094401944
0.7808861738302348
0.06613433363014026
0.2743670443023102
0.5787513496255544
0.6879699985191272
0.8416948427399364
0.6024489485942688
0.9472043959161505
0.3490784898578726
0.5623297930340514
0.4481063629578521
0.6699356937608885
0.3455699818175507
0.7363332757865519
0.7708262579651021
0.5172908874256246
0.5490713858136697
0.48381648526270243
0.4639951173562453
0.8281706555722155
0.5426047122558315
0.6303365175851205
0.3772261813029162
0.44195872821767346
0.8950296080581347
0.20227539339221318
0.40032018149414134
0.6676154191052764
0.21732654846044605
0.45927929097071074
0.7982605705698419
0.5856169891312144
0.7930876480387903
0.1284069394376982
0.4069850908272743
0.6637831679734101
0.26587184474398606
0.26563704396760857
0.7443084542934921
0.3868997875508673
0.38059838297789406
0.45090331643970644
0.8847648068670954
0.2227843617007661
0.4644932684701874
0.49136800915339685
0.6595887607704285
0.836666656135779
0.4610276222182322
0.18761957581037753
0.5366814977583856
0.6293969673889346
0.36814864304983597
0.4561209502788312
0.18301947726932902
0.639229640152678
0.6549392225134604
0.07820279765030846
0.5198096338531788
0.6826156954744267
0.7252482511694609
0.7039895423770348
0.6201918691665226
0.4345723376273408
0.12085205313556727
0.5626127454188905
0.9180579256851364
0.205897821471496
0.28734805668713914
0.7536005326082877
0.25618691681314754
0.36692735802338733
0.5524519792250098
0.9358113776716734
0.45324232172951906
0.4589832007140599
0.5413360175839228
0.23195028812784324
0.660634077867567
0.7950140391926506
0.48419481403606784
0.7494039584007965
0.41140115489599627
0.8959590652945384
0.4582185601373404
0.4587651601755663
0.802322806837128
0.460008321370637
0.3923181738632736
0.6422678251253552
0.4383565865065233
0.583185615501339
0.4158131960896845
0.33134257752428825
0.31403220577180235
0.8128154522510088
0.4965024673170603
0.6732258377440637
0.6364475986766748
0.36610491930488626
0.41597224103415353
0.8854033406239721
0.2688431580237709
0.9018647586385999
0.48495039213863755
0.8448041274588985
0.16957566608948826
0.20916243129001078
0.5972516463810615
0.8507784036184127
0.2731091829047253
0.6747747570619093
0.6139218670828731
0.2498072669490113
0.4892263343011061
0.8513128801236505
0.626115890668963
0.50695299516304
0.3363246625049352
0.6643024050746081
0.70187088346361
0.7042353491482973
0.12738463866130378
0.4544673032352007
0.9532290920073574
0.1345860453908312
0.2196331465407595
0.3964222636329709
0.645059917985494
0.2781524985755424
0.2791057636391759
0.46549841101948763
0.44136826636028703
0.972229508010577
0.03389673570810485
0.45521595310512
0.377113261698029
0.5294326040508901
0.5477954467238605
0.2218639318102007
0.4484273698142538
0.7554996949904766
0.4216908719052427
0.6348259327145762
0.5755931878774703
0.8012050384318032
0.46052685008684807
0.7165903623561238
0.3688251287739912
0.8945579328458749
0.46308953490331506
0.36281434921013267
0.6171321805424466
0.2566487236829381
0.9011668601576066
0.08509916523775798
0.1352849664769467
0.4064668597959938
0.9181812582494788
0.49964839693018726
0.838689853946752
0.5884520489253193
0.6422627235170085
0.1898834550189613
0.41261011970126654
0.8133892667793314
0.4628512711598646
0.8384856833660118
0.22551201015225317
0.5759580532294875
0.39530861495104075
0.6368389613305407
0.6703075926464083
0.8625025619862956
0.2012952312550317
0.2732754063392191
0.7758526213841048
0.661623460048032
0.56693074873927
0.8822295983340136
0.2595336196178631
0.38326879156125454
0.2523540806302454
0.5997400458628122
0.9483975029416207
0.47030520974150714
0.37677812514621256
0.38448191181300134
0.5666251410556903
0.2607325527600925
0.19795542658979884
0.3731514626386826
0.31319998676142685
0.9493443794533853
0.013524135261261526
0.39338262533815005
0.24012571623156614
0.5275195846213718
0.762560362668439
0.5805646573120438
0.9574695520765838
0.2658556949892093
0.19399513993087236
0.5172738051207664
0.8409972087311105
0.15612144989942436
0.66708010565047
0.8266096520370043
0.2304263385220971
0.7345409376483054
0.3940009484601634
0.5358097305105748
0.5848115998220191
0.7893602196470274
0.5289748482573394
0.9075300482164302
0.4567163935746448
0.5666492767939946
0.5944776867540096
0.6598540997146319
0.6687126517185182
0.7678317369669372
0.3316444725696686
0.6796119418098014
0.5661280758270487
0.350880070492959
0.3601740181284414
0.4563124432171431
0.4913315705316189
0.5702197616539989
0.43121072168754637
0.504145459443967
0.8892793358343221
0.22698547596952387
0.5557010221915473
0.49217573397010406
0.6905160702293054
0.46922478059894235
0.5980930025212771
0.41058059391200885
0.6492493606487483
0.2799070743972733
0.6433376121998258
0.9417963644971032
0.22060419574589626
0.2832056438326984
0.3729413139367735
0.686250804429475
0.3638197157214071
0.30996366233104633
0.1471311221825546
0.7792152021617829
0.6629500377763923
0.2767706943585621
0.5347203150856994
0.5922766028848035
0.32237079953736564
0.464509609026118
0.6044400409456563
0.34712674698468865
0.16549908828119209
0.5030815519921943
0.465588988904592
0.934106783493603
0.46901438054641403
0.5135350563137441
0.7297233446480912
0.568582027255279
0.6770007105529023
0.7065190194364046
0.5383493820413928
0.7178929997794319
0.37769946752816935
0.5304677763296094
0.1389444313393679
0.47700468123954753
0.9441145411355076
0.1555393287604534
0.3663913120519037
0.3851606145705593
0.6877227784745097
0.05723307206090396
0.44171227888808373
0.7183142345273216
0.886720380772976
0.4556219738176852
0.14348036840929917
0.685668860194074
0.5577848605793108
0.34591378292063774
0.3918910362730561
0.7595953863972666
0.7027273435557301
0.36054837544467006
0.44340727822023374
0.7343212921905884
0.33963041684319273
0.45515556340046653
0.36514636202230744
0.5608884380503711
0.012089356504720452
0.14883392253688746
0.33527926283515586
0.5091109530744381
0.5773917105798594
0.21733888854843633
0.4828558256855623
0.5268273029209122
0.5140798287345644
0.35981503661351777
0.5610438784063007
0.2826420052999076
0.4599419922357695
0.8663230235360291
0.39752506387533004
0.7954767204673251
0.5493753432009421
0.9754604275193309
0.4262851321236374
0.4682012446044923
0.6270995058984469
0.02211572554340507
0.21110538430737652
0.639513648914007
0.5643750454177232
0.3668950271694259
0.47963630626727777
0.8600492675068575
0.4835655022622277
0.6272297896806138
0.31544119834409595
0.3348896681306549
0.5048832039370532
0.6308379530099132
0.35315589158541477
0.5508302600900465
0.5998014657648177
0.3975556276566208
0.24916778654015834
0.7776532219211068
0.5641414506788025
0.8000493211353361
0.44358691549121176
0.5368491318684334
0.6715112654925015
0.7980421794477328
0.10527008068370323
0.3063878337688948
0.6458375610520142
0.8781909283019957
0.34456085488169175
0.6387851447124173
0.6964074895952853
0.3099882119498809
0.3395447829416669
0.11885346398509125
0.5779892909895268
0.8399740767640852
0.00983585512596422
0.18354261599885877
0.3593221803610245
0.6076399775465093
0.746714823412905
0.2801678323753033
0.8241802503221427
0.6372103415013268
0.9013579171678046
0.3079696001604248
0.7263446024073279
0.664282630725107
0.846850327712095
0.4873264863239431
0.18136883045987792
0.704696197280061
0.5146985649811963
0.9124478225017605
0.09332002921600085
0.5209627289875425
0.7243324983769958
0.5047447983842457
0.6930829944105279
0.7830625825493351
0.8863248705806792
0.7005481349093288
0.665648642677357
0.2774105934835699
0.2136457099379264
0.8887752544679868
0.40848199738932733
0.9283638472707891
0.15805619836849646
0.6170938189688608
0.45400646148167917
0.6259616426230222
0.7882699254188918
0.6829181922319905
0.6722463238546295
0.41511728095903944
0.2933438553716471
0.7657734286991655
0.18890238573739815
0.10377244581408396
0.5751329716383341
0.9078622249381421
0.2979669325500319
0.8688185301264315
0.6956665637946994
0.5524336836789085
0.6035807754291161
0.6087903201077866
0.41974931849744046
0.4700331390116327
0.704617000929513
0.7388236163875797
0.7212286362859872
0.8083248212180999
0.07212929206846559
0.5688307597518514
0.9509556996397557
0.23251927263069913
0.15619725703053566
0.5916654355091903
0.8670041429062127
0.5698333689823099
0.5987359835487646
0.4849662159868981
0.2400163290022244
0.660518400488724
0.4354572051202069
0.8475510635001553
0.773259613991399
0.9022145634909058
0.6636720621419547
0.7250899708792284
0.43602502359603
0.4258718039248166
0.4601362238162485
0.8652165023403251
0.16187800848475603
0.2909716358214657
0.6815165177677303
0.5616630023798692
0.47588949817716647
0.2875058120603579
0.8837589167144988
0.1851299225347618
0.401576532813194
0.5851684790678129
0.6425352067450179
0.751041129207145
0.6673458789308495
0.5045633360190304
0.6857629531389187
0.721093981345168
0.13484594743974912
0.3529971275006017
0.5351461406291395
0.6489551472297556
0.3672268444300902
0.6439143082372455
0.15799478287805885
0.5447834861447594
0.4730805220137583
0.5258875237000398
0.4544073694795096
0.6315527293645296
0.5552402274468595
0.7458715466303516
0.8764095238427572
0.3718923886120502
0.6920432490795537
0.594561186331327
0.6724735400848283
0.39983088949130285
0.09598900116349593
0.14083079817934802
0.4506486827720486
0.7439436430272175
0.11426066099823863
0.3060658801096692
0.5702790003107504
0.7872170254883448
0.30789651227347015
0.5743179264869069
0.5016692292333605
0.6395852539694077
0.9581363803527676
0.5610980346839562
0.38486719185444057
0.8143262604726689
0.3279646193083483
0.60626564916209
0.1560749238493746
0.7968271143605522
0.7098515487698465
0.6488642514441647
0.9345330171786039
0.12125630432722363
0.43370174275033213
0.46013263595303167
0.5014131639475435
0.9450463443248738
0.16663526329037534
0.8637445525635048
0.6586669754609018
0.6949124952363331
0.03571208218059005
0.33246829208547635
0.2509568975638295
0.8392815795962828
0.4394908879739984
0.6572304031164178
0.9443192829632544
0.2515617615409686
0.4005049502722155
0.5860592603359556
0.6731511571910685
0.5564326634059402
0.6938634027954305
0.27822810916311635
0.09896981261864168
0.45350393734856276
0.4108312354068503
0.8049191132071258
0.3740903199209842
0.8918383857484893
0.6598435329745036
0.7911522028981595
0.4375387615194555
0.2359439095493707
0.5651093695766946
0.6495781419521978
0.6965901547186004
0.45005298926719306
0.91100462535814
0.5494107998488968
0.8630761341449706
0.355621786866448
0.14247653475424452
0.5350389186039053
0.8669819055126067
0.40567976403585027
0.48684517030082153
0.48284179135056604
0.8722332934435384
0.47169443100722314
0.52386192142173
0.7635087034083468
0.4132201218027211
0.5502276578539204
0.5873059228877334
0.9002522582198564
0.29207454758273765
0.791143352163747
0.44272082838559346
0.4098929080722805
0.1760826691257124
0.37982918952577926
0.6904952475938078
0.30837485022826966
0.6501190266927284
0.08921127276137499
0.3078425491452813
0.5616884462593406
0.21309725054191983
0.5110340979408418
0.44606014528189947
0.5109517380882921
0.4538256218542667
0.4813683524350885
0.5354613506562618
0.9660760692753134
0.24961031317554164
0.42941952405080175
0.6359556401962736
0.5016280097066926
0.5133146252237679
0.9552510533824945
0.11440342494812436
0.6040405282492534
0.8976356420749472
0.19052576457066184
