0.32177709899688905
0.6111876163267176
0.2616646301762464
0.7728017860645973
0.439741165249109
0.5333963212551511
0.6045130212840936
0.47384840625915947
0.834543780505383
0.5097854796737351
0.32888145946963404
0.6756021850967591
0.02669178248341637
0.3517552386994287
0.6119289007107891
0.6017789104227629
0.04445894953708611
0.1340322172542009
0.5061534310061339
0.9422173209171847
0.510089513585452
0.739079595118058
0.21503876252458337
0.6777263857168675
0.6985600274603185
0.7170122612910288
0.6519452542788987
0.5097784209236923
0.8280202602228757
0.06045962924566377
0.20725434905665055
0.39669428457921646
0.7257181825029339
0.13114497012461024
0.3268657138770599
0.9784522776518481
0.39382832967451487
0.6121491191507619
0.6150584133367102
0.5666759824922865
0.8885319636465274
0.29064683265300734
0.15854131393344484
0.13715284291893784
0.8037482262723766
0.6160123316449765
0.19152336549946752
0.514515511158613
0.6816298262789937
0.5870143859107226
0.22183959925473354
0.4173438641879238
0.5576215327910283
0.40847138962321133
0.5882132618592761
0.3100540025681331
0.46859622948769525
0.4412581771365399
0.7215456357311176
0.2728039955992716
0.7298860177596457
0.6053428854938327
0.18244034854751473
0.2685755338796993
0.5278682804388383
0.336098324897872
0.9593468704200021
0.3542688145804247
0.3055432297652807
0.302192513615981
0.706485353060673
0.8525488590040983
0.2639903948138854
0.738939179408561
0.4600071814731983
0.30623456330230103
0.6036806454820635
0.5092179785255089
0.4506794099557506
0.5807459113049828
0.47680035831550294
0.5518677880504972
0.17049999062633048
0.3737748022437613
0.7141707943567464
0.22683918844987577
0.23612877325003068
0.8738826232628311
0.5816107445047998
0.9076671598446554
0.3045850325968968
0.311001320107562
0.9403938182954099
0.15603837186283093
0.180640777279826
0.440714127522696
0.5555637447988983
0.10662696424526981
0.45391444498849814
0.8295627634621363
0.8023263341231393
0.49957773988483817
0.7561544214043759
0.7092617107200533
0.5761308225334045
0.34358960875405864
0.8680741493982107
0.17306353843068245
0.3915078485047553
0.8912762271728838
0.17241361964732413
0.47796981030738767
0.8029930554060543
0.4220603123604197
0.5795608390480514
0.2264865238465377
0.9595712457731789
0.23141322795530242
0.6883596638036991
0.8090808278457471
0.7858114650229298
0.7394598990758449
0.7187456872104496
0.4114192048570504
0.41541612534210726
0.5033773555558134
0.6865531555204544
0.46175580817732736
0.27993575713190694
0.8542385642592365
0.042132304280063454
0.14454084167085848
0.49220595307594606
0.6843848702480424
0.6990726762799354
0.3031609662456447
0.5522116730261409
0.4927635066876734
0.920535392650327
0.1880229498263004
0.5241193447534372
0.712618713767528
0.8653735972885069
0.4723021691886019
0.45006886392063405
0.6464433222272586
0.8961008766026712
0.5159857626004636
0.7709672532285174
0.251841007397491
0.2086071999668223
0.6529771274139335
0.8672661747610988
0.31369463100113154
0.420141993009321
0.4503925744217488
0.3872345606834122
0.5954030395052579
0.4330398095616464
0.1423000099221926
0.30926319784247647
0.5371993655850349
0.9467297707296554
0.16674135596615713
0.48547573168645647
0.9009227384803427
0.2896937890252055
0.34835444744378186
0.7504250718221109
0.16938495669568762
0.5770768861654226
0.757964727306752
0.20512961152160103
0.6149486016707134
0.5759599012271097
0.6746493504920841
0.42258919891575014
0.26118462227126155
0.5360863455338708
0.5075459064965745
0.7885962084225617
0.5675797880628413
0.8805786601167986
0.6387127570357682
0.7505331408198176
0.3066764551892146
0.6258341038311724
0.42854286167311756
0.9124906377847484
0.16790887229196177
0.58294036185038
0.649869230026678
0.8415138588123283
0.24695061666282955
0.6083104271420131
0.6469830447156837
0.5074601568676111
0.573747348178739
0.4781045092546371
0.24739383789457922
0.5608332503159131
0.637023863994695
0.8313004117197014
0.38245360040451876
0.17927671994776156
0.199843711587797
0.7167447755657838
0.6234316007800471
0.26188214386920433
0.48221054046275336
0.353813793855849
0.8843238246297563
0.4069147916191054
0.13659708968110176
0.6145567336881976
0.9482234144037888
0.4256196885180198
0.4798863394870839
0.590825532405528
0.630917950354791
0.5143566891587346
0.8539889828785443
0.4272759306210965
0.5276992986115081
0.5301221742485159
0.6157156057646529
0.8969330095718178
0.5118480036092866
0.6655909069776504
0.19995129056344413
0.7494924611001177
0.8748648849987362
0.63946743677383
0.949611546367584
0.20882917434176365
0.3203544166799878
0.8236154262489557
0.4794622730883864
0.6621351856224685
0.20239315082810205
0.37813724714343
0.5440284885672724
0.5253450917732171
0.761621636788469
0.6913535565517119
0.7776010779502835
0.5592484797300157
0.4570134661796741
0.47227561807764545
0.5169348381414949
0.20161931054999888
0.8824448837213519
0.1963969609743245
0.7698377784993244
0.58147758928654
0.8824105271471528
0.5028145537166231
0.4964328742174269
0.43906898511846626
0.5082042530849069
0.6499023086742732
0.4647484395570987
0.901380286357627
0.24759806909611623
0.2124310281818488
0.5611810800214121
0.37393884615095535
0.5972525000808053
0.22314094561541858
0.4783370511031634
0.4819030774166817
0.7523819698815677
0.37846606741939554
0.6888779550143377
0.6410193983470226
0.29673127067339583
0.2673807411066738
0.6061015550948413
0.4910200577798929
0.6085114027708004
0.8829378655504021
0.2924926724469947
0.22472355733986638
0.4868573175900004
0.8496956405364127
0.09445225132440073
0.43390927829547493
0.42587528147855946
0.5751983023496572
0.8711846214921051
0.4695314767477928
0.47225892464437036
0.5301734531112301
0.6956313638350419
0.6301238058401999
0.6451303079427518
0.9620245909457443
0.1736617418694245
0.3847673975684256
0.7814711598989609
0.1416520397842491
0.2660327854805529
0.9262295159175988
0.1821633274538281
0.6117331229159809
0.9540872713346942
0.17641549925603253
0.5974992380245818
0.8877470660950335
0.4845754028311414
0.9345649075260406
0.3105459380890159
0.5864896370487209
0.7354155509284839
0.46324217705182924
0.9048077992797784
0.32347830716076775
0.5001127320781477
0.5611265765011768
0.32330253612555165
0.8378768324235861
0.12304367420343285
0.6327769683046855
0.7959400740725524
0.3034152401723728
0.8294045287888507
0.7361240084820171
0.6349332425680515
0.601885205530835
0.6156512030091208
0.4513650127524829
0.4212717695480384
0.5236387071009909
0.7064643121320615
0.7176071341290964
0.7642719016891439
0.5333969171297575
0.7673408035607846
0.07076206477077569
0.1522147155357561
0.28842097538523775
0.8582094600856677
0.08117343222736523
0.24525019493622097
0.42171853909312434
0.860400289273074
0.5807023249852097
0.6862744357764203
0.2860991872685458
0.9216297363024715
0.5194524897939221
0.5782921886121938
0.3271141303106674
0.6838280734631134
0.46904086087612434
0.5730546811302376
0.2101419420845322
0.446255937646599
0.607373908511053
0.5942730630278812
0.5867578150947164
0.4344185748439467
0.22825663045197206
0.6490932879189381
0.7733473117527985
0.4205713436485853
0.32982151417390804
0.6743267317063668
0.641745015152426
0.4610362356361008
0.40224217309904314
0.3457899521529402
0.5610064149706971
0.2267620555179774
0.32244026683538857
0.34142536307612836
0.7615295262652242
0.3712501485901051
0.7454871496841091
0.238847052416047
0.8938464330444875
0.24894781023317664
0.7329407479112413
0.9308882484029315
0.32833595148572725
0.6190649426211077
0.5679528689169979
0.3176912022112759
0.4709036331752384
0.7888575009834659
0.29205293867725074
0.2965292323024385
0.4576536406939255
0.6827135858429053
0.5611450454685954
0.9098987369725167
0.0988557394583022
0.38868750736189733
0.33697443964718865
0.8084797196308227
0.3210910506111504
0.6994967566065997
0.4363537283036675
0.8128862683505036
0.3459048870223077
0.6309154043052436
0.9133629696651135
0.2569574385470342
0.9459364291800548
0.055775859122298016
0.2699701410452694
0.7848112167414869
0.611825853055075
0.9049974798915441
0.4220475449132447
0.0434757220115277
0.40496371016402477
0.5247048051835894
0.7025290666830981
0.1134167796904334
0.5164048223156453
0.9597693687942406
0.20244011947242904
0.16814493193944136
0.1709300437792657
0.8038852999565651
0.8982040678474655
0.29334596953167763
0.9493491727120598
0.015338289259697185
0.11206981293310364
0.20239419353879246
0.7340317330774044
0.5934498123591683
0.6614062859729185
0.9488218592530557
0.05045312503702827
0.21528846478403113
0.5980574332851591
0.6405486137465901
0.43833287524090647
0.5521048591854999
0.6216162156744973
0.5140835579412669
0.607002706432556
0.9380409805777895
0.1449257291620279
0.6709589863356692
0.8232758682302653
0.4143778828610696
0.41849657041462696
0.7221948362663788
0.8111091522599579
0.8020666233408753
0.6187701164021562
0.6164073311099731
0.644081647843993
0.806326997640634
0.5734739744253747
0.631611757320228
0.2726870282772714
0.6060995075135343
0.6548728775373227
0.7384803501300113
0.8573235145800796
0.3841642438634269
0.6541714735622677
0.6253332325242377
0.07691884625471908
0.10643637159057782
0.3740261346362036
0.5679205875958414
0.7561099346185405
0.5088415268895646
0.4884399973229963
0.623311368331757
0.6422578719489371
0.6910231712218367
0.522726634541505
0.6636466498237639
0.16106251317376002
0.5418991392844393
0.753003465015231
0.5827480443927191
0.6150081940212728
0.9219044871351831
0.3017073408907906
0.08903603812878191
0.5604715813432731
0.6332828364698235
0.7154429355940197
0.7770121447333489
0.2972712816395774
0.5409925598425182
0.18722865098455338
0.5254365737259078
0.8095519766667072
0.3770018471801704
0.3866480277206374
0.869115958991723
0.1731826610090732
0.4657864600372242
0.6475619115289795
0.8854959661374535
0.1414427570110643
0.4421891771803319
0.960424671439983
0.46696710513470047
0.4939377064087014
0.8794203865700393
0.43668902068580373
0.34361878114892663
0.461600254744326
0.34168056023673987
0.7641902853647605
0.21926192792053056
0.36086091722317476
0.5507759577688142
0.36907840236595096
0.28184772880655656
0.3116164296578065
0.45654592825996687
0.3704915565301443
0.966565662211485
0.47261983878195685
0.7631146919242957
0.7734142079900097
0.6531652459762605
0.9511929604830207
0.2968071178444964
0.25634527324243495
0.6126148826422496
0.4797163185040952
0.35817215470989194
0.7959861292254122
0.4013956234399645
0.7932940919769385
0.4937191109681845
0.4399102944990613
0.8080160387387108
0.2688033896363686
0.8263877673962228
0.5437005230966506
0.32460465119333015
0.8706647227546229
0.23463902704295467
0.27757589766322194
0.5003721511798964
0.34107705290809065
0.634507100105955
0.36186772859275895
0.5894561762109964
0.8828400270381327
0.30838646152720517
0.8778571940015768
0.4631329192553765
0.8994324354719474
0.356947671654417
0.7054908279061767
0.8843685114192052
0.28443522723400005
0.479073178224639
0.586202527298423
0.8417907699077884
0.7969807583049645
0.9268924313255404
0.37634055352788953
0.5900916379382704
0.4781846059435273
0.6926117948187234
0.028385422152628827
0.11615711219828552
0.6232880766982878
0.8102206243781878
0.39770942904398304
0.3798636923085403
0.2536431796975298
0.6709126117723774
0.7575229679296474
0.601728268822307
0.3093579702595102
0.947431940630153
0.07814262272118086
0.3963673813627735
0.522895448434898
0.41085640466400397
0.6255991739900598
0.5962778841903351
0.9194624527606564
0.36089536877785255
0.22953730913692139
0.4646639265189934
0.40918924489664116
0.8764603335763905
0.20543642711055835
0.4443075693214996
0.9801931704172744
0.08031575532622227
0.2860577554713193
0.5560808521028849
0.7267783186693226
0.7408440826777518
0.667663447370285
0.43776403344211223
0.8330122767116943
0.35290277369316786
0.35206079135350626
0.5537672358946042
0.42632952439966326
0.9260588175740947
0.4966950338053954
0.8114485750979386
0.3776320697843726
0.6028858584590887
0.4963034799133299
0.33335398398603755
0.5548008665489166
0.19406369865518208
0.6545959526027113
0.8354914734268208
0.06951897591402606
0.08789128268336147
0.63047310660333
0.7002571609069246
0.060064231535404994
0.4424717363272868
0.2535841655353175
0.32882701339996256
0.6572370113996718
0.30491106486014885
0.41412881848841554
0.4830682804883052
0.5733951597044271
0.7406532341574144
0.6448371177285361
0.9703059924417738
0.4442486258734326
0.7081590055635685
0.5223386368557051
0.5709192590602364
0.6353462534692337
0.8361414569722427
0.4477277755186048
0.9466885816359332
0.2771070324463373
0.732842568965602
0.4121777876147198
0.62164706166124
0.5246402750400851
0.43210710661341134
0.9118178922369955
0.10764386052583437
0.5303394860443797
0.721378062216335
0.3049904818751081
0.38522921152974926
0.44451356949135523
0.8501348607463282
0.5503254316696756
0.973573614362286
0.20233488131340116
0.3573998651914503
0.7342095700592304
0.8701946529594617
0.5434331171982533
0.5869144928583885
0.4817316324828985
0.9251145836643386
0.552106574279757
0.8337053368003926
0.5101565084574219
0.5478024402500569
0.8759290587194053
0.4288475757407472
0.1635904599684589
0.6386087290475544
0.7143203335084546
0.6827850038181393
0.8817350967944466
0.4626760019274867
0.4350406005793301
0.42279759402959527
0.8705517373215559
0.46431430372218596
0.7152728589007341
0.47317047336905377
0.382687730341343
0.7386339901748287
0.17368690154560046
0.654609723039739
0.6888363041971018
0.47694351801483037
0.6406440615245591
0.6258031553677259
0.1316414510037676
0.35725956997626596
0.8940876260950315
0.4913854552116441
0.9054305814953627
0.7144873630267926
0.867820868505512
0.09304831213717607
0.3687452062765313
0.42616446472804
0.9006451540190386
0.4096568931341016
0.6033183710416834
0.5484526126320285
0.2852618913415071
0.7012102122703097
0.825583304505236
0.43507374522749276
0.6391141557753572
0.2885884093751776
0.10123830118030591
0.5726056747812238
0.9788193219293992
0.05026022217964929
0.5735463212915042
0.7875482580804706
0.4776520554401848
0.759358580868042
0.7282745901622972
0.736835538729973
0.5794462921749762
0.45137255380283536
0.7780365304673927
0.4890464942136712
0.4183874706459405
0.5023270209835013
0.42112728698248564
0.6031910898568329
0.2609607872095449
0.19519355663464258
0.6399176541864109
0.6775089704708267
0.09920376824893169
0.10343432133624841
0.35767303542980133
0.6791094956972985
0.37497849784703724
0.444099589825456
0.7602212659768186
0.42437446895831316
0.31982717066230254
0.23086855542318513
0.5677977688669165
0.7732289050208412
0.7330282016157654
0.2805934931747939
0.6935688178583013
0.31897282455139103
0.8406325200791636
0.4457648783450617
0.49454428124497474
0.5001526524441147
0.7720428689162336
0.22284955727985212
0.36784776933212837
0.3501899266852163
0.5050936922377555
0.7093071604307545
0.06400735341778728
0.3574556311709317
0.4506918839982994
0.947981162359259
0.3768455615337737
0.4029636158493076
0.6583839780137141
0.07127925188293144
0.5192784806247639
0.8409644384669728
0.07728641095768705
0.23510128735289268
0.6708919167672288
0.46298030152978803
0.3305739123743694
0.8091630197090343
0.3959814548006517
0.3611405154579769
0.5555199072139726
0.23877559151107391
0.4846802532520746
0.46528529176013056
0.689340811809431
0.17534448280725343
0.35072328135955655
0.1235334019072201
0.32576142351837956
0.8525617778882262
0.31675062983822855
0.18069670317015357
0.46921710149375423
0.7871325195892844
0.45181422682766165
0.40806044514376055
0.4107783005834707
0.4549022015963803
0.8487114892367826
0.35907397420928067
0.15439085754642423
0.4959267264551064
0.43916891108676365
0.4677996943898392
0.358329929854264
0.7497113470947179
0.11371419969904314
0.5467644994678056
0.9764524728524537
0.2162080855096473
0.383963494846398
0.7888194014905177
0.4451640389604168
0.5645433365806626
0.41025704433742566
0.4130015363852509
0.48974554479359944
0.9143548628532505
0.2874165073531745
0.6266984799528104
0.7069076447019365
0.2240453756443626
0.932203773238843
0.41828138189549385
0.7081944430086499
0.43171805696087007
0.8773369379583174
0.5361143902724801
0.8067041409032178
0.4261793588503445
0.27312076090004633
0.5633223666255912
0.309605464341214
0.20443152711314402
0.2765961135487448
0.708751560715217
0.6477132153503811
0.3387784659565906
0.5103613335311812
0.5383302874646037
0.7214890785653434
0.6823398098132908
0.627800816216873
0.5639470821756299
0.17018332080513163
0.4657474562760742
0.9154970442181863
0.6280513657026529
0.6914511977831337
0.1348652478645628
0.4203455103516793
0.2712768999045672
0.6701511494294892
0.5868672979968155
0.3381658045994937
0.782856480170889
0.10328740515137572
0.23797083796957488
0.20259206758894757
0.8165492514155722
0.5114771768929047
0.9764856382104066
0.20475144255792066
0.034680558538461956
0.5429877133316751
0.6651163490763561
0.9403153075457102
0.3922130575321303
0.504265482873987
0.7701529126013583
0.27178683369587564
0.43039952830170847
0.2570803732804333
0.6792627005812809
0.876650285270677
0.1828662466561254
0.10935196710907258
0.21704638884072114
0.6306697220732853
0.5971013890288612
0.7930947438254023
0.26762785488371754
0.6631007557039138
0.8669831713966065
0.20199366593962606
0.2277749945201724
0.2345670209635372
0.5075129221203714
0.8316994407196059
0.5009708132941553
0.6355711613275785
0.774433620690743
0.37784292784714224
0.7168288471621528
0.5584791771870256
0.622102103956621
0.6069159301513589
0.8140153422719607
0.5447621109785492
0.7890699289279568
0.7295141167301048
0.6293073901724887
0.02846996103956051
0.24170525570094267
0.36832411097801754
0.8725557198415644
0.5041241159046626
0.7248546665935806
0.5843604407514392
0.8441869440753904
0.49230749583376693
0.6156285102131909
0.9209022357402459
0.12498030834079682
0.3200280098724812
0.49809105369071344
0.721001150768048
0.6034757105976647
0.053507712160522386
0.4430761430206339
0.7235827278223781
0.596123260225111
0.45247154563063124
0.5451186332441075
0.22683289581201255
0.5797623086988787
0.38204829326226897
0.7986442296232459
0.46317901449143783
0.20723535715445957
0.6231120038256732
0.6153958843820285
0.4567050463239063
0.8540514353773675
0.21855001282885303
0.34335276358265004
0.30707111253622904
0.837598507087326
0.22406423976706702
0.19201983883221638
0.1083368405944106
0.41235154529904766
0.6698743864845008
0.29519884237581534
0.4555701153456538
0.5166403353200761
0.42747509882397755
0.5139293994146575
0.1779035284342649
0.8568188120484765
0.43327833542412514
0.413431047534424
0.5059463347242242
0.5957923401907558
0.604778231104875
0.21231914396947088
0.520142558612161
0.3243821214810172
0.9463405509618451
0.36431333959089085
0.1497350829360317
0.6902993181128974
0.6481501495036853
0.6767316862718509
0.8628908914108859
0.5948268350751513
0.8693600582626204
0.15759533204331472
0.5469403826354382
0.936377893950942
0.1976316351779351
0.2892779495492716
0.4655130474192845
0.35258398203442093
0.600286428126796
0.14606713336631183
0.19280768554413857
0.7343667370653301
0.5987194485630486
0.24718479878581145
0.3791019162362582
0.5529466400390568
0.07769407801971978
0.26277349984380305
0.6406578087194567
0.3652518519691202
0.5597014993354517
0.7229423388197145
0.7956881965383773
0.599835555243478
0.5721772883054395
0.7985365474781227
0.4753448157870019
0.3887456306527868
0.879570116751712
0.36618128722302157
0.03910233221923157
0.4255462796568938
0.6922122295018773
0.9895489774562763
0.23320978283141164
0.17486224727418848
0.16044668981116827
0.7743779155996374
0.9268642219961467
0.16860971345239884
0.6015429392972327
0.5217952454253849
0.3284077832186896
0.9499934695562411
0.32684858648315795
0.5496895913609504
0.7993003603782711
0.6136513639504175
0.863852032680396
0.4727068703305048
0.7559756706696615
0.7098163867278786
0.8380674254317859
0.7219459482736559
0.8459484789824252
0.40751919022484495
0.9588357366328839
0.4069188482640495
0.7381220854283468
0.9729951762056712
0.3672383555069304
0.5262342066493333
0.9466941663274483
0.4737705093836746
0.21667342291076983
0.3490779149765429
0.7130173750636364
0.1576388461892927
0.4308125925681186
0.9481391775938235
0.1054634767628571
0.45744026411729305
0.6476177537440364
0.26544857944777644
0.23540113484638656
0.5724743137754883
0.8604538651207224
0.4464369671772626
0.299095582622058
0.4596763284253309
0.6327055147885983
0.8528325900318026
0.36430553926164166
0.6019357814690109
0.09369110843592328
0.27436891112719086
0.5289258726191408
0.8683346204053117
0.7445947211778832
0.5766396510558526
0.05850632005062517
0.30096915311939354
0.5699886937333358
0.7362339030253509
0.5807555819266685
0.2603289256506243
0.256735734647083
0.7633253820701025
0.13949887254303892
0.4254110063855473
0.6571363475008949
0.5171025009535671
0.864981397796071
0.06942921965826465
0.5953290327902901
0.509012980997883
0.40984408635416864
0.7673933009647217
0.10661280693738238
0.06938240627014913
0.08331394579762925
0.2855604887879837
0.8122960598973811
0.09366377139215779
0.27553359329958127
0.23744092489356272
0.5862201208034284
0.8377100679509943
0.40501202226131516
0.5372170229208568
0.8726556024781871
0.2841601708576432
0.5237350191174872
0.9015206780058035
0.050287535869928277
0.34879553384343376
0.5357338811713334
0.6862400240812494
0.11687700009728988
0.5697557394039865
0.6136778713486097
0.48242656622313623
0.36791564128446064
0.9721428151328491
0.2529596783594634
0.37839819226228566
0.5649686636912458
0.24933107953397138
0.6528706900793422
0.5986519987506442
0.18589340654363218
0.6761952259015798
0.7195486348751202
0.47584528720886354
0.31884020107353855
0.5668714042041494
0.7931546730394748
0.7279730232390508
0.6824489142535828
0.6658568531787867
0.6331305360851236
0.6229075499884733
0.6768591645128945
0.0515819709557019
0.37665637423257514
0.7210874919546695
0.36923575758954646
0.675463567654586
0.3869620190047429
0.5848688734484159
0.2164408681388781
0.7351769196515701
0.5681664332468204
0.6278723438419062
0.29063226752128857
0.7995871507402181
0.6261571206453332
0.2228866378520206
0.9155235123870213
0.2239729781157832
0.8170674714324271
0.47853602271857554
0.5565653343609547
0.43291434421509334
0.8564697770141562
0.33552376039345605
0.8216595774031257
0.14757065604775266
0.48591535183417256
0.8214980095717059
0.6198394078670849
0.6884194178369025
0.3203235977361074
0.8326471786238372
0.5265391293926511
0.7577365887357466
0.3168303828988299
0.746705038114248
0.8263279255167151
0.33160135380360706
0.8997840515943908
0.41743721632630315
0.22158490266403463
0.36156827699473415
0.4994512644702106
0.893820259861578
0.27997638683385867
0.38285843573632844
0.1463506006076555
0.5377231881582414
0.597356348261717
0.271939178706103
0.5854544510285242
0.5461675456517863
0.414533731576921
0.6865299921291068
0.4511489539292692
0.62033750282504
0.2036955979916738
0.5362437554568299
0.7991411502362563
0.512656897979135
0.5400709659763658
0.5803104455327257
0.771138861511861
0.6826601504263671
0.9531234762933505
0.2527217359284034
0.1497454531494769
0.7176728134257092
0.7365604246653459
0.16782279720107518
0.301917940055203
0.714393574375798
0.15047842715123513
0.21770043490308622
0.43103066553770286
0.7370413383054152
0.7789987966071651
0.6267387181759523
0.6709647703022865
0.39294100173141605
0.3015097218983618
0.24563523736288123
0.4924531899268204
0.8184111041951274
0.564945286600385
0.6432577864607933
0.393539462380324
0.8131056644731799
0.7293610301390729
0.5898054454509188
0.010312628939343009
0.2209803093492245
0.16249693082932298
0.4476362336942212
0.8293628654983904
0.20962318719821227
0.42675555031101275
0.8941939273952008
0.2555379487901615
0.06505660417685448
0.2016319591708907
0.6650280530906219
0.4494009381902313
0.8974862204822147
0.3939553520858434
0.25871488114335495
0.5190757273026207
0.45110201273213124
0.9671051850914005
0.3301648278256941
0.45319234920855345
0.8456823928559984
0.1060522689028414
0.2926969692600641
0.33065244466494115
0.7063804501773727
0.54376559904618
0.5464064194298904
0.6416336071419847
0.7962360714444802
0.17732414297762417
0.5883157431290882
0.6896846779588175
0.03595147867116104
0.16082850342094604
0.5793704328562657
0.935358774057641
0.2880175414569858
0.300583470731654
0.4643993023601275
0.8085412535235871
0.738931201539253
0.5887149196226883
0.4628665190231932
0.2730947342941515
0.48214228129697057
0.8925578202226525
0.17013178620050362
0.5983332115169898
0.8956158831053748
0.3842995379868621
0.5913892609357638
0.48829651368061866
0.7599382619824039
0.5799851976908288
0.6856798281889684
0.7862505617509234
0.6551789341306583
0.8253727889318202
0.49582116137025967
0.4480264699642415
0.9337188407373674
0.4691509308114595
0.8207867812687528
0.6051459246066345
0.7821625462815358
0.6267716084249777
0.39518920898852594
0.8661675594406724
0.3995920297740026
0.2815109474981444
0.6416080498240311
0.5189778630189583
0.4717519166387728
0.6321241608330288
0.10500765558461977
0.37409934623781704
0.6128266904970603
0.688203371288172
0.7588792462756042
0.17493809485946765
0.13914809279692403
0.6055142756407654
0.6973116750765606
0.4714231144425603
0.44646046988119464
0.7112915555892603
0.40121644543131396
0.09614983006617464
0.4338354900221254
0.38180688842423743
0.6954254194222875
0.21364218475296035
0.33627453642399757
0.3758561403559942
0.7067108359982583
0.5287444571625081
0.1886746948676955
0.626945158093977
0.5824965494182774
0.6183032554374497
0.861420190753995
0.5859649009602165
0.8979108841024366
0.23702444232521547
0.4664813352507826
0.5032360723929741
0.4362949526779312
0.7871411843981557
0.39824232515434566
0.6031058026673661
0.863234785224887
0.2350519686236117
0.43182588960170626
0.6359277282059748
0.8663409199767538
0.3903343886357766
0.5948217236380527
0.8231039706348214
0.2568102366249775
0.5524427413603296
0.4846340442613986
0.5100697839631886
0.716647893800194
0.32553342970119725
0.3982187556398476
0.907335777671435
0.3588556119578946
0.5279015306169574
0.5365724792209997
0.9949031522165649
0.3772439957143035
0.4837638919732672
0.5939975217834099
0.8003481212929142
0.4250878777144189
0.712911254220381
0.6499324390061811
0.8486127788062132
0.5773546538512363
0.5494641892491746
0.6597370135221085
0.6198804167540446
0.36869842769568817
0.940834444722028
0.17819003180798973
0.4430866249761584
0.26787448019515814
0.5755864148275441
0.6739641222282853
0.4107912038005291
0.49790211537356893
0.5090025251594404
0.5554974604398382
0.20901293878226263
0.4545021063246242
0.7517603534420303
0.7611608373593184
0.6615534684890578
0.34821860254105497
0.6684684093276592
0.750976166652961
0.79950285113664
0.5004917107860529
0.6328632944149759
0.5992349460735192
0.6266562108017864
0.8713803478715363
0.4226448231124371
0.27810044536370404
0.5612654002332318
0.5770088618166109
0.7457024169572601
0.4313900867085441
0.4540511779961498
0.5359433161777662
0.5008408816790879
0.6223557701052976
0.6935118047591293
0.7604371023433654
0.5189986233695707
0.5136647588716874
0.7819255030549415
0.5047932733812117
0.8896487766898717
0.3601584020546684
0.5590165243727625
0.6624313251764139
0.1626777167830777
0.5080415611950637
0.6128229437269731
0.6617735139203137
0.7113038452942508
0.6343370014192565
0.42606984124200115
0.6701853379838357
0.5718911903970437
0.7193478251044428
0.24098372205354945
0.43129882383965445
0.8985018053368732
0.36633682991378186
0.7786170935968351
0.42399656632053756
0.21712583179934491
0.47380657387489694
0.5637660008219249
0.2946704043433825
0.3979202608233443
0.7236710344137882
0.5609635120430806
0.7236675682544074
0.5261466435553209
0.5972278052001816
0.5728444627608789
0.301220661637702
0.5238341643263934
0.834038041079529
0.5320779415417154
0.5862669342980994
0.42540271223567494
0.7976014542540373
0.41210966801155813
0.8817016935947705
0.411849779334293
0.464413199034107
0.41288316534295816
0.7945683248718232
0.4144076627111428
0.589671874239905
0.8957167268642408
0.20904319707281122
0.40125150162504053
0.7761045952097277
0.19719700950103436
0.38640302386056763
0.6870943901707758
0.4380252947498559
0.6059464943964114
0.2091858104923584
0.6365287140299905
0.6897536803309835
0.35717194240812283
0.6377058588143862
0.5743321748806478
0.3355830894357574
0.41400840480866974
0.6659844622160442
0.2899987758952491
0.17126694171274348
0.36149492660907817
0.657900867172083
0.761640051901269
0.41271106905864463
0.7486903793548091
0.7123274385541931
0.4868657590319246
0.5974888538940352
0.7184772550203833
0.257574822182425
0.13228442623398795
0.2961537009054607
0.6706335278451896
0.23751812934472852
0.2803764180721009
0.32570053374452546
0.7380933384866986
0.5509263614481981
0.1380974475158475
0.582351625613877
0.968513616186055
0.3903811093397319
0.25973669719154013
0.6101843301970659
0.7154930386393674
0.13141100622085897
0.13777148549902601
0.4440418631986026
0.6545912223554728
0.8666067112665432
0.5132589729755656
0.3592534368178138
0.6517848590343199
0.13428988126756697
0.4946133071771141
0.47933659391997596
0.8580707935703913
0.3606700492258064
0.21538407972299245
0.32201772595273576
0.7740861472956261
0.50246859803667
0.5222693735257768
0.34314434729346666
0.8092488900839183
0.11130547357879333
0.4176718121875772
0.39855119867965405
0.481076993808131
0.8168639468440319
0.4825179465512538
0.5368097864447476
0.8414389254238183
0.2394493364724048
0.8819831879145157
0.5073903230313145
0.6574303175486583
0.15908103398055018
0.4526496779193527
0.8524319309602926
0.40720286903096137
0.9154935362305701
0.04854506345951585
0.28174123073156876
0.5293661329205855
0.7630828728017768
0.7749587246622498
0.6570528239655383
0.5995009642647031
0.7700394229730365
0.3429452680980718
0.8513466923440856
0.6856722569797876
0.777703923665525
0.24505776140919566
0.3124045628241583
0.8539516276338655
0.13577008342370006
0.31127801476127315
0.5405806585876646
0.8071761223810588
0.1178193492393519
0.31442736980712965
0.7045619177433904
0.5951691626676114
0.6684480926809014
0.6711655538686666
0.4398138276446911
0.9331816433863185
0.37248895666006865
0.6960815752555003
0.6719752283114458
0.4519023650548334
0.5139304220116208
0.44748985394128576
0.6032493166158429
0.04354846157460712
0.5118603747618519
0.4030334647108589
0.8257038733243035
0.1921903616054424
0.6303774255133154
0.7691587120296781
0.14232758100238044
0.515731977863251
0.789753591347037
0.8621769750977266
0.5427392891743693
0.719457490544136
0.43744586590356355
0.7495708599482234
0.2768444282454686
0.6685496701703706
0.3480715888941908
0.6251637062633579
0.6828353868976176
0.48958871517626307
0.26139094778242555
0.5924503768566476
0.6455309881329179
0.7649212063492868
0.3215820187837492
0.4174301959627592
0.7702171797995804
0.10505703436295957
0.5395757557979343
0.9377315274157279
0.134292599170375
0.5959035916597611
0.7345068767370726
0.7513359449637464
0.9052654967487149
0.5098604447133283
0.8101812495130359
0.6008582050983969
0.6784460289223007
0.6482899605028611
0.8534608446985872
0.12859374800064616
0.3647767779425161
0.4283308330788286
0.7417576653699237
0.8101885966470641
0.2246841825677541
0.18058660449529387
0.5978666920733342
0.545912838804697
0.5832437858201046
0.3495831178386399
0.09191984077842338
0.32151447832850766
0.8049020586058901
0.36553518508381005
0.8643794846077291
0.3437877189571863
0.09747505546466947
0.43107115914078303
0.4596221519313948
0.581655617209329
0.14453275581993488
0.15320884839077892
0.4582647453933539
0.42220055357504455
0.5973422459987064
0.5245224660222585
0.39571979964800674
0.8233160491311791
0.5552487017359017
0.8789275635703339
0.7692808594895251
0.8990789491059086
0.584245135109469
0.6153051831250052
0.8411263094222863
0.6926144667924238
0.7179748942216453
0.9053188372696952
0.4663524424168657
0.5613390750229451
0.631924330930561
0.6309454178310298
0.7110252616091606
0.6222203661149535
0.5923056592585478
0.07018803450545928
0.340768613657667
0.6599955943113
0.3757143803782962
0.9286305404507154
0.3972489760520943
0.669694814836381
0.4621781173236727
0.6852376244222141
0.7488394888582917
0.7172796463196449
0.2695771889765297
0.645882026960648
0.8200619749220526
0.5308243872488602
0.4426401046250713
0.9135026562757026
0.27010198276497416
0.20949832683665776
0.6211488891477015
0.6700737134905135
0.444283047524461
0.3096884598610009
0.8584729276398615
0.19670314762712762
0.3268632342001248
0.19164708974500688
0.7070055807287159
0.5475878034480006
0.4383663456389185
0.40187797341115483
0.46244954466854904
0.8806688984150471
0.3323100272133645
0.4802632633551039
0.6725552790778289
0.44693373058689806
0.579881600888773
0.5009440257205737
0.5315111888418212
0.49404869806132634
0.42671993758992804
0.717035044335987
0.7434080038319415
0.5950795033087186
0.4621445063248476
0.3552888909643318
0.6551944405054682
0.7107841693986303
0.6532101992100244
0.5121572625779085
0.8094842704972912
0.24599506424383008
0.6515522895854844
0.6964123915445775
0.7449641119274883
0.4200578998100055
0.17369693770009542
0.34540230344908407
0.4205785171017797
0.7624838875188669
0.6215833972342868
0.7498317420457751
0.09203406770497577
0.24146312469056783
0.924458976470807
0.5585682737891569
0.5319018954767334
0.1474507721815203
0.4693338251257284
0.8777909697179693
0.1950172175973091
0.5361772720859659
0.528813435125336
0.5757085142626903
0.2719154624475242
0.46912984060718876
0.6285274132194417
0.5121455167974702
0.719896066238931
0.5527223689799914
0.9463459384746373
0.46699254317716465
0.7362439783532784
0.49363624568856235
0.6854875276445195
0.11002912048521021
0.4705345909128119
0.7493648895125781
0.5701431864390131
0.451470602101853
0.3446419275981079
0.9517592549192446
0.2920609803095031
0.6446868508192816
0.5043646492990544
0.6518151198601558
0.47512530571921685
0.7029014888876179
0.6752835406160729
0.2944652133984355
0.3633056286864061
0.22735464895725815
0.3466103748308853
0.6583269172312676
0.12641314866682543
0.4542580463567821
0.2878630157257184
0.5908297395651642
0.6034298122032706
0.5495721842845201
0.6803845534654375
0.8547168846240589
0.364833567770214
0.4484482182661128
0.6526346043891101
0.9391627439410226
0.5013515696551349
0.4270141198975703
0.8875592757323145
0.10145191281517169
0.5171969261364239
0.9335294915794804
0.4789810286321335
0.5757734928526023
0.6046535670308817
0.5900660684497504
0.6845626210127094
0.20480069085706976
0.4840128957233068
0.677635770729879
0.6032962004547295
0.5352750475941532
0.726922273626624
0.33144314491457993
0.6366552335869586
0.8938551557510305
0.28878143170500203
0.1643929285885892
0.7070635286658586
0.5689382141512798
0.942746036840683
0.43576337419571104
0.4096905150693057
0.5605176905296807
0.32693354498672084
0.8725813610523341
0.46334866820285475
0.5071053941888698
0.9052949706151158
0.20239721224145807
0.36265608957801665
0.6510223167981463
0.3926730371752195
0.47403545992556584
0.4203005336358513
0.8773231464405424
0.7632438234005611
0.545731565682511
0.3710149951073828
0.49494537732158467
0.6080940832859226
0.6276067647249841
0.7217848026586433
0.7980714471233286
0.12642306721245483
0.7195660459531877
0.6374763445752518
0.31839506726579153
0.7298887478644742
0.48418096347704354
0.5494570977002581
0.6336675390859442
0.5313353348794888
0.6497193714671724
0.838516766080533
0.0633250634360841
0.5471172339475755
0.6477425301579318
0.6151366875530235
0.48903644139849384
0.7829070651681731
0.8497454109814913
0.4458127034887621
0.7439425374424858
0.10598240803107273
0.3415958176331389
0.6097592310225173
0.8932339931496878
0.5476165329718913
0.6227840815965696
0.28298411880101554
0.48614746674426496
0.5242848743021549
0.8046161706674781
0.5709864026068256
0.5534449022529219
0.30776362847436917
0.504215934669445
0.7343470466188466
0.18497903466036827
0.5163944872927252
0.4388798653559739
0.8912262446528101
0.4143434743098763
0.05002970343694961
0.421078725829801
0.5656034342278211
0.6835751372767762
0.5747450795602709
0.5943851775032052
0.6183059023055081
0.40057873003388594
0.971214570916676
0.42522650615328655
0.3369906087685376
0.24376573439588298
0.9243618282122568
0.23588942228179188
0.13639122288680855
0.5338552193774334
0.8742497995370315
0.7764853522857538
0.8698969835222856
0.3491967282689539
0.7643853751038343
0.4473893322132544
0.7056424413223428
0.8163376662674449
0.5205524959752952
0.6620270960269898
0.5934512660925721
0.8329439320851113
0.07567853483563097
0.2943063154726313
0.5406718272734736
0.9009360994110842
0.2664086344558265
0.714926563861527
0.4923670377942776
0.9637469980577611
0.24476477087194193
0.3125062001753429
0.5448130014678669
0.6218016613563688
0.7879772942758289
0.14077085521893518
0.350461424661204
0.5657160603736
0.8391635056199089
0.0319525956351736
0.4722851726950161
0.6077270001526791
0.6834334600311861
0.5982147171458895
0.9075676447934755
0.2970128875871228
0.5536885643994623
0.5657547549416541
0.8466247306939605
0.7379334451199309
0.6172697011482153
0.581190127632042
0.7178882531887514
0.4449676012721364
0.14713314207737868
0.19659404605911224
0.6071819197712814
0.40310495612865044
0.7451657017879374
0.391392864560015
0.5802721205556374
0.7042360574644757
0.6250856911072455
0.7462907749941385
0.326983130084788
0.5512747215436953
0.7561749135288729
0.41513306164261166
0.7630741646281624
0.23342120050872184
0.8041885805244608
0.7892610102864062
0.6331494323245072
0.3784041487379241
0.8742850092532352
0.5137815474596236
0.653997043275141
0.3427784499696207
0.6978458334964542
0.07558581359417166
0.2520202950111088
0.6834985670851897
0.805252869454306
0.5029114548101166
0.6308335234271165
0.6497105723140278
0.010909551740515312
0.4370820849832978
0.1455929203015916
0.6820109323837289
0.825881322214288
0.5823510546231027
0.8649202178513564
0.2655121447235053
0.47680244283660694
0.9586022125626867
0.35982432401608405
0.13677945477573775
0.14732516036008128
0.7189641135845379
0.660577488963759
0.21554861800965866
0.22082479246209516
0.717119988938135
0.6038827600270005
0.1762643494650861
0.2951531098192636
0.8366055052576524
0.4216053504242245
0.6340151701242538
0.26205970347732493
0.06972584002262844
0.4749559144758816
0.43057733668862175
0.9781099113733283
0.09540957655135163
0.2491561346424862
0.22374274846168993
0.744673660523882
0.33329634298865984
0.7483434492769062
0.26135818814016765
0.7769225385295107
0.27392058076248516
0.3123230618485462
0.8084075278402649
0.3643340750988852
0.7104182098211727
0.4916117091116379
0.9143396345802792
0.3709000329115266
0.5185432830418015
0.5758748419259501
0.7527699431106465
0.7495969944604663
0.8033437694397114
0.6030600154011843
0.8691717112852019
0.2629113496321491
0.4041523398894229
0.7237111261346292
0.5636986195145994
0.396401323308535
0.6360964370736429
0.4827963137969328
0.5027075934449547
0.6026932033800243
0.5129413149319076
0.39385552555452463
0.6011026424414886
0.4177135569579644
0.7056861035126134
0.5469324907518344
0.6507104071732057
0.3760934117886025
0.24756747164757312
0.14200075735783174
0.3819533873908888
0.7248710027197572
0.1601426496739717
0.3296145684956396
0.7569422960362271
0.3183986334830035
0.4795462127529304
0.9644005180842802
0.46401772659014506
0.703043790452917
0.6746900234214379
0.4394947474307743
0.4135988631361244
0.7570879305218834
0.329534233812876
0.8187795805368449
0.21240156373803104
0.375974110394922
0.6454864194615652
0.6022156985757628
0.047509489635110605
0.18260563942508123
0.44376356238338416
0.7126732287496924
0.6120331165131738
0.5951840394247451
0.3202296587263698
0.8291920917451174
0.1460891841054901
0.2963836361821096
0.604443061257041
0.43746847110340265
0.4712034648726955
0.46878579128579767
0.3410446674036708
0.9637948001370975
0.3293253884947082
0.20673868149698532
0.8447995901046628
0.4210066456615241
0.9480216886243249
0.1721084782388071
0.24619520186088875
0.6274837602365221
0.26704179191963207
0.6685559798809622
0.6098572859542775
0.19339117044165338
0.04053860827686868
0.40793854803490887
0.4157937685955949
0.5822532761524863
0.5731923037332485
0.5081498107554605
0.7285216533934138
0.5559575236225758
0.42011424826366484
0.7024142800529518
0.19886965891880204
0.30432600631089973
0.39221739214926205
0.8395051465917396
0.48995710310558666
0.7092872783315527
0.344483215137536
0.21404125768431473
0.5214860723525941
0.8828668816886251
0.09705779707364598
0.714480696484667
0.9599691970021851
0.20676522671872397
0.0834202339425724
0.3451635178760005
0.5972879885080451
0.4200717169640544
0.6184839046377335
0.6641710681200419
0.7574847191317496
0.07501430486535933
0.40802734993216283
0.4219709791285479
0.6506945612841254
0.03328783339976814
0.033373810391045575
0.385531506914605
0.2995149480184137
0.7325394208901405
0.04183754667121675
0.1656484855006905
0.47702047390800095
0.49795324643869765
0.5884865161890451
0.683199756157959
0.6491474344041877
0.6158566679013221
0.6758127010577734
0.3323061598585302
0.8177948213050632
0.28600392633667104
0.3488871757055259
0.7270203743009596
0.10290208494451886
0.21085897536188733
0.5061268835743749
0.3431821846351186
0.8418006299567651
0.4965454526996591
0.557396329630997
0.5491151609469531
0.3541152401330411
0.3336659339983804
0.9627193537886705
0.48566423840856476
0.6428111882493481
0.7709821447632088
0.579765288329408
0.8200149957423466
0.2949215321633137
0.6066223711842168
0.338215117682519
0.4513460165675087
0.37938093478004054
0.926980103004282
0.3653810268847946
0.709061996080796
0.7013922540760987
0.21380918956600425
0.6381942581087567
0.5447097030070728
0.2719257054086113
0.5489325428361848
0.552942129991435
0.6317439954990355
0.8558734743444136
0.49203290474238304
0.3988289173601899
0.9132832162744416
0.45600807015818745
0.3787563366479785
0.4844708677787928
0.5869817209819483
0.21532585851046449
0.8018369454231977
0.6387026571732551
0.5869355874858184
0.4919045242648703
0.8180222352251952
0.542165256785068
0.6073664543506467
0.5239850918686898
0.8721746336763557
0.16202618863337398
0.47723782849939067
0.7813852444100304
0.2810964164890117
0.4165864023863614
0.4989669483688034
0.4077076401026065
0.48783077393145663
0.5851638513006698
0.8190097729793053
0.16297494683320754
0.1153561711885116
0.3495261758374964
0.4281851720098101
0.8663540351979003
0.09330347010147576
0.4616773027212222
0.27990009233078
0.7145357635647908
0.7994676692371177
0.16556018561522318
0.26074682833157803
0.5686567982338495
0.037594594329257686
0.5489700935733924
0.574122381818704
0.6724799641955503
0.13452360300140612
0.6644113750826459
0.5410905252589461
0.23197843620377
0.7549395040051625
0.6982605839635763
0.18897857537126495
0.5994378606646222
0.8210598292402829
0.3552522689909471
0.8790474489110713
0.6924026028592555
0.6404650880698317
0.060015443637726526
0.28567841051409154
0.09208132965125926
0.5138628920373689
0.8844198773101957
0.4017748710374669
0.06290092986608027
0.37619247214018364
0.7471725408999156
0.5774253123606059
0.6406322780006842
0.18717142948153578
0.7734068263836025
0.47037674890448306
0.5348451826464541
0.7727887821183678
0.22666716657254254
0.7645363395999594
0.1880798219039587
0.6247608435416185
0.3981271096123568
0.6577695723139938
0.19928696589857137
0.8362373013594333
0.5852078151002992
0.8392093260001302
0.12331070671831323
0.293343804480394
0.6234634371905952
0.293660686390835
0.5872382344581781
0.8783896647649296
0.045536242290629095
0.42502272186837114
0.6033599606424326
0.7502560616881756
0.13932301779014458
0.40406676496694893
0.4521785863690889
0.686509571609969
0.18960301709293126
0.47660046334786016
0.49074388435599153
0.605097531956138
0.3688438581235857
0.5988047447523053
0.4115720845093767
0.228958160585248
0.33972433577606864
0.5453640318708786
0.883206501292944
0.26854564283568083
0.781030382845931
0.7662833266665342
0.54853858279591
0.5334302151297314
0.4154744422559015
0.7948758463974932
0.5080891849598675
0.6189540234786777
0.17082693112741776
0.4065959748461183
0.5792020098537116
0.4871200492211565
0.23214081590636162
0.8410747451837217
0.31266842991467714
0.7344908656081169
0.23314193196541577
0.363211664906958
0.9237661600307183
0.12837647772909164
0.26598406960836657
0.6272255212125336
0.64991923105472
0.9560960010665763
0.5152144306853055
0.6183867800959857
0.7233612242057582
0.41160824696675163
0.3515011098304186
0.7973007440611675
0.7036231229848354
0.4795788295426725
0.7811948174614364
0.6962634832457784
0.857845371516937
0.6124754994314154
0.6824789355228074
0.410574669722737
0.4785650815231949
0.8211699316009111
0.42093254002547387
0.48320352659215254
0.5687884928150022
0.9704499131926252
0.33942870047346874
0.39160454455753574
0.5684724691512253
0.548351719245799
0.627423509302732
0.77384007998057
0.7168092951208598
0.7235736931165764
0.3279302587191294
0.6588443975022301
0.6370583197226442
0.3854847664247081
0.4312205602439365
0.7663318622381885
0.48722530112570595
0.5441151759382259
0.5464366447316157
0.245321399735769
0.5816776964288692
0.9795756227591584
0.40493575358441325
0.34821650689236994
0.5506725466133057
0.7729762416644465
0.5896128155751736
0.8885433577749092
0.49651725289332754
0.6729514878717852
0.5492464384281801
0.2360556398884724
0.6022609280712975
0.39901619264415256
0.7242000361108576
0.7465592548119975
0.4292733617228918
0.8935464958324053
0.7522636097392448
0.6355030477601742
0.38395879066049976
0.4499977682940583
0.811842284150537
0.4759334529938627
0.6615427607926798
0.061537436187000916
0.1542836065485006
0.4469180784188096
0.8182878056391639
0.35178977994851424
0.5284300876537499
0.11632237613959881
0.5569414555152283
0.9535652410468971
0.4793909722325276
0.6448089646558797
0.7685924933026198
0.25786326291617334
0.5695727043798027
0.6568398222841405
0.35351494586240345
0.3433570593061539
0.4962520221825468
0.6218256894012323
0.1748776348806207
0.5983370169991455
0.8607957417544351
0.44610345988889955
0.09380388615010152
0.27104570010729345
0.5075798205054474
0.6838059505920095
0.1872595021754271
0.22039683534839513
0.1538064138107263
0.5588157443234929
0.6789999081608689
0.12139678265324925
0.5113550229138746
0.6508941200126005
0.03660871134734439
0.32350882099295863
0.4590376370135336
0.796188585367444
0.485940601235236
0.5489623243550869
0.9118021658686501
0.13976401118281423
0.39149137850506954
0.6511094713301228
0.47719202124065296
0.39709078159106476
0.7374352582681889
0.377022814614723
0.42054780874743736
0.21781135420254008
0.5825530108999688
0.7737621067374763
0.19604321575894115
0.7295702717070143
0.8184326114505626
0.6900083462223054
0.5484611723101513
0.6974325617972021
0.551338525675181
0.7941645206994402
0.1047321477835261
0.5407997410990261
0.5356214008346053
0.4388720232494566
0.5533225956439763
0.6089613421893794
0.5684377676342023
0.04142211227281133
0.2662504854292745
0.24585461762636207
0.8609246161068583
0.12905631134811812
0.6605116671359994
0.8847595962646548
0.4644969836074055
0.8505717871894362
0.1599415031560973
0.5345466915011302
0.3281680978357592
0.7787846264184183
0.3089988209729939
0.22539262941310753
0.2890121677609653
0.5818565061552988
0.46046286325688746
0.820124178948499
0.13136646020840342
0.5209236762802781
0.4098495384711619
0.8364184244931109
0.2844898252068528
0.10003161518952602
0.6503320525653588
0.8753037236879371
0.42178324462902383
0.2993920261123006
0.6206505219259748
0.1592426406514248
0.6323537431041257
0.6230099016200068
0.42441378970443355
0.6379039243935644
0.6502314869768209
0.6741763410302261
0.41797475401237705
0.6684051340238633
0.9769060804822034
0.12960670237466915
0.4482316615672895
0.13700586127788386
0.7091876530848198
0.7010402930196633
0.6276377960719988
0.4587872609085551
0.6035146367773586
0.8799883902876235
0.6442924902156779
0.7081147453796246
0.31362683871108693
0.4992808882412158
0.8528355009780157
0.21307851424183819
0.4553067265945983
0.7956876864654802
0.5485814065454073
0.4290013948427284
0.6215059154250488
0.32497976386516647
0.538461613432832
0.7751613919066914
0.4327604666700607
0.764309804663745
0.7346618748382647
0.7369706229876621
0.42711982678570204
0.9816863936582605
0.11889980753719086
0.35928491768321236
0.618534496260843
0.5482482686706819
0.031298165738853856
0.3008795980437975
0.1416896815835273
0.7998739548041702
0.7882105856351413
0.7679732562526176
0.5343722169185897
0.1511661984042092
0.4375172124719738
0.4966177486139142
0.858525449453709
0.4223332830014461
0.9634984460983711
0.06875252297309742
0.6527636060511083
0.6622924070224456
0.3066728302183099
0.44594045077123656
0.6639602451677042
0.7262540783534435
0.6914061156262454
0.6596979556376802
0.6378381067041194
0.41929876877109334
0.6352666477903011
0.7399536479396274
0.6353148643617799
0.6738190641844322
0.7351552950725766
0.35041749219058477
0.45627747192223506
0.7999972547383688
0.6256476046396338
0.9082395453819125
0.5679197111523266
0.8027165388214077
0.3669893358260107
0.41972245609043013
0.34966201787883305
0.7055389645161674
0.4815997804462444
0.5507096203207318
0.7613710933612381
0.35560147682980214
0.706693407520887
0.2966531310509532
0.5932099654545231
0.5507225686602271
0.16954832744853124
0.31253472177865954
0.3799488499466134
0.44823557841112227
0.6607043158438437
0.14175415483386206
0.25357263411708636
0.31579094686354714
0.761114903251253
0.12572777103010496
0.3897666514983479
0.5350491957428977
0.6062127815322096
0.7533462531684653
0.5625985992041882
0.2226428611628995
0.7921931693489259
0.33278764300426156
0.5032712197279683
0.584387746606072
0.2750259502059912
0.61268345923641
0.05548482155224851
0.39458286765288253
0.46525756868622126
0.717576468576061
0.91645414880361
0.14141234857625534
0.25497895962010464
0.44314783996284407
0.6022184459280888
0.1772432330291984
0.35244805471532725
0.8242190375827914
0.47614462652409795
0.5891769309630763
0.8781980420038848
0.7392785901185207
0.6875796945921715
0.48560722225498054
0.3757678429180768
0.9969672725243865
0.25670509999264834
0.440568740773291
0.1374778518499728
0.5389447281123705
0.5966756494286952
0.19448733611507882
0.5603609215090156
0.5938594811063727
0.5957574428795254
0.11608912749425992
0.27769234962859746
0.7867506667011205
0.5576244355873966
0.6816869611233685
0.8694203027799223
0.2704358138897225
0.9106410694056459
0.24232445369324232
0.17528713469734872
0.8894856672011033
0.6119453176032867
0.5721244978063147
0.3073075845398097
0.5267998581131382
0.9520437255078563
0.5027700645103754
0.635181643252668
0.752584336279659
0.18842483633928436
0.7047962601655173
0.7813946187275986
0.15750446704234133
0.39573096491355786
0.13447978032294328
0.2870142243345289
0.7683295478998642
0.10890881850266367
0.14176193850859897
0.294602172493556
0.5131092317868833
0.635248998187346
0.14456209420838356
0.7026986749263102
0.8416687369483268
0.4163253313717702
0.9267211730482445
0.3010169166797195
0.39231888475944454
0.6158464266520313
0.6042759584941708
0.5466226097201685
0.40304795432243246
0.23289613770884077
0.5542247620494803
0.5321942654141669
0.8492548723951464
0.6055489057798682
0.6131980683026078
0.44356400291850573
0.7049546012105068
0.8368108814552171
0.2449639418636733
0.3619946577570801
0.6138852267207938
0.7370935288905103
0.800050031855575
0.7542271720927027
0.7476434649950701
0.5256625205547882
0.5509846715078285
0.5280788844770286
0.6522797077055444
0.6868941501468118
0.3233125044371171
0.37962959548478037
0.9208590610734932
0.03621218579277439
0.21490256457641504
0.7440527559978287
0.8671996756779201
0.5982156243707846
0.6777604973915813
0.26863484906244706
0.36862793848654324
0.39883562308710296
0.8203458651861861
0.4603348187870349
0.5736976264990548
0.8928021869773021
0.36723221408221207
0.5880619128580052
0.37101243623028113
0.8566184456199795
0.22456339088557542
0.39250355060151265
0.7088633906375621
0.209076978985546
0.5597787123147937
0.7283440056530488
0.8465130988625702
0.6773369657525576
0.7636809185468171
0.7781649412443568
0.46161643574471783
0.6343638294099905
0.33714692972075044
0.8751900925896237
0.6440669672905986
0.6905699015297444
0.3631909436185209
0.2806289372173561
0.9145038657703386
0.6131185402343466
0.5838903606173456
0.32921400474216983
0.6327256236700785
0.6069939638135714
0.3762310507568513
0.592083228314692
0.7557374787858496
0.4814656625011241
0.5169420159380049
0.5611084749772569
0.49907685471743213
0.6771021830368533
0.6370284845813496
0.7953902484280502
0.8795414841802853
0.4861688197586744
0.8166119723196194
0.48797908418850544
0.859321440029533
0.38192582450255297
0.5314291354246763
0.48815959216987315
0.5707358439381967
0.40690282222021834
0.9581835959277554
0.12066636532795719
0.41559284194782287
0.7702639888130054
0.5114190816428508
0.3751787158338765
0.7153462804168211
0.022116621193539802
0.3976092661918915
0.34882156121126606
0.748070876919164
0.5951828536727738
0.42905638213077574
0.7470306018374474
0.6792867467055295
0.16496752810291776
0.49441902530290516
0.36599635910902306
0.7098703954559027
0.22868760281699313
0.4037460825861115
0.35321691874045374
0.8151502320828979
0.4714864231464416
0.8510073530818155
0.5378878066241343
0.5309463543247521
0.5910240086588389
0.6655134921846242
0.4853033731486093
0.8788082841740456
0.31862277795898175
0.6014948140174394
0.48365617926043214
0.7541668316129269
0.019048619170377753
0.08002560632078912
0.3310108508254336
0.6189912149206266
0.6567928409678039
0.365675743874623
0.578740224221429
0.8768926485334223
0.23849270736753092
0.7369006139759102
0.8451400712922236
0.7687721891793644
0.7392606953787233
0.5395225470572581
0.5090114000579805
0.8298145098387308
0.4983266946553503
0.6424916967136743
0.9040425354799826
0.25334405778820257
0.8305117672801476
0.45172709685935647
0.6443435585499978
0.8094880222838718
0.4996896631341258
0.48924778512767964
0.49242554886939344
0.5852911057222512
0.5719075506154554
0.14091277375628883
0.4826977452513823
0.5955199094825274
0.8423202018664495
0.30962754455604297
0.5358248461797304
0.8203468621146102
0.41239819516868015
0.27567349644776257
0.6319495519528451
0.613345561499008
0.469214459832975
0.9348605991823306
0.44069621389329305
0.29727317462995306
0.5489531933009744
0.7808826110605767
0.6268476456276075
0.4656426816677245
0.35328128847968326
0.6192606233483312
0.36855168172204944
0.271766363649521
0.7844295251194385
0.6402172884794932
0.6403559543210001
0.9138896373217744
0.47744793736516533
0.6343618294732192
0.7855896172342851
0.14172790582328154
0.2896892411361839
0.6264349612456741
0.5902426832178578
0.7534536435025205
0.6863754257918827
0.9373500505074803
0.3208564866716248
0.5101899504048597
0.9250223358251131
0.5741187954233921
0.8485092526608171
0.4865451054626827
0.5371442137722772
0.5972862847014758
0.8531523940605017
0.46519457626278904
0.5471611394651643
0.5995611636536172
0.30166060960608376
0.24950579659185995
0.84664012478988
0.8474499022497716
0.6413336607449449
0.7783476498756946
0.49975209167643087
0.3684187894282164
0.9597574831674163
0.4016671920433583
0.46057504619817485
0.7280431343162628
0.5351005188292516
0.6099958119895483
0.4083141753940288
0.6190627961442645
0.5197852747308145
0.3984235621614599
0.5672990570544433
0.4469126997632087
0.39537435056656073
0.5272862567054145
0.4975957111078309
0.5788426613301382
0.130319829942411
0.63504861824166
0.6311138628103492
0.45825788745127166
0.9004921889006148
0.565799983475878
0.623063908780058
0.5773689158169714
0.637341382272087
0.12360701106712443
0.6013782194556856
0.8717301958925825
0.06262427115638444
0.209862724340145
0.5831103200074379
0.4631581818361887
0.5486762503881439
0.5260453029226341
0.7505693725713288
0.2692504277716932
0.6120272290027345
0.6596461080324449
0.5792943465016128
0.17698601294592578
0.144718294697163
0.6291920317139774
0.550078709694751
0.7154730882077204
0.5709802724509266
0.28997319975159286
0.8478928151825424
0.3608284962934842
0.18457199299135663
0.42422673198451
0.858053178575231
0.5394332476422938
0.6300720730782832
0.2870387541025229
0.7001208037716572
0.9058112753586491
0.3937890170272583
0.6104974398228671
0.6527412087688547
0.37671721226364296
0.7425941081937277
0.15956275651226923
0.45385089698198317
0.39162677198700013
0.8215542700365432
0.546332490844709
0.5510984258381536
0.47794472335848065
0.5472182652519939
0.41806597830157
0.38297040272300287
0.8459222929307586
0.2505283468369851
0.4943095449644491
0.9348828331703563
0.17464970788306614
0.5496836260919244
0.37085985272107885
0.5231941832860291
0.23251544847336814
0.610655039830063
0.40323146273751587
0.2841186498172854
0.7465956667321405
0.10846228582383853
0.3147045456435251
0.6957992075674977
0.30921447233598526
0.16626738499241578
0.4208769818363322
0.7582290019991177
0.11372072475869434
0.26977834633111397
0.24625310120903582
0.319133451068947
0.6780718612545475
0.25488231030268704
0.2739566316259089
0.2005298902754437
0.5489850097625186
0.9323845142719266
0.29523083323382954
0.3743506799036967
0.6996527407729005
0.40209630298700716
0.7925632778294716
0.2998496733957483
0.9000831216232359
0.08220245918278989
0.24108420643169043
0.4045677139850667
0.6968744787456611
0.33934716209021587
0.5478426043065042
0.3351985998962212
0.20035356671019983
0.2665532497250749
0.7775944808042802
0.6492844483331106
0.7771150530152491
0.7994103589555035
0.5364545939750562
0.5484096762611161
0.5582909464884271
0.8704792317615294
0.4468347817978975
0.39737360125899773
0.43055443663360443
0.8567560615489083
0.5912506979252171
0.5283328711295106
0.13702997129169234
0.7596897245676291
0.8049581344697465
0.561747074774963
0.6398986336983674
0.45133071028663474
0.33910212007166324
0.2770766710933936
0.5795584805235119
0.8726263351744936
0.4326999773628619
0.5979453680099363
0.8447098468446339
0.3253029662815428
0.4193169087932314
0.8553232447054328
0.34718600605191025
0.4432092791656758
0.8517234587706026
0.06394827340364519
0.39614854177281333
0.26835596329178246
0.6036014130013978
0.8775811468549073
0.2259553260826246
0.2541803055970324
0.25460365582188466
0.6424678960318417
0.7501108133737049
0.2513299826005849
0.6704428546453842
0.6865503537969995
0.4527880592556245
0.26919400066467514
0.6558095301682703
0.5731331664085981
0.2558142035507562
0.35951732057605185
0.13831149171539336
