0.7400844836452656
0.8378476710462666
0.4780856750022995
0.8362302733242931
0.8660509683900339
0.3652491175592582
0.708432454805799
0.31105975033584854
0.6960194328251865
0.6690793339123386
0.4992545074814488
0.8502256213142632
0.11598276378608646
0.6385562307467021
0.6077617262667374
0.3030488201117449
0.19716818128147198
0.5541888511267618
0.8049419662447967
0.8139209988484101
0.6300783904664997
0.8079048106361211
0.3931261330134782
0.6625087831211282
0.30653199393457653
0.5538656781643432
0.5645257507356533
0.6068595584562376
0.65291715223947
0.3255952755967727
0.7205355291157304
0.27934740482644416
0.1877518944162899
0.4333297123015177
0.4439912618999959
0.5176706087263122
0.498844570661665
0.7850539396784795
0.5322793040702122
0.5825669370294533
0.8019057909712756
0.8622221272711494
0.7391489124083108
0.8628108034025197
0.2609683119240238
0.5070399700503156
0.42543299096371817
0.8049729297699314
0.6265860526152396
0.5657368083758001
0.7870630635788061
0.5890205022864449
0.6383581431960068
0.7743591352807022
0.7916888731241742
0.30772376027918047
0.8443228866596261
0.4566005076973705
0.16493625335590345
0.4995230580689839
0.7740826362680628
0.5410619048173075
0.7117916563486796
0.9003796224530163
0.14494969140445202
0.10529156956946867
0.22699772898152573
0.5950864120876035
0.5626466970763288
0.5622120678690675
0.3485432747123153
0.6125760125633748
0.6070905056150068
0.7086868930983262
0.7393354890213661
0.5353215262804909
0.5550707736025701
0.14430658910397448
0.7735264577089547
0.60469001166786
0.5782571726018895
0.6520970429098318
0.6744932654742081
0.5730661832538254
0.7065951110542874
0.5912400433652385
0.12832180707392887
0.6172096459168717
0.5829254327986053
0.2585949463743896
0.7235552071386906
0.4470096369202108
0.9205896724190256
0.2623781826815012
0.4226071103076263
0.5114424153941048
0.5211149218122795
0.7421449730156375
0.6709867247605764
0.8706650799418065
0.40316144828156475
0.3834484266823964
0.6783264464790848
0.4381028187125402
0.7441516700511605
0.7721740820182832
0.6724322787994486
0.5850448743908481
0.10240302436974927
0.2607362177631864
0.5990380867847462
0.43581084776647966
0.8538309477757684
0.1584043299457364
0.32097752986877576
0.5017322595345451
0.657093171648425
0.6420055467812535
0.10242113986154153
0.1370894960088676
0.4756450682523824
0.8930211400415069
0.23330717819811847
0.10546587987441546
0.5832795360496081
0.7021145729293148
0.18509486345913936
0.53734867111469
0.7795934887325442
0.4790313294608398
0.4548984891460518
0.8770630074331318
0.30539511356268484
0.8023606540578452
0.4717133964934475
0.36595144972450133
0.6520945104419595
0.5676208766334898
0.21093060918322423
0.5678952172086915
0.8279857270875457
0.4590693214729825
0.8476745796247249
0.42301460914632477
0.5880351161347988
0.5785422360120361
0.6925420145919433
0.7687163332292852
0.6725319952071226
0.796803186112631
0.431598211438403
0.059616722486492746
0.19615360300805068
0.5694548419229081
0.9619963188835678
0.12429371339104248
0.15530911715402929
0.46921647938732247
0.662152551491932
0.3361266574941797
0.16150277473776906
0.4482123140345705
0.5056192415399449
0.9048574211136249
0.7408017916832025
0.7424050354170314
0.3514029309475591
0.5343693431269401
0.5162852171981142
0.5942661235019178
0.624564801816998
0.6966166387077306
0.8505402528568539
0.3444435338966863
0.4222031530462297
0.524914969664181
0.46841649039120015
0.9266939416149992
0.07743255805619323
0.3076212909062165
0.3061832184646577
0.57736561275889
0.7487661057433537
0.3520281779269546
0.41422769342786186
0.9267362724231258
0.35700720787834206
0.3387099330028448
0.4122285543277162
0.7547426702887333
0.22169090677202868
0.5316068044755737
0.8634481690447436
0.5037806179645663
0.4989447467891254
0.4828722414228686
0.9327111518208366
0.4494287872687857
0.7476555852919994
0.8098894737035179
0.416996981981821
0.8205929643975303
0.2040335298311208
0.36358571455743666
0.22789474065330473
0.8714349305995791
0.6592141077600173
0.5088155108153128
0.5803381869430886
0.7768172233427625
0.3438064061008573
0.21496999419052779
0.5805253647795582
0.47483122179433535
0.7546630838513717
0.6592479061854295
0.5983863975072823
0.5999888798410669
0.5932537187273335
0.24835976233565904
0.5694412847303707
0.42106790192113985
0.5522922026845861
0.4594785740495057
0.7153453158949631
0.5830081374253449
0.830319537105938
0.35747979076406433
0.18918462078653636
0.5732632799978008
0.5236931050711342
0.43431104175619106
0.5433704391420112
0.5602980212923968
0.586835205223012
0.6497244320109048
0.9693476963502778
0.3459716908682336
0.6384299473461035
0.7620188290767727
0.5255776101123573
0.5735545345210494
0.5218530452899723
0.26056044355581665
0.8048587662639133
0.5315181492791398
0.6198877705655345
0.11041167802619752
0.584112657192088
0.883269918622104
0.19071591572296095
0.49003587624890005
0.846087817710079
0.15934933999536363
0.1478267771950968
0.4419904422691122
0.5241955826843092
0.35031618205005854
0.760399091976393
0.1642450555357586
0.6037710207885958
0.7820528312432433
0.4910839541197426
0.7353753274533532
0.580769930477781
0.7476076089043828
0.46425897231785085
0.4039399205651264
0.5119237736043982
0.4734419830878683
0.7588675529402167
0.18074187364194927
0.6789964838918245
0.5814219820777777
0.3499373814443624
0.8752666634330761
0.7141330958711449
0.8715777567382648
0.2707481849390608
0.8860579175535326
0.33268882951589773
0.4875361059822591
0.618618861512581
0.3048929381285703
0.420667342072779
0.5156704876838955
0.14953050985389604
0.6929843225215379
0.6853369565122949
0.9011674216081289
0.3573736358879859
0.875911779101169
0.19488073353221055
0.4192436692821844
0.5153430684902116
0.5836537562589615
0.41036785880815646
0.28530738027354463
0.7763838801120413
0.2506240137888762
0.6876175243820635
0.6925641481089277
0.19071984061321684
0.43901911535603644
0.5243191928409763
0.5906335091383306
0.7597436726979945
0.38155202993632004
0.2594761372483851
0.39118734604253746
0.9576861973028762
0.31541569182879053
0.4043601492090103
0.2573950093604364
0.6768738325885109
0.6086185379608384
0.30523163823657185
0.5996194116770555
0.5673004902311425
0.42419710013068995
0.7001598035777525
0.11384141537268844
0.3726108806719295
0.6959773517552091
0.6323219901134736
0.9221375392792523
0.48253845698565
0.9272785470422047
0.5602580346352085
0.6157083627812342
0.31935575957923534
0.7057102298524849
0.41264809322925844
0.7119280910567722
0.601265758268333
0.6921846170995752
0.3585814650296656
0.3712030099454591
0.6957804896363627
0.24393080916239318
0.7229644530124674
0.7075459218264263
0.7845371036482108
0.19613431824890706
0.43618744974683005
0.46550147000097536
0.49095210391659405
0.8316393653101138
0.20457674096440778
0.41499370782633316
0.6600011643711713
0.3065111341746744
0.24501990477214394
0.43984987228856265
0.8764793697955486
0.517673159879014
0.7300903162604125
0.28946974433083045
0.8100201707859098
0.13133300808304618
0.44101152692966084
0.6659742458206104
0.38578045735960964
0.9821772552586512
0.44476371863070463
0.35182260055566467
0.40090553624281944
0.9818752984093381
0.07274354146908685
0.5479810558100867
0.8295584192200118
0.528460939283961
0.4433661365991351
0.7123320443710269
0.6162983107508752
0.6482579293107473
0.3289862494706542
0.6804575329259392
0.37014154007870687
0.40127871016197175
0.7415758049069139
0.658146234745012
0.21999045260942304
0.37814440214151307
0.9110986811139706
0.5445066925368726
0.5966111979183033
0.6227854062535139
0.5723448306156306
0.34389919734192187
0.5299629479588156
0.7004085211268616
0.14545195419356777
0.2900558141517724
0.7185856107849926
0.2000539221697166
0.43101403036038266
0.3431879721433229
0.628431085587097
0.738564700988708
0.4820935672645863
0.5414008427858902
0.5189441412493054
0.4564247550116851
0.9317937972785595
0.31678569286024083
0.7990249538811525
0.8210112796837259
0.5252697116258569
0.7265944658831308
0.4512444946563147
0.8821319162436766
0.6579663079847627
0.8194581140177368
0.07766918927022733
0.2976591240127928
0.20121863731983322
0.5616907316093727
0.42082819148197026
0.7122822335535763
0.552109282085256
0.3867017323434951
0.7536110404851012
0.4873506968514236
0.5559149005744592
0.23755703525549043
0.7939681687124605
0.6132812722330483
0.675354086975327
0.569106896248197
0.5548582862258247
0.8232954100016028
0.4614578777880011
0.43237854199866843
0.7353331888083223
0.8556852982923966
0.44198738366650336
0.5718043191741902
0.33753768157494896
0.10534474792307999
0.4938704001245109
0.717900732331677
0.10103307772521178
0.45053494116373316
0.6186185594545064
0.45954599491310516
0.5262523164358214
0.7706400147203506
0.08777280009540606
0.5540021327223713
0.7612060562078027
0.648024204194315
0.6732871528669356
0.44329720126745975
0.5048438368346855
0.3013688930509933
0.5573993407888667
0.12384750495553197
0.12959765355458294
0.11992123064455626
0.36284674791256244
0.962815654925737
0.20337576932538823
0.35379177802121775
0.24426537785783703
0.9152589037905333
0.6408977734233019
0.9660539555997208
0.28500850064328326
0.6686750939597115
0.5959945367109218
0.5608319747130286
0.8854246412541255
0.5272259726013653
0.6987103356501865
0.49517473055542244
0.607416945464287
0.6856678359300903
0.9430850590807152
0.35128299191252227
0.606173108208734
0.7134770886252499
0.6226104419119384
0.5413248338005172
0.21381309656404401
0.5858950141182009
0.6491157303136414
0.2318149727629154
0.3896900594130558
0.46653832799923806
0.8602689682611753
0.2022272415419723
0.25155724855226014
0.8278780446312883
0.2056589232941522
0.5283518233593114
0.4263996633271766
0.9448578818576108
0.05191592773603108
0.2946390223469623
0.3108129247517468
0.5122914888536193
0.2021436889854877
0.6057001620973412
0.6690663487305645
0.9118516945699044
0.45497194183850603
0.08680397292253571
0.5439324957511411
0.7051696133424202
0.04092303542204731
0.16612940515886576
0.44827125760991116
0.7100443529348255
0.9379091600976632
0.3580001441953257
0.21473071184996984
0.6869716576203865
0.6771432929735977
0.40376642893704723
0.43627353291872395
0.2481209213800028
0.5061762780583907
0.6439322384878354
0.1549654291039544
0.4590572006360891
0.6319494806005381
0.1234450487177064
0.3815640785845411
0.6085404577435058
0.5409776771906376
0.988459533814274
0.40958229566985965
0.39669014146336923
0.1467281549212837
0.6899233267604432
0.6524433898458386
0.3423353667817288
0.5439598944174551
0.6583417635296807
0.6172198023287044
0.8826121504340347
0.09124618346768272
0.09761299832606898
0.1978902489332796
0.37514522743327433
0.5672037264013962
0.3367465881993564
0.5673573375829067
0.0809309171863669
0.32143910294044153
0.8481112108598717
0.3574215094332993
0.6162411123841833
0.496942528300379
0.6012580400395829
0.5626721412759519
0.547237096292203
0.5988391943809283
0.16472710887606454
0.5097804398114494
0.6037277809966101
0.6307800263995246
0.6059661145872238
0.5342025157491538
0.549531386230817
0.5352625719956685
0.34739054545690295
0.8113296348913218
0.7059058119730207
0.8902345008727898
0.2625449899455272
0.39361176338672305
0.3945943497153859
0.5130737368000104
0.4004536060174694
0.5093314917857893
0.6501023002128418
0.8511780842803716
0.6336255974487999
0.7218515137654222
0.7277106064394847
0.5227699400801311
0.4435897019567028
0.6276406588252006
0.3897277018156991
0.5003321605257376
0.5314990777641572
0.550433018804598
0.8089969145609235
0.4177018960811812
0.5536257867552243
0.5735261979144957
0.14250667921136964
0.280619268609563
0.7927509929883418
0.5203188636095547
0.7544402361479992
0.7354997978076894
0.6478940642064209
0.7941876828795207
0.14205086559264182
0.8293605404291879
0.49149771189799196
0.4562557253287746
0.8346659644494726
0.026945473196422633
0.42353253661440526
0.11761878492115933
0.3728462815651221
0.623193927967203
0.35470171963387054
0.742016328269129
0.7433350029692221
0.1516846229942162
0.741308961087151
0.5844288501451086
0.3152019433966611
0.33654108014900785
0.7766561685574831
0.4304590466190294
0.4393470484236067
0.9221915744574716
0.3945901220561008
0.7133709727537376
0.6562448972792629
0.511844528667232
0.724396240185569
0.5153989939636238
0.7318179468845514
0.5249836973100491
0.21134239398145938
0.8585785812166395
0.5882518365620921
0.6287388441017217
0.31302772189450734
0.8651494946824075
0.2294089525287361
0.6351517382867716
0.6703060121003083
0.37433173101969497
0.4604906801950252
0.10795680814701504
0.6481620843514553
0.6665181514974128
0.2784646704061996
0.300350469435997
0.23263636403107776
0.7274121715695359
0.5688215478900198
0.6796823711548917
0.3690159988446316
0.6080002809863988
0.42119736643200245
0.3991048812253508
0.7708992359331492
0.705371853061985
0.49228550875551713
0.8740752390418451
0.3848707610685876
0.8843531962840282
0.2578292769087038
0.0558938780046903
0.3287342340610836
0.4944307240465773
0.6412827303608082
0.3303683551469099
0.4479063906696687
0.4266750828055611
0.5671886733066541
0.7774573930227984
0.5789076525636322
0.8188071462661147
0.5252887694597852
0.6061163788316088
0.08851737495037745
0.483811161810221
0.42512008210267704
0.7084203640998505
0.5615040522480375
0.8172630852296321
0.2094057145910515
0.4317363182288908
0.6935669419501908
0.702075708862139
0.5858819672912325
0.6696155400381654
0.5017995800194288
0.8000047418110459
0.5404261490612854
0.5507735998308446
0.5217669748406504
0.3036516836993356
0.5642494304569469
0.5435993485840799
0.5710473566889509
0.9036820327446282
0.4522955783779185
0.7148720701989683
0.3961195083977978
0.6160667546946509
0.3135424888264234
0.5183482113561781
0.772506503983057
0.6148270723050956
0.6882940370869765
0.29237498245716464
0.39920252670548495
0.5524305561184486
0.8076013660534198
0.5253936263602565
0.5115665934132084
0.9519390229625814
0.08646215766945105
0.6609691780747933
0.9577392795846353
0.3705358981735509
0.3906938323372031
0.16152958205093632
0.28425466584441705
0.863549979307424
0.3766593824844939
0.1515622030197826
0.25192491930903604
0.5435396195838509
0.6933894086753991
0.18118310561024706
0.6190933257342726
0.6278647492044576
0.08516804380782621
0.45067431266053826
0.3735321604449907
0.9922667237016878
0.3179573810744925
0.21310429258749117
0.5029015019422044
0.6793802617019061
0.13865552371681947
0.20380782758487442
0.1685548569917198
0.6777583814608197
0.8642291875686663
0.24732379744816005
0.46864876807673805
0.8991692480391014
0.7360169002527779
0.641594807908877
0.2685776408523646
0.4542150641936313
0.5686940098493729
0.6761659265714395
0.6098600843148934
0.5757457611194816
0.8450182056075441
0.08178769976387443
0.39011076447154686
0.598565728737506
0.6577079929669947
0.43771573318803525
0.4998332357570236
0.6214880241827195
0.5566073546488992
0.4135947014733875
0.5192582640035719
0.398591544607652
0.6448914515300462
0.365619529723763
0.45823820807827464
0.6219337057208718
0.22219717349092577
0.36663014395513704
0.3987871686538067
0.9402028360377983
0.2120984829051336
0.6978280812130094
0.6395571572240913
0.8605185129527655
0.17204423138397054
0.10380674829900584
0.15422399522525562
0.7654167514070706
0.4618953559778314
0.5542204486535282
0.6605283093643102
0.3973680497530372
0.8641002230491526
0.42097371706569986
0.6354067440941832
0.11594137849484953
0.2298881075944234
0.5166283412417428
0.9366744602362571
0.19282885998136956
0.20285588468973462
0.4906149269052036
0.4065637829345384
0.7430165485290616
0.5103880577775326
0.8534380587925869
0.8537921530756837
0.8555022671849268
0.7483930201558886
0.6618328468510217
0.7236576537193709
0.8598709817822825
0.42869611178214606
0.5566744652896256
0.45692341215608834
0.5994771699036796
0.5228140904764146
0.5654051177279672
0.3958883552058007
0.6056271259955917
0.5396348138032784
0.5532531202244886
0.4596237924188351
0.6934349603289629
0.7580957997135589
0.4366599114196016
0.5916708840711674
0.2994273308838691
0.5955849913929705
0.796076416715737
0.35654380184276463
0.806893156021494
0.23236110125378157
0.2690117385506464
0.9027638894071928
0.3480018781698535
0.41901810154924013
0.21182744536381534
0.6690879850958464
0.6141536685718889
0.4336218021216802
0.5503029252664828
0.3806646950606502
0.10341033002007265
0.45075900894697535
0.9267695976670626
0.10362790454385178
0.3629946676379356
0.25589431916949745
0.32361281452656016
0.7275454027468701
0.11318240313564545
0.23907040884211267
0.4326144875498579
0.6756543577327934
0.6318603594470742
0.13587637605326044
0.6710464254122546
0.7089333903043809
0.3423876077893862
0.5411064177839273
0.7355465652630331
0.3379300658080482
0.947682754596942
0.1568182914964067
0.32619357773366225
0.8460405827541063
0.29476076889778025
0.2112777021542932
0.23614671195224118
0.9022198233403214
0.22311989899833473
0.6785784803649306
0.31737822711145924
0.645499006553188
0.2054406212579339
0.42019735212804143
0.8554520356177597
0.252944528633914
0.9432807832537264
0.3363559271630851
0.8330783402970532
0.7443609098617093
0.5631159497970808
0.7689910250156428
0.2704605701809272
0.3443735659071159
0.6124289318572465
0.6777433046558564
0.43139905756207186
0.5059783213004092
0.7307042060906128
0.5968377272388687
0.8319884759274794
0.4464849350772455
0.9738036377766346
0.25139896055914007
0.4821896259661832
0.8931155331367441
0.3339712074660351
0.2008176352000442
0.501885501155576
0.8427443478829528
0.5485517373446858
0.521600350745516
0.22488769221473132
0.514432164733842
0.6957047716189542
0.6926983186611804
0.03914051241494226
0.5414377865782686
0.7551306930420747
0.9005787927655544
0.6171086375658399
0.6536603825597436
0.4044610456301663
0.18769357309059098
0.5365831182952004
0.46952071918863636
0.5757485089454408
0.23941982722285743
0.20607325678709265
0.4893415762259433
0.8907444512513667
0.38969048406184
0.4198883882023472
0.29918863591336464
0.9314416864376369
0.46556638406239975
0.4689371268049778
0.4013611827620277
0.9346869233215442
0.2774653629247703
0.47627728718437434
0.7825465989774123
0.3061536746203547
0.14926293711300143
0.19018841631033578
0.8035248050454105
0.462145611060931
0.5908953142900514
0.28087953269772004
0.40020185198846214
0.5132234936539648
0.5256768511036182
0.5077728239607253
0.9722876433688723
0.029263428226970672
0.22252672314300914
0.2143293200362873
0.7929706541495514
0.7592446147245095
0.38574397111322256
0.47869328796700267
0.45865595634707945
0.8187968047178709
0.44269971801985925
0.4283473197016873
0.17452378111677574
0.5485203809130195
0.7012059180682179
0.27803323895847193
0.45092305247490505
0.3813301639414958
0.757547035815862
0.8434300477087309
0.49793972496424554
0.5507254934626837
0.7997636942516889
0.48442790055135587
0.3506828878411065
0.6410861268470377
0.24831837612852403
0.3545055369971474
0.23224816547228294
0.7615772605308633
0.5587901450313189
0.40860397434493634
0.28086383621432687
0.8112906666835893
0.7104894569223441
0.7874695994192088
0.298483253491473
0.3822225374304673
0.6549729036861973
0.5265099007106776
0.4128809478301611
0.7285899244679928
0.15695664960038053
0.1859600546413583
0.5290481146863342
0.4691626483880894
0.6341370415895174
0.16893680380729634
0.41270487925640087
0.6533423265739978
0.6818799322144558
0.5018840091152773
0.47879421049585996
0.5754425201950615
0.5488136288656754
0.6602880343214296
0.510663622977009
0.3401745214406647
0.7127065410776755
0.26464387514207716
0.6484033866087145
0.7134142667913552
0.36040496931329336
0.5817465587653575
0.5956307605360616
0.05847769919733084
0.3872504589117799
0.6736552732038001
0.5278118025974361
0.3998507998224603
0.8950500189595992
0.42627029286505314
0.6345118650608683
0.38454720631234834
0.9516651644271901
0.20593861113520806
0.21680362479417994
0.19213431027281722
0.6126724043046661
0.9492042504707611
0.16269851649093586
0.33080756035467884
0.610856835771374
0.6214637696959321
0.22532806312707088
0.41684005005710467
0.9081296703061275
0.18593765357665004
0.62414406194103
0.616337687832423
0.5153489326972698
0.39719742916513795
0.6389958167609663
0.6839722048652629
0.9797677527104467
0.012892137346885865
0.3253297613289974
0.3285810449551393
0.6239962892834071
0.9066233354535784
0.39504026751530796
0.4972449965623904
0.6805095936349624
0.641225935562865
0.4832931766315752
0.6639017056276431
0.8721412662424894
0.2514737739780458
0.4255395102547317
0.76590926756492
0.34432294392073015
0.2620595060252448
0.24721687603245024
0.3078452494809598
0.9280692334143734
0.2330260894712834
0.14115811708783582
0.27038938050350564
0.7406173718954159
0.30337531866809675
0.8514355484540235
0.7613370028812296
0.8192443950461857
0.6010574083859248
0.6121705214032365
0.8778272841116888
0.6336572024081812
0.51593247593705
0.274658287404421
0.47852601492398816
0.69135626438111
0.8005822660375719
0.64156401093324
0.4460594041295793
0.7880226734252278
0.4576913964927186
0.5950172315521607
0.3330127989366949
0.2809434867179691
0.44443998194637574
0.5931822143915865
0.26504983880685185
0.5846540537734352
0.5468767164855259
0.1808245450546807
0.2782050816552563
0.6359125976685515
0.394772582500697
0.5645153212412782
0.40632556339208387
0.8950796742127626
0.27712497764757715
0.5461200502566151
0.910285141330506
0.37492295388363983
0.9611685221385569
0.09748210882188285
0.39657285746495474
0.7328177183564655
0.09574091065311965
0.47831489370345737
0.3150974343835039
0.7188656327551961
0.8480321192069572
0.8025082930842651
0.4194290112057586
0.7122675127206942
0.43033583024127076
0.7269796122878035
0.18516970170430233
0.4395989451775526
0.8704589439194086
0.5652279854165385
0.5986693318910826
0.48250835077388454
0.4525480063959789
0.7864998490734447
0.324449559750508
0.230577079043911
0.562806027022809
0.5992205756647565
0.7919135710294045
0.5260414065660061
0.39783935697452
0.4976080542309397
0.6949319869133358
0.7134242349659182
0.04244290127467788
0.21926974374444316
0.4875577803680674
0.8031716845576637
0.10764561064265249
0.05410052908163523
0.3167933857325837
0.42278630042221343
0.9260855669389658
0.21928180678036213
0.67958135344076
0.43116658646426703
0.5927090257218949
0.4582822464434836
0.515949187013836
0.6380663511875141
0.8320822056399936
0.304315903718391
0.19108790968032427
0.19142958959740486
0.9057862255768775
0.5928416139524515
0.5602471744706834
0.48513610472926727
0.6641913160298221
0.6534219870667763
0.24620230241718868
0.23195824660290998
0.5433227532598738
0.735356975362907
0.46613666613628335
0.5636278471835557
0.049378515769124796
0.19079544770122894
0.2321306574129502
0.6733198893733836
0.8126622357144966
0.5862573810852982
0.7035123817859942
0.5325344748879426
0.5057333129438221
0.8778640532900674
0.5180435496717278
0.7232604185483424
0.32390877202456075
0.407004754246244
0.8546687115250136
0.3005170674203606
0.36284862974594323
0.5486165309408907
0.23730204036019906
0.8154850431122125
0.14351245859981873
0.33665407816466386
0.7919885821238992
0.5518611106082774
0.4486436205550577
0.6893104072674392
0.18195474123675756
0.7486918157120928
0.8235014027181553
0.8368091373338978
0.6037596958482887
0.755157009128963
0.20163828378315035
0.3991857972667621
0.6929858117677175
0.7437796313352226
0.04983167933762746
0.45619907239446994
0.3641667541798495
0.9341457872281751
0.3322973088400789
0.08937254684418754
0.39059377840815024
0.7624644976576658
0.4026956280041142
0.5173601179339944
0.5591426732185263
0.40192603444022973
0.8430800197882282
0.17638358120190945
0.52533530275399
0.8014235910295717
0.3976571548643202
0.6293612361671779
0.6945125389945798
0.20609660339643504
0.3982196940751942
0.613576513098557
0.9302527082358834
0.06596793422064029
0.28673969701088414
0.8301884276977358
0.5054828708255964
0.6527303013549998
0.2557664392804585
0.5631943850397144
0.5867468413094367
0.39118763375306287
0.3175391768191013
0.2295672567833093
0.746186320190928
0.7048650783497257
0.4489186543970045
0.4804394211820292
0.5533395706602788
0.8764791604890549
0.3790772805942877
0.6578074843990509
0.9316189319425334
0.40404926716537437
0.5274010546554518
0.8223436756595629
0.2634727672095568
0.23628610353227583
0.4392901057758932
0.5303027605175816
0.6851905699503271
0.398696644967032
0.31392845067653496
0.47922738071460963
0.5182376605564746
0.5491910693864923
0.301512751467603
0.29466467997482115
0.4958949099801361
0.9052824931678791
0.3120058277851792
0.546201880744494
0.6112008098497603
0.6994859915564696
0.9777742558262625
0.4744883593690836
0.3962278312528751
0.5511646737017931
0.8006589231838663
0.2231898216502266
0.7365830003679572
0.5249409845131061
0.7169590873281178
0.3686972085493569
0.6155344604841825
0.31875226896947173
0.6706570447806235
0.8018742878257848
0.609572943723797
0.558771419235686
0.02041862564975109
0.3711103645754342
0.5615091019555458
0.7249830755116332
0.28786330436777496
0.9063827407912175
0.4485839799711278
0.414120463501178
0.5308242736111153
0.8742183657567807
0.47656379189746795
0.42713732691814865
0.7652975715519393
0.09627639825862282
0.15513346932506797
0.1925548153691568
0.7250933021068622
0.9657378586929364
0.45740722781520987
0.44822791371461124
0.55179240911704
0.5036709070155171
0.48986864414204934
0.8433351267431712
0.5229292699407022
0.6464071157530872
0.23970226313318385
0.8201235251627509
0.5786071364315422
0.9729121544070485
0.4770522618488514
0.30371110093395765
0.7176359835748272
0.7126207958853719
0.8935952076958036
0.5646224385605855
0.7280702790791571
0.6396886704464213
0.5064221420856108
0.704985442498846
0.7401453165653913
0.83690931705188
0.4856079540193579
0.35333725802521176
0.7255477782069465
0.4453511284065122
0.9372954631530384
0.20182053107578363
0.37807894414840504
0.3587430789082589
0.9176300110062152
0.46952390680731215
0.6098095571900337
0.28806187730817534
0.5562114735922232
0.8083781040299829
0.5775921291087751
0.5166800198998757
0.7938421836463302
0.5619148566781115
0.5493979450439074
0.7527131551608379
0.31552839929026744
0.9656885119519871
0.23302097533578273
0.41338817119291316
0.23033540590204057
0.8389925195989945
0.5920408156561936
0.48904745118746223
0.4467167556469243
0.5523087157505613
0.11303932417696608
0.4250831155268602
0.6470805408731303
0.24768139593879035
0.4545006481385454
0.8223490226948714
0.34458903173722943
0.6044971244972364
0.6875322241743014
0.2963948131265483
0.5875499908179841
0.12878221599910705
0.5727490672218034
0.5518383048651606
0.40311293511608437
0.7210988003837111
0.7412870455812959
0.6822107286954245
0.6832911505007068
0.4507492441619049
0.2986744842467993
0.6102511805518535
0.5443291664802593
0.27837007146841786
0.5723169466097567
0.7179951218201976
0.4402076158430534
0.3845985532238173
0.4542452664067099
0.5357905366363241
0.5637520058067478
0.11273432313876697
0.5264047155335878
0.7018187571831533
0.1392198974790769
0.7695608055476
0.7441799018073978
0.4320762059692981
0.8160530577137242
0.38780911244229344
0.3348594089777842
0.28502409733821854
0.6670698311412306
0.5743767424994932
0.4670908482357223
0.6828774712997032
0.49826270711279075
0.31606786042103946
0.7150957720947946
0.2839980204243557
0.12165410433254327
0.5533071770851903
0.5574252726752503
0.2861045980749227
0.6023207180882018
0.8286289498436876
0.2718106077503391
0.19190434001986276
0.6232204954208422
0.6432558602425117
0.3141463347902321
0.261495431921214
0.46149757833707006
0.7832147258370087
0.3906205252014424
0.516223450514879
0.41655655768096556
0.5456801300191173
0.5826618882797134
0.778489833988067
0.1475027814792714
0.1710893174454446
0.25572518658461024
0.5516000511829379
0.6080312064909705
0.12614215969368503
0.5119133519544099
0.5449539001270898
0.38294974377120555
0.3704505829710883
0.5676490993675345
0.4488758866000844
0.6575543041066039
0.22409991033108395
0.39299237621188954
0.5642518141081624
0.18969384145498605
0.36525935191824443
0.3600541602797691
0.6295415942654995
0.44433218255464063
0.6811929283106657
0.7730064945590572
0.5568927982204069
0.6235962710087402
0.44507423428614745
0.4655662178870748
0.884737523782864
0.2899989488797102
0.6235791999049783
0.45013843005899784
0.6858933944579828
0.7908329128906686
0.6937972272840243
0.3391956257495681
0.8584261939065869
0.3302057160306434
0.7356162098457076
0.4363458849101474
0.39985932876777025
0.2218974357650837
0.8713148216747488
0.19468383190815328
0.8648604498337835
0.7169148346771741
0.949572890443932
0.2248151374800798
0.07518433920279412
0.20266484881450364
0.46292165379082817
0.9177035153269584
0.45825945544209035
0.5801623490576326
0.7243169806890047
0.5084170814321289
0.8920456621614584
0.31187179056067
0.33466851517344404
0.9706139963852713
0.3813729635905273
0.3137207018983503
0.3613556906361864
0.5044218101530469
0.7550686738018588
0.07005719445507468
0.3523049890975833
0.411906258705673
0.4143653434718881
0.7133964544868641
0.3931557999031612
0.7439796927425459
0.3467752326623447
0.25911336004957536
0.7453647578993021
0.4336479548692643
0.434559608481076
0.5905146551220379
0.8861909586542759
0.42408442936988866
0.7688012482461629
0.3438735444169139
0.44884958796985386
0.678809359146214
0.2862503406693168
0.2486945067500757
0.5274671667650818
0.7979599367524008
0.5801371125177903
0.7491733970385472
0.5591780070364325
0.7391887164331481
0.120654351873844
0.09654807682345765
0.15622276677917113
0.38024783727958494
0.6279720807326724
0.15067815329261572
0.3444020808081885
0.38605181292858076
0.5200778461394564
0.7070110804216962
0.4938953814281505
0.993721220335295
0.3975254362442508
0.10267858126393366
0.5052113778776148
0.7338935827246282
0.8411443726441581
0.257955090255506
0.6693299322691393
0.7839570576528552
0.17939488106885462
0.2440197993532585
0.3854740142374139
0.8469045532901751
0.6285710855245029
0.46534330130690504
0.5759493199304537
0.4161996432848821
0.7271389510924555
0.7291725039421214
0.4423376839755659
0.523997109145126
0.6283948111342856
0.4767545212150851
0.6727483563165069
0.46437607363827355
0.7019525476225709
0.2889608300578406
0.76018657285045
0.558359648432162
0.5724310157167143
0.6101552017140092
0.31416777934550133
0.09680583006928763
0.2578450156741888
0.31556788674815767
0.9698282430364193
0.15055994661923497
0.6135350799596216
0.7800370592767263
0.49887538519827
0.637130295840413
0.2559455194642749
0.15344425845774212
0.48332205993066296
0.5078999645799821
0.9392394663520036
0.11174819630381273
0.2072159401420821
0.39627648758708894
0.6207437077393239
0.8133067055734502
0.3133829408797805
0.356430162821168
0.8025920244613993
0.21327333743784682
0.7593018541845269
0.5853508647549766
0.4301333107285197
0.6639762908819257
0.4756228567211307
0.8049993393837368
0.7484765370557676
0.48796943897150125
0.5918975845217356
0.9660006269484105
0.2695075933558234
0.4824000348500014
0.8313316140409988
0.4998732175283953
0.5346125499436967
0.4680405995958937
0.7256744445107227
0.05210795694531707
0.5278974093054346
0.5415777186955327
0.48622789298744734
0.8408492346093509
0.4378308048717824
0.777187284468267
0.4103987356113685
0.8321230665771446
0.6379108641454735
0.6969348833620769
0.9002703566980368
0.5456282734326466
0.899657474290302
0.39578186265589355
0.36868063698450904
0.803127052889159
0.4310360458917647
0.2916676839584769
0.6289168698570009
0.5424354289741246
0.5388261172023827
0.5623937010970904
0.7083526384385187
0.5697760495632679
0.22095939150889005
0.26915216935858816
0.4271210814684451
0.6172797026370292
0.7556244436390207
0.34958922487434585
0.8587677338399395
0.30621539953314475
0.2814689707579945
0.6039645855783862
0.6133949811678958
0.14621823063210573
0.0754267873371899
0.3307492174235045
0.6661452294911736
0.5181974529235706
0.6070301534293303
0.5305922180678624
0.5262855278826244
0.6661313435392702
0.7597349379820244
0.23636571924156716
0.8068450268266742
0.40954388458639546
0.6257530034314298
0.5302310402754864
0.6627654970291433
0.6969832201785625
0.820647187381389
0.4106924971272156
0.8560616726747514
0.5128259839400111
0.5881499199030507
0.0949820991540174
0.08151948789308724
0.4694062857556324
0.4341450986819564
0.7701601774285239
0.37542052466661735
0.18257385801825332
0.4144181570833087
0.5170113354413338
0.5552620691227298
0.4326541049237844
0.29346123200171415
0.7678745899413126
0.12518420672893124
0.33426164921209267
0.8040517143114136
0.5262879422153763
0.764536917085441
0.43654480103028576
0.6709051384775744
0.6849744558065312
0.46223149427694915
0.6437304659205353
0.09324966174022488
0.3165603266900725
0.24401118726278093
0.7665969823868422
0.44674186849372477
0.4757229048171087
0.7709510952558303
0.6321766318195376
0.962279032258777
0.43796186716297913
0.29266223198628505
0.9202968345654912
0.35227382560369314
0.6812529466081005
0.17496391380834564
0.4834372843882517
0.7647100423425875
0.3115898086815261
0.1692533498426709
0.804414080505531
0.3709998977601715
0.857149417822253
0.31860893034145016
0.2963572103552817
0.3589655883437863
0.8862226953832386
0.46783619135685867
0.108808151433013
0.28410286947209257
0.6213216311908156
0.2114930794909684
0.4711318792160035
0.78102832437221
0.7104048914130197
0.4999305475020981
0.7076775646501097
0.49417516509999737
0.9124056491161802
0.44879752611434454
0.3447705882757822
0.5514585290022402
0.7489596813527388
0.10921250292801474
0.32897269634126325
0.5180263704941754
0.9059216556546903
0.2059338284734531
0.48672160411316284
0.37336673752187444
0.7084804684853263
0.5956192633263457
0.6264223751792034
0.3448410018377806
0.3045057526566741
0.7901385780562562
0.30343406880912616
0.4241863451218235
0.7217044355096105
0.6297743376563961
0.9688011353797914
0.29770692772926566
0.496260707439114
0.6356139253636118
0.6030020158827752
0.48994807994231104
0.7069604407058723
0.8412412118285773
0.3080950911735857
0.05327015377394434
0.3427483438861788
0.8195805106879761
0.7273713035923693
0.5162645870565425
0.17670550659807002
0.8545080457534522
0.6264483366236231
0.9056825461368576
0.37658403134918
0.4611553338395623
0.4495632861779989
0.6974335541486225
0.40862981781642815
0.3379308619025959
0.6241908684294097
0.5542238434427055
0.32338751590751763
0.40553837971771306
0.5177707554613938
0.6499175440663665
0.2943161369330848
0.7287666365615064
0.10657303575177833
0.2785018885312341
0.5591047271599359
0.7833867901881955
0.19051226149009315
0.7816546742756805
0.7094346992563836
0.6349997552473886
0.5245130904537769
0.6117134071202601
0.9301205961918366
0.3679244443827726
0.11947539037544194
0.48108138812476986
0.6042440471437103
0.7601363181330983
0.8568300586484919
0.5596945681273731
0.6023937739648648
0.2214195797838228
0.4355478607056551
0.7247112551742874
0.39894930568948583
0.5771813402133096
0.5760337874445103
0.569735074896843
0.6746557461380147
0.6592228341590656
0.35098431883561726
0.6564942999726795
0.7159402021873416
0.3682242311486203
0.4387772615601693
0.6886294522958698
0.6416205868452503
0.32806951022380326
0.2280541319208278
0.6125549259542935
0.9867178605355392
0.2362939926163965
0.24572659595830357
0.7407587289675504
0.914732326783336
0.22556567772651015
0.5090237218417185
0.9004086946918158
0.055379605615181494
0.48446886932086813
0.594607081361926
0.6835372920577294
0.7878791703969077
0.5558782556571092
0.4484157177957162
0.8549474699525873
0.28401650180997423
0.8793108229113196
0.13484712184312916
0.4794779738778126
0.8435916267844068
0.08402840648482712
0.23473405343211035
0.6413330109223362
0.6050741747398729
0.615789667778485
0.4014856376151317
0.5449214331858456
0.14910130537268895
0.22568318007463173
0.7692100091520909
0.18560212060681008
0.4123674862800016
0.9333804524041543
0.406865220670497
0.6042040050873869
0.9578614088422582
0.46726614318416704
0.7692395098452757
0.5929406373693897
0.8675418882938004
0.42627118323592794
0.9274576368619032
0.2339314613628762
0.07005479537132378
0.2585863753249039
0.5337223154108263
0.8698347878763442
0.25901347654514106
0.5500271295179965
0.08015100708397754
0.31040761057254707
0.5419814994463932
0.5063419960933172
0.6930208588353779
0.30190944236075345
0.7722653400949753
0.3778906809688969
0.583196906283562
0.1410856970013436
0.4918334328938486
0.7435144903751743
0.429213890999667
0.8642486377062517
0.18673768615299807
0.1556849382512358
0.7690021973502768
0.8938333321856332
0.6010488783423156
0.9793077460205823
0.3944127006388857
0.4489915209128521
0.7252910536646245
0.53556259919368
0.8922510962603198
0.4306799295930134
0.6207752705324683
0.8266737074538666
0.3213691116271813
0.5340247047557941
0.7614053936754853
0.40634716755276495
0.5943769002525165
0.8032163549031848
0.3485411175538244
0.6091519270361974
0.4557959236129203
0.6097640770557914
0.8558389624022442
0.38967550143863117
0.5032569700861335
0.319316106589688
0.5772317374712759
0.39506791884065295
0.9768279959723931
0.16221743937570393
0.21114321420303814
0.21623380714711424
0.8612633376854633
0.3976661356396647
0.6571239559373685
0.6064649319099532
0.5988659835866237
0.842892444557537
0.2654386347280288
0.2887081172357837
0.267182878014434
0.3803442022928368
0.8925342752764699
0.4575832200274791
0.5333113738178494
0.42234158228162966
0.8138895007050219
0.27540332793669764
0.22358136339129872
0.35410354568868274
0.5929307725003309
0.4726608567857581
0.5609899201966346
0.6325046087793766
0.4420773075162274
0.3712385559751875
0.7715642990859707
0.3002606875987966
0.43863758464285657
0.5352577301278622
0.36151613074946
0.646848535942185
0.5140901188388066
0.6453757367165964
0.4532830187085606
0.7296735068136339
0.1342072261196157
0.08265107494338561
0.4998833899681435
0.5386609559840483
0.2206299202501916
0.5994417271111501
0.6992627507428079
0.51219047142277
0.6386799044768336
0.13218805053526653
0.6020997191846935
0.9607797322060971
0.2066429116007936
0.4070334114984645
0.38497838108286425
0.9480193998420301
0.17595325980370224
0.23010225187598668
0.8311248810018049
0.27939867739247
0.4759235348330947
0.6331151763859133
0.9469323853322641
0.5526596783594497
0.7311305774530972
0.581661134282964
0.2904276919810017
0.5368399878091208
0.8427963258567557
0.5903972355088787
0.7901968215051276
0.5360316515912104
0.7206419315059197
0.8774159144676549
0.4587412787546771
0.5898563129893594
0.1606187966132431
0.39288074658253164
0.4573894267103308
0.7455053718077933
0.6999491136243751
0.44531262847146524
0.7656619678744141
0.470653208470857
0.4150868448395856
0.8795734122575418
0.37863554320180415
0.5572329199538942
0.7251021953346587
0.7830921035506687
0.412750071729967
0.508137928511343
0.6283767557564224
0.9274586518094886
0.3082968300685471
0.3757731664303036
0.42461451223725116
0.6545200319236768
0.6299245980915573
0.7354063744395138
0.4479644403232049
0.7431089275090983
0.1723793773189971
0.2721143427296421
0.2724312440561497
0.7824528966591738
0.5424754575021243
0.28995552415428827
0.3778101517902551
0.6894420617059753
0.3684302043841039
0.7025052231603148
0.5971654525312319
0.6347220584086015
0.45256948440203026
0.3309155557543173
0.8900569589905447
0.17056457787196264
0.6890950948059703
0.7877101954429143
0.20084435649731625
0.05815919443703149
0.185880922801436
0.38367194937710275
0.5888369413987287
0.561818085721296
0.5968363293808355
0.4222580578165554
0.7274055077878769
0.5454783373768374
0.1639539979789938
0.4879143861164651
0.7571271365190957
0.2297472773265141
0.9449786231765354
0.49363487258478744
0.8212714829314615
0.4451600906604134
0.9461300140740139
0.26682472006242497
0.539736777846
0.5305660385986497
0.5954567487468465
0.841298524773642
0.4264328090067471
0.5752263012965563
0.2957227290103243
0.5544030264054214
0.42608349427315506
0.5195786999216448
0.543282465249938
0.33795802934598607
0.7948132841568227
0.33239569593027074
0.10008643944225062
0.6024221135895448
0.7795608127884965
0.1806345172576648
0.7396644919945582
0.8947582565891035
0.12213867377429087
0.3127499239383158
0.8307393500064948
0.38555065545239037
0.7477175160298251
0.8251703127687391
0.5464095961110592
0.6434535480792498
0.6533263744844503
0.8291441930282486
0.24311123300468807
0.6285799423601174
0.7799291643759698
0.469739796316072
0.3705884580630687
0.7179712697193946
0.32718174572875125
0.71412051313249
0.5788029567133115
0.8748233475305187
0.23435507874674844
0.7798818325936434
0.7949613761812431
0.3076545423756683
0.5358093218431695
0.7287067517589942
0.5509097885391188
0.6793040819723556
0.4144560699060653
0.74472834436771
0.2652889727690916
0.6401814171449978
0.7923193998804812
0.5246095719139843
0.5539087995410423
0.5645409747070262
0.16861641183462323
0.2993851177799734
0.5570157309891699
0.3524098887496292
0.26198448691375165
0.251684565941269
0.7253065479034764
0.46348369300262926
0.788368815371421
0.25292920773907407
0.9288888686959795
0.04056897301201408
0.1674111431725847
0.3178428159871396
0.7965859842445959
0.11302466080602214
0.16042553734392279
0.26718732589085664
0.49056370528761617
0.7495250055863034
0.6440890261880887
0.5711755597742956
0.4322180473241384
0.4410022864377806
0.25057257052203413
0.8837958532601284
0.5498629589093819
0.8559144160704082
0.22769890671975668
0.3433489922448729
0.8417191928348651
0.5354836553546503
0.7671427719036239
0.22637186988594185
0.3714279912451093
0.44743352791742586
0.9880198234279511
0.11100808585598376
0.3999219353155974
0.5722567004425093
0.539385741291916
0.26513532808421403
0.5777841972225181
0.6634548574737396
0.42198827684242257
0.7880155797145443
0.523853885133394
0.35351737660184096
0.8147431085301222
0.20400541722902277
0.3940836364498534
0.18089997801089408
0.2986359542042853
0.7942070531534656
0.37318720489493445
0.19451647878686457
0.38739001644185955
0.5461292578302128
0.5690477443936669
0.39102194232573795
0.38721429718986944
0.9589277178805125
0.17013068846037468
0.7813898838769848
0.6070973179037927
0.41862802011155065
0.5765989755542433
0.4085686475211632
0.6174266589930779
0.6884860098518598
0.46094217095618284
0.8192566392668078
0.5651839953898987
0.6424954097498559
0.4671987546998308
0.5859712165957367
0.33100563429130914
0.32483243516472765
0.1915975564681608
0.5662696288355467
0.7288976905445841
0.4055431143062027
0.24222542427232074
0.44847916263483667
0.5117909999442756
0.6266214407980677
0.34913348679410033
0.8037862005290748
0.4646043061860292
0.3327635200400971
0.7070258276056205
0.32075975244432015
0.39297051652765536
0.5460259090992565
0.7855355858696695
0.6343536578732376
0.6875985371832806
0.391190458643471
0.7039987039636294
0.6650428393629725
0.42592385906411756
0.9081193138223413
0.21205520929299257
0.054416763718107476
0.44742545502974534
0.6615127107733658
0.6692850263899338
0.6381695220278565
0.49273108689315936
0.6704219763179984
0.08843903804319546
0.39402832469137206
0.2789658492806484
0.7504800859149879
0.11166968132586158
0.25032815544712844
0.7697176430013402
0.3350050002337733
0.6871598077957705
0.3395688267876291
0.20398010794361182
0.4308448864976265
0.7453917311331201
0.6970158164189644
0.6952372122684012
0.5735570193210227
0.6658249364203047
0.7146362876481751
0.28687613372810317
0.29820723393513027
0.38419849896119956
0.6412274161879004
0.965930938969894
0.22308142074673698
0.6517577267965962
0.8260238732524121
0.2686160464963808
0.09614940855720207
0.5788349708693351
0.7198606665532393
0.4633207404100565
0.4842187490127119
0.39398373095623207
0.8782515804234245
0.3896161392889655
0.49375315325326086
0.5294285967877127
0.9124235659092819
0.46812592173354106
0.8599574895743645
0.6669883832887108
0.9284626249186021
0.4546723804650345
0.5385942361650662
0.5795323319213369
0.3504006985883624
0.8675771249801825
0.03737954051265773
0.373394413741702
0.18117325051437227
0.5224817624072382
0.2984485514123863
0.7068057862963759
0.06154218678193678
0.25935769973101586
0.42067364265623036
0.5267671517658589
0.580467947784653
0.8360250245824121
0.14303309132273312
0.5719820088367316
0.7206953857473161
0.4025492346765681
0.7440219018669278
0.4926142421556744
0.4343054460405756
0.6919059268020025
0.5806345920576766
0.7089538254666841
0.41689366384148885
0.9536876931633391
0.33469712529831996
0.6499709217093972
0.8388902389211177
0.264778494541059
0.08753500147054749
0.24136055848398197
0.7208757012610918
0.8782118323026508
0.05623939455255918
0.37281079543651835
0.5860087419704194
0.5367155740297892
0.5122589210217497
0.5449911648444639
0.08328846252874296
0.5662077461814683
0.46051772970112925
0.7993182711167577
0.4575875482842766
0.7695985604538698
0.39710187436081157
0.5820517535726368
0.7046182450111711
0.5884322287901713
0.5371738909494178
0.9635582895388133
0.13791309129997267
0.1050221018059517
0.47039120046168725
0.6513528491793815
0.4187225895094305
0.668942090373012
0.5611580353534427
0.5704631329960004
0.470163895684795
0.7407249170932744
0.8783671210541651
0.5563168026541594
0.7755040467518715
0.33689033022798576
0.4127407115210585
0.3980868867781849
0.5168747074673621
0.17520586506209504
0.6619686827843569
0.44234517702292414
0.6231226550294322
0.13472413840436206
0.45326237471189834
0.5022923546693112
0.7856289747422639
0.871417991764529
0.21033472820835003
0.8954137937615257
0.5031728664296293
0.6225691387858302
0.4991186687223089
0.650647198167483
0.4229623455703658
0.565248561328784
0.7030565401852213
0.6489860852048958
0.7431653465569037
0.6230307001237536
0.1806104983268437
0.7698086995207809
0.8949252167863084
0.15088934024202674
0.4968719636707195
0.9582989600899103
0.3866442693965933
0.1825176583974104
0.5862593362480222
0.8510223229112
0.2829638441502198
0.6642931499336058
0.7120044360975627
0.6630966641636328
0.907965847691145
0.22749568424433794
0.1397409217685083
0.8408455356863045
0.7362127943529588
0.6907632592171619
0.536327450569781
0.36398764549360196
0.9102065354667876
0.21650511919836032
0.3803719422737696
0.5345062808581229
0.6212364105159103
0.3799445702605318
0.2324887326046592
0.7004002348807524
0.44721574807459796
0.4929644129089176
0.5910000935193797
0.7423393849515932
0.07147237730161601
0.47345048162521186
0.290660271529606
0.794581474309829
0.2727894699642482
0.23185661513842462
0.16990270250246642
0.5750277098564618
0.9700493552564197
0.3396856713940021
0.3223542015564471
0.5205259269693363
0.5437833793827711
0.7820138294757935
0.8063306239224468
0.18796964932512245
0.6834356601045251
0.6322909040052038
0.7265341362991297
0.5926178801236451
0.8743473760779983
0.24982902747476596
0.6557802354102038
0.5221135882117708
0.7494081161525964
0.353082869649132
0.5436235582943196
0.778256462463497
0.06814658183516091
0.4466536129807497
0.5436432609809329
0.6157439184868778
0.7844321698493746
0.5171168477043154
0.9497595352986838
0.3313727191852237
0.1137738320555233
0.5203305645940486
0.7726357065880298
0.2571366490296509
0.8793261168115178
0.669495853780966
0.5849874480446728
0.1663408016487681
0.1231893534627711
0.3132770129881192
0.32004674948426715
0.6944378724406123
0.2089464454513157
0.2916755676375224
0.3076283141408155
0.6058250969130962
0.5080609998645286
0.717613382136777
0.8538704138627351
0.3611729591898375
0.5824447222970262
0.2605020437544846
0.16792044263655068
0.3526025485853748
0.9582217973995473
0.46834689429043364
0.5234237884645704
0.7846895306964101
0.3725282540207188
0.36162222091025126
0.5187301622090006
0.6524822311551222
0.14994506037584557
0.5516177945471129
0.9616918981765745
0.3510962917393991
0.15749989065809106
0.4726273594087687
0.864108802396762
0.4025328817823443
0.2730498920448256
0.4926207512564317
0.9073141566704797
0.3345638009872709
0.5439070896519037
0.6442174030551303
0.5629056466409652
0.46957024967940386
0.4561617083198076
0.6820703865334425
0.497784268166247
0.6290644724824052
0.8138035496960918
0.7084445104974659
0.6420539219411326
0.04517866604526179
0.2534874046272884
0.49226964211361357
0.7453487571860994
0.34925844240134907
0.6400246757502088
0.4968350348784871
0.4374571610033084
0.892782794893129
0.3884494944837693
0.4864049985693497
0.5871724340298738
0.6764147092175509
0.22199776829772427
0.3966853265519352
0.1993352307834701
0.6732814799409261
0.9475645751846704
0.3454207319892106
0.15124715049717663
0.44584595959250084
0.7893763560202525
0.7602024390569788
0.9049625210642532
0.4448439632333918
0.6635383226086569
0.34485384159216736
0.7788402543026318
0.28525219836276494
0.6644078524141175
0.6360210506470033
0.3405591269739238
0.10458398850627718
0.4910727948622928
0.6356599420781743
0.3016980391175365
0.15856802660334965
0.7412026448315541
0.7871205961054342
0.6398400299599742
0.5709705058006392
0.4276277372001813
0.959857358999401
0.30633230540446293
0.1928974476350246
0.33516817054790937
0.7752901518457751
0.1079302673070548
0.5842066346649459
0.7946920024222204
0.569745367938489
0.5373087042007926
0.5123330323048259
0.5763852900447991
0.17739292962855963
0.6152673124567376
0.7144460888997589
0.16667409036662253
0.11096429061960646
0.2844049066549505
0.5208086571072973
0.7720237497505742
0.2331666862749922
0.8727046033686021
0.6490565784024813
0.7131786835349389
0.2437865849667149
0.6656458499921263
0.6882070528263863
0.3803611323938807
0.6098047583628162
0.31705744560889065
0.7724655427458882
0.5121324319139907
0.8414306132643106
0.3427458291511938
0.8850725006798426
0.5866530827550714
0.5336010358950025
0.25743371913938506
0.4718823535855331
0.7208047973346803
0.04738143105144066
0.3052084769109057
0.5337266927879833
0.6295582522831712
0.4495506102599859
0.7484097390682439
0.20812260188816867
0.6250876729204247
0.9144894357564006
0.24872040720902852
0.4886257639672992
0.4004695750984776
0.5495023439748664
0.11870298784771212
0.45669991742876237
0.6478411019564878
0.7738677467416868
0.9168381167828437
0.451283733777302
0.5020205075230391
0.7327671509282233
0.3900291269099487
0.31166044814290256
0.8732388896156342
0.22517243328399708
0.8589932607399787
0.6337124049870481
0.6867752650479161
0.25500899289992174
0.8281466734871065
0.5327519023839904
0.5488706864190044
0.2933285206655015
0.5564852233184944
0.9559444928696743
0.18546013286622892
0.2877089886798206
0.28309874691492126
0.5130443722395123
0.692674159059769
0.6216870396451879
0.5403025473757814
0.3909239140351336
0.39197284213721195
0.7174473688339844
0.7622905346809551
0.5452483323798789
0.5311577070038491
0.5814523022806213
0.2684848770769523
0.5625993740746565
0.6760529633158285
0.5287939831442499
0.8780936683239391
0.31208103870878134
0.9361921482928119
0.0998102569621129
0.3847077718644343
0.5509406024791105
0.893121641741063
0.5834499773516166
0.6365214585264978
0.27458418381084215
0.27912320938575325
0.5014045029631328
0.9030363432698225
0.5986206854339065
0.7105027624916495
0.2643047292755985
0.8627725736888554
0.6741969112826941
0.7437514046519922
0.4705449433657785
0.5757288489435146
0.27617113709679325
0.09600412629551493
0.33326733029379274
0.5822430714500648
0.5489487941592859
0.3701848810470345
0.20502497680276557
0.3463845225779848
0.5914199400148755
0.6580708389703638
0.17445147349878512
0.39152430289040774
0.9640637502317516
0.45879042191358244
0.7800004271496151
0.7909840414992201
0.4330731728153644
0.5480857502460837
0.6050582148906211
0.6586570633613723
0.24984516301404225
0.2771451622948268
0.42406312841634636
0.9390816965516897
0.09395748120230339
0.582855652974211
0.547225203099637
0.35923295293118745
0.41048512378544977
0.7606838177230197
0.49769008297667894
0.682300134611131
0.901150018774923
0.4387457831129456
0.5726643173207199
0.6807374307352316
0.5739238220828907
0.32567909602731293
0.8553260258840241
0.2921485467395278
0.7213780106055706
0.40923723522190825
0.10368554701629734
0.3248822247483887
0.7540831809249657
0.5009572415773407
0.5883375014372545
0.6416853092890624
0.9838513763144514
0.4491589015304874
0.41006814515769435
0.0961149987977169
0.580106391824405
0.5931481846602862
0.05315925460308816
0.23272940852022933
0.4914808326045711
0.5926097789533371
0.9497333594778312
0.1325311368328818
0.2886263515398406
0.7682826830982901
0.45195470545777916
0.41153484273931784
0.9158332112567265
0.21479748657746578
0.46802978003055923
0.2857711890787965
0.966231565192557
0.017973618048143323
0.34000419676992255
0.48192032961557274
0.6069722385718055
0.8864873115874765
0.12938798522047706
0.3509460595559839
0.6308924340402549
0.8346575898420735
0.4243852558505003
0.8010128138310784
0.3838258496978396
0.1476693909539955
0.5764083117069778
0.9376964486509941
0.28272276308892075
0.5145183251330523
0.5683621874371028
0.6178850014812052
0.5044355865861654
0.6107748209131159
0.44453774934751294
0.8931197483099047
0.1589772708947819
0.09251507092472161
0.6098502598677513
0.9090413063996989
0.46212458341213236
0.10249563045737832
0.44804787366134935
0.9501981361009693
0.16071058293208793
0.42276811093832306
0.7652766013582168
0.6134152521235201
0.4476338673991304
0.8568597526937383
0.39945714350932526
0.7882714213002637
0.22112126770880514
0.3407303317042182
0.6336525351245567
0.7054785252813214
0.07814701298478452
0.4779012349658577
0.4708026196855223
0.6762823544502317
0.23715932318259772
0.1570746864411491
0.7881350706395613
0.8008784078832754
0.5579052466546266
0.7167289190435473
0.5183291472315876
0.7606620320841289
0.6182385892018873
0.44345895513014755
0.6438004847820072
0.5545684463306709
0.6275100469094275
0.5736480641845229
0.012478513317658141
0.3854477620641865
0.546981680221459
0.8436344991087689
0.7180528295296507
0.48206415469349817
0.7724625859921868
0.49486287908023413
0.8086649757278844
0.6664406065485818
0.5692537545358075
0.2549317318903436
0.9307806194259318
0.28458400664363137
0.7741144333599179
0.8199581701182997
0.6270168376391155
0.8322205835459087
0.641893888442317
0.7900072244020124
0.6631855262804542
0.6671417746909162
0.34319608341930163
0.9004688701156189
0.5288559793659862
0.7669424583409119
0.32939897749137126
0.4437385390592712
0.4686554446476371
0.6147607403604729
0.5250545866668271
0.6017901343389069
0.14160779813839655
0.823427638861361
0.48318172640582946
0.36830650551877364
0.8991441232617527
0.27722355591054937
0.874905756551193
0.4048463492393884
0.5554571811220469
0.5919965227615527
0.8665625067583148
0.028329546790079707
0.0855340361144103
0.33784499684707453
0.5727989539594838
0.8755062851273134
0.26736734103064996
0.5347942682056707
0.7320207205415711
0.32717182186199145
0.5701353419857721
0.013233051636629994
0.18309831588854253
0.35838001854811313
0.48067418866128564
0.7020337940497623
0.010575056560339581
0.29449919965272314
0.24833670086070908
0.6174827625152217
0.677525231432649
0.19198177988632426
0.5827008757352594
0.857323788471817
0.2967517437967109
0.5210235361933949
0.5106670203924241
0.3964826775255612
0.9929698769478696
0.33886449903252613
0.1893825587508137
0.31550921633015727
0.7776362245248766
0.4523518794408239
0.250118826372046
0.24633714915537608
0.6588065439925873
0.9750810204879821
0.471852925760567
0.5670580698382838
0.7779328042157783
0.6454665594878202
0.8501769923214713
0.7225663698360377
0.6428404276581159
0.2619651371702296
0.5875023102386869
0.6933543520854268
0.2993700488078741
0.0818990222386005
0.4694092618772212
0.6342255361981329
0.6339452841688271
0.3494149853200881
0.9730156487971283
0.09968142614880049
0.29531132605375277
0.567704220698728
0.42199268665158385
0.7157543704271476
0.20894088093305624
0.2548795580659098
0.617932155993496
0.08694207741114164
0.2976294688434758
0.5350290131347195
0.22147649855651486
0.6180569082796674
0.8459786932775095
0.34173710519150663
0.4090686521308336
0.6471597349873519
0.1746732364309222
0.32209391205244686
0.10780374611047161
0.45463235043886674
0.7213607485359269
0.1768455644308693
0.5326848606899159
0.8185363433652023
0.4100141102815236
0.6134525927416313
0.6506449904710647
0.5261742014382088
0.6157085865702845
0.10659630283426222
0.4976708468578146
0.8097771652506015
0.08464624254759748
0.4247320735454285
0.4994713114544903
0.8988301728488253
0.4485754423296365
0.4558592110096534
0.4210553103183565
0.71120018471308
0.07453067009657756
0.40883562698365794
0.3926309754936609
0.9551039454048337
0.38655979626238524
0.6054637070302529
0.4916225460932947
0.7274680111721217
0.7129618390438237
0.3735915544720723
0.6765980515592636
0.6603160328373885
0.3889339420896113
0.1638368046165332
0.7096700831359145
0.6345951522364034
0.2532939825774523
0.6795280691668314
0.6209360133340107
0.2850146820400884
0.040541153156571585
0.4957665790488109
0.5558071562202914
0.8051230309800752
0.3155435447070264
0.3432845333006742
0.7762817929386998
0.7655808232294014
0.348634694978291
0.6246884523613512
0.5945955228841467
0.18718519859470698
0.17062084601507713
0.5798929707123377
0.5565516679608067
0.1822960987933909
0.05522412232614559
0.5782264674909318
0.7732808255141075
0.5161570345365141
0.8460335307540839
0.5254676170881467
0.9584937444274333
0.25489356473714064
0.4293575722036482
0.5829342088271577
0.7336675164566806
0.1509905094562545
0.5979096296106001
0.576732765998736
0.4635706267599787
0.9468496824085251
0.15665756444816065
0.3853947230018479
0.9154360878786962
0.15761008050331687
0.6163174553586046
0.7879476642091885
0.728914313669141
0.5965859611344603
0.7152891234693814
0.11476029107069843
0.5114473776531038
0.5815272379769096
0.6433176138740395
0.11835656215261352
0.45717418868798154
0.595094626908125
0.3402079291114404
0.28897183169918295
0.5815285944592036
0.7577510924688593
0.3982483664876988
0.454938255510953
0.8838413775539035
0.32152000205260234
0.44263213946076807
0.5533127722411971
0.7603379022681596
0.40698606903844303
0.8238181129950786
0.6897737687702918
0.7311017153755764
0.39406879163423075
0.31977312206743014
0.42081688449286764
0.6361349118792614
0.2484330954772138
0.7066033538107348
0.2396696748769371
0.7873570848991074
0.5524487113511659
0.8659489109889955
0.09720246850694991
0.6454582392798017
0.6543438987406144
0.19721226909222134
0.4293274836561991
0.7229119830411532
0.33700865533329827
0.6559662189627966
0.4247173316449425
0.567164840284276
0.4310148790374012
0.29311660537530443
0.42921449857448646
0.5755054028077924
0.7080563006622141
0.2649555372362627
0.7249826477729344
0.6462426431992193
0.34995878487328225
0.4333188806821159
0.5307549232288377
0.599616548474696
0.5553035474209183
0.5551872008263791
0.9497027966744224
