0.7013776408591406
0.5468614265227616
0.4944226365423921
0.5548631020045631
0.55167516678685
0.3723798070613007
0.6691893386108592
0.5460251776398775
0.5423286596470571
0.40790565524359246
0.8799535925715005
0.24578849050976442
0.7783247710737751
0.654596050900284
0.7588007354520032
0.5436456832990721
0.47109002237909625
0.6154151539581537
0.8044350477615299
0.39392724993053696
0.6523208935615146
0.5724290508098828
0.13841245668423255
0.36532850284602597
0.3572632346543364
0.8387896154040314
0.37936600765313255
0.8021138987034846
0.5065464113304021
0.5758044575964093
0.7919515412681393
0.5923292847401688
0.6847059827461238
0.445843755584865
0.5773324578437439
0.4197260500763979
0.23571099308697555
0.4036744038761963
0.30209886647578443
0.5171765096260061
0.5149527119632854
0.5439190784209958
0.7044629995633551
0.5355238670756239
0.39959348811425044
0.49635274595685314
0.7189712548867537
0.8080429452955653
0.5292368307718208
0.5056761468409449
0.6858733008770629
0.38547544632097863
0.13118439653059757
0.5338865684822847
0.5045173593737252
0.7201833212552997
0.45497099423047566
0.6000543168296077
0.27413417285328834
0.7246571188521419
0.6180348922949809
0.5452676459882336
0.5824767609559689
0.5069057158938528
0.49254148945233384
0.9052379066613819
0.24072267279162765
0.3089482208533404
0.9888033157672486
0.09938856906789428
0.22767925353240298
0.5215957680219305
0.9517383890007574
0.10745770088730948
0.5049751797828265
0.8344182792624931
0.057921492486856595
0.31681341755133485
0.5989284132436223
0.12930157207549814
0.48081466113381605
0.5262595334780074
0.3820005878558339
0.3928368776078348
0.9295842584220342
0.14236786221105144
0.8964721802687468
0.5205384420655942
0.9190492602342843
0.39235217866426175
0.5281055674310242
0.28072121415167306
0.2993851263173991
0.5362891307108612
0.0660649004107892
0.13348866090807912
0.42712591658805193
0.3794256151629569
0.66850754207409
0.5655843149066234
0.3498418777553166
0.6280680709832525
0.5857988534988756
0.5270724809580156
0.8674558428423178
0.40214720179856395
0.8419811867755671
0.46699719541480256
0.2590095441351896
0.7717745485465817
0.20230708606222636
0.1746255663648863
0.27865170081728396
0.7294674244389829
0.5424164906803003
0.5725096530833214
0.3722580855971359
0.918266476646191
0.6092752449610268
0.5303305116719673
0.3050087224604056
0.10516253693269553
0.24986819194711002
0.48388568963084744
0.33632618042186524
0.8716646626784156
0.23207674323991798
0.1395195025042087
0.39643369650945953
0.5599829566150758
0.44386022671736
0.42979368477001284
0.6139845213233133
0.7577203049124988
0.30054125322171066
0.5094733615022823
0.6182435629781531
0.481167240091118
0.9697210673821839
0.30940874740577035
0.12341665050911772
0.77972533416323
0.7251268575700232
0.5436302224027093
0.6480676724559282
0.4893501606137847
0.3520473193278441
0.32952160533101194
0.7556023885756531
0.495828401943884
0.39078263530924884
0.47500752773334687
0.5680290634964249
0.5890106412055698
0.2894532880250528
0.4779110247791065
0.49022510739546943
0.552295665967132
0.5109422460063027
0.8627238954344975
0.17756106402094918
0.377900222197771
0.8454028098603861
0.1441632332247702
0.5711549005030414
0.5133091278442683
0.35851917577081877
0.3246914210180468
0.4150415186345186
0.3970501379589677
0.4919085622387834
0.25265168728389864
0.2558222172843137
0.8247898708740349
0.30639136534788547
0.40648303530057434
0.26414070851320964
0.6599842807554348
0.25629735974787005
0.22854161243416807
0.1436756325698682
0.49338163250768996
0.6287174735477788
0.33095006726920095
0.43319722026006624
0.23607551198503804
0.919547680012432
0.6649761163898954
0.5484204195283057
0.18491516598128002
0.5396923182619344
0.5107807221959413
0.5556655715522226
0.7959327954111837
0.8613984188876859
0.4199306354839445
0.4070326845167517
0.7113194539158525
0.08201268453927099
0.5923442963622976
0.4920710558453957
0.6969307655994154
0.7458415595550429
0.8620000895726416
0.2512379146279396
0.5156900773763469
0.3135884342557117
0.4124559347881372
0.7141525477375331
0.4313825982338572
0.6770846938715662
0.8481813931424316
0.32458196625833513
0.4900102752691815
0.28802099219983096
0.9556279499413204
0.5062248133897957
0.24033138500620524
0.600994180661961
0.5428414815010746
0.6778689420413921
0.43157474397992
0.424009043442746
0.682344869032167
0.4487255058977625
0.5919763796703426
0.2624727868615299
0.3446250877946228
0.8027560598038622
0.5752990414243235
0.5733633842637798
0.9302061330216272
0.32306188151596926
0.5835138438311985
0.40456193936547813
0.8280752885056268
0.3966779015283229
0.29942165191486336
0.9213879136585809
0.30811562010045496
0.3185633353235289
0.49481177820662803
0.692501406352112
0.5328132684399257
0.4412833794637252
0.5028430036767915
0.4317517467624152
0.7047872203805712
0.4882013411770544
0.6396813982084072
0.51322758623264
0.23422466145167556
0.23171345752907782
0.6142418999680517
0.6454257973991097
0.4663152700840063
0.5492149363981889
0.6901853204394669
0.5749037179912637
0.7449169627227754
0.45467290219881856
0.8641696628449378
0.07256826094892582
0.5458215591941693
0.45264401126491066
0.5146884565979906
0.24878788917069805
0.6800546441433319
0.7785445743592061
0.4472443536330195
0.49210868029362154
0.789621187928589
0.3344403852411256
0.5777867167340561
0.5658992791893304
0.5155332387471607
0.1364447570253936
0.3164029316352118
0.6860488224171735
0.1564764228076712
0.683178077258362
0.4763205892816668
0.4987059553042224
0.5940199951135833
0.6416700609465692
0.43722397624602116
0.45950032219945475
0.3560970330537833
0.59961849684619
0.8602174342200872
0.4073909682269432
0.7623071502193861
0.9484680727367875
0.34119290261530943
0.397355146511875
0.5689904536360362
0.4515569819167428
0.4813273204810216
0.2817446646318208
0.5692752938196759
0.30265682700102026
0.8430696425574982
0.24436613554890194
0.262235640040998
0.5733611451855034
0.44999591871085964
0.8918200273675138
0.4954314213293593
0.7227369533699401
0.5781913363523274
0.7352035735252977
0.6803182716605463
0.8851867914901494
0.5337036897786098
0.48260704919158065
0.28411702890695434
0.43365357623485523
0.870121377296741
0.6689069512274676
0.4290141938931167
0.46461840231381696
0.6636412743313906
0.8497095079884768
0.6831231437217438
0.5279908368591953
0.3425117871346175
0.18968488639281245
0.5002976120278461
0.7521368987795418
0.36120700711036524
0.8758231244433357
0.33061521660010845
0.568164367881757
0.453545205355358
0.12842539725798197
0.6479975971001207
0.6433213348076754
0.3075350710633832
0.5626605630628757
0.2261596384565963
0.30939972292531726
0.7289336051860038
0.6433644000225615
0.5361184806735066
0.4928916823199131
0.6210580496076618
0.2123172951620034
0.1436812447022079
0.7366181061504202
0.8760257267807081
0.2450864500403442
0.7974628156961365
0.19019975212357637
0.42344646375154676
0.5727334779967218
0.6263384797834232
0.3855090304504618
0.6125377908261249
0.6784365303183262
0.28935836859454633
0.5926189044016545
0.476506162504015
0.6341440090255523
0.5811314120116923
0.39561395057401744
0.556842055799064
0.5587539079362968
0.9151294193994772
0.5474881320684472
0.71345847446129
0.4490183159994988
0.3890727454477254
0.23853368772737693
0.8155649941510799
0.4047277905653359
0.6578052118059508
0.47884052671178867
0.5205540552659834
0.7272917359547266
0.02926466654317622
0.4371405599733492
0.46442997998243185
0.5919873182685019
0.40143746047910367
0.5708306693841134
0.4588513271845215
0.7864946724488557
0.2517008384410765
0.9470692589324727
0.3743087775364018
0.6580809999992708
0.4992890806278338
0.25438410461879996
0.44821902131326047
0.7413616584038935
0.6792319007174229
0.6427796558362072
0.7372779306746815
0.24765836209835151
0.5968756913061846
0.614817278362019
0.6564385070509806
0.6335078566975767
0.8644168235654459
0.24568367576452854
0.5440568729881631
0.3755205521453188
0.6670002978455567
0.5775069098155885
0.4345386453267762
0.07410315841559291
0.496712968415981
0.6184601289617949
0.22163748597846314
0.2926314256662291
0.5777361860201801
0.5912807089893113
0.4184681446908492
0.2980701431414695
0.7168914890850142
0.7548030084439754
0.3227337832551533
0.6863347895220067
0.32266749158481495
0.4773927144064954
0.5632308166725204
0.6299034487204935
0.7226255028527308
0.2498301775247998
0.5489560429659683
0.642428028489188
0.688549480248801
0.668796217068931
0.5243288920295138
0.8941838346183038
0.3128757957877426
0.7956092788935182
0.544052907017933
0.35082328467772467
0.6861094155089955
0.7502660454414434
0.32117166631959865
0.9045534599239812
0.3201953147683967
0.5166148086121201
0.3198848511560089
0.5536101521033358
0.06184213212597971
0.5625043895282489
0.5494545173658073
0.4292444984392987
0.8318595803388587
0.43907713956378047
0.6604192441816108
0.5533191888521329
0.8316244493511669
0.49479970651811833
0.4765572616640605
0.7935915153008126
0.6210498805586264
0.8583230880797321
0.7635217694337889
0.7219844803178946
0.2738187611115887
0.1617795004478601
0.8728423106202002
0.5605734110212852
0.8029656098062763
0.3833980384279444
0.6510278666013021
0.6990456485197888
0.2173668118513761
0.4846730337119705
0.47725378338945684
0.41938486161049615
0.8524748254782588
0.5414129556017883
0.8606234861073258
0.3700427918989981
0.6906083667532547
0.2585479224535995
0.041999828910818826
0.3771879968025367
0.6297578856275405
0.666631701383575
0.24662464594757721
0.26436141577808214
0.38569153490170927
0.40278005538168926
0.49785067418987905
0.5384544275528138
0.23237956331513623
0.5232700555905943
0.5192388867245422
0.828893439165352
0.5321284165174389
0.24436423799574572
0.5768920638001584
0.4375479037281348
0.08905381377913875
0.23827141626464798
0.2482638521531346
0.8822334610795759
0.023631223830784073
0.1750576134893602
0.18175826952426477
0.306335209567496
0.512272583745835
0.4362347145045996
0.825011496458055
0.6816304026814659
0.7048249147858581
0.672061544353189
0.6176108404308173
0.5437512588474835
0.5792726450353575
0.4755672697988801
0.8606689569631497
0.11561337957658213
0.5460480260523176
0.47928227039057614
0.5263359369150428
0.4146959409631443
0.7287059331939164
0.7686183709968356
0.537315255550149
0.6531172035140835
0.6931278300340685
0.4582940838150735
0.3188923730977412
0.58115874823484
0.6043686447531055
0.6902571149795387
0.2948657715507017
0.358734109582584
0.24350259557885645
0.6016307190762338
0.3106207481150988
0.18294471266546283
0.517352367965957
0.4517129512618831
0.2053767327062498
0.3803474940586867
0.5473759333317112
0.8018913804933145
0.6488043157174038
0.8956720817929433
0.39048193377687745
0.693583051448773
0.4732533246406875
0.7353527501512802
0.35221225868325834
0.8833821470060147
0.5300449639706579
0.5544116656796437
0.35723518257430825
0.7397911637719176
0.8690614449517289
0.22886935427162652
0.2924629730013806
0.5171545593939715
0.5862856676492604
0.5781505739164744
0.2558235569816695
0.19398648698951165
0.4793861513101415
0.3760453235466098
0.4558445622821359
0.3436823055211586
0.17270143571075977
0.5754502832373831
0.9072778866948057
0.6075976558038437
0.6825946460111212
0.869051592441573
0.06489302088946391
0.2162515267700383
0.2496205858900704
0.5521350984407323
0.9658978873214796
0.3654156935826132
0.664772823603443
0.4841512242965331
0.43181632489184474
0.19751011743852284
0.4851459561605841
0.5596629360685174
0.7223854828127967
0.49327096242924856
0.09211719829794116
0.2959732391875082
0.5996034254417135
0.501013733027455
0.24260343806362258
0.8912621674593769
0.45412448435434044
0.27453064447659903
0.4707553743853235
0.7755908218036858
0.2761074568214483
0.7301682067423586
0.31036249057201626
0.4690877843776978
0.6842146291121249
0.9687842597421483
0.29439560010954835
0.565020054403679
0.66401307626291
0.4371888617327054
0.838929627727528
0.166012259866991
0.5021756285064253
0.8598485250624237
0.1624245723880584
0.09538899313670274
0.6733281309187991
0.6692867388817567
0.5512804319680942
0.5277936958542346
0.5017795052064352
0.40840499456574963
0.908641686709424
0.5197856362995676
0.39988867032207975
0.4957981030575039
0.8100355323662305
0.27621447855066544
0.3790746584265408
0.3397728136445244
0.5848004527542446
0.8388414115639737
0.6980153466209066
0.369963360919948
0.6323859877193319
0.6203234248315446
0.46356868075065727
0.1148522787858044
0.08346206192498878
0.1785179779412177
0.45135667034110116
0.7548304989420123
0.6703074945356688
0.46187886334493466
0.055328147609758134
0.32506283097407995
0.5471290503196737
0.3446534197137072
0.7417633441071496
0.36643953705015647
0.5322395084815417
0.4798575716652289
0.7696009208073287
0.634564034503645
0.2695117537467495
0.4891112543734385
0.19501470726792075
0.3792124792629312
0.7057371736050444
0.2035418079473046
0.7016087476472617
0.47593134338025367
0.6633833501110125
0.6507268709151586
0.5172199014406891
0.5783740759089409
0.3049549161086357
0.4467750901250772
0.33154558247622823
0.4014131953093729
0.5117557455390438
0.92972241008744
0.06711749201847692
0.5251219113393532
0.2304371860933161
0.85837672037199
0.7569495198255339
0.8471488959556395
0.3114333119477422
0.3757737480483585
0.37185583576475734
0.4135386758404666
0.6334948986786229
0.5152627343983043
0.2442686927448624
0.5297946108973992
0.35094550660889257
0.5760106554210106
0.42619194157671725
0.6723031202306269
0.6148846509819008
0.46379987965854846
0.4431371521351447
0.6196802329135033
0.9869499748699668
0.1834896547981245
0.44370370418904476
0.21277988799820313
0.2761714919854803
0.5418626678724097
0.5654797017709927
0.24246439664606373
0.8520621598023193
0.30826188116492637
0.814680457298444
0.056724391540855706
0.548891361093856
0.7776079128437103
0.4190100718836839
0.7009598074631123
0.6166443537269575
0.792172037539016
0.2592345590025879
0.5565160726259121
0.2689162925121099
0.39070591565232776
0.7101644470382832
0.44843645591787595
0.7246655026733342
0.21317649541936068
0.7537894480561032
0.09916524030615001
0.3197027960395462
0.7506254728552957
0.39102507130605957
0.8221048843933638
0.4920675188002301
0.2145360974622627
0.7989276833853298
0.08568690671755506
0.6477124871525826
0.45340058688551677
0.16927919576675254
0.7834924113533037
0.7101259362060208
0.42458758545982317
0.3655786411425856
0.9135913328873508
0.3218203688047333
0.6830635159628933
0.2854197484482801
0.029857302873582393
0.3047127684734221
0.7631458282930319
0.7525053849999208
0.3721870202362413
0.27362044233944693
0.629372391629859
0.1742529554169483
0.5784060693694969
0.4268810722411869
0.5326363091657188
0.6868244571334963
0.08327470513625188
0.5367484816729704
0.5517966579582114
0.3767492299621217
0.20638203119532095
0.3722992719106625
0.3690624031415616
0.7647342841267863
0.42906797861365953
0.12628278332066464
0.30840760855818267
0.7849416534894492
0.37750679680701466
0.6899329184826204
0.5356418823680987
0.13769816410440716
0.6785430694138477
0.7273739146596787
0.6533672351313178
0.3427564893812326
0.4689809343247545
0.817953560171893
0.7308728531308331
0.952388723498456
0.4451323423779312
0.416257350156688
0.45205869569118917
0.5526683320458722
0.9077013249393584
0.20297084038128135
0.5964500897378876
0.6179766912176665
0.27735285140997834
0.8456191379493758
0.2409058899289416
0.5936922193187051
0.4655138751938812
0.7141025972574423
0.965618908069502
0.2704813981247642
0.4265117096082833
0.2586168440483563
0.736277581946254
0.6763308994504496
0.3671026975120199
0.5318521854744961
0.8290331379427864
0.26032727146967755
0.16777043923164203
0.09449310771493999
0.2575212036127216
0.5658356179310092
0.16357347921613022
0.5257196690428706
0.33290856415987
0.6444539231697661
0.6664988445556723
0.6205532948606771
0.7396836786162455
0.13233629240919279
0.6390433775329288
0.7327881471042712
0.4243261789097066
0.7766698694086813
0.503689259499593
0.4389051407331093
0.1306946324483833
0.15848642295100543
0.5454785117609311
0.6317721380264847
0.458511013525008
0.34622935080120965
0.9138869819403352
0.08807607656958506
0.06756430024795493
0.27591892947668917
0.33656145775740215
0.42452941636684804
0.6938833613819941
0.7763434981261333
0.32683797436647266
0.6390870543598088
0.4907194323916934
0.2304090570455289
0.49237382660137174
0.3574296343060056
0.8002720034230268
0.5006985417468071
0.7964504806582203
0.7345327717937629
0.5632526653144759
0.23814980945482306
0.21853039778234476
0.33249520831563506
0.3711031820459558
0.9458892401095739
0.49450328177790837
0.2813617960512387
0.45544241762368454
0.5056236567728616
0.5085640213047227
0.7735819136964408
0.3674444891719295
0.35093806592855553
0.8367842157432223
0.42035293872010204
0.7426391871947116
0.4195213696902893
0.19449814853466177
0.7360904583344097
0.5849262142091709
0.5108414659453359
0.8120840668996553
0.5041640124895168
0.7155699316186814
0.3203186250071234
0.5639246306836911
0.7024508865864847
0.8450166721614769
0.24693010507655772
0.5657786590246876
0.7958496107681323
0.20546112063667238
0.47831175297671535
0.70065026275604
0.972572633264526
0.222850750200958
0.33595400686526605
0.359893879122937
0.9710091361181326
0.21038435683889672
0.6287650911663166
0.9130471906828774
0.2830782914008442
0.763755359550865
0.5993163177681987
0.47981964351617856
0.5327324842490626
0.47109714878542724
0.622248773723955
0.7101943094644171
0.5968836375551169
0.46411786373669567
0.7092663153404922
0.4342244986294499
0.3981635670848288
0.7659959081379204
0.5579976815751894
0.6790760368471649
0.06581359971149557
0.3324867674972529
0.5770703253168598
0.7510763649583809
0.5711646089112143
0.8739574317205896
0.37529087134919764
0.14754342501531018
0.4189928881594359
0.3865397614077182
0.5731220136303886
0.30585270672373355
0.6596669698752908
0.1729842859505758
0.40652775877480224
0.6642052759438728
0.31301723374820367
0.43737001831455385
0.40636480747016485
0.8009217442523897
0.7874274917631625
0.7383325308402012
0.8263052041891323
0.28136874286253416
0.4946546107639119
0.690278229339903
0.590006129862854
0.548990070462799
0.270843693849599
0.5072632853078427
0.6522262052499168
0.5749980279443077
0.4849004209628538
0.4492465189932591
0.20918142601671447
0.5465682256473626
0.5561178504393243
0.9271289333497199
0.12091961700097174
0.37349730424296745
0.31348350791559415
0.6548467535482215
0.34686918329805505
0.510769855140157
0.5593491450664039
0.6006649137074902
0.8221915159093964
0.43567445202614974
0.5906586176503833
0.6780222249553107
0.8960567846961021
0.38811115046704536
0.7586931103563297
0.09610241087185067
0.2750064855178038
0.4880490983198897
0.4517888071316145
0.4126230172743105
0.3851748813506253
0.7268171274439632
0.1925449420153325
0.21427865660520942
0.8602392975423969
0.44656784470841454
0.47608411643664184
0.1828608181693422
0.3061341661414125
0.9120102769193879
0.34926200582831884
0.5480573395841608
0.5473828157631483
0.6470154179235936
0.9840405941524519
0.18952788891580577
0.35917900755092436
0.6945058593422881
0.6652143850330738
0.2309624097974916
0.6715717528248093
0.5082219190742062
0.28373299720359496
0.8811132220839435
0.5463998998576043
0.4997908871190093
0.07676941936336931
0.3079195301111095
0.724650720189125
0.189339554044937
0.35427790806978665
0.397568402135383
0.5651242560758917
0.7066509401530288
0.08928209856841943
0.3531353752754439
0.816032829332571
0.5015051314305237
0.3685974372299744
0.2608118347304952
0.4777963789058677
0.7147696811213762
0.5196354223922361
0.930168319845853
0.34611064580510315
0.17991504529339608
0.837154878893052
0.43181213262392654
0.4427332019266226
0.6662801440489963
0.24145823034403902
0.5322839469637042
0.7407820860879775
0.4613056006632428
0.20733607449506758
0.3022536763320398
0.6019087539919942
0.14940315999550263
0.5387458993558959
0.6528921649784459
0.5602558410675761
0.36302438637965817
0.7061547006871574
0.4634538998034097
0.32173796732520726
0.4180893715274636
0.5369633713436668
0.7814693978119231
0.6523279666485622
0.44300546224707144
0.35573528875285887
0.7226249012428076
0.1301248864039132
0.1739052175456119
0.8222746408624741
0.4425943070866823
0.5351870407523004
0.5983108837394671
0.8444291977373656
0.6192119541022705
0.6954415318415503
0.2959907687138023
0.4554293102401701
0.14600484754993562
0.4121651773180695
0.5291892659643346
0.4677887067416999
0.702091159339924
0.5884087395459168
0.3197566726753204
0.7907593470881823
0.716878159107174
0.1092608602459138
0.12475269339955751
0.4856906233751363
0.7721776897894697
0.611556679913936
0.36226195731914274
0.4393102384981604
0.5102668268419203
0.5905212155562639
0.8838615759670583
0.7881282721860056
0.6903558376876211
0.8007907174094266
0.5279770903963099
0.6601308095552602
0.28174941714519863
0.6626217244206685
0.5213773878295391
0.6381427268338558
0.6233116994562656
0.9554854239470065
0.6771421333751175
0.5442164390156172
0.5026706999338527
0.8652801046008869
0.305577895621263
0.5015318252021399
0.9042539716611091
0.2050030060211432
0.09788125805659911
0.2745590559254103
0.7889133914409394
0.6964822562999913
0.7617434472202806
0.8777691028363919
0.43661064849276854
0.11770690432224196
0.5504225669316403
0.5344076954695257
0.4728177986297761
0.3142220824264616
0.7915767275433875
0.4965589937407635
0.3028184241001696
0.4507008193697322
0.20231950599794196
0.36219040560746013
0.46706892853697635
0.8582775017839595
0.5137074787202472
0.5523607502589025
0.6595838031775616
0.5160556744090272
0.6677296534063901
0.4809443753991358
0.3259317801367731
0.37465722950562214
0.6283446210946686
0.46175961711296193
0.151192958065499
0.6070495714355751
0.6322077947764084
0.39478873238103
0.45170965963947896
0.3762574146021841
0.4595658273273967
0.557077183274928
0.8408813233862835
0.7723576747136189
0.6933129671075534
0.6482147474792818
0.2483960012446367
0.3642810822029321
0.862135654803879
0.26522748149547454
0.49010633045446755
0.06677129079824023
0.20860310447727878
0.6495462023418763
0.6714437818357033
0.6051476131364124
0.32267481858221464
0.3265633787693103
0.23341764350977076
0.8124777159228218
0.3626970977657073
0.32488758955468766
0.1572866060540371
0.42357928767916975
0.8007671576867266
0.2172948007243407
0.13013230464947428
0.5774431626833836
0.8827255484444068
0.4579296615070969
0.33028423459717576
0.7843638893899378
0.665857878046328
0.42309422876548497
0.4326770070948771
0.4182836411531634
0.8863808445016674
0.6896681059957329
0.4026266708445621
0.560791034608672
0.782353197486257
0.2909429743063914
0.38795443397793594
0.24883549683170816
0.7902934041393592
0.7185710844410261
0.7741838637453466
0.2810252780918784
0.725799760368881
0.683451857204077
0.41500763529261403
0.10313632879258652
0.6152415441863253
0.7614398476501187
0.8699849240301154
0.7027205592132679
0.8366412476509562
0.5725155274777234
0.5265253499127626
0.46806237293143715
0.24923460127000205
0.8557409471533975
0.8426514087860623
0.8531479864349352
0.7999938956394893
0.4607707989006866
0.742044808040703
0.40220850934755364
0.28914856674695716
0.6381654122403868
0.054496091403144535
0.3630170236882457
0.13721301045112586
0.3788654215611278
0.8115981203901764
0.7201539345973784
0.4278696228823105
0.5922681873961463
0.7940579224193874
0.7913935203021909
0.7691519280888037
0.7270977081213813
0.49415329473412584
0.4719263567073253
0.32329313775079016
0.5505895945231083
0.1883015530982604
0.7859247956597666
0.9145488019062709
0.10686397639222323
0.2809662112298419
0.3820777022928805
0.5062944567666136
0.05117206399134404
0.2271756408914021
0.2710960074079488
0.7670867202546114
0.40904015761856904
0.6493909397318762
0.5119057336048924
0.3050613848518664
0.5847365697737016
0.8463616611171122
0.17097206608888554
0.745750882093671
0.27382989223652476
0.9375987865688842
0.0936061771643634
0.38082292685763874
0.29516320790956985
0.5774833138296085
0.7939762610897785
0.9759416463635595
0.1873696500809846
0.31579608268906934
0.6622766730911736
0.5016253648235487
0.8100420232064582
0.48737661332454774
0.458013318717564
0.725039952911645
0.5635245035874656
0.47254808236983376
0.3551325143486943
0.2790215308076797
0.49744643123132726
0.4372821189211317
0.36435547649391037
0.41100256494623183
0.6672069863649118
0.902355207402989
0.2766949993029797
0.695390479624079
0.12623428076887516
0.15780441929375988
0.4177801599684233
0.5940132935831222
0.2984826220443756
0.36431482738053395
0.7918937957376695
0.7972700064055078
0.6484617565554108
0.41136828810860704
0.17031141960639046
0.369735245957062
0.6547839198696791
0.7212000406302532
0.6939719568947431
0.9308988273025004
0.5371793177985124
0.500747531252352
0.35853831102017275
0.5648245278380176
0.612285792607748
0.6209338932671509
0.4749613794337155
0.8807644349837946
0.06940288263038356
0.38915345051462014
0.8907653704390024
0.3202117669629521
0.49518969714711925
0.5000523259709441
0.6473528476008199
0.7621159075342998
0.47816669989399563
0.5425279453760303
0.5212267423611143
0.39196308178170214
0.5622439180207855
0.8121073158830667
0.8870868618820067
0.5765812271627788
0.47183733030513
0.55384273453518
0.2523174749968784
0.348768558469745
0.3816176936930534
0.55285138002206
0.7303277780227115
0.9537434057779565
0.12216682719713753
0.5301790682369348
0.8004015169704765
0.728879413818807
0.4961145029909661
0.44789961240392234
0.7485806120625556
0.6383316344622675
0.2163814141539207
0.722619868246204
0.4638375517499184
0.7410216960083224
0.8287176896164785
0.35600241866360893
0.616121386604399
0.7820938320332778
0.4227377873530805
0.9363105925820934
0.023244483043600352
0.207181933713052
0.13173875644013677
0.6448817297427167
0.5800782870745913
0.9385778133912036
0.4286623813750405
0.6071488588552646
0.46933736837381784
0.5624037973790983
0.43745330870189064
0.5020426164172428
0.5522426061963246
0.5727635247559382
0.7772257666217187
0.7451773141292966
0.5797746813235938
0.2264398192466558
0.8305756010439731
0.4897354601629148
0.5823848641459376
0.5033741315675466
0.9050515916004618
0.4762312938263839
0.40350236145687113
0.8016492835078567
0.4405400920438751
0.7883383937092505
0.7606873886246639
0.0959024636692469
0.571371158891022
0.48683538563372564
0.13074250050844768
0.4607182772173539
0.8484663598608138
0.3862125235149321
0.42553750127132506
0.5355711929000373
0.5080920695517243
0.4581046164567683
0.19359323728603925
0.7876502474888876
0.5823533431494423
0.5664753177927095
0.6362645228472344
0.8025469463266386
0.4121736429973044
0.36880900689594687
0.7502217897098687
0.48418900716180946
0.6802079078100716
0.7195425893384781
0.7446703852811581
0.48862866414371864
0.1898796023902749
0.7365892341987011
0.35928679096303634
0.45975752639423706
0.6279995366966578
0.28964061587934936
0.6773612562129812
0.2878136638504766
0.6263696570718709
0.8997491594473115
0.510330702815806
0.2945709372329916
0.5784421072808824
0.8658768413516759
0.6511084055113652
0.5888333622271645
0.5363076691349219
0.5517320866498936
0.5939632594345562
0.8456048693448859
0.5025107342203237
0.26499350820187767
0.5561125891188498
0.2056285511447003
0.13268696493406967
0.5092838375531424
0.7544190086150151
0.5870449681453007
0.28100010018965704
0.7634288131147824
0.6678711798004336
0.636999055309001
0.5726294099280311
0.47142439031987454
0.6334254844884256
0.408894659272598
0.5094705435893134
0.5726841124927794
0.6038401105396629
0.6871601466603903
0.6572321596353827
0.7525766669896501
0.3175298986513752
0.36404769187337443
0.614996657681607
0.5567684069110106
0.5623601332198883
0.4506760106686475
0.8212605437229252
0.5962633241131847
0.44223348286425246
0.33915500516331265
0.8647107648423223
0.36327152847215244
0.461536700987477
0.7972399773725163
0.41190886823729467
0.8652301465458954
0.7018360995819277
0.5070189710553696
0.45658812334469384
0.5295730479445323
0.6359142405686018
0.7476076802463734
0.46762575185010113
0.18522755477263994
0.23864104052690355
0.5054695176721232
0.5150873840727701
0.45943402948905004
0.5748875977708034
0.34680353215590776
0.4492858462551399
0.4423768961435797
0.5391338353387115
0.9498636327191083
0.24993543664033413
0.38879216440096664
0.4139163265260841
0.629296191644109
0.9037923064304154
0.5951948038587777
0.5899340420824242
0.8812950159774561
0.5433292632119215
0.5979158895709145
0.34477626301470854
0.6445807334557778
0.781144917876578
0.5745291094778365
0.7955388677944235
0.5811905458199322
0.047919333868463775
0.34736435967956814
0.8968128884289139
0.6758184284510196
0.5558842446009713
0.5266362512379862
0.7583306063423481
0.46403210543505075
0.17770890810745346
0.3370274247451869
0.6584325818739701
0.9062134328402878
0.3292528685940881
0.7374357354535419
0.06447431088623455
0.3399249994205037
0.648301591656667
0.23366952992627316
0.5032313282956724
0.8539183005886186
0.5928229207233441
0.9302817412641553
0.1559352643348326
0.5324884714493578
0.7003754294874948
0.30586214817833546
0.10793179654089274
0.37550719272257344
0.7782618281250506
0.8886311856114788
0.7884421134488837
0.47908363943945526
0.5518915201451469
0.7162700185866337
0.5497396893826229
0.2364897413711611
0.55703897567268
0.4656638457910384
0.7599620801732643
0.582491929177466
0.58316725013889
0.6722613494344454
0.908474744432034
0.3831681085608536
0.7543214584244056
0.4679454511876329
0.1896323042995167
0.3515854970990125
0.8536414473490372
0.3835777169907182
0.7253806935229683
0.9118604335112965
0.1374344810906602
0.11713336137324529
0.5204591692874194
0.8477463258263429
0.6243959227415045
0.7221019173636524
0.5403506739808721
0.7351640960112672
0.6090332713014569
0.31249091608874424
0.5989073919088901
0.24406169614114573
0.5608637380357567
0.40065569512398713
0.6815517317835119
0.020702240788167917
0.3352549062668145
0.7193293738154598
0.9250400827033605
0.43764018788182746
0.5844394847315316
0.1909020879943923
0.8593889816774232
0.17443593270388252
0.6404095702590521
0.6930287373127274
0.35551234306490326
0.5664753227701232
0.29404204307319937
0.9010358911381204
0.5049195549478784
0.8555586552514431
0.10035072669961
0.180817006647216
0.24566167294706798
0.3744914391804871
0.8747502225905072
0.13323385430389467
0.5156769224312664
0.6448240715885165
0.4307627731150536
0.8980902142653341
0.45670805727110675
0.9079938542015034
0.6510949349223917
0.5801434904825806
0.11927252793436988
0.5326701953187404
0.3307181450237618
0.8730632187185047
0.2612635106314605
0.4441525005179742
0.23140009004928108
0.8033070165744298
0.7192471713971786
0.10325524550100482
0.5220804782566599
0.4757349044491493
0.48040525986455196
0.5925598595256902
0.2380975360316695
0.5366045563760926
0.21432515210303843
0.4434105061068557
0.7822666292078495
0.5524502499203936
0.7409376620669887
0.588310936588408
0.06919596604761913
0.4841153141978152
0.549843330869624
0.7868988780198856
0.6740118163176982
0.1187993346314548
0.5423570942099771
0.6076716206066157
0.4530363493941055
0.6401350490590826
0.31355520735959463
0.6016597498466829
0.765731112781514
0.6116003722100289
0.4765334862768891
0.8926683450551589
0.5163397163579636
0.45348567622988323
0.1151836227617448
0.5949051809196779
0.565056507813893
0.37151862253328655
0.5089400415357066
0.34570335166027466
0.7786127025843992
0.3556688478312105
0.5577836198863195
0.6153792722936571
0.8202518561028411
0.28161596409893314
0.4741988095188321
0.7796640296889262
0.41045697171229384
0.4318169863765903
0.7015276123618037
0.4350414412792345
0.16449048612969525
0.4026221538867025
0.8320301426388531
0.48231962327496775
0.28480847327732794
0.48616376871870043
0.4783236307693528
0.6260929743244253
0.7248390225979544
0.6922342205934598
0.7029227041532005
0.04009282307425591
0.16216682700115032
0.5493073834184037
0.6559055309851044
0.6990593200990274
0.0649179233760921
0.48304692184545345
0.7189432464749206
0.8873339116415785
0.5462931590539016
0.5448120314708305
0.6064618532823054
0.4926172035468557
0.5944980408702989
0.3136460694244385
0.7467440272923493
0.8150756181593924
0.3503963639215941
0.39481718687023204
0.4425386745236237
0.8622926251604239
0.21084976541776757
0.4327619043142582
0.5661893082441084
0.2054396957780588
0.5493925342404771
0.2739040646996093
0.1926385050609159
0.49937606668620893
0.43583711004578174
0.32361913768314143
0.9479119324154064
0.03331314037039668
0.2659179246661161
0.4628399879745344
0.48065428130988974
0.6021068020683971
0.05081658296697385
0.5470527636525955
0.37822628647143786
0.5558663351122177
0.5666923926113696
0.32008702556196006
0.38101396628477413
0.6733854765119063
0.013165625032873293
0.05487783208508907
0.4351728567717958
0.7304224227883089
0.4292631508065634
0.664682317512577
0.686388802429778
0.9346324122983356
0.22972762666400998
0.2854552345003952
0.6670688919324839
0.8476387554009228
0.38375549904448714
0.7097761689055611
0.3885035527234356
0.7486636559283881
0.706182404686877
0.609801265221263
0.5260604810804417
0.360060096920313
0.2182822918322126
0.2844833610986922
0.6959946416082305
0.4875115320849189
0.5116684192796208
0.5628594193743116
0.19610063589762008
0.5617101731408674
0.5240326617456612
0.4390635366568888
0.45138713436983136
0.8666652784122824
0.4147362935334451
0.4673979321620199
0.632717966745316
0.44922603574469333
0.48443384873489065
0.37575177484000505
0.6941953062007122
0.3604653666333044
0.5346098620561937
0.6308333814759899
0.7573976415014746
0.06993266432340166
0.4734537400047289
0.967151762107626
0.139912537071972
0.1568034958549237
0.7946014840545989
0.7310403863359379
0.7656691652629235
0.36111139654548213
0.46370150349576167
0.9172501261502184
0.45759206188827006
0.2887525270134663
0.5228314530983864
0.401782277146201
0.5424761381590524
0.3339700827691726
0.718391264471608
0.7504283308290662
0.9146129323550383
0.2613391992068842
0.17517980915370598
0.2812000840807232
0.7106320886514588
0.4376583221845102
0.18930896729856167
0.3046865835501086
0.7890377042132736
0.37738897523285986
0.5693181608502811
0.5074053923352972
0.15476349830126934
0.2576033216803569
0.4721728839702213
0.5400857328730024
0.5149380149277165
0.27221523896940325
0.5570800478230584
0.7193750525588949
0.35052051533924217
0.06746277492934016
0.16652170628654922
0.3540255075612521
0.47208817773346456
0.18120887813383416
0.33590199980754215
0.307761184640959
0.6542234202525548
0.64622960567283
0.395061520251048
0.5851489950841533
0.8762736180182795
0.21711848739426073
0.6759875155793901
0.4884977862228823
0.43169184500736557
0.5330316388389355
0.7851631766653777
0.4556774547618325
0.9252208018374439
0.2906132557445569
0.6194801112421112
0.9466105426111007
0.6437872770210886
0.41493141831190494
0.38230944465290084
0.9121110618002528
0.3708984014233928
0.502463434659813
0.5367080042212385
0.21873911244714844
0.5507894568009128
0.5962553355644482
0.9530342943684091
0.46546701269027163
0.34604422881553293
0.1945212440358775
0.7184646570815065
0.4802355886490685
0.5249641659866942
0.8894151077760433
0.3943802352347911
0.8295519220459137
0.5479002063951737
0.32587240599416173
0.2688166988774128
0.5117009447318301
0.47106601489309957
0.1806861007964242
0.3768904017715434
0.2089166814581861
0.6964617984911088
0.4649603860985503
0.7072005922203677
0.5986347355549336
0.24135826065581673
0.49337538945516324
0.6349903625097859
0.9665557210161936
0.10012725319835351
0.49415161025856785
0.4317523755311029
0.5300469150240288
0.738187532428626
0.3132133869478976
0.2249886490080184
0.9930158883321563
0.5394067988241705
0.31509149625678073
0.6223105086049612
0.96493102474814
0.24023095420199095
0.47224711682043574
0.5147187737437493
0.6989119108841202
0.8802208325808404
0.2161160761487059
0.8568989658468361
0.4783412541410452
0.5082573488677427
0.367349314114495
0.4291684554092058
0.8199676043092674
0.4825162189445143
0.38421450019165604
0.7834162655327124
0.5350479681395083
0.49455221163103813
0.6921337646455816
0.5511268467144369
0.5034621913767375
0.3910675167042124
0.3782287407578413
0.5824350140133436
0.5223620021712841
0.6162208424257457
0.4199552680859596
0.37417746061090096
0.32587433389754905
0.5687725001848787
0.5374432667596701
0.419779001383741
0.8891161547917898
0.25835949841084344
0.23263522369596817
0.7372300200221265
0.19968686365652283
0.505415122778633
0.5339674192530253
0.7417539694655779
0.31147089139804807
0.8208295004201003
0.11450088291675073
0.11240835877557236
0.14627547914878597
0.250318147771791
0.6111363282875362
0.44893113293833714
0.43098084774611095
0.6042950548738293
0.8298276637188988
0.5703230372449083
0.7555234450772168
0.3449725816152756
0.7566596061347962
0.3971056531839767
0.9479567024627161
0.1230078151346124
0.3533611997104183
0.6357974615974507
0.6920801551551854
0.16299692706837324
0.46769083782221577
0.47295898156713856
0.7866482949210387
0.44279527851570954
0.5713372301189135
0.5266841926483787
0.5557814027440854
0.5462838202544393
0.4842334749702001
0.15197917943541273
0.3111075359659313
0.9468160374233248
0.36701925112829603
0.860986862554302
0.4709903491759496
0.9486039078600832
0.3315446608832349
0.4830240414341168
0.5719943728823232
0.08430785500253773
0.4812079415455898
0.9685363591756185
0.49888717135026717
0.536224564293522
0.4843993193224249
0.3654212351763844
0.35796854635742226
0.5421109162724572
0.6504181008002652
0.7118934861580666
0.08837888800220414
0.42235947342389435
0.7621485901504261
0.47921600978561324
0.8185837977173975
0.36128395895763643
0.5628459886330652
0.4169203584807451
0.45018730844174215
0.41700954230108234
0.6799311961852117
0.8079018672570661
0.17915503812199635
0.5581982553861449
0.6147305760657404
0.4993718152562334
0.8198311743658645
0.29985313915437056
0.4651056428987499
0.6232212316809822
0.23140144391626544
0.4552459198887965
0.5164105974929046
0.3415949774078778
0.5459961114763573
0.5078826312441028
0.5395590906486936
0.7121430989780675
0.8335364146971058
0.4574852294492997
0.8458677273732543
0.5820182257980063
0.5229122145963222
0.39743588495326354
0.6329600928182445
0.5217507801300444
0.41718929999094956
0.655416355466961
0.47996365034093946
0.323790885310039
0.2422055208481172
0.29813579665688317
0.6168659246365485
0.5377736008557109
0.7524758833698209
0.5324039787266811
0.11636536602612896
0.7626251845133152
0.9125377203393328
0.23545876713739658
0.2666758319918284
0.43564678427577963
0.7055446476849452
0.7201682539418364
0.4713462534827083
0.3367516856580175
0.5174954403317872
0.5609166721184604
0.5879165204854903
0.6010073741295476
0.8612096375435537
0.45515178003260004
0.8765424655132266
0.7276033890866778
0.9560029668125474
0.19978054327790115
0.05921365338775996
0.26106876779271454
0.3924821537715596
0.6704690731566676
0.6111107598919459
0.8814004118393608
0.19122982853851958
0.6152066264723337
0.7172554912889775
0.672980806710745
0.6409558698812
0.9071515216807977
0.25634887499738923
0.33099470820347554
0.8961489783229861
0.7456502405861399
0.5242543415652657
0.5498192917181701
0.5092236448154631
0.5409856814719735
0.4704028192181434
0.9047610956832123
0.583809101622434
0.7029620333764356
0.607580402059633
0.2839402211224109
0.9056606449205026
0.3732366340126752
0.3088206543995368
0.14810455700425607
0.5174179002409801
0.6249102667721002
0.8116373959721115
0.5356609075416146
0.6963034945797043
0.5567098548172891
0.6583302954374866
0.7221059814969755
0.24796824131156908
0.787765056756754
0.9365148244226875
0.2286137731135084
0.7271916536167884
0.6378152277090896
0.6189957913858578
0.15191291791818323
0.4058830210144737
0.4003243818924884
0.7842907212117862
0.22122538921123966
0.5993423265761411
0.5637773124576894
0.6162709850512987
0.6546349141940899
0.5310867777729638
0.4536823939341407
0.6105868783743114
0.6735047378890814
0.3162647234889143
0.34755440025697093
0.5953610300448877
0.34932200227020216
0.19136240850120834
0.8334854415242317
0.6663293556185214
0.46781784558831785
0.7440481560556671
0.3183191366137868
0.4048999264353861
0.4759388541981994
0.3379903930722787
0.44369689718117206
0.6003820793868179
0.7376536752003702
0.448879038604468
0.3488922315977663
0.595722637816085
0.5189709003492776
0.28484359921021624
0.639634416139857
0.48244918256556724
0.479423498350776
0.652094123168597
0.7204599421806333
0.4690852656065423
0.12427402605932053
0.532596086478559
0.5852745716195743
0.9251514854281978
0.3883938072481495
0.5265665487547458
0.22098478930835702
0.39690892869798855
0.9239958144446878
0.6406976034866684
0.8055797718659199
0.5691306062313115
0.43592938162119427
0.8531801620274134
0.4092241991150858
0.8500422298958923
0.5915623116899131
0.582693868520426
0.9148994381411089
0.37811536990734407
0.6735010933251213
0.6065976354970333
0.21254176943087283
0.2913008078643531
0.575368352747508
0.45516969068837193
0.49800258896319394
0.6550947498334183
0.820333562488458
0.6771398078055353
0.5523354935588483
0.28162170962748634
0.5031777202600377
0.4768111742468687
0.6742467068409608
0.21634915522426273
0.2706227494194251
0.4996609873258312
0.17728675768747532
0.4224430076170542
0.6195381978669763
0.22576665993825581
0.6485136175326308
0.4641494211962601
0.6504481998087432
0.4907951695334769
0.47582898232032683
0.34873382402925523
0.9699086422094355
0.36900513639421895
0.6909276009664836
0.7027573507784504
0.22788954286415186
0.881222162447888
0.6049750981050482
0.42496938187219824
0.5659598832132651
0.9134478971763269
0.4010753421805127
0.3535716870376916
0.8329917049865683
0.6216949989367495
0.444613103906514
0.7715853748210604
0.5428844152170652
0.35345077732622776
0.552772438858295
0.5143242623718367
0.48778046684298826
0.5528476886349254
0.6711617472546827
0.4977551730004377
0.6765755820295921
0.46555269272725086
0.18508318714752164
0.7801397069696487
0.266219486891455
0.701659002433138
0.30936515565240336
0.6765508499351167
0.7040843822187226
0.8606792291571053
0.35320155800117947
0.34208614723877423
0.5122892052099278
0.5768473035785812
0.6175792951810194
0.4063275152746627
0.5146227184185695
0.5002550714448697
0.26253600006002636
0.6730753733209898
0.49453356880865923
0.21902437640326644
0.3337124159528049
0.8686236659549238
0.2522423800037287
0.419565313815234
0.366392265823726
0.8608431924239759
0.6027633852917347
0.5153464264912616
0.013641186676975992
0.2665178580614539
0.34780383227223854
0.35265339260322165
0.8508340880348021
0.5741898687878287
0.6810465654914933
0.5604073759832915
0.6422167386324449
0.6376462733985684
0.8634495592384741
0.47190275479866384
0.5087615438466082
0.2726080025867149
0.5600780981483969
0.3939334731674101
0.7383300812555822
0.4905787443853152
0.3988492169245201
0.27481110497708244
0.6267498807908668
0.5075958269267314
0.48215482693884737
0.8111694096256397
0.4570536936666917
0.8429845022028583
0.40599558559938387
0.6035807944350973
0.296873140008896
0.4156148461951511
0.5097263531726568
0.3607582053938096
0.5346850026368164
0.5958621918364881
0.9035010802399845
0.4295990141265084
0.17140830907342375
0.6127015228035103
0.7275245434385237
0.3048717600359089
0.2763779002142789
0.46468469963994996
0.5196741607098466
0.7123198687692561
0.03161022279171263
0.15201306491975777
0.39705021113555317
0.8586451524722076
0.2551981836148818
0.2986649150358725
0.19935867984715272
0.5048173443263084
0.2554459491698379
0.4710154257945893
0.7248379065032373
0.30338740911577855
0.19241363015266175
0.49018867900210145
0.2974536377595
0.6037066437629626
0.9581309488241339
0.4262925885225496
0.13781926225053626
0.41979088228516315
0.8284213804498417
0.403811780861889
0.7166460087318883
0.7880310287308732
0.33264727660687304
0.3660218497509563
0.5203911371983014
0.5254251247634134
0.6789525563732581
0.5221203617122192
0.19005147597476935
0.32151149123594436
0.529338106934512
0.689225946586074
0.616881767817651
0.49061431318489473
0.44781539665260184
0.5588688741732835
0.17661311756977904
0.20272591318103522
0.5058170534489298
0.7870088597277749
0.4781645065282464
0.47355715764480355
0.5838289626574407
0.21457500101397736
0.3800382912936362
0.9887569069584374
0.1321985392039949
0.1549915775059727
0.5939934632762653
0.4892989104888922
0.8256049164511452
0.3364975634836921
0.5531031318894788
0.5913313459961362
0.7746883072690827
0.7332521701819278
0.7442679835337134
0.19467652785176257
0.07786452274164951
0.6759275819810365
0.9442689806025737
0.6171544970479269
0.6097683347447584
0.31041712984754627
0.565662513256891
0.41826437427637386
0.7826886932231336
0.8531854750932042
0.44798058672216
0.8625346171959708
0.4866080308057131
0.5716341395047706
0.5815859384543274
0.39963234798112457
0.20249198643083027
0.6175375121865064
0.39191513582894794
0.3392552185225877
0.4746323714164268
0.1853199292314088
0.41138211438765965
0.4899144412006672
0.4101333065444171
0.5735768709985277
0.4682226777620922
0.7505181197557931
0.4337894643580308
0.8009814195170872
0.3352740617081874
0.5212279853468025
0.43979111117494674
0.432747897087851
0.6920493013942943
0.08573889186091378
0.5226345915624471
0.48589403315556856
0.47093773589370175
0.14476161936298296
0.3294364290992966
0.19857131611745876
0.4487022441200354
0.8112972685304802
0.2275722969679375
0.8198332958363007
0.5015163811258626
0.26694959888719166
0.4171559284477764
0.8696226758736201
0.3918192920917886
0.34154505301152055
0.3173419505424898
0.7899870634796153
0.5285343689386424
0.9805158085772159
0.4597413228206599
0.16831182722831067
0.4985842006912017
0.7547373975238603
0.5272929176128188
0.4182185013826284
0.5141929832243316
0.5830541316586785
0.59783172590347
0.4548889742688715
0.5322992989708816
0.5325592798883635
0.7262814056803811
0.19287360988559643
0.8844564960530016
0.34530460524154744
0.6686895567161015
0.49660960627948114
0.739452929463044
0.5920814369404794
0.3053528328153481
0.6593946072701443
0.20353996140174346
0.8968286842542319
0.5738747110097926
0.8131156192178194
0.2870286916854911
0.7826756777709708
0.023652413720359422
0.2746321856644823
0.6849997571508905
0.4576488661697576
0.4815142618726112
0.41944765545804646
0.6397581651069718
0.6207025249071061
0.1679082095225995
0.8710796678526896
0.49163859444001545
0.6846223814773151
0.44363722782557813
0.18788673448898607
0.34582416663801563
0.7271062253401129
0.5717384336880571
0.8815274307919909
0.42672621299176605
0.9501050515489088
0.28494219020671546
0.579888395317966
0.574445627191137
0.15990245847814574
0.3121685817195297
0.6724073926946459
0.6751116294497955
0.5032345553796487
0.2152658309795889
0.7166288657057286
0.7685096562793365
0.7991772433155369
0.37655765349935494
0.4053372804957143
0.6331497618288138
0.8308067757007893
0.396699524373448
0.4457373002150695
0.27368064776012513
0.5568100225928949
0.51449947267202
0.7104317863272116
0.5778632758374059
0.3238582680709926
0.5786799153332705
0.4109439744863926
0.5135069097540884
0.3548967311956428
0.6235022725498706
0.8929927797422774
0.3486699604050226
0.1841065728288504
0.29371951453864903
0.9433094530955997
0.5198483417579948
0.6469088822944322
0.985476435645851
0.4552960898392109
0.21755200642145478
0.505398605356784
0.5046404731956373
0.9602471588020445
0.06678155330166877
0.4897362809830935
0.6638665949619672
0.2570434637840921
0.5787769915952825
0.6909442407766386
0.5416751763248713
0.4698963450671989
0.863733406252036
0.13380588285090816
0.2872134120724797
0.46065147832536785
0.6042372636540804
0.6162106137347614
0.25641966026035573
0.9139911910572097
0.13210902253886161
0.023399620664396506
0.49571164068458307
0.8022159798716079
0.47058084120116095
0.08020150163793019
0.581962419484244
0.9012934992825153
0.1430814842917085
0.3428475615508243
0.7947394362816111
0.19361294349985028
0.11798439946277842
0.1375913812158691
0.4509551776160132
0.8939109117803762
0.023903509354961584
0.473717578340777
0.20458764281866465
0.8658312471028168
0.4717945045346676
0.39205545151853843
0.8321174193190062
0.057749601965815925
0.6204635795890068
0.6918377840300668
0.4752248315735469
0.13692847331452426
0.45438667897453744
0.8597915127684752
0.42749794096690175
0.7977827198183606
0.4778745845885399
0.6916756440781857
0.7141704125434145
0.5929817450478211
0.8077183670328084
0.48717212150830524
0.6279811067687103
0.890981121451688
0.6400698028659461
0.7809003731890538
0.07604639476950278
0.5356974216720644
0.5061351336857925
0.43512355660320506
0.6307484497188944
0.2963472842644102
0.30515403592397927
0.6149914780713062
0.8584179554596152
0.5394526304242075
0.7495519198768813
0.46514114092429937
0.4878965288484871
0.6592881677273854
0.8215201582886569
0.7940302298557744
0.41586107748761464
0.6743420725638901
0.7183066245110323
0.4959725379780908
0.5816364496818553
0.3547636050604482
0.5709867323425949
0.5299792516799033
0.3980051187223711
0.40411432603148656
0.8334756638579577
0.3966139090935678
0.31878496316527727
0.8263168955829767
0.3870839586846294
0.347730022693395
0.411280694457901
0.6580499049180166
0.6538825683989047
0.5707697353191851
0.43046120291777407
0.347372064988516
0.5915450574528834
0.10814010385327542
0.4025950514395712
0.1296603926437048
0.5027008681066621
0.8611842430970456
0.06439918942092077
0.3673008126345808
0.4005017022334116
0.6330564166329036
0.5780418294887605
0.1595460080127612
0.4213701102252324
0.7384805138444261
0.5821343289351868
0.44756281882606863
0.6899820383964264
0.039052340263751914
0.0969736630124513
0.6042336233692442
0.5751168184607819
0.420925821481471
0.3565241565854357
0.44359338997787234
0.7684965018547174
0.2735471368911746
0.9846708484876074
0.17692006088234372
0.40030551781354407
0.28274923274545605
0.5412830991185947
0.45382416814451254
0.5771129185078552
0.4543475394277996
0.8511530671147272
0.5839871982369171
0.7446832776374563
0.309873922619608
0.46079747566846196
0.5374127290869526
0.6526709532397877
0.6730544859859491
0.23964494822140642
0.18227988107922855
0.6867109986108144
0.7739183020267572
0.6844870406923735
0.13558999942510447
0.16466173853936483
0.23711391964089856
0.6873370589981482
0.6584507510845372
0.3186547289864205
0.39789196785446956
0.7089007621113739
0.08370535993942482
0.7241300352825617
0.8122092962151293
0.2514193360375995
0.3989778417056066
0.368433963128322
0.36623036089477257
0.506038937489705
0.5929638979451868
0.6537212060574842
0.5210911543808149
0.5574102573497881
0.8115250894560311
0.19701795383474724
0.337672533539921
0.10392147829874948
0.4269057774677012
0.6773932762377173
0.11707934854577934
0.25761746960577053
0.9700292255597007
0.02111771603115164
0.3940486833123942
0.32164807246500626
0.7890043830721091
0.7636026305634023
0.78108484953887
0.06723551494650098
0.2850155824495914
0.22243347017843765
0.6753731174168525
0.947891309205561
0.06604266975474868
0.237001999101497
0.5945131447998431
0.36325564773822616
0.9656166135594862
0.30204489227577935
0.2507934475256772
0.5129262032853589
0.5161564590011225
0.37822664174043497
0.7763828707498358
0.40880233986213416
0.46166638231467777
0.45874417720297966
0.2503192524074878
0.6609621034213133
0.43663152385061976
0.6620072490050661
0.10869173345649816
0.4946126672267199
0.5909209389304388
0.515226091391667
0.9086461282988612
0.2571472470808279
0.5594384608659785
0.5300070332235685
0.3233665430741925
0.7971279973139168
0.1348710891788666
0.32640471710579877
0.8890576598123621
0.21799458598371133
0.03809170999920723
0.11962950894794937
0.7780690724510093
0.6297804670117277
0.5701441769727533
0.7389069105043966
0.034994650709857605
0.39077095897669867
0.49429477949737266
0.35366073499892237
0.79744850909311
0.17631893107487567
0.7434981150161385
0.396665116012612
0.6903319680025943
0.546233893109041
0.4606612122510135
0.6063324031067521
0.9581349356407965
0.08517931531390095
0.4582140955504976
0.6895009376016126
0.4072544410182922
0.6123350993520776
0.33705229089460853
0.7651389696828388
0.2772907618922675
0.8176360663732365
0.07697865731593319
0.36870686620667936
0.7475824488140828
0.3737908153248529
0.6306181402277957
0.7905144963741064
0.5560965468384497
0.2833858954034397
0.7355274793548015
0.1621404122724996
0.20862905838200935
0.5896121766832395
0.6538216793779359
0.3739788703741476
0.5936586638466825
0.45791026203680035
0.32693210179869303
0.5880357085706635
0.8329412585703193
0.40235349051331215
0.410185710932149
0.9170948378963715
0.1105292828493593
0.6961609918510718
0.5613068332584735
0.25336982178274114
0.1724263346299067
0.5523197547482679
0.804461760720784
0.11025509615312747
0.586657785806525
0.9045153791193363
0.628770336679541
0.572490330451507
0.2526101209424933
0.7841837179943789
0.43539066916849856
0.5003961179631403
0.3935669836574289
0.9709509155580497
0.4429905965742876
0.39117924899822587
0.7086599574058798
0.2673310436244141
0.6394241083124224
0.5004545365888563
0.763832026796374
0.22290824601062947
0.6724184898588388
0.483417705911224
0.5963450368372509
0.5681734299567036
0.891233037283923
0.31596882503493084
0.0530329106586448
0.17562837739567294
0.6896440660118417
0.6078011046911248
0.17768725935217386
0.13143636888516874
0.5734426090383372
0.4448666747360773
0.41940228805646457
0.6870823853165381
0.5591416639053651
0.27137710751929234
0.4750132359080867
0.5618507165266926
0.6627051866535638
0.6602546214407558
0.2873356083091408
0.23914244960567305
0.32085206628552987
0.719605213390653
0.5304750279423036
0.2851124941993571
0.5660487938147126
0.6116841437037988
0.1779259728722632
0.5481509330547254
0.8627571703420186
0.37311670056343116
0.46174746351015417
0.6753651788213029
0.6690334327536749
0.1818617303823353
0.8629192023867216
0.43547229320485203
0.5445581503082237
0.2738566243556768
0.28713902859989493
0.7998563301389331
0.17898304206779436
0.26358175085022517
0.9417188746415037
0.408983383272376
0.06824410226245259
0.24085381700137978
0.6192774714233754
0.2773980557258507
0.5829431803164524
0.6212469823616129
0.40517645752255854
0.47959965436040375
0.8131048343334363
0.5661899991837657
0.22784889603173486
0.5594694273647305
0.8836007375422019
0.5071750554674788
0.8911742766221021
0.4356815133862627
0.2892504893904256
0.2095785166891587
0.5180768336297412
0.5993753645683955
0.5006100810652312
0.1528298545971392
0.2231417731310541
0.9609198987833083
0.07560296215642855
0.6667467937272074
0.8344485114313804
0.3282694995156265
0.1993141620208265
0.5113150084511766
0.25938853273101564
0.6572551263731448
0.1903548456604175
0.19378199919174116
0.8545177281672978
0.5529151851499845
0.3386298819073049
0.7028218536159065
0.19454959914543624
0.14070066625182773
0.4439914465652506
0.495405544759299
0.9588317297330001
0.2717785153171295
0.5072987119236055
0.8064102477989373
0.8425932163803556
0.7400020333664661
0.7845903357478309
0.7146848846321003
0.121351578359701
0.5639080780254044
0.413929529579534
0.8641699018711726
0.7639806392283492
0.7371583075963091
0.3404323799206368
0.6904496598701534
0.25448294789913845
0.3935247702255149
0.6461793652559187
0.7279243521891635
0.16403699329153712
0.4969573930531026
0.41731937926465246
0.40343228588101687
0.6130885656074342
0.3763002448401013
0.12929780390791656
0.25463637566784003
0.6649940598357899
0.4995766180596898
0.46891269164014454
0.6261211926159451
0.4267841817833573
0.6285866435528307
0.74502603040594
0.800090088255424
0.4458657097855461
0.6665095684196926
0.6095756045326208
0.4551679872493868
0.4423489954835419
0.7595923470568857
0.854836837936944
0.40089470692337104
0.41800980843774105
0.45234033299828436
0.5398849658140114
0.61408505592323
0.4789415409452624
0.5973337132774169
0.7013668742034596
0.5744572626313249
0.9420634390972851
0.4871203975939327
0.22430320270806048
0.5922339837910915
0.7494513778077927
0.08728872564491696
0.2733262651705718
0.6937744578114498
0.802569559601582
0.13164177744764724
0.3515434871927028
0.49354518811641923
0.33370372934998854
0.5876629600815428
0.23672388342642475
0.6004849913573442
0.5733735749013832
0.28094757821875155
0.5377518315474943
0.3232978350515401
0.621562067316089
0.6208525624082863
0.6751237002454045
0.8716979729890015
0.28470110979299856
0.45297522146598673
0.40320460827929655
0.542888992914204
0.2847536156220307
0.467208372379366
0.42304218410844613
0.7642907947470968
0.7030892437363971
0.061894589212581966
0.5613805406946669
0.5261770495326542
0.4884979773548696
0.6656665187716273
0.46543024971501246
0.11343170446673036
0.19831437802024676
0.6184429705185646
0.9342496677462021
0.20454362265359197
0.5888240154928921
0.38337600328720756
0.9512093061538935
0.4158484268348165
0.3665467965040278
0.8888862624367105
0.6943039359180803
0.4791202202524433
0.23976034621256861
0.5170120006831495
0.53035609206493
0.23398269864775034
0.29242937376991
0.5306866808214763
0.695917973230531
0.610552373779516
0.4193552532512132
0.5223589151299345
0.30804598909766256
0.7449118999766278
0.22918165722930506
0.6143878572294432
0.015222625643175875
0.1213579719876246
0.3774887236043205
0.8911022665777222
0.12975070815020673
0.6209847344676644
0.4536219567501032
0.15939094599691536
0.4570060852433264
0.8693341725608148
0.193618919986846
0.3868697641605986
0.24094750841351562
0.4466456252539864
0.6773199332449755
0.5890541380652637
0.44674167100643897
0.12580654571773456
0.6039480305797635
0.6313054720793914
0.6833758083935251
0.06434365950065392
0.33388010223731346
0.452902739594637
0.891601462176369
0.7082873434196233
0.7283957442174547
0.47956957834558106
0.4606647075884495
0.21832250026605945
0.530037870263035
0.35739696159744033
0.5399313845153567
0.25072837116179064
0.2489182768282338
0.701826120173451
0.8248869746770617
0.21025162111803375
0.4053063858338172
0.6253833631867798
0.04647313206790005
0.5695861623376332
0.20598827024541017
0.8654333779676266
0.849538417826535
0.4452114374426177
0.801368832272942
0.7236042336831412
0.43668460713685125
0.7297637818671784
0.45358659655344347
0.021813685312797905
0.28128508044628947
0.14651673669730883
0.6464640956487859
0.4746456079720461
0.17373136833008743
0.2730367785117026
0.5805193938554833
0.35333175225163954
0.8607486797101487
0.35859181827588654
0.8514914658028334
0.3873300857565577
0.5769579643800339
0.2677747239790691
0.78672738539052
0.18190160148951245
0.4801163455526142
0.35283205770990017
0.2680821323783717
0.8542929832027794
0.27885614127517855
0.22089173370592957
0.5852797484759296
0.688554312343078
0.4568119296013922
0.6652344251776997
0.12405465505098495
0.6942551600375048
