0.6638296524166779
0.6948522031128282
0.03412078290984046
0.42744752714460443
0.6090042967095751
0.6061940000706554
0.41588918305355727
0.25977995264433823
0.4952581274880872
0.5793997056059565
0.31638071900717546
0.5826729168978461
0.8731946778164704
0.5550585151506641
0.7595666880021485
0.4503601606377616
0.7095978221287358
0.7610380966695884
0.5316584736938459
0.8178222406440709
0.4432273282948386
0.45336302371076886
0.43617250419755577
0.6831835408531249
0.8310603732656093
0.23658375929247072
0.06473271628260678
0.18017453166119723
0.5905905601566104
0.6161956683232565
0.5399168142656146
0.5322185070372548
0.5502345082793386
0.14570559128626606
0.26604837520697844
0.5474482594104852
0.2368209846668828
0.4679004389375564
0.7415661488955321
0.6165791987553659
0.8142545782793016
0.5119382870291074
0.515214469452884
0.9585914765199756
0.20064381562649986
0.29239117668959985
0.30381489473283846
0.6323997339324365
0.6859916957800306
0.7554969530835247
0.8037888492243521
0.16762384626978435
0.4760313310597899
0.791638329197012
0.22493543418353884
0.28813724842618305
0.4123391766208509
0.712856755118265
0.729197553703125
0.37951094748626446
0.6461202659370762
0.5408612247309617
0.7528177858213667
0.18767006487766819
0.4738067845143621
0.9570188713893244
0.039144088810149066
0.32570118377440127
0.3103222179755842
0.8646394681822582
0.18270128215720163
0.4278752136519405
0.25853490523641176
0.6274077245088895
0.62487936471464
0.16178125504528923
0.3145958629050407
0.4964184990999049
0.6970393275204042
0.19511851698441582
0.5217991801550118
0.8931801695091482
0.12204589880629751
0.4591620909169797
0.4375545028475006
0.621878608886615
0.642165724294019
0.4481484756819847
0.3117518445519046
0.5666509035759442
0.7736934652895563
0.8690576499987139
0.23561859301790203
0.41903181310103166
0.9422476236137511
0.18083088453550655
0.7454790030599052
0.8118009962025676
0.5022858105969711
0.38799262971941273
0.5679456736921745
0.26458169231221795
0.13413100531301386
0.2970644284389874
0.6491349157145593
0.3055153788294716
0.9057948598804204
0.4365522556378077
0.3142415350862713
0.43139818765320687
0.9043497621205291
0.15965655480995913
0.6285373030547867
0.6125451750618529
0.7094851176467261
0.5330131080314199
0.539559691776718
0.5572021903839491
0.36671670797101696
0.21844727501937508
0.36754809531352717
0.33366221915093636
0.9786851600559368
0.19589228018083296
0.5226320244668523
0.8479768531230567
0.5229067817809788
0.5980667767160973
0.3409299450983176
0.24313448160356058
0.42296405494146555
0.4581667329796669
0.5865221397021307
0.7618426386003991
0.49073135960200276
0.7589249380751926
0.39166909198483857
0.7679181437418943
0.745123101400061
0.7135168795006477
0.6780412818991115
0.18544559794655088
0.21412193293155524
0.1859978873327498
0.5800993492094624
0.8071778803021767
0.2772481460118328
0.2630500896082195
0.5916477105267461
0.5967114385793992
0.8971985549945163
0.30958326376384104
0.9433405689804064
0.5132198381088481
0.7906217109602792
0.6525506883868697
0.4392473707204093
0.662557206068628
0.03692585347941688
0.4183616825460553
0.3134313273036736
0.5268760037421973
0.602947869476744
0.5316716168245875
0.5449233635539046
0.15440801980716434
0.5620015876893357
0.516962483521269
0.5214638028800505
0.7242541188578814
0.6610792183672267
0.5420254973125378
0.7267077314988701
0.30202730785625376
0.5215784099756288
0.552505279986441
0.5507690164358126
0.6314093206708195
0.07975095672045884
0.3777810980842178
0.39362620738079945
0.6044472138892163
0.3293999708999429
0.6633153437643395
0.058197409885203735
0.43633534557802545
0.41006043191013464
0.3457389371523371
0.5306615818354197
0.15337782241363057
0.5192479003915487
0.9000805977053357
0.028748874688390658
0.40032312485290084
0.44214085016461097
0.4491900035913437
0.9135596408926849
0.36608322783574143
0.4941075031817259
0.40887784287499934
0.8377788022245212
0.6682066033924927
0.8813506080577855
0.4319891953226829
0.46932677518642024
0.5928117590689744
0.0161235919395243
0.26678832114036394
0.20435601072955062
0.5103490015080268
0.7666966059771138
0.2359406449086554
0.3388778060364861
0.6176938962716692
0.6015656378737189
0.4680469306067742
0.5219209273456122
0.5026879148384681
0.6718331361922699
0.3838710803412936
0.41798380718573525
0.40554813079508795
0.813185468525209
0.33209598770563453
0.9226161347091313
0.5128100614006058
0.5811761722217019
0.5863833791233566
0.29997168610319536
0.5727170172581382
0.5434555611234656
0.6118950034246458
0.8484226898484022
0.2699113438251027
0.11294432594250389
0.2920810866378162
0.45839469300872226
0.684475460969741
0.7279470885412984
0.4654970761490657
0.8838484690478506
0.5166320487345339
0.8137471098392124
0.4155132465966097
0.286838904971651
0.7958107082221932
0.04059247862044265
0.4272388662625902
0.15858626549740143
0.4189853517766481
0.8597666516941067
0.3243253711843549
0.28575981140419104
0.4335129092333275
0.5400579183528396
0.1584171552777161
0.47467415628332854
0.8156506552302473
0.41755842303884594
0.3349421187514456
0.8947178922603864
0.14045920770796982
0.6474559801939926
0.7120219148522505
0.09110239668776365
0.28002582681221566
0.5001648008629372
0.46248967692568327
0.7190809000925806
0.512634202575193
0.8265659969698563
0.253166046784139
0.10246188116866793
0.4018854024485352
0.5969950210046936
0.3871344330240795
0.3576362453612131
0.4700810284232495
0.6790168299175598
0.6326486474569849
0.7178995511646016
0.5238541047856754
0.7392131056013512
0.5456438748183667
0.5901537431072857
0.7409586990743561
0.42651586357175364
0.5647373465489376
0.5769477743265348
0.4410191239533293
0.991692699497078
0.4143807981310944
0.5159274110065916
0.552506182674924
0.775828917923825
0.521456289504028
0.5799432102488341
0.9499446161875023
0.07611310829378899
0.14196153861588068
0.6367628041576376
0.6484421803791344
0.3845910228517154
0.09920827697406434
0.5545951142741773
0.7619815187956243
0.09728497108103461
0.23583862081461943
0.614330081070209
0.6504557536178794
0.13601729911021276
0.32651249705990615
0.7250772774740324
0.6424949833045184
0.7649864403417326
0.4599852034897841
0.3964442160907296
0.7176411530008915
0.10707436427393581
0.39431475842749003
0.6821309852206769
0.3323088902777124
0.04632802714695797
0.12506777622952417
0.7111358701916264
0.7588828557448939
0.36000331136972735
0.7613242585221028
0.44354155905938875
0.40773551203056413
0.6888988203971935
0.6313006689103233
0.22356829746673176
0.2563009340880075
0.36139826940759223
0.7098487632040528
0.5976435778288336
0.42542197379715085
0.2857046699353913
0.3845289449325323
0.717241863730567
0.5536854733286724
0.5138683650958509
0.9624629300891727
0.2593317877107323
0.4558233806374946
0.6408977386800766
0.6474968771174332
0.605437419344533
0.27141455913187157
0.4988367862328803
0.5592253132878219
0.5143373263671311
0.3736489757704777
0.7856464905757015
0.4265586457893714
0.32902386244472154
0.5903708610216664
0.3196101424726871
0.33629404779550737
0.4628282797531375
0.5810068683309758
0.3223637387877464
0.47302681843817507
0.6271498689040784
0.42940265618376866
0.44085722191385024
0.5277225879983225
0.560629626801626
0.4787085072268902
0.8865612683842488
0.3925976673021455
0.5901685630625643
0.05072096168778181
0.28939739790025715
0.33299779022427456
0.7684740740011131
0.21820060796329344
0.3681491997619014
0.316394126280565
0.6297652246000585
0.39280873907155966
0.13339255180146659
0.33928492310101255
0.6984256366617283
0.7120959628385092
0.054104555372398916
0.28785715446025845
0.8424567310803723
0.8485395373201292
0.548399673744332
0.8927696121981996
0.5793633966232645
0.9181779512711596
0.16417871288143876
0.560165890500328
0.49142880162973007
0.700175252809577
0.5661189022087965
0.7204816257176487
0.911882265921641
0.2640815139519655
0.9129688832172729
0.3619619310348478
0.5632312543293809
0.7554936763720554
0.5428058582447233
0.6240020459218346
0.2852139569608672
0.5922134194693157
0.6653134046807923
0.2852885688976916
0.7722883258878421
0.2932929905062531
0.5757230409429923
0.6995755747860212
0.4680190755925996
0.6014053769371677
0.6691320446270863
0.5466887518096278
0.6597829544700711
0.5201295045491008
0.8191493323956959
0.6935241356416213
0.40717234330860186
0.596196711893167
0.6618805544169197
0.5541334020959989
0.3550782064023415
0.2557834474780635
0.6086316335264563
0.16701119116552324
0.6576267611669104
0.8028267481436663
0.3400685770760863
0.7671227613702873
0.38433032963355995
0.6038207521235922
0.5821389797153737
0.7008074296670294
0.4534947644347332
0.13617241440620412
0.3967573560953578
0.8312062202331123
0.7499472390409312
0.6774672954310466
0.23936601751155367
0.31702966287749423
0.6402686963208463
0.23898439830254073
0.4021362923838627
0.14431734495337778
0.7854169678522787
0.8444924146907721
0.5200959413948439
0.7424978947735841
0.21639740362678742
0.90204614711955
0.4588874657244726
0.7088888820513887
0.746346096841922
0.6832296537604162
0.2756476046024776
0.6223184078007824
0.18316058685254236
0.5796125610268487
0.404354688009725
0.7804232275076273
0.18526406213054886
0.5744522100975923
0.5306074859479275
0.6247734610113113
0.12179981920376866
0.4690439639754541
0.9684982571501572
0.3494410094180604
0.3718524050445079
0.6381620474757539
0.21642887095825822
0.407108158145203
0.41928034976228334
0.719412179270039
0.09715052022834089
0.576934297262437
0.9329725939704214
0.4740424011560278
0.6162363207363324
0.5528764607697598
0.31939001406165407
0.6044311300133465
0.13060913766364138
0.5963990113098565
0.5218080769699798
0.5737914720868234
0.6193982880255696
0.44019401818521403
0.44546063531557506
0.7733329538059255
0.4019009807211655
0.721155943208722
0.257736317763311
0.8277649951267788
0.6645488563349982
0.7385430093775223
0.4751252401346912
0.3878215885553929
0.7272160182767493
0.8624889381684124
0.2699802608351702
0.9667611785540622
0.4367793609749053
0.4887055089474291
0.46705253207080233
0.9521910790646325
0.3937108851771688
0.5264826599286071
0.8621093828484677
0.2953045142109558
0.24087605486938807
0.6337115075648174
0.5162866437154295
0.5716000772415034
0.17401474328628214
0.24393000768009068
0.5807896265497147
0.39909846302416646
0.6181916028860762
0.35684986746574476
0.8994499941332732
0.4289953266715975
0.5241289445710247
0.5565070074043577
0.4212796768330521
0.6117478087051251
0.057883758936127565
0.3349897330423727
0.6180374273399243
0.6028966469228982
0.6306554891750628
0.5904898497988564
0.8843973490448704
0.33652224551303367
0.4733959957059408
0.7219017061383309
0.9088444718848097
0.4604667473347877
0.7350261018553687
0.7025423003027693
0.6644232438717423
0.964895518233221
0.41641814670553173
0.21834628456155822
0.3106402821544263
0.746808017892773
0.6296835301446709
0.7035272971429707
0.6178961169509889
0.5800164246518144
0.9250853128347626
0.45342866258553016
0.524773866190468
0.46309097988297715
0.5865460307480969
0.12045731368573598
0.30915112524927624
0.5389287427171681
0.600419383055519
0.7960588200123973
0.5904776445807934
0.4719451146443009
0.6592163018889037
0.6588977935342191
0.6220717492248856
0.299900132881294
0.4557185155642804
0.10573578703825516
0.39449552487244766
0.652085934023688
0.20412219372642598
0.4124333822272327
0.685446623118895
0.4274313676456521
0.6100389657415626
0.8629874035068033
0.5615909993151733
0.8010618469837388
0.45149793028352014
0.5502699173286874
0.4218982785358679
0.7724797653959568
0.6808456278469113
0.9518068422152142
0.3146939817339012
0.5389608512568423
0.6624185534366479
0.2709903495231329
0.4374271668467899
0.5836814313400176
0.391499377120052
0.31242611340769827
0.13970399788042578
0.5867500410556276
0.7954105720362268
0.6069303635394914
0.6407878841751173
0.4061911246235697
0.24712107584259468
0.8263085607536571
0.2740774366978753
0.42234880384799023
0.9568851145522475
0.47223893567996
0.35133848868989914
0.7490941047307592
0.316477640093147
0.10121232991608092
0.43531088669740525
0.6802615781993335
0.2940198934209406
0.12873683731935368
0.2576954981327425
0.5332022160880033
0.37040895420888115
0.405859270846171
0.6376046224278514
0.18555475577454406
0.8395067101433424
0.5076228358142759
0.7471972631683073
0.7079734417436852
0.8988483039176116
0.701287505592666
0.5970963382590898
0.2920221362198173
0.16634318453173297
0.6544726232025847
0.476089682236412
0.3387389229403733
0.9798477145868991
0.33602207922074584
0.135666017668537
0.6318360340463007
0.8006226240417103
0.18998806228107493
0.13308452011139138
0.6182477290129098
0.5490775045486782
0.3864933747919969
0.4518358560189859
0.5431290856069328
0.5197807824961017
0.8670227270435673
0.38179202217263064
0.5883063926213642
0.41351771813257066
0.34556234173598166
0.5258653417429155
0.792131675139134
0.4880203794295127
0.5512701343414464
0.5931371378915404
0.4622320268803654
0.5476310517917786
0.42015489685404683
0.09866907832665182
0.4794711202811265
0.7649921803317398
0.45764490707829336
0.571377407547973
0.8731599330573798
0.30308136304948774
0.8006291274830144
0.47494132849788684
0.7380798201807198
0.35163572271178795
0.48080653955707514
0.5041237466787724
0.5810053387313718
0.3366266120046516
0.4034682335400842
0.7134112051402861
0.2611575093330489
0.18292457720354235
0.3622189578119013
0.6655006193933315
0.3729654885654929
0.5487517087634652
0.3722650554774939
0.463502757600578
0.6424684848288607
0.33225547180200377
0.5636901907330815
0.29500010644831326
0.5817996361758595
0.38821706472589657
0.10639984925933818
0.5913150628493017
0.646320437866925
0.2512694091506363
0.5182188985726939
0.8840884285311625
0.24990184352701722
0.9369689373329364
0.22177679454543736
0.344024439797722
0.7092945735228273
0.7445937316285072
0.5979386917958609
0.8979324995425069
0.17997746423065047
0.6125014480270514
0.7137577085007428
0.5506113755793393
0.643933928485259
0.26398230540404694
0.44561800672009816
0.6999887045919705
0.587094667960026
0.6084054435060071
0.5916123422176343
0.7297160813582131
0.6598211668821954
0.6819963535211944
0.4238267172883864
0.3011228024840304
0.8610033366665601
0.1401793328930527
0.4134693402921749
0.3875286858072544
0.8371372276153843
0.774413076771238
0.5320335065008158
0.7827057422511441
0.7313033105606219
0.49028870731258206
0.8152043075878523
0.4989479778626485
0.6615607179773235
0.2051993890850228
0.3100829040329447
0.5927973086849148
0.4586061901017815
0.6718450688259207
0.4655376186527824
0.37387964907100535
0.9189305509518528
0.46108953863337115
0.6254408846156663
0.6863393603667384
0.3499699194509517
0.6979903916054897
0.8568897163851964
0.26705155005811737
0.30939841205007895
0.290771450429884
0.9282857694707751
0.3303729944319344
0.7684439715466361
0.4286479313776429
0.7993916295889391
0.5403855256216372
0.5260456315049366
0.7463250739053947
0.25803141648565836
0.972798604817934
0.21800296814743447
0.41863485035622716
0.6424441300112771
0.7413979429788777
0.4901896766611216
0.5545013629042044
0.7174316353085077
0.506688902526897
0.7147932001973026
0.09461908836377732
0.38663497117384504
0.551834503851511
0.2632101378361217
0.36439078535798197
0.13628861469443287
0.47940622311400705
0.8031805837104944
0.456280095881784
0.8950211228304708
0.053303854705327135
0.3193993636097785
0.46980486730756
0.5408757916859701
0.30748312472710676
0.7760619483193759
0.4554409645033558
0.12468334608902097
0.3852800855923826
0.7057827582873644
0.6498901247733514
0.9757921866035
0.037943555571050606
0.34314563118409575
0.18507055190137012
0.7605382923013246
0.7571288653220826
0.7375922880372647
0.7568888567241027
0.6097217030262335
0.31351891752663075
0.7446165032321337
0.586132301055081
0.2350025459931162
0.49225020485584936
0.5114332205025991
0.6301205848324365
0.5505835069596928
0.37585942418851254
0.369017123734864
0.4845035127889746
0.6938752336929589
0.3410449099041903
0.5226786414177537
0.8809143378875696
0.4238329994190744
0.5508119292708895
0.6001733318786878
0.3429477541463498
0.06067247189708751
0.5917222650326912
0.7561536059980114
0.32547806545451113
0.5489628867580055
0.38819576011416995
0.4821147063794371
0.7659151839203555
0.4583128601317298
0.4929575001454775
0.6731227796905883
0.8486283769547938
0.11640274897054326
0.5526649956023456
0.7056491973662643
0.4151114998625595
0.8481187856640316
0.3309725108337405
0.11903777069268359
0.7765594681553021
0.8029215275122941
0.31828120929149695
0.720344610300668
0.6949898703374361
0.10876420340124744
0.49001217134172453
0.6670073935743444
0.16645017234291476
0.7111898977224351
0.7932223735618614
0.2312821662575699
0.6250868037114272
0.621011075670009
0.9715493148767343
0.2076342069532586
0.4019962341979597
0.4224653361362364
0.6852104804714049
0.4421049668816349
0.7992351630971058
0.497174411892341
0.6065525634805945
0.2952391933870695
0.9568530464583658
0.2557239870236477
0.436507789256219
0.3818882774654334
0.7965698906108605
0.5911249075383522
0.5399176146396646
0.9489543429294816
0.33710167047765033
0.6383518093532181
0.6204623659530886
0.4037424530787658
0.5045102694103296
0.44760944876343717
0.5840921189685592
0.6392304851307752
0.4611553262156112
0.6694106981893528
0.2495806751342743
0.513345122965907
0.6051517248684243
0.5677846787112183
0.810587463347839
0.1046489557785592
0.2515702859900417
0.8608194626434404
0.3679588846101004
0.6296683022867318
0.4350237004490871
0.47106006793649924
0.7856330261854929
0.3451392752870122
0.08754281825617906
0.31822516306576454
0.7322857654918035
0.5738961269527252
0.7068058384509199
0.6952868761224777
0.6142349572311003
0.7053391138742916
0.2946112906562707
0.4749585054140476
0.6383099537074903
0.2530158332143145
0.9669772771166807
0.33124896842634644
0.7076522692375921
0.8406613722969734
0.09981899193467278
0.43408085433618426
0.4972495173893257
0.8387078885301277
0.41537059414627886
0.4748456102478925
0.38829382061075807
0.8790609658406837
0.2480130366749265
0.21056363847687976
0.5972065912544472
0.4991732529210271
0.7469963972501827
0.7006599848962135
0.5085253612105493
0.5872357874762805
0.4329834351270865
0.474251940984032
0.6644989103744635
0.8722051245225719
0.36776959482727445
0.7995794783910279
0.3253865057621741
0.8151366376975107
0.8164825387515128
0.4740520055439504
0.5009697832932388
0.7166605486796082
0.07142743819225655
0.3261491850893597
0.2583596233270107
0.3587446267745352
0.5983271668759823
0.41285761720097713
0.48384636337649983
0.3601014268004839
0.6295486322035873
0.22679399074811524
0.8775889674406117
0.5467555486463537
0.9599965061743145
0.16336187386189133
0.7107298275036156
0.505741972907152
0.3395549741155288
0.9736758113793746
0.34872630165646684
0.3906707199831523
0.46093624372459574
0.668407362720691
0.5924814132723439
0.4851259948794112
0.8499238158742937
0.4457231422141894
0.658873724456567
0.6605147044978759
0.5449376925561156
0.7573268636899191
0.24130106586709704
0.48621361320412215
0.56103837535806
0.43921544404409923
0.5111051509084839
0.5189872967770083
0.6679591933819062
0.473496723285962
0.3425737860674509
0.6337600745113389
0.7643261493459808
0.5446919286958558
0.8973138451501087
0.6024692912529871
0.8167269574947486
0.2567828618315583
0.3235054926443235
0.6820503668080969
0.20160833292805697
0.20240022593873536
0.2821571997263847
0.7948892226869033
0.4180605983024084
0.6412918465005095
0.016694588759117376
0.4096181617235971
0.29483743981009647
0.6196774844808839
0.8968602540776889
0.42923624162764434
0.7001211039027322
0.7619379406854508
0.4828878506033929
0.9329181104730588
0.599360677018427
0.543645160860745
0.5498788239998061
0.9526020644795182
0.3433895601978648
0.3949795677467366
0.678755022012431
0.6435530337577174
0.6685372761942369
0.44770012542504556
0.24512837241522858
0.7870950934857561
0.8309140232392714
0.3256565310151071
0.5384210764530006
0.8110780068616084
0.3161381537541475
0.583965445469165
0.5175897328657814
0.7045007656998221
0.6994319153103196
0.528096051198871
0.6976911490384841
0.4977373114383886
0.5802506324893846
0.9020370471129212
0.2632212374009829
0.5711128491589764
0.5038602781535503
0.9568528146659927
0.06772723765907444
0.24995817200443257
0.5126074839801156
0.8129049174542601
0.5162166345313619
0.5880546260489113
0.5401398707250049
0.5949696571090567
0.2705558447740513
0.9269210979259987
0.33726279152256855
0.7590302923220332
0.46464431051357263
0.2477471275709508
0.8333705966352845
0.5454856904818015
0.5105104289796483
0.8064643162181747
0.71586830798387
0.9305465482955392
0.39785934643743914
0.6348123345828189
0.5539139510125209
0.8109324849632011
0.6021414010100411
0.39156350438073073
0.9444907284178939
0.350983819648768
0.06358439849768704
0.41824255254838505
0.5054935977696688
0.8502469503663171
0.36348610981594703
0.9359318381567596
0.1082055736058167
0.2690664243273001
0.9218513599381486
0.3976078166399841
0.5841679930045094
0.32568966877292227
0.910129041460433
0.3560217196855844
0.1833586041256151
0.7178092873056017
0.72047460835599
0.2847439449523554
0.6329355040788969
0.09299608134849585
0.4366903132153117
0.6084522468420788
0.8156457765398735
0.48672743070687224
0.4717800243930597
0.571450903516731
0.7968799275471928
0.663867578295348
0.8260235507016523
0.32380541101009613
0.7954066549271386
0.05595983629616726
0.32374816488139324
0.5475721249289006
0.4124375841355504
0.677592741793428
0.5712209352505819
0.7823709132922002
0.22978957072957834
0.44786339600264913
0.9296822306323759
0.5814871988526092
0.8207466353820427
0.7170729124978905
0.8245637707592572
0.4703824004879888
0.9529420256393315
0.16594136424890726
0.6376502173550678
0.7622392647821084
0.33460181723413485
0.09287285211814306
0.4627327776552923
0.8107299048380829
0.7604045594306852
0.7984649710497628
0.3383064054066511
0.7708609141277096
0.25130074391133495
0.4330120242831196
0.5080469238486269
0.3224952905510088
0.5375357500289373
0.16610797531939656
0.5069787227613285
0.6551978787392891
0.22499491138492173
0.5382205694202238
0.49726220008513267
0.4943174406056222
0.5753265141681954
0.31784064593865685
0.7637885282527593
0.5720244195972326
0.7944360746458552
0.15404668378228029
0.5447635048764776
0.8564054377329884
0.6114168066002807
0.9121251800969568
0.028798237324724828
0.2277335833207899
0.6493176700274114
0.6623094477564186
0.17209345482020727
0.4303265384263334
0.5976041433293497
0.25306367927963797
0.6480221227135248
0.27709514737664576
0.5657871527330544
0.3940631557722335
0.5734963244199422
0.7715410103899987
0.5731316878323726
0.5220852241224687
0.49807081753818605
0.4976892690967841
0.9063393365597743
0.06256306394979108
0.2682450257649051
0.24122112129176135
0.7640514884640093
0.32726537856963234
0.5761144159359379
0.9333116185955421
0.3050522094495391
0.6574585148908481
0.9933240936511392
0.27039445411468715
0.19382024272218842
0.4209078432334177
0.8535246529661675
0.6709422100909774
0.7517042312082105
0.4724879060261198
0.9400098937099424
0.5480951565028854
0.6352088404589902
0.5445048995814015
0.8766450688481398
0.4993806631903797
0.39192057060921115
0.9222025011457236
0.3774734628638522
0.39063670568995434
0.8953215152041251
0.12572168487396165
0.3132573552506299
0.7352433020076421
0.417191479283027
0.9140024130167008
0.10918611178439779
0.394417823983184
0.6746952617234983
0.5567060011240742
0.36587572430724236
0.30037370188210377
0.7872399142754771
0.423720764140856
0.8110016131645713
0.7191057106070942
0.7414090902124495
0.3703707744929916
0.6794554498576406
0.6672331802259053
0.3120869715008679
0.9004740128624797
0.42630168588539413
0.3122705523253977
0.88521243826853
0.03877037183908919
0.03274608825445344
0.48708204902378527
0.5914778860613128
0.8672698409362931
0.4427286496932158
0.7825489061547998
0.32266795731334086
0.5338007131963617
0.8902944631765819
0.21447556444263915
0.10663090670658174
0.2557588924911497
0.7267177944470675
0.4980502131508114
0.44723831733041364
0.7658669077676947
0.2505402111542982
0.6959409524640612
0.6849183741822411
0.661251648222973
0.4441481658985971
0.08965902858900113
0.3627485668763057
0.37128846102799373
0.9269263064192002
0.12385613253709277
0.4962874590020524
0.42347361373589265
0.6596710875624381
0.343070357762142
0.2667872299123349
0.7227301083352
0.17352783166440566
0.46892721527815784
0.7239342778829843
0.5841836792036124
0.9575119855798616
0.11817457267654546
0.4185977272161448
0.6857325741806084
0.2581802229032277
0.12109109084555797
0.6687631617827757
0.8921697832726113
0.4163812571317143
0.5973220838696814
0.7250065468640621
0.32451886327428525
0.8265648419468524
0.6064356343806696
0.8816928948273923
0.08328526411398254
0.3356789249052483
0.7401676222376271
0.7120642572961999
0.6789197129150407
0.05675756481027351
0.06829598254888376
0.2033073020758564
0.42416279871208307
0.7024756809472397
0.3165175944746398
0.0331631519873571
0.5065982545971488
0.7383474409665788
0.5686183196361052
0.35058658034671225
0.567698437174956
0.5203963763486603
0.7888340724163657
0.7841834736047171
0.5155402862017844
0.5411877423287373
0.31777656050567654
0.478344491627396
0.9413104022866159
0.34745857217962084
0.6546132721449404
0.5557834642172957
0.648693099791869
0.593263598953754
0.3919105227415035
0.3129925960198387
0.5561111954004465
0.5555439997409246
0.613996398372273
0.272336888087923
0.7386536318792963
0.3466363733802323
0.35158539550531076
0.951445190989622
0.4178720391352552
0.4595766161532277
0.44668534981854247
0.5805803702434094
0.1990361063662908
0.5048572891944987
0.6956914353354343
0.8405583632656509
0.37658426345847995
0.12051216514954192
0.6656614731189849
0.887777199715823
0.31816316876731526
0.4357214942857969
0.33120753683761217
0.6768867557250438
0.5464834466462174
0.677085151124889
0.6904453597794101
0.5521224503296979
0.9870072052098944
0.20670239916002586
0.19225995987017097
0.8210360343248553
0.6477688678970867
0.6982628174642711
0.9096500919545307
0.37682155191714617
0.8928882782748533
0.31643937751913187
0.2814092084316761
0.5906673032781022
0.659558757451771
0.29472425196939955
0.7311930804731468
0.21755861408435884
0.5949442647865408
0.4343620367471301
0.5434096795035698
0.4300501320867591
0.580489920390258
0.8319789135591076
0.7108964754742761
0.7693109116341594
0.39231413516581876
0.45662933051480636
0.4618805525366182
0.4073237512460505
0.7422216056983091
0.01687476206550528
0.3822912182832865
0.1437793767203655
0.5141483238148662
0.5648182899429528
0.4922276838336172
0.2807030496330532
0.8203484788977979
0.3623551310753088
0.2800307414101687
0.47941790055459527
0.4382699448757036
0.9280955881720623
0.1886031355368249
0.460599789606521
0.7347296648224898
0.7049200447969797
0.4997377372177546
0.6192318224505334
0.40683222422163084
0.3231020578163835
0.7930439963277562
0.296150647546652
0.7793838563618591
0.424315867643903
0.38668005448988696
0.7537973591494431
0.4370994419308257
0.28960854172634853
0.5972603683581947
0.5951173776700953
0.349561940613791
0.8589027368893478
0.3721400127747396
0.5581626401658852
0.7626067566824836
0.34751364732109397
0.5617125839238889
0.342467418896466
0.3699501527788204
0.6040978604079201
0.20200543209127353
0.6344123361747123
0.8498565683583054
0.35321033234588917
0.45817641093698197
0.4421964524017971
0.573046803512461
0.5235480394632338
0.8681980066793966
0.2967209307864999
0.2266878392323171
0.3759805369078929
0.8880676272654564
0.31359387852675324
0.807461031749185
0.4861490998176306
0.6130556180137006
0.9202762278478056
0.34728766410765016
0.5660027748313788
0.6451326462736383
0.812277828011625
0.36776121332045775
0.8650807005089167
0.3920500950367378
0.5226792907953681
0.336425026626602
0.5892292474597559
0.8521347653822517
0.572246953638092
0.902767119329728
0.4303443049754305
0.7607830027537102
0.27201678377992666
0.3703167974563336
0.770331821796991
0.4490908629688498
0.8906624904261624
0.7219803206915425
0.6965734377518348
0.27291568642803754
0.569348054980589
0.6533503239368823
0.426357453908209
0.4204519509234168
0.759504222477944
0.531277459616457
0.44054149271965226
0.7209997163786166
0.38840964705453207
0.9099591465831847
0.42997300934905186
0.943931689184782
0.1365473088346038
0.38262457796327826
0.3184144517579456
0.633532073990858
0.7753077120012135
0.8306498523211219
0.49532327959988065
0.6803373081493669
0.9078336601396344
0.2306257635311805
0.3712479496172518
0.19218668648907938
0.3055844063800203
0.6447313112913016
0.2257206868005773
0.4734743878744595
0.5327614265793802
0.7547591477107236
0.34391795529705227
0.6809205332353991
0.4127366164499008
0.7663496163756133
0.13645404002695166
0.5133316929357208
0.6097773254503622
0.46571138172563914
0.5154386737968728
0.5908872715084097
0.9131056758114438
0.36273101050176
0.4350086285465001
0.8693614137508727
0.8429318321711522
0.8767160528554647
0.40811070432388435
0.6786712721062376
0.4509579249614565
0.7351127269924504
0.5187174437609023
0.7691250457051062
0.6199378794594192
0.5089125873190212
0.5414283326542686
0.6150661217464376
0.1825553605806171
0.27221040931766866
0.7367300901912397
0.32388853921480515
0.5636308067898896
0.2858825172547616
0.14948507229924887
0.4174624791968852
0.29999633713877316
0.6934780618142719
0.32024856153020853
0.1015856199478281
0.2379750186407883
0.7052492804910369
0.8139289715599457
0.1584347695583007
0.4946237224353419
0.7733635511616606
0.04261284021861932
0.08896319324529361
0.22907812217842816
0.6609013435211326
0.6843471064564336
0.6884579055432397
0.5146165847672209
0.6550648295111734
0.8752452634080397
0.15288636983716386
0.2698193900327276
0.7853682183382351
0.5737447023278008
0.6019913996223526
0.32422822871715573
0.20315594530449418
0.4595016270129652
0.7240201496112013
0.5619158787684562
0.17962526802416154
0.3505099368923893
0.62427298001028
0.9461059073168057
0.46278718710860933
0.44354233562044365
0.9242440274378025
0.23196905510806098
0.5892619744612155
0.6331441370931543
0.6451529889173081
0.5182965493992243
0.6556121868214133
0.4271244663755115
0.6257632319141704
0.523235751082147
0.3364747566014948
0.9143816015265542
0.18656943042442414
0.4406624605863767
0.47409457325479815
0.6412378023459295
0.7643618455209615
0.28643481036049606
0.30497370970290494
0.41406637088679965
0.5902119807905231
0.6000092765875051
0.8876616449936909
0.4100317155894265
0.3845835903389315
0.5178173156216167
0.6514539774093833
0.6642113005976862
0.5554163077337703
0.9534424374726918
0.36655693741247225
0.3963797832491178
0.5575791415193269
0.688642064992995
0.5027800453283201
0.5372456110027297
0.6007511501099057
0.3160111856316854
0.6570263806074943
0.6641100162903119
0.2928819854552169
0.5953250695350301
0.2701297418580657
0.7271077126142108
0.6425056725746003
0.36512092554050773
0.7088569966007412
0.2644786650270673
0.5361575019461606
0.8899255537154558
0.25964917389321057
0.6451712098319553
0.8645308114148206
0.35784686944475813
0.7200658208902183
0.2525091779230131
0.1460525320518197
0.5594617032720406
0.8273650461585467
0.6348162078748847
0.6663213007244715
0.7856583755742972
0.6132424971284249
0.8980006624839894
0.5327352349238855
0.6311583570363937
0.869130155336745
0.5168321133116838
0.36262569016465945
0.573546387108766
0.1607779104377051
0.5452756156449744
0.40281745229618227
0.8089094357964968
0.6039264380971008
0.6688506523232975
0.3747733448274471
0.45434676027732557
0.1962686550481768
0.6987005159282706
0.7943151754812736
0.44934204932160965
0.28231921579305397
0.4017003065081414
0.6239126286069681
0.5359850016066267
0.18581651242508673
0.48040716821759505
0.6655100392271194
0.28992527780892763
0.45212218788102965
0.5773732308414277
0.307614571690925
0.42369484370367727
0.49994649386713286
0.5869782638250354
0.43333790072123535
0.6630740017986743
0.6906566793511582
0.29841603481970214
0.7257297919881356
0.03709706346609558
0.12994816610078364
0.514347201219943
0.5439617634210601
0.8235544766747502
0.4311558592079827
0.5969376247878659
0.19376721352940038
0.3752642273092641
0.8009013763610715
0.6115488896954623
0.8728677010344839
0.5646925421870602
0.802987249108282
0.6947463714196256
0.8632117178868913
0.19738559036599235
0.44115574531496105
0.5480341659259236
0.4691541305913335
0.34147579486159607
0.7104832773798253
0.3133778594654275
0.6378301344280999
0.8284102290513655
0.3044364588518056
0.428428784508578
0.65028136331073
0.2712999585301937
0.514588988277824
0.9045791775883782
0.23537735914741317
0.1302580691597581
0.5273947449421543
0.5056319465228744
0.6608299756764423
0.631284870751899
0.27574827573060334
0.6041936205128979
0.7272161374402759
0.08873444101493853
0.1690502135998137
0.4373974756151192
0.7412517909268015
0.8609163725132263
0.46416611538637426
0.31334060632533817
0.30178572547540905
0.6663792783503831
0.575035286475684
0.6034162202084931
0.8644879053410465
0.6798415185608382
0.9174022391505634
0.21158358154057588
0.6526861590015883
0.6621814799414194
0.4462978027115786
0.5321090893351449
0.8963362348571046
0.3216053235077627
0.18566258696893537
0.644370801801818
0.5725178601713643
0.584815954368698
0.32402407943603806
0.4886394576897036
0.5780730983710458
0.7416916970318299
0.2926752829239495
0.29726823541123426
0.4523447262234612
0.6121136915465681
0.6396805588344269
0.5378318787054287
0.8832732954502529
0.5627182513459832
0.9571993900178315
0.34474236478072856
0.5513684164833694
0.9313165741222986
0.34216107181726313
0.24098437752116203
0.8667193597583991
0.4589672298037378
0.5867984921171415
0.42145526035096126
0.8792116122175206
0.5886797194520524
0.8684802666691289
0.21085595393423334
0.6217860978923474
0.799892548768364
0.03524749471714135
0.36192002918633087
0.6399373496557269
0.6865548676593393
0.41165117433577175
0.2825671919806627
0.8535848822156307
0.3171640640029851
0.4363903048897825
0.26647663912935854
0.6792903845580285
0.3457884131768261
0.5990509849871977
0.48852231264511237
0.24769396759189435
0.8156270282663189
0.3564250275027954
0.4469683494721588
0.895530903385289
0.31878349094982356
0.7154060204036081
0.7937561328649231
0.42063696098006387
0.1641238229691755
0.7463914766475758
0.8768963172791326
0.1146858622213212
0.47295163036765203
0.3678466955940614
0.8082731368664816
0.19776282924964322
0.5844125063590965
0.5785224206400489
0.6397863280467252
0.6004045106126661
0.316335011567727
0.521362918287612
0.6286983148410614
0.5109910834847549
0.8259485195953805
0.3377689913483396
0.5257843986084333
0.35536494107512695
0.5769420420599121
0.14844381700217607
0.2710776844052799
0.4368908779490697
0.6205661963305427
0.48930945256958025
0.9655422568008749
0.5281677125111565
0.2967234837927656
0.7420923307268288
0.03876513885604929
0.3357998865388942
0.24525704484944216
0.46340202444537926
0.8540980724168784
0.28662255117389834
0.3604105585519559
0.8906897330994171
0.09354046827033095
0.48976790713815627
0.38201043981033966
0.9780045417880443
0.24504425651820672
0.5143161510199807
0.4901859348907224
0.5668740556229112
0.6400963629121523
0.83339853864146
0.1612198926545943
0.7548282797000418
0.8079534835109564
0.4815387500750027
0.7018392986553751
0.5597503341905962
0.7687135287109428
0.6955289442388551
0.5712064220072758
0.5565081074914228
0.5725095081100795
0.6152298433545043
0.4247756665512869
0.5908623059382091
0.5701869740013685
0.9025195620400377
0.31407343664861354
0.7956761504931342
0.9091889588262357
0.5412398701584618
0.70358471860211
0.2512071741338627
0.2494415715868618
0.3202615484811572
0.4737465449524651
0.738316614267967
0.6922652258583134
0.41267217915330257
0.6569942395222311
0.6778829650077431
0.20922089328223287
0.38970433236328283
0.9589790300216203
0.37297665172296246
0.4163133064016472
0.21878965802466985
0.3420655969960772
0.7403264873868238
0.402878545824131
0.47461365812281475
0.8087768124135888
0.5148595958754814
0.41829301758553483
0.8771827211875602
0.37923192849385495
0.5176853093237568
0.3289890079615407
0.8722615453540574
0.21950152193583988
0.20571381293133364
0.14544566697065042
0.7067241231919756
0.9409812588871846
0.287822691840516
0.7942767755696185
0.68589189579946
0.7226534201566936
0.2604573181123266
0.48340275149996564
0.5714819421357726
0.7182397536837004
0.4316349032529748
0.9291467581553544
0.39054780306839243
0.9241432364262585
0.23271888041834893
0.2934246954768725
0.8327214182667971
0.06729980330055549
0.34690963286646026
0.703270049870335
0.4464762105328172
0.4101486355222498
0.6255503429793697
0.38758218532691757
0.5932234103382426
0.8553882597824687
0.3778013402913752
0.07985914300893283
0.3086257527198232
0.7911399559699124
0.22362818888518207
0.3641973259165472
0.2801151948333823
0.922396091879899
0.6247683845354042
0.8487955430738273
0.4255034185617332
0.4186367159350629
0.2011691389014866
0.691315039421909
0.4404080506180067
0.6482088235528466
0.5013013741254261
0.8286177003723003
0.4086291310213696
0.6442111066460503
0.16644425401233628
0.2812251207157077
0.8043399990700113
0.6431720106103063
0.6826308688850039
0.2697214802203972
0.3171272748430563
0.12596927995245136
0.33600659293726143
0.6824492997707277
0.4736759422677901
0.26462179809146336
0.6430546980369114
0.5305351630024624
0.6066020842625159
0.7005363088001962
0.13016045025744516
0.4777916563211678
0.6117057799809289
0.5380884339143179
0.5619928245358945
0.2992272004777663
0.27085272020167933
0.6924366459019518
0.302324738080035
0.5957227689806089
0.7062231597390907
0.7985735834288452
0.39691611457298004
0.7918478011011643
0.2975597304110097
0.10764815505324102
0.30921184343959507
0.47918204034869794
0.7321180104141906
0.5205915461845638
0.35736653690716047
0.8011578541889908
0.26988805032888025
0.48595841537736767
0.5390324607466696
0.6358159295563897
0.44982158087383584
0.17022972764833466
0.44827820086296494
0.6683656144001613
0.43844605749872684
0.14290634489839144
0.3682457779298612
0.6309433578585876
0.29346543313167667
0.3003862607285603
0.7944883085483407
0.43834025336414206
0.5882203208396077
0.37012636769002133
0.5617605057247184
0.22622221374613688
0.15551514250894705
0.7667620500019092
0.9004844686363289
0.6260976074146865
0.564973477477844
0.18199774074220448
0.6963047120884556
0.645974270733983
0.06288289841615356
0.33674751973796
0.4544042272411414
0.684832453121309
0.3705341072908308
0.40781687220844676
0.6970786896995965
0.6874067066671037
0.48268501883726056
0.5709720295268579
0.8109651615358872
0.6966658088279434
0.5852362513949657
0.8725238223011351
0.3785116293469849
0.9004433134339849
0.33670363970471595
0.9071110685376632
0.3534247191391176
0.35426046863248684
0.2314635278556661
0.5099479506362503
0.6352837722191111
0.49224424630410835
0.24480251655250684
0.573287296810619
0.519726511941013
0.7260152817699372
0.38310496058384114
0.7395972456166076
0.7131565546451146
0.5752733976739453
0.8471966283283872
0.4715773580156085
0.7087282677092503
0.10691930162006398
0.5006094806024864
0.2709152766162313
0.8506118540170358
0.18604871080420596
0.5597909239319688
0.6863200080016801
0.19392720410152262
0.33228500918044923
0.6690510380393138
0.3941528455345777
0.5695045497775777
0.5907289224154995
0.13601955676098382
0.42968877544450745
0.7354855777292547
0.44834298533179007
0.5756351727791906
0.6778674226736534
0.4081533423998955
0.7283707262309618
0.4056523548481372
0.16711999116617657
0.24986316372814404
0.8409430858399705
0.45978940690216835
0.8569889118537828
0.704511749947844
0.7426295334588757
0.6422338971277968
0.9000663687758099
0.47542614115237214
0.5385589776044133
0.7869253899462018
0.5139324723097675
0.22702702893694976
0.8526781151845029
0.6311361712932698
0.6724025403440829
0.2993675044960034
0.4593199506473618
0.5956244199794608
0.8662346341697404
0.33130078265205354
0.846987236476388
0.2317456734293681
0.8271240095520596
0.41874637172064566
0.7470670585774916
0.579522846095835
0.5251585698264543
0.6057695895241876
0.7556847612560158
0.5977082789002969
0.9433673954426174
0.2855072854284801
0.6126097083019398
0.5429759637667894
0.41512677522992747
0.4461217023693282
0.7534453026508974
0.5632073110787509
0.29403465183670285
0.5264576664303691
0.22570291107838486
0.8174362951591505
0.644737004005574
0.6567375408932515
0.4540296879798301
0.696924400601045
0.36645031236843084
0.18313274476499328
0.4457604042655891
0.6095333320129451
0.4198793682538324
0.758477289342246
0.7999035484272974
0.6234283134040736
0.46866734715397773
0.5413195156635505
0.7044844714743631
0.8605048486102527
0.6325694036940984
0.6598828635041931
0.3750347875709717
0.2728692603810203
0.5865885714635437
0.7113359748038997
0.37961923995538815
0.6075243455620585
0.4946944126001402
0.5956288427348284
0.4580940361023841
0.9074300367654543
0.19939880645782676
0.4254619694540856
0.5143802947104615
0.43987147929754267
0.8899080212282904
0.4813539830876504
0.7033338301728934
0.30550818114513617
0.9268737152126909
0.0660699205319777
0.33826922075577415
0.24134934811189912
0.348415720327805
0.8456543257222948
0.10585833510667497
0.0689011219867079
0.606579916006664
0.7162423849128989
0.5365400442312334
0.6083178504206574
0.5569911940675035
0.6421001774574505
0.3672249460651739
0.11642026162870402
0.4075000780147217
0.7182973724611501
0.929706552426742
0.5218407989135235
0.5582509671862629
0.5785650772086258
0.9257389270304042
0.39645696335280534
0.400376703510132
0.7398993933562675
0.4057091054472395
0.5809688045657299
0.29707646308402924
0.40438330477039464
0.8872196935482468
0.5677783411687127
0.4338030664628617
0.7251400254252769
0.6185607573350242
0.8564340294664924
0.26880584717547357
0.5585166382726603
0.9099820344018137
0.644479339397857
0.6636328427250984
0.41473374867508395
0.5705316324290165
0.7068621638835009
0.47576612602191876
0.5909236104248363
0.7090952077342152
0.20541847338411134
0.6913174372411379
0.5614146399487538
0.3275495895225966
0.2061536372939161
0.49426502210375817
0.6352489072740717
0.17157051820940536
0.31144002862238773
0.7802933643870162
0.6303471315504846
0.3629566984813412
0.5359198100539989
0.3353507457501686
0.515311872381502
0.8547169838642364
0.24313659074859403
0.4060090281663561
0.6052658992105476
0.5876192213417826
0.9422255154153303
0.14963063748092342
0.14304450931328286
0.26672756044177254
0.7144916456312645
0.586421418840299
0.18177773354622095
0.22851307390778014
0.5631809624374117
0.7472744760308736
0.335234048485257
0.6606352415715564
0.9348194032897088
0.42097132620940275
0.5753609870826059
0.7188221189090187
0.7174577032221559
0.7832748707309531
0.4582938818436705
0.6583192195182204
0.10192319256323454
0.4779092186237789
0.5926798504404129
0.2741613784256824
0.8205200132896553
0.3576238491184358
0.8996495354253868
0.048801330040702015
0.12702422400471197
0.5973343183042763
0.7355435443872034
0.3124725252105452
0.9549451154100355
0.23438074390122685
0.5685858791064393
0.7088360612582115
0.6500449262967013
0.7840355665942257
0.10616510932136772
0.12389900426272413
0.2882303703867637
0.8271725652377377
0.3640473268064384
0.8413774574891086
0.38713168911277424
0.3026769923820975
0.24679943470003518
0.8669646398384083
0.27265191296530034
0.6614074078960851
0.42645770794746535
0.3769108145769322
0.5793547448365237
0.24609388911659277
0.39519628889625236
0.8848732987693079
0.3911544504069828
0.642993052748764
0.3826282389168768
0.6126354444411909
0.36316581558477684
0.2886318451524086
0.09861210133865456
0.46067832339929393
0.7556739525470639
0.20009297042372712
0.1016446819596021
0.17643981620389498
0.6316686692528257
0.5652140542456618
0.2010365491124192
0.7746163252505925
0.7642666770717148
0.48942460895551065
0.7036618942897208
0.35988824522969
0.5901666778739871
0.7796083076784459
0.2002521509529704
0.48419577252368584
0.6873982119259209
0.5983597758262901
0.1316513690797127
0.4920969573380112
0.8705615896190023
0.46562887222626087
0.7352007841310007
0.10633699470320541
0.3885485404735719
0.3687581364844854
0.707601147061297
0.6108869489359626
0.21609595724625613
0.5253922708881886
0.8808493010658839
0.30445824089978357
0.5370957377834606
0.43231343674325184
0.6716825715587
0.6236056683087523
0.5572472342307603
0.1141122012697236
0.33824037201111623
0.5895424256296766
0.8969433884046683
0.3483836414482462
0.504241146135335
0.835625215420993
0.38536697822415433
0.569998408558848
0.5282742079003996
0.5081875140445787
0.9734785888456625
0.36427653919588776
0.7278021838062765
0.7092796637549972
0.3609641019850895
0.12851031370515165
0.6171404094592027
0.8830461156536986
0.31592584895802683
0.6871536502808036
0.18131689213117227
0.2703767737683608
0.4399576383916378
0.914489027562069
0.34110522944525973
0.18534509891193554
0.5656550033108483
0.5657610516545277
0.3212837136670632
0.5220483981380797
0.5873658327356095
0.16549870640467945
0.11938877776300522
0.19187975166456447
0.5168817891786783
0.6968843220375855
0.6535051758727422
0.7569721326001584
0.5390870538120929
0.43822443306861303
0.5913993790354571
0.31301793170598285
0.26094495821857555
0.6457050559313341
0.14511946982388374
0.6084586347554479
0.5174488075911859
0.6103765914819058
0.4688071157781033
0.6824274889719619
0.5449251102922189
0.396148056622433
0.5834750059478993
0.29825580943278296
0.39992130473586973
0.8460519309977039
0.16570498234626346
0.24493417259810504
0.5236192446822008
0.6411719387099593
0.8769315712466437
0.4192749134744632
0.081918189457902
0.34693634196449763
0.7239064322861286
0.7092784077064158
0.5843233244282029
0.43583103119835676
0.5236473726244911
0.46643027256924097
0.875203156022992
0.5883615559638022
0.6567458599341358
0.20152301148941973
0.504617410622944
0.4576536108512691
0.7932654003615098
0.31572949303446873
0.825319294334135
0.2557966305952048
0.96993344970233
0.4204134542537093
0.5239895042574712
0.8295658109132267
0.29099232217172755
0.45954929739545536
0.5651149907384669
0.6019606563684793
0.618859316410786
0.8839195562103905
0.448109381620848
0.3451262455096942
0.11451349398236926
0.6744653129172156
0.6003805332480776
0.12086566709390473
0.5197437460369072
0.5829959328494683
0.730356631887408
0.4899114827367629
0.4138043709894372
0.6218906344202141
0.6441716709223766
0.7637970978161308
0.24462905570613624
0.38670209988645676
0.8883112783694032
0.4059799841503068
0.8326052071785955
0.7334397186686453
0.6908067789603609
0.3790511714961257
0.4673362806933062
0.5309665393224385
0.3439604432068229
0.7336714780793211
0.4191966857973138
0.4669473652301488
0.9308262438250556
0.3365412765007616
0.6681037877001651
0.6303870573184018
0.9124905035386223
0.22664458480147162
0.7240553575286481
0.10875020688972076
0.28992912577361846
0.6965545940450711
0.18940821124330942
0.1888245481306356
0.6135230363298385
0.8159242825629365
0.2255444319225444
0.388645785432879
0.7003581377217771
0.3296730153832445
0.3130016736897739
0.5684683985320275
0.4374124134888659
0.7328704574499991
0.49266032426362943
0.7635456544455874
0.1445000584806073
0.3520836484339184
0.8589827307928073
0.16282038726519465
0.46098358752210367
0.8215719528676951
0.5764424878542644
0.8608267941545364
0.3854187465478789
0.6692482920836303
0.5860535775628486
0.8547256895725202
0.46640798407933914
0.7694809368918433
0.4577873095502633
0.5973707481901078
0.6920843820351323
0.36957029652696005
0.5496462459315297
0.7683443474809649
0.7053989348963073
0.41398574894753304
0.9926527933634992
0.4022607547958255
0.1369442507786161
0.5671745330359452
0.6310159319431288
0.8376271588195754
0.4479344572597248
0.8504628002761458
0.5386577455591625
0.6852462436107052
0.4637976961299488
0.4932332124515574
0.5881593332612619
0.3836046023637564
0.4645173448617414
0.6221744666667537
0.7772578218037769
0.6206646184955327
0.19262672498042482
0.7697242106747084
0.9139378782371637
0.6453996562403513
0.8727895841641333
0.5434085921618856
0.5747779183029768
0.6023816425975548
0.24222486295299966
0.5382274422367324
0.6292143783697458
0.833308891390512
0.4289808024368066
0.7397251354826371
0.4192762671990993
0.6848268011646084
0.7162270822068056
0.6824868091769241
0.40765644232851606
0.457627922494547
0.8693140827701303
0.1356089085676402
0.5073268074358771
0.657835012032065
0.40314388236901044
0.7217666781418544
0.5224127275836861
0.8706626318019776
0.5681199831230079
0.7267477801613994
0.4125626435344422
0.6649637057759581
0.6950494365608324
0.3048490291761371
0.16669357904412202
0.22947037769742662
0.6797500445105439
0.7520467919030628
0.606407906512684
0.7850969137578803
0.12136701195771364
0.48500990649781167
0.9588049717780345
0.16192661725322552
0.47931395318918196
0.663756088956539
0.6557005609168789
0.5708002055651737
0.8532814203051821
0.43851468027559004
0.9242567907016526
0.5317094357501927
0.7206509799667423
0.5979752142807826
0.6804744008399655
0.22156938840673213
0.12126915974008909
0.2959020683784693
0.6158000000538175
0.7839242208479249
0.5375084953071213
0.4103917621979704
0.8521985791387328
0.33677504895885063
0.6014734018115792
0.34673897972311063
0.1683775162095668
0.31764853314997143
0.6623354063468985
0.627882452067484
0.2655985222374564
0.7079059382810464
0.8698009049493118
0.13055867136843366
0.7037302981982823
0.5215951990852431
0.5042028866485395
0.6631678937631562
0.3417894344043564
0.43422316350322554
0.650577084456871
0.6180440890484927
0.4361388066049504
0.7419592392754812
0.4145637530274071
0.6083496491068072
0.4682533237118857
0.4238835539465329
0.6317235496941828
0.40736328926871085
0.6868452989192129
0.7296818040182373
0.4067850362946198
0.5639546067718691
0.2841918288257994
0.3528622801609843
0.6991749136964255
0.4733535783736907
0.6081965123009772
0.7971828722216084
0.38582052448557896
0.5198567545645294
0.44118867670996426
0.5030899313540262
0.3895786967073145
0.8037207846234247
0.3978239594549994
0.708595263408949
0.6225669765162491
0.17558551889937957
0.38136015349134533
0.34766847725244077
0.664578041200689
0.20201594199561332
0.6983169219537686
0.44178293250218004
0.9070227167449559
0.6637335766031109
0.7674783478644361
0.12199424561448105
0.24532303484353485
0.42256688269366127
0.7166263054677238
0.25016219517318383
0.16646160779708014
0.6327875429629075
0.47762600759691337
0.9123187971023802
0.3069930327371718
0.6293576080115606
0.29651084109616666
0.26749387613691106
0.5137394008278965
0.43980544084757733
0.6204954378506652
0.07425116342547561
0.1945304331847083
0.15652377956486227
0.6444720538999775
0.7954957114474253
0.8906660427654788
0.47684523051748906
0.738608338937164
0.2802901571623616
0.9044426786448789
0.458481635522849
0.37780482052264464
0.9722721084135684
0.19362335812720366
0.48671100189231464
0.4120414005577758
0.8024690706187779
0.38277796198451086
0.7836872106185373
0.2449251616436387
0.7150412871214731
0.4907372887744348
0.7628650586520171
0.35998424635050896
0.872170215345585
0.47397162116670166
0.4869146524116562
0.7603623160990505
0.06776404868806354
0.34039354472494726
0.3996629264327101
0.8496281322860967
0.22620340402513858
0.5068449898308531
0.566370995118783
0.8453636109372693
0.7001863716811418
0.703796645936384
0.3084418494034597
0.14462868932511028
0.48051255409514043
0.7846514737840657
0.22979505696300026
0.21976662597504942
0.7434688909475675
0.5062056455245892
0.6493313808315369
0.37012141146830724
0.7458731655359835
0.4045412725163682
0.7538825378037284
0.702738768915262
0.8554410764482556
0.31744566543121566
0.13537815213365267
0.24499901198112292
0.6141829031921482
0.5306533085641078
0.4530781921825077
0.6735115778532327
0.45426580459237414
0.39317443196058477
0.5057272244678823
0.4005995975141446
0.7244574615681093
0.20633014690632734
0.62619982981492
0.6541905228876852
0.40044435549478086
0.8834257507564207
0.402063002707811
0.13665020215076895
0.2602227325867537
0.7838440171924403
0.6485656520231811
0.7776793562246731
0.3664782372400683
0.5885730260838783
0.8196713508964066
0.694365597441845
0.6401477657639663
0.34212848513084954
0.5402988507680829
0.45230617022394365
0.500628367853044
0.8554669598241134
0.6135939628177578
0.6453569507595632
0.41753253585955274
0.5641063190819662
0.7114376127190329
0.23014142003123053
0.801513749218732
0.2744641930397315
0.8026708650786814
0.17719478202701036
0.4254061020240587
0.5798688567324207
0.30144506589198217
0.7670527703401686
0.7559535057609019
0.3426134142882674
0.7630178940372497
0.09524440903010307
0.19982833182069878
0.22678737224871162
0.5001591491843574
0.6141749084756417
0.5949375377184418
0.6876628104422173
0.5134354754130017
0.6172111147672086
0.37178582870356375
0.282125137208303
0.6449232247557706
0.5493467331201216
0.3768701099730647
0.8342185360047687
0.30621141819241526
0.48017292263815825
0.7303162085823619
0.2616723924000986
0.40978734367988723
0.5219300423614474
0.5420381308973172
0.6226366531001367
0.6232332227330508
0.9145809132725886
0.2903484852666244
0.5226818136325463
0.5990620149838787
0.37809193233152283
0.5356269877587687
0.7069639367276002
0.09553729506934922
0.14873825213129815
0.43028195675792036
0.7827209602734384
0.6623481018092987
0.6788898980048677
0.4946590138250145
0.6314545808478144
0.5944702707818592
0.9153253799145341
0.7308834335151574
0.8068681793974752
0.1049008629221133
0.265320093362717
0.3695593725580809
0.3960187081991529
0.5437205391666905
0.1709152919777063
0.38288350847771757
0.92050613721811
0.09901699203321333
0.4126910474628509
0.4838714169220409
0.7635511056970022
0.9821009591294165
0.3764835468810347
0.6124469326027345
0.6439722849554568
0.41190286714723806
0.6856984374729939
0.7471292338267767
0.6612955684586901
0.8238070696462356
0.40009825880544625
0.4636036194362488
0.4723486628162301
0.3802322570663291
0.6321006254603205
0.35365315720563906
0.41955826594427603
0.6494134222255383
0.4296640078378072
0.6854010384152143
0.22901142817579984
0.24374732693219547
0.441834605048666
0.5402542355087762
0.4073845218397564
0.8452557618839611
0.280674003589327
0.6069015513007987
0.22368376018750472
0.5710567457684863
0.7904008804247327
0.9106936009233928
0.5637590549123359
0.982353287104484
0.18253399667228712
0.03176421778482267
0.11976843077588004
0.6031742389521741
0.9222906369243986
0.5300739400879166
0.4376290080065913
0.8533265980254418
0.5263028774878871
0.7836200078533536
0.2857305959504517
0.4772286371915391
0.3894213278651045
0.5381956867775859
0.6401385679680233
0.6997969199662604
0.6473506088043137
0.26049956584673367
0.5533486880001146
0.3222628791626925
0.5852597413554534
0.7030470825881492
0.7253642667878761
0.372018969546431
0.8035176011672629
0.5056651783628461
0.7232042201182083
0.475852481235284
0.3392580472515015
0.5725848387855448
0.4431719633367917
0.27297439162094095
0.4221269280176061
0.5686612218965116
0.10668214885034469
0.1911591142716445
0.2891171902671571
0.7007377051233057
0.8377881105507585
0.2934247152926601
0.2858475537326009
0.4455087031529364
0.8152396498050746
0.2069250934872463
0.4870734665133768
0.44992408617500335
0.8604054145409598
0.5111606769062382
0.7981391212704732
0.3447309652061958
0.5523628737165748
0.06677141101771165
0.5352871404427828
0.5454999899259161
0.7994269578676387
0.49876552774454413
0.43449588262055033
0.5412300967020411
0.7329652011545639
0.3722680061609054
0.810024936832101
0.19128590981145288
0.34126563580283575
0.7700387330166463
0.4497575804257913
0.8375839421742597
0.15859019342521474
0.2864279069319834
0.9562551522309011
0.132313695002262
0.1131658226862207
0.4582912268976317
0.6462468982278287
0.8783396398466821
0.3996253204966415
0.3281170703710431
0.24363367636093655
0.8013562350720418
0.7445659903930635
0.38395616699381985
0.7687356441612472
0.4891258701528197
0.5421241962123118
0.6737139834342711
0.6481804247570991
0.5822595716539074
0.5931790751817009
0.7012796516890227
0.48286594601911814
0.2521987448807214
0.6034747986669058
0.4950712426175073
0.5892352176014655
0.2238867744191108
0.4886356586689198
0.7238180973507876
0.37107957069179204
0.5361566932872125
0.17289753968974644
0.25000112802453117
0.704729552595508
0.21129343444960286
0.28758785152239996
0.8351392056042288
0.3681197499788117
0.1344444096376393
0.48534929460695403
0.4615894600701467
0.790118662764516
0.43532268933747403
0.38383864483817076
0.7917101839426695
0.06737454751869143
0.47466066686666936
0.7264467376472763
0.7688438222942635
0.35344348566217165
0.14776056759141704
0.5579420097396026
0.766141756901346
0.01391710157037085
0.42352079896975864
0.5401129698766505
0.7569201472161438
0.4843528104870858
0.4467520650636161
0.7838713664243524
0.3301810305007577
0.564456686009839
0.3526239080601712
0.35540284643373476
0.807176986581766
0.17706961215351913
0.1610159884246366
0.724090407377461
0.6351018157548752
0.18892399351807138
0.44167892060384945
0.8311682569756085
0.21979161118362475
0.5070416433805318
0.6564385828384964
0.6559852351078894
0.686024594673144
0.3580177441889703
0.5555025226274692
0.5874973334427427
0.7240829532288072
0.30103478151253993
0.5012396577607064
0.3407240318080512
0.6282217078127784
0.1588967417167766
0.6083677760564974
0.7996120632164901
0.2584829219046642
0.5205876228747688
0.46758045359345
0.566862219485566
0.6281452417223322
0.6219299772240752
0.4025015374280063
0.5376070103538466
0.8391513436997212
0.45519942695129195
0.6085563008329684
0.8193731011963115
0.44854686928066456
0.5186626678555346
0.4676330945561411
0.6933021133993695
0.18083553471919547
0.6444626257797568
0.8796016054508818
0.5714368833021513
0.47266950621040027
0.8148096233678717
0.6132039377319337
0.9815844057050925
0.07844111407187851
0.3859784882268428
0.6722226034149869
0.6853059351604152
0.5209426597697957
0.8080083710065018
0.6363101060857872
0.5585845982007931
0.572168178592359
0.22983374174289567
0.45243400965096386
0.4360803022406379
0.9658946340969423
0.11477927879381897
0.3268919141777108
0.5364074194204613
0.9130129512813787
0.39645760419361364
0.5477849832822921
0.30642785625295876
0.048909104987098495
0.23110596101331016
0.5580266424178995
0.4948986134723439
0.6188439354815185
0.1687007965462512
0.07076590999924051
0.20378395651928619
0.5052353582321991
0.5212322909777164
0.6813673246222147
0.0571796368522673
0.184997307400876
0.7332906633746231
0.691675207275819
0.6542990481702595
0.4892493868598917
0.6940021916728512
0.20594030271348335
0.2232073080997503
0.7103200192899373
0.4166787162776914
