0.26010910462656217
0.4940630440781594
0.8130526298485685
0.35788793277703335
0.547400784762645
0.3084674051179936
0.5651043495350878
0.5737186286326968
0.4872329169498457
0.6796442281971248
0.8352647699688153
0.35076445299326886
0.7156424626150139
0.06976786959528504
0.4137028678394441
0.5076311961488301
0.950770979128627
0.41337510146739054
0.5120894943271
0.7242362901377231
0.8034064664938387
0.5934910082305345
0.6290758842106771
0.1561448465711624
0.37736279412829815
0.6729326055882519
0.9466393721502147
0.14506306694287258
0.44291203607414886
0.6673891122445239
0.76241510437888
0.24955428415697758
0.6115082129776808
0.8968853167070905
0.04475325101561658
0.4526418525584422
0.45671388684261177
0.48038278785437477
0.7046866180334327
0.46665849126255365
0.7478945215944621
0.3271257142037738
0.42678304085187063
0.8984008224497462
0.29012059318968636
0.31124081172060447
0.7412475500715675
0.11132554391127723
0.5057696551467111
0.4511592746066332
0.7386202871513863
0.3353627900009422
0.39926780709640014
0.14175808553696517
0.768332107809113
0.6689919169746577
0.22414886062628325
0.5064376870890992
0.9226114424979559
0.33789597239170394
0.7773451054459083
0.6773424429284944
0.6528373079944108
0.4499169094284165
0.4512891320463428
0.5662422365617585
0.3434052300556818
0.9735817080440956
0.3806767867074069
0.041690618365410645
0.4958075233769122
0.6016192366547551
0.5526993503972836
0.4136986161383549
0.23934635013151515
0.3221354042897496
0.529938374715916
0.39065371668113585
0.9007322794615589
0.07716862553946319
0.5849468586309021
0.8968177347914565
0.35622886979911544
0.8418660752238039
0.11163914344967957
0.46901505602605825
0.6423864539387552
0.2005284732959811
0.13441868986400554
0.43739094354486663
0.31468893639373163
0.8576120450339353
0.34855587403015587
0.12767671882517506
0.49329121018189437
0.971834549262286
0.37428260994761375
0.500917212567479
0.7581658002350108
0.43870831930643756
0.3770702271996067
0.8770592293607729
0.16764371239649623
0.5356906035159321
0.9068216640907305
0.38154920583633384
0.47345431827879103
0.20618603649479741
0.6059810461182817
0.32729471381393904
0.543486656779067
0.5119636134446128
0.963186620812402
0.257749229539193
0.3683451159076415
0.23316522170847476
0.9501445160519991
0.18404800127247245
0.26579914968862833
0.9157284357871935
0.2674151131422267
0.7828740275208619
0.7479829696899305
0.5419359353053088
0.17232795388998712
0.7611814207189311
0.6387429859835215
0.9702194466531617
0.21908844541588707
0.464148010989081
0.26913082403118527
0.7102908640499623
0.7558444971207057
0.12767762743124383
0.3670972467233172
0.7165558973200655
0.3047516140805259
0.30838186248555255
0.7717360180461524
0.21651588409887162
0.09015946532394936
0.4743074556967467
0.6783257208742928
0.7318274043822205
0.6655135020656548
0.7354393970786297
0.32281811187901516
0.6546404727716023
0.5969450295252586
0.34471834020376674
0.40204995538284305
0.10478367077143788
0.3048057948301496
0.6824051159020491
0.1526905724127343
0.27686043199682064
0.5628602572727373
0.4069431462748933
0.8176621822690365
0.5599392265176548
0.8229876777394515
0.21063193817573697
0.3217776326872441
0.9752594541392509
0.2758254615023733
0.3267289514838105
0.8159086227612306
0.44641470770577596
0.25034293135124236
0.5421686372466809
0.6424727204095655
0.8160142466664648
0.8105005456798501
0.4553470176280959
0.3262703865549275
0.5639099716067331
0.34053016169949096
0.42490403895416473
0.9310517221024455
0.22968703747479863
0.346319142440884
0.5713515553195978
0.27575081535218504
0.7562307668975319
0.5920154834519925
0.5064714592919981
0.656960742510071
0.7145121770574246
0.5036614610554166
0.6576529246652707
0.977305293088349
0.17476281596245258
0.4829326313914784
0.4401840883991344
0.6998208670479525
0.8123711854412976
0.8439739582590818
0.4268456144256645
0.7282175383208965
0.3039024777774433
0.6643257372816864
0.9294295838896939
0.1047586515427588
0.28845582588251956
0.6159125572246457
0.569326607397451
0.5115454034791247
0.39145061800042547
0.8916917763284347
0.3595047120254349
0.32724859830795416
0.3523194349640767
0.7787830247815621
0.5829967316029387
0.639351644260067
0.25411572735531224
0.6566688035920281
0.758518433747081
0.22368240389753902
0.5458235187539674
0.5154576357381444
0.8350562524875249
0.4560393558218249
0.8043102740905889
0.5047533566171488
0.6812829672059069
0.6450999272212069
0.5306381934827282
0.650565749803999
0.7683235260271197
0.4033657216038062
0.5856904590104091
0.6861080226868514
0.483451018021699
0.552789039905818
0.31735805776662007
0.374750146238309
0.7649163431928504
0.2033565475609688
0.5045150166048373
0.8800044425567797
0.5046215356997816
0.9853510362771601
0.10840409630345305
0.31516231658536464
0.5872736616153797
0.887301472365627
0.02269953128037122
0.09506705815889688
0.37418795014134876
0.5730952943137608
0.8896333184778898
0.3479620031979829
0.19300353107981846
0.2461102269426116
0.6534812380181846
0.46522609262284653
0.7088852035026723
0.30517005087293453
0.4263183581227301
0.9479386003416572
0.40469895627734764
0.09582069074880639
0.28032273476282743
0.6858953052730914
0.2775408826897879
0.7265566856346719
0.25760055955104066
0.9599042839695952
0.13467697636020878
0.435965595710221
0.6147891065521749
0.5560189446913253
0.8937368382222582
0.16229579796497165
0.4553305053531241
0.9865334971282494
0.36872019028300157
0.40843402162408676
0.5258747344815977
0.616997832576188
0.494817892578971
0.5709312417957595
0.5920267275780087
0.4510642056389831
0.5401728966807584
0.8431802196423568
0.025601239800253573
0.26279214826762975
0.5516910290899847
0.6690357122706835
0.40094349398959944
0.7795175929244015
0.3653204207177575
0.5151796718380631
0.6854168568554311
0.575468585939982
0.3504168921567081
0.16753878954922616
0.4965016670993502
0.8521987222912777
0.4672836144265606
0.6998511214021834
0.7651020452000428
0.7152116235248611
0.7699130496109093
0.7560008045287698
0.289951241194995
0.8991474845245797
0.3439334158299111
0.3905624206104824
0.46974726658825255
0.5603480696510326
0.8046754057793907
0.8911525916284271
0.4017619156126895
0.7786746757106113
0.30133278167459765
0.4000568372406557
0.8630730162130266
0.26639566841184614
0.30284895301591575
0.848539819548686
0.26875090076472957
0.24780127049998713
0.4651930153035644
0.5890525487204509
0.6413126103045362
0.39734036542101947
0.3095431992821553
0.926078379707806
0.44655202255446225
0.6131195982806759
0.5496099614919614
0.08273109804054954
0.19681901298123766
0.20459337824243728
0.349649440516032
0.5926827719699926
0.29359963272400147
0.5283158692769371
0.4755468284491961
0.6059105855283631
0.7342361670633559
0.5848292843430476
0.695946647893038
0.42768066754387457
0.866935632576839
0.2904877236399989
0.3486311825016159
0.6332357005041321
0.8302033210991432
0.268557857439346
0.6859644310351571
0.5794521093846762
0.29137953165036024
0.11443067082682501
0.2881633085078593
0.7330101944163782
0.6748196082992698
0.2358831142376151
0.5192908060984459
0.6225612761169924
0.1477886091251815
0.34069962998799175
0.8629171112660903
0.11585329900774997
0.5866860607248088
0.7292369575743924
0.49264023546716096
0.7461035616114415
0.44934150747992235
0.7446813341423624
0.5745441037713681
0.3979012098496745
0.8917471310718612
0.22252032564165736
0.642933404200079
0.6418672341719205
0.33403045867742787
0.6182027807313951
0.7630276309769376
0.171027647152325
0.09701085009000579
0.367584516961982
0.5990646192514917
0.495369542901501
0.8627727293733021
0.7171535307180288
0.8535220048915052
0.25399906142482914
0.6167672548175158
0.6600170208170841
0.21433139834861545
0.46827590846262945
0.5217351594440136
0.6187016338449578
0.8750257549792362
0.3002424476227168
0.4806755107169995
0.2800894358613001
0.7447673572838938
0.4613342344259979
0.7743583232423918
0.4347246207398518
0.9085874535713356
0.46116881833356155
0.2331116859858137
0.7794804657931924
0.4730662089547273
0.7904250337001397
0.36658310949225276
0.41146977398765605
0.2739241082872072
0.8773535730583517
0.2736822471321232
0.6882099084700661
0.17995033743636868
0.3585238038615115
0.3133244918367029
0.39518272218401906
0.5985661679941534
0.2593053666131316
0.7955273304794103
0.49354344851757553
0.6567758911131097
0.44463299485517266
0.4197600371959569
0.4310840021579676
0.648417956406936
0.7685250215337516
0.2560983296152546
0.2935178881270843
0.5104287701533534
0.48722845047842867
0.9645438720323944
0.37731641456678616
0.40628233595396657
0.6644585297595516
0.16682074229209876
0.5965990493984273
0.5794994562652417
0.26300152525039294
0.3931993095636655
0.2459910251828343
0.358642957092864
0.8463162871757908
0.026965323526929166
0.26790376635131036
0.16894817211357643
0.3395135396263312
0.5754849946544339
0.4576582800068483
0.46192154084583814
0.6448179864571068
0.3445724581245081
0.4465413993835069
0.8584718358880146
0.21784452395665624
0.6308368838761786
0.6832350234457483
0.4530016063073512
0.5945299945196434
0.10678664400226341
0.351986371832608
0.7679051103360893
0.5265007029560272
0.7031206971550056
0.5772121954140549
0.20394123017714094
0.4077680567982184
0.4391394895185702
0.5925911226560432
0.41411017026280467
0.7718816481186863
0.15064082477208413
0.15545603105814684
0.7779810533780438
0.8614891884840004
0.48632119540332175
0.6649061599911756
0.8972699191904403
0.09889615364006225
0.39422694782110845
0.9712534479711559
0.04646793538830833
0.4295844228117148
0.15543076733371558
0.6070632410900574
0.955521426992486
0.16780052213010202
0.6475056142851413
0.5659645020210775
0.5131022624855307
0.6704598234124828
0.8406255893770642
0.4614657950403123
0.5715903348884026
0.7610121087573709
0.8763203585880706
0.6216339642376791
0.7067609062193676
0.20389574354895001
0.38486762021607457
0.7493081307486271
0.6070527794719907
0.6176128187066031
0.4162863000761246
0.4479347287377998
0.14263697019654847
0.3558037786769636
0.6033704636654128
0.08281434638145233
0.4590221447740219
0.4853092167371011
0.8213518919106617
0.5077559647715435
0.5623468841640277
0.8096058051431598
0.7388364049512552
0.9596673287994513
0.3599089838948037
0.3400720879056633
0.7010711177138809
0.2046248784877601
0.03529668620531015
0.22029012618221844
0.34263930818224353
0.554020159824486
0.42220091031943896
0.12850559469272843
0.3762938221769983
0.705844241358274
0.7556218918414028
0.5208029279905313
0.540017540108133
0.5796497100914073
0.1528137811884991
0.40679533982172567
0.3184123759438772
0.9629566272520974
0.39042749830016626
0.3551397090885835
0.37962183028778196
0.2861493856589981
0.9233649122687821
0.08671731106372266
0.1261587099101416
0.2870053719603285
0.7003276209262222
0.6117210057179738
0.3466828968454884
0.6269188074032653
0.4523101580332893
0.33866481406659327
0.8266090303694396
0.39640655730417435
0.5510793040290717
0.5656108969453484
0.6501703645632255
0.637929302585624
0.9077430044104424
0.18594001272533517
0.2999297760182308
0.5200020674432475
0.7158316142783049
0.4591662128638476
0.8871493449912587
0.5787212506688563
0.6208945649836994
0.7050286522714913
0.5885887834544238
0.7266508194374357
0.6359833764328167
0.6102281061781845
0.5752420524330496
0.502831340707186
0.29295183381850376
0.6659573348827935
0.4890989842053368
0.2578927443717145
0.9467619486359634
0.33377860238530205
0.6269508533092416
0.81499533611562
0.37487515922292375
0.18162560361337504
0.4631676866682759
0.7770427047063055
0.5390482148389413
0.50729118505285
0.5066593181544288
0.9410058072887894
0.32726021012149803
0.32512396768011137
0.5083419298472901
0.6527401652370908
0.6799209908372869
0.6334431185696552
0.5788118171290616
0.13848297745939947
0.17150919585732044
0.22028851409060105
0.703910030173057
0.6726844543929134
0.3136972558197934
0.6202950052045137
0.9009783340447093
0.4852157918008962
0.6159099716777099
0.19295267495043997
0.15074629235815087
0.21607693569729625
0.5234797755874169
0.3797308002555413
0.5778875375220617
0.5377994711873015
0.49852785532689065
0.6693269134318813
0.6008739164655253
0.18744128834986257
0.3908763142715494
0.7575560951844253
0.6071017107759877
0.8835326562228202
0.19520615935696964
0.5360100711088172
0.3911303001215193
0.73481782607546
0.4652408300979434
0.39156192232127174
0.41744871578607623
0.5669071306427507
0.7088806316444912
0.6504852216840467
0.5702351686693832
0.7801707183104232
0.5196525016717385
0.5519128158302745
0.4318603878653894
0.7646547155334666
0.40984179401086074
0.4337176279064442
0.5645058112633825
0.5719931119440245
0.5791142623336855
0.2546270940254336
0.7066503602302061
0.887477852264581
0.18861842720798286
0.6231025053124957
0.6963223178801178
0.37091397183417163
0.26971459427507416
0.5008344285520971
0.2311141578724536
0.8809367037460021
0.49160713431371217
0.7462357362359175
0.7358846264693417
0.6275228368398778
0.6121075032506735
0.3770820268449208
0.3962308119486603
0.1669516908521758
0.6037771848440502
0.5593780524533526
0.4279741855654733
0.22691650448323944
0.5925527818191174
0.42598468676513473
0.7372883768204823
0.17304086667234067
0.590945210783447
0.4690861797558945
0.6839201280635061
0.8378115176071247
0.3780134953844393
0.29635119816355227
0.693563644704849
0.4215764840580027
0.10345821098250901
0.24315290811016207
0.4453005928662623
0.8719366645957581
0.5497743840805396
0.6785994327907341
0.20381875141678085
0.12544410618131163
0.23669720052376042
0.6063660312304334
0.493730703917989
0.6865478755051486
0.7794353615207619
0.26420208576989707
0.8410732704760718
0.4499575247289428
0.42540571725190734
0.5920394363626087
0.5408078953701069
0.5747523049172061
0.4988642203809215
0.8541023173887659
0.44097348707676887
0.687525050170852
0.3340874844155701
0.8321889664823374
0.3807455956384504
0.07755644022055443
0.32325918133809484
0.7130939030794203
0.698098090398175
0.4289688692154039
0.05547209545483366
0.345454765887044
0.7727703307980486
0.7082703926527237
0.41612246828745997
0.4673898764699083
0.6059322482842484
0.3004471618780271
0.8703679997428104
0.6458987243360818
0.9898066447835834
0.07522081321340368
0.4339870905997565
0.5119126664171565
0.6294074164764787
0.3626831797626886
0.31968422227677784
0.38713364450304266
0.7066407916077059
0.8899157668662332
0.30567142894416166
0.8585818006735391
0.2599468694413627
0.17833316402634908
0.6575715866201961
0.5595826418473301
0.2860761289993582
0.4158397471539861
0.37662944546803595
0.6298746932724482
0.1866952405662381
0.25754871159185005
0.3264657135831477
0.6328152216388979
0.37405925873184215
0.6145738831493371
0.2149154500829733
0.0509793852089776
0.37939095834819275
0.908985011532777
0.3541891071393789
0.817694997195425
0.19860150952657404
0.4539430438997888
0.4452115169546682
0.8534171341119257
0.3211601113320966
0.3170273298722155
0.9583922240364768
0.3135328576846433
0.4740552694347699
0.7861407686937112
0.7583963856908755
0.44644581714001996
0.5571458184495998
0.41240337880427225
0.4902177738100756
0.43877137651019193
0.8420065523167068
0.3698462162331191
0.3308239875333179
0.7331270954031056
0.684257611189893
0.3861529694948044
0.7203941156520507
0.5719463052293684
0.8437742601886713
0.568118274912483
0.6355901302548056
0.808101460695104
0.6836635401381771
0.527461252820721
0.4988603827770076
0.49949603786967467
0.33810448668702725
0.9643934872863658
0.09535880426926882
0.20131986456011616
0.4772461499198466
0.9367715513363053
0.03564377859121309
0.4498721290795431
0.6249736298114874
0.5995741571283311
0.38611310123929654
0.39158076063450675
0.7254501322239333
0.43115716971705964
0.567731378827981
0.5449473214628839
0.05158487470922342
0.3116222537940371
0.520535331914019
0.5984944869918729
0.33187680758757854
0.355439159206742
0.1325253149773421
0.5100668979040117
0.7295425117229186
0.3586147299888434
0.4438469192245045
0.7923992561274081
0.35123654542761157
0.37508987488510126
0.4941477484372651
0.421721850969827
0.7966070527515265
0.20271452961642547
0.12746673068993183
0.3656086862346373
0.5380903180549371
0.4874045199574012
0.42914758528671826
0.6735693694271327
0.5285013226645763
0.7495153395404035
0.6298193775808251
0.4256846228355323
0.7767108754045724
0.8885005034523363
0.30716786728450696
0.563954635415413
0.8362631165014964
0.5647845937643923
0.6554171265464744
0.4992911929833911
0.9105035348926218
0.029410878628028377
0.5168855217943211
0.6194859198078773
0.8834582281063843
0.40248414897023355
0.14259859057877083
0.40157111857508526
0.7529048305936117
0.6905260035707657
0.6627004583212166
0.6950751387256966
0.5409960770768336
0.7067644344486685
0.6988620796043856
0.3786593216443157
0.672174699398427
0.34862757047188897
0.25960956608966135
0.8242457496456717
0.3532068977854239
0.6324239623786596
0.8968393601252705
0.14980944563519333
0.2607334966996243
0.14120716181851134
0.6862081109742062
0.9517733910433406
0.14698343202584516
0.16619930306980202
0.49877929026035367
0.5296608965770041
0.3911391142787702
0.43389530866646453
0.6528525259152729
0.3265263908675947
0.9379454277406992
0.2737293380711392
0.4941905663612363
0.564198414118022
0.2571355366875775
0.4722911254637413
0.6842393694114886
0.2782617387810444
0.054289924997986724
0.5362071805307289
0.5905890539335811
0.7849826070024892
0.4585077412034024
0.5166719228146512
0.6668170777590681
0.3747845639915354
0.5772215809837866
0.6033923092456006
0.4085868593681957
0.8625389967248415
0.47072070230842017
0.5258143388296872
0.6925795501925816
0.39973089049506877
0.32095198587704277
0.3276877475847866
0.6858528649818096
0.7029105212967275
0.34021551854574045
0.660186082755615
0.6650164897145449
0.3114089029666009
0.7449334115678267
0.2099213551154849
0.6263163866462085
0.47102372408004994
0.4794115927809707
0.8875484271322652
0.21248595229591344
0.7671856234327545
0.6379550379659058
0.4061044338209339
0.9677091349078932
0.3612050820977167
0.5380504150417155
0.9423231647617816
0.2564092181549913
0.27325009037015624
0.8080173703167789
0.2065807840099877
0.49125899671869316
0.5634145179670494
0.15106627187809946
0.6730235301191301
0.9898886157495224
0.3565369963351338
0.3520518349828579
0.4920974811956022
0.543014060145842
0.614094589747819
0.09880959825597282
0.6160276627367842
0.9110853648606281
0.4764349525314321
0.8519127041130483
0.5223064897143743
0.9576414234544119
0.383497717866902
0.32400621795164863
0.5441347758207836
0.6665188221124998
0.7904749960699478
0.11113618701914159
0.033183897966946
0.4962095474936627
0.7680449067530533
0.7043942505882933
0.6119982749521856
0.9309327104252723
0.5277846417538309
0.6209356098659922
0.575286473519374
0.7564370438220056
0.22298608827507604
0.06454572700301378
0.3575451945810367
0.6963312459366733
0.9097600052599057
0.23707972519461226
0.8422805406659599
0.7961830639331777
0.6949397465546437
0.4139388995256579
0.7999780734987467
0.39765609178065553
0.6629543332605141
0.3526997391729392
0.6553165766444804
0.6522016539088866
0.5120692928203249
0.5525614239807554
0.7626574263958071
0.4148805348425472
0.6056460713283944
0.701601895391706
0.6384181773090849
0.6374480699047453
0.3431872229947615
0.5744053674304358
0.501846817784803
0.7636435748487073
0.07979091965835954
0.19722994834848614
0.46069280421678055
0.8124731731380235
0.8927406777783151
0.31032279479851865
0.6744448916765479
0.15927599008548132
0.44072119787529973
0.1796393254714346
0.7293923621225966
0.6434323659246008
0.9207899326255344
0.13759360759553224
0.3956726711304632
0.8344614503633898
0.6051427179362083
0.8010482214400382
0.20344081300237182
0.48073868453046154
0.8723575946144098
0.17138452324261264
0.6347060784316942
0.6837399845493349
0.1205667135467785
0.41722311432714126
0.5172331353376034
0.842512114238969
0.27973154575378567
0.5393899920384597
0.7482819938080626
0.26463128584571244
0.49402636851578896
0.47683326704060464
0.3317585600587569
0.7128604534733706
0.16344456181654798
0.2774006962489669
0.3432852256823422
0.5523145253857096
0.21465835572888628
0.42774343495562367
0.8954443665880574
0.058717094591818245
0.3954761462364048
0.42184646275330295
0.7505150920701295
0.3489356288992002
0.36612453402105605
0.21135276616756066
0.34232079498569923
0.9768493419618873
0.38373285272938285
0.2934949817661081
0.9576903153286188
0.07026775886579538
0.2688899425260162
0.9334836666184869
0.3633034566777158
0.44694454016291507
0.5776676670776508
0.29516857533858987
0.14515002478046424
0.3576454624500529
0.8904654504227734
0.1921289584775681
0.42046156349010255
0.652885862235479
0.5790675092836248
0.8265979432420362
0.48194201369309286
0.5714488633815736
0.735419484082011
0.19830346470622975
0.19447407341945724
0.13610399676808252
0.5490123976801063
0.9741048142483792
0.21742628118106802
0.09750794630939737
0.2863948987819292
0.3438915089876271
0.8943007992859784
0.3773508542797711
0.6417481531038962
0.6558399995080607
0.4530528148292332
0.15014904967339887
0.5137266151952566
0.7424713307402827
0.5551662310544914
0.8635638199895931
0.31877589582325594
0.6974749395540503
0.35624135793478706
0.8941531853889648
0.5922216491834755
0.7624523208799018
0.26316538420628477
0.6768293842462184
0.2642271914714105
0.4328091993616262
0.7048480383693494
0.47311770154703203
0.4411867914516109
0.9380839307657409
0.41354898186464206
0.39800849237181524
0.20200928242354627
0.6569177290747878
0.6600051380922294
0.5434359160395469
0.9816232031927721
0.23101195301049549
0.4433711960116292
0.503642592435251
0.6247140508481465
0.6440143641461797
0.38345013364179514
0.8599315941437965
0.05062891014971909
0.09390185326420902
0.6757747931303695
0.8510616746739983
0.03021903960509139
0.454319216231838
0.4701102469828672
0.5810098249800005
0.5529535036196599
0.145456541763526
0.3476726431670374
0.6123936306353058
0.8725366824436971
0.31593585042681216
0.6013202594373417
0.6661582376151288
0.6229175506229924
0.18926115148977857
0.4061213918943173
0.4829201988239294
0.5723124798893456
0.7405528673816746
0.10331418686551931
0.5309101942659873
0.7481540159569486
0.4618651238460536
0.7209627539512249
0.7118739231389121
0.29664214072461453
0.0653437093996419
0.3986670912755651
0.6580019296375653
0.4479974648133405
0.7216800290360341
0.5882938881972489
0.3312582454976886
0.34499839786986675
0.2725154867435011
0.6365866714314438
0.712960023572889
0.7048286365777644
0.13954560981254685
0.048687794671897586
0.09938076217904979
0.7143814500510122
0.7394985635534972
0.21119452944430334
0.1121635474744849
0.48600755972150866
0.4328534469365668
0.7718978500871199
0.5861593077744998
0.5976819887043248
0.3962803701947873
0.7392533371874407
0.7490925500862452
0.13558911800451845
0.18099746109862286
0.4965015446695352
0.6100275874633938
0.5667437227838095
0.5229051678632002
0.4845109387112456
0.430343144251212
0.7280081875589602
0.8264188000377894
0.4644849459377617
0.7595479080619112
0.055495524045611984
0.28794642253526836
0.47403405056179937
0.9032855185400888
0.38982186353496345
0.18464619877344846
0.2854671547005384
0.5866610466861089
0.560408321653644
0.18578902653808538
0.4723084543387266
0.7990969555732474
0.43189440811235724
0.9340069919467655
0.5280872967374646
0.6214418012200379
0.5890980196809338
0.6589761014096928
0.7516540066499927
0.4962963220322168
0.9195395712629876
0.6513965431595259
0.6296269279442783
0.15450702696016486
0.5718807581319242
0.9821498241896222
0.2773423155594458
0.45070341665445124
0.5657854716766686
0.7221204279831561
0.47455762362128406
0.8789827162445445
0.2863696561751637
0.4693519711790348
0.443658146943073
0.6669648782608438
0.1833000535229458
0.1776792661792958
0.7438469872328355
0.6606930106576818
0.7315649486000823
0.4222163607051046
0.5148945265315896
0.6309698684472053
0.6724283495226917
0.5910067610687654
0.6589183222570153
0.6892235494518341
0.2193079688521122
0.12376175110464287
0.4649358265826321
0.6648039480710327
0.334737952783995
0.7502830867469876
0.680589418548531
0.8230113819897883
0.29894061249763315
0.24334764021495883
0.37222741485192185
0.3978236252748071
0.6013657001852041
0.2704208303837762
0.35205215347039964
0.22101993016923582
0.6644681882099474
0.7492830825358333
0.2111193288993945
0.701562787688702
0.7437956407853427
0.365183160650941
0.7863053875765025
0.5164271271703325
0.5832026496059833
0.5287038859732119
0.7908793473257264
0.3285107517477051
0.3553922391129003
0.5537302792891802
0.4505127359492882
0.82425576941066
0.03312538032871668
0.06202521418137813
0.16037285828584932
0.6471279072563076
0.8522644877499356
0.3532314632540297
0.6225198526238134
0.9149282560618183
0.0782532621343345
0.051137934537847485
0.3816387600853762
0.6200806535618845
0.8554108947751704
0.02326960759929835
0.45227903039775286
0.2996141040301702
0.6520964453250815
0.35860592093168014
0.8898911849999922
0.4167823153803788
0.3070011903883154
0.6881346740348407
0.0968059842902082
0.6003155826434425
0.8573044297904902
0.13238319761845105
0.46506171620734094
0.7391831731642509
0.43429776265125253
0.6621639825864368
0.30666724050794547
0.09865293626051477
0.38757685020624766
0.7987921525376197
0.47456415555111303
0.8893335343114885
0.45186083703461966
0.6609223233374822
0.09616863945786236
0.3784777140607989
0.8044811379240215
0.273003372315959
0.8420658559628523
0.11959438499655452
0.4752183640246834
0.825702847864487
0.47152189327338667
0.7129876585876054
0.808270883553081
0.24650395662227953
0.9118893626886132
0.18152365780204419
0.22007384464002644
0.6746583495638871
0.580634462551351
0.6338799267053988
0.10968567585942789
0.5397558225300655
0.5866036582446429
0.24978914755302256
0.28089630944018595
0.314738600764582
0.9270486343498858
0.11042336400439505
0.23222013888853676
0.541867869326113
0.9115294899605085
0.4052570840504497
0.6567790302382112
0.6119951483550814
0.5751724928341454
0.4213703715068054
0.5545126144854235
0.933739133750173
0.24178649776191144
0.1635199315752301
0.20486807156031056
0.74147760014992
0.9466558399762217
0.33667794945295737
0.34201693174466524
0.6963555539857569
0.9306474594649317
0.2719131691633857
0.23515837723304556
0.7960375319094801
0.7592002529015967
0.6027069709417552
0.8605472443121598
0.2319089344690936
0.3699084204035621
0.8000012430922969
0.6275401724030412
0.6702624767988656
0.0177506150662214
0.4431748284954109
0.5008965471193702
0.5263763346312399
0.5884442374467095
0.38574891645359866
0.0323259436738539
0.501379290651478
0.6837948215703393
0.9725602167773877
0.35553367434349026
0.6562138113666733
0.7168636421609988
0.5340673740575658
0.8317553411304778
0.5450528813366571
0.5126367599142543
0.624113780303888
0.340475514606692
0.8170177735607078
0.7098193783617582
0.6487100180943527
0.5717786938228135
0.951617125121857
0.23966141764348733
0.19872982917398813
0.5261090713686593
0.6831577339638794
0.36724490827742734
0.746187827734844
0.3874390366654075
0.9497035978172292
0.23776913259671653
0.39380311482265157
0.9090993207953064
0.025223657286382536
0.19965554574773808
0.12972829462798754
0.3620999917783097
0.8881842021809478
0.20001438960523665
0.4534466908737409
0.9883296323306097
0.0901304046113649
0.3096648261156311
0.45529480248032206
0.7340000077031805
0.8977625721917647
0.08994562530726227
0.6351682377085995
0.5866798823598228
0.20749615877359517
0.7911696877080351
0.5539098420641863
0.5330103692370243
0.6572730220208614
0.32698381950747
0.8439791879754661
0.6275774736145475
0.8247772756711116
0.44864922761960957
0.9469536790951346
0.4319132549799711
0.30892368256829894
0.6211263701043195
0.5404422041751604
0.5130185257549014
0.801328565088082
0.1545406216011953
0.31405408997838147
0.7658954871299057
0.5268911338942376
0.5226308553964545
0.6315673201086139
0.43126464555530575
0.1782463523845199
0.1676125376163109
0.5448191979523669
0.7923670326272003
0.29808634382807814
0.2583927103161115
0.7884632342322684
0.6149995677305485
0.7217833946930589
0.3626113977334996
0.3149396842588782
0.8471675658496075
0.28505254532542873
0.4846921757777103
0.5804308588667808
0.7523470430677663
0.7239756070800107
0.4997108825205092
0.5628190289691074
0.46809964110429575
0.825582772409994
0.2978991187559073
0.5165766668592956
0.6019696790086391
0.37131648693205166
0.6094194508471975
0.27896222246163915
0.2966655830838737
0.6379279529404449
0.6107430027257436
0.8528524165956042
0.41804288861600014
0.4644095780197879
0.7536255380549852
0.4729233693974675
0.6387839189291513
0.23183225349194414
0.3802564645054715
0.3448427748106859
0.6390641578139895
0.9725397412671221
0.07275849984162629
0.12545719766545338
0.5776009061849898
0.8404336294819568
0.45430797181721566
0.7189239556447485
0.5623381382858017
0.5297231723839646
0.6958552075754896
0.5756695731164648
0.38839374928418574
0.3553793178651609
0.8511926818778326
0.28629326159296925
0.5408772192759501
0.9082007684434901
0.635508256477899
0.8468092528932178
0.3317698614897992
0.8234412530674442
0.5105430729958652
0.7528396987568037
0.7965289372338
0.7292688105248473
0.44109167054216086
0.8313838238433835
0.5650952455195717
0.5562708923248593
0.06728338973528339
0.17957752391166049
0.4811511822521295
0.8154859752946501
0.4281304503478467
0.6193495602375098
0.27244646023423685
0.7270630811351996
0.44905481006102854
0.808435179786127
0.49307592749076623
0.696593383408771
0.8978130898372416
0.5415623481870292
0.6668915432652716
0.2052697559757481
0.6856199146723492
0.5909578764757526
0.06959386446227284
0.24124638747233457
0.27275712271512115
0.6124060228174966
0.7519099025910833
0.3137801232787119
0.4024952065947884
0.7572600221573025
0.6265518985291795
0.5559752853037909
0.5842830557076247
0.6298770428266212
0.5691949455147385
0.3074042802642779
0.18546103193508368
0.24939841966580772
0.47127644294078735
0.648730950230171
0.8982957091871056
0.39285257747573654
0.8825022769162976
0.44022016119736845
0.4480697270602577
0.8107150017305707
0.3801513585335351
0.7228321505958486
0.5764313548389718
0.28279988641828424
0.3066878165294414
0.8588722541112856
0.5857573145593978
0.8327885745903962
0.6153336358512136
0.80441678766621
0.4870149578957971
0.844577951701879
0.44347036040971544
0.6263684542303165
0.5907625737194763
0.4837174799252376
0.3864444460088951
0.6231370368608802
0.43485523177027524
0.16197973041284508
0.36868258208928106
0.3617889898186768
0.6038868178927743
0.25775177056059306
0.1777975070584157
0.5482774272476274
0.7712890318390148
0.4961787878113156
0.6089582422158288
0.695116060531016
0.33841304197320127
0.5247672915329096
0.5698121660065671
0.26177980534927664
0.6067284914644097
0.2107061879532272
0.12215215299830999
0.42604000861855523
0.6554267688186683
0.10277783042398873
0.44256318468540873
0.4873582756412628
0.6218888863615538
0.6405958441199537
0.9831649102015618
0.1862167413611921
0.24463875076248964
0.34987801939960317
0.6679842353395686
0.41099003660545735
0.29322848909525245
0.70578654406691
0.4782876443273184
0.5555320328847516
0.5667373899847243
0.956556028100775
0.5280293242756557
0.7750799320933396
0.5667177052201321
0.7737436149505585
0.5974552967322886
0.6335210161760592
0.5505302256721776
0.9159849725258274
0.2641496725549002
0.46255403529008
0.7592834137128023
0.2706336026851144
0.40195239973219055
0.32864674788700987
0.9330679756106881
0.23183722719587804
0.5188724446471887
0.8338375243290864
0.5995851628389528
0.6530131881715674
0.8786609123525448
0.4187513896232651
0.49894840837463317
0.7933087161138361
0.5366417884006116
0.7895984707092776
0.15716207213532196
0.8299102263140544
0.7104674525490551
0.5332808859196037
0.37894720208805455
0.5164782747030054
0.3978811195485309
0.5558531391568752
0.052827377200245815
0.16232981716277142
0.6085908790421064
0.8002991407310404
0.634834771424208
0.8088954359474623
0.5008882482845671
0.7507403877826829
0.5075918450335221
0.9100769334957295
0.4484305270908686
0.6064329664306267
0.3555408102893834
0.49090854820939633
0.4800566803529535
0.5701677810485875
0.7279663608157697
0.959519720564362
0.19401096658342265
0.7735320028474902
0.8333390604806286
0.15981382998827515
0.4231224262506253
0.7760076269098628
0.30375824352861547
0.35573140306520357
0.6001536329969273
0.8788892131489479
0.22460645867080864
0.6032669995420687
0.587967659214814
0.6263806400075156
0.6397500844947529
0.13636230704149038
0.0725148792554779
0.5819117553481462
0.5655278635641627
0.3642595658831895
0.9008188562010886
0.3526359740605629
0.7495650249153305
0.7948380871791165
0.30373244919237957
0.5525409194605131
0.24828784145977784
0.49103686747523767
0.38196801464117247
0.7594684254031296
0.0944572893070812
0.3504999720081929
0.7197816409645743
0.5694779422113906
0.33090283083404337
0.6024932583117567
0.08536047522084075
0.23291795742286298
0.4760293238753288
0.8568556333766474
0.5956643472579823
0.7086402978748009
0.16608867169006505
0.3332240710972191
0.6689062058759793
0.134601991576997
0.1414085524518704
0.586230129031685
0.6730814082006408
0.18196919737616374
0.20127142226030892
0.23678307539286136
0.7036395648526717
0.48834893042213007
0.38908299644029737
0.8061785001610227
0.22348207927584773
0.2156064632106885
0.5341019983032883
0.7557013150383736
0.7122341470035511
0.729263830656607
0.7966777866826679
0.19845608669177364
0.48065240981974555
0.6281119408342541
0.2401586288079421
0.34554302169939555
0.9316540820999659
0.5462701107934341
0.7320945685239783
0.5955680652822399
0.9494002087277662
0.3582438683870841
0.7934727882641054
0.6189296096121247
0.6670761350391194
0.6057184486384066
0.2648018756906674
0.15354857820109086
0.445993841406707
0.6369820017570594
0.5760342916761221
0.6163962645875821
0.31185504729266483
0.5692934418836109
0.6258036813429355
0.6141699024270345
0.5704920548145872
0.5459236799206376
0.5501652032244875
0.6005301501106449
0.4018369255095862
0.2833479188711047
0.27029742270824836
0.6310035231571858
0.35705174548475577
0.8079027158406911
0.7176759585315936
0.6139018763796935
0.6569573738585548
0.23532636694357512
0.11091461763355401
0.12474614313858806
0.43596919310514354
0.8886541437360607
0.210494272771872
0.13825619902842062
0.4079500148507154
0.6235743845887615
0.49278028696080634
0.7922062873271529
0.1466856375618697
0.5330695349658954
0.624079825133941
0.5990959959242041
0.9704650671838364
0.1512496400808847
0.31629310256355925
0.456172785634891
0.31139000657365573
0.7614949288408097
0.29609647083074575
0.22196646366349534
0.4024972992129816
0.5629245890555088
0.722740751719378
0.30709452294187234
0.7455091321821843
0.15927977621860023
0.8071374256862365
0.4507512530486576
0.6591199472333772
0.2750831033833905
0.4517529729618364
0.8049126263565565
0.5895611503800607
0.35400468488821696
0.9833632019647041
0.36317058997799995
0.21717891799826827
0.369118728971504
0.8503674370997337
0.3948075985717704
0.6259377987504554
0.2390229812980648
0.31123754391358865
0.8685989048170999
0.2706342366237404
0.6164818843445228
0.3024941202952933
0.46075916116387194
0.6539754705342278
0.37866664351322565
0.7194742499157825
0.5725746205499351
0.5003077498759542
0.8253008336193807
0.48549425199577256
0.8691446479507243
0.25171611174292613
0.2770354831865502
0.5212864150721359
0.5356055292661566
0.6882446414838681
0.041932392771351766
0.3690190734268009
0.3215314266161195
0.6975360264742263
0.7052737330355656
0.5912725235783751
0.5577987288761574
0.2803491535979545
0.5527569638998449
0.8870976804743039
0.4480337086366851
0.6746675987643085
0.4326174620335716
0.24762935703182076
0.24557852661597263
0.713963830856463
0.5841952003788246
0.15971957491080238
0.3907540153878374
0.6013696200829856
0.5037055836109554
0.7248638760997224
0.5509807857327764
0.9441704335670755
0.18352949059052714
0.5269477163238447
0.8571465225708806
0.20524801066417106
0.028195780103585553
0.4490859915229676
0.7713775112497132
0.7981465893650548
0.25786003562654763
0.3993381893174428
0.6215588643923429
0.3430181228309156
0.6727822949908052
0.5809000080931859
0.5677944964030803
0.5975435819689422
0.35356276747503623
0.1307510619506349
0.5892308813920455
0.6844954412085824
0.6329726022129214
0.7728873999212937
0.3163783453112535
0.755444523858573
0.6313804413657907
0.289100597798456
0.46788676438152493
0.710007575173679
0.8888424506868559
0.47410779470382325
0.6044299318820704
0.7572156781799688
0.27279712822008784
0.6607966570559033
0.05291779675287829
0.32327380306700365
0.4778385637076954
0.8872926502266842
0.6927630278060519
0.7427118890740116
0.14402707447851157
0.4889719697901582
0.23526308091522005
0.6362424143241333
0.22924395128345276
0.8917156805858205
0.34475883673400737
0.38948304733005296
0.7824163896903094
0.44837047511441547
0.41330683860901146
0.4327899199705262
0.7833709054291284
0.5717971571723155
0.4661356496683694
0.6446112980139048
0.808235298487191
0.6359680895699404
0.5951414953372041
0.016480521344643912
0.02710145548010112
0.36488727833515866
0.38055192695256856
0.8374599620414638
0.09892306670395093
0.26600430517046847
0.39403545968627895
0.5788875763200272
0.8385821888918403
0.43351072476783054
0.592052234405825
0.42521836448544686
0.7038374865435685
0.7039186615094641
0.24857126552007686
0.7413019145819417
0.7760290862044531
0.7244376849410537
0.18564524891890466
0.7262409236633109
0.5423805153605002
0.8591983746755569
0.666422962410621
0.8626725761167817
0.4733479044396419
0.6088628799776721
0.41520804082505514
0.4879166166551312
0.7250546561080884
0.27486273818124984
0.6855678427070782
0.26616498126995514
0.3632888837100286
0.8712735458091508
0.23815569145973725
0.29946552653843095
0.4798007140420949
0.7605574902327126
0.49308703929936226
0.517865498293187
0.4400639593701603
0.6658724338218848
0.3552901302512894
0.49576037706680876
0.9396937835763866
0.23180385646441354
0.9554347276692825
0.3247843071098071
0.7163356891079528
0.6308142215733974
0.5435199907147739
0.4080151124448089
0.7614969800490075
0.3858309080354956
0.12875884931484685
0.6835749961497806
0.6507124924504362
0.24150707961407
0.3479952986269508
0.7924594337656006
0.1610267292743866
0.5368766566034829
0.9090328978516815
0.20831872414525598
0.22340960272318183
0.46382261921448176
0.6710882423814913
0.7088908757423424
0.8334944622210468
0.536033934560717
0.5253850862578493
0.6039581815849252
0.3744734211395533
0.8740108439001585
0.26739258121278286
0.59960576917877
0.7800451363081623
0.31893853007116113
0.7786865226730358
0.46690503476249223
0.7084563393521062
0.9536194021432294
0.40243022458463795
0.36880204738960576
0.8094067953750985
0.45553233130378623
0.32987285350289025
0.9657721107215843
0.46141566086153785
0.32789156825025645
0.4937975653500026
0.5810682278121377
0.43966386032855426
0.5435166706036341
0.859699123336099
0.3493487554778957
0.9714784814508659
0.37837025183595596
0.22727139638874144
0.5986053572943836
0.4944328084533808
0.5407808662650946
0.23501759936129688
0.20024466403017485
0.6223522210612786
0.8169600840000519
0.7420102007187832
0.4706762050835192
0.6419931300807524
0.822561595237762
0.19379421932388227
0.6576658602161928
0.7730588819415056
0.5107519267515614
0.5532133203184582
0.6848807284406851
0.9155850048537264
0.4081353028953213
0.579145305283409
0.8719500088065135
0.12442752928074693
0.42852846225732905
0.9240863870431129
0.20792405233454292
0.9480422492631857
0.3333919123294145
0.5876009502906813
0.4669605928104019
0.662166579295145
0.6662611673388197
0.5415179999748977
0.37376418824578184
0.9630922808264077
0.20935700552734798
0.6280138762859081
0.6043230222237628
0.13275244331454533
0.5569665498824894
0.6261378621404589
0.6841835597390462
0.7035066190122448
0.5328516156021701
0.816364947461562
0.5648495418894139
0.5423267944433511
0.6145130177646123
0.7219378500159985
0.43664857544910735
0.5379082520734216
0.5418393944401485
0.5862906183449644
0.07896734900360848
0.4748193135007422
0.36530739930803724
0.82080236904701
0.5907093030954705
0.6990467579497799
0.7471927604326765
0.8749259116233987
0.48678975423367943
0.24421087545896697
0.8509136263399073
0.4147174882190126
0.9769434361108401
0.0895845004557595
0.3233516758885893
0.7402847393235386
0.7507835469641999
0.2052380734879974
0.5937232251208152
0.48241503119444423
0.812973606246511
0.43156461122986434
0.69540710809061
0.23155607193944158
0.8108373176907439
0.2699861460054188
0.6314343239284304
0.9621656477448723
0.436614267500335
0.45671114826356074
0.6137295344171529
0.6081506554623568
0.6548046922529532
0.7044808624088359
0.6363462347582041
0.21157475517758648
0.5639991653258146
0.690897620383385
0.41047410809461415
0.5703746766872341
0.23401872883745412
0.3760086034412728
0.6014366342930882
0.19639565610629942
0.7600492066404538
0.5008981590944174
0.8615548423997503
0.40366370239475946
0.5921277963505871
0.5195203988994452
0.6847539927030339
0.71188782835672
0.5982792555174888
0.38218011613704733
0.2049016676206203
0.19509151123335286
0.5675685647419363
0.5134119012656935
0.6561842423137659
0.23955982260478695
0.5752102283474043
0.6284764282995849
0.1478833190701208
0.4968657832650223
0.7585176591287481
0.29765781512229933
0.31546809056347325
0.3129021800177639
0.49104394355511793
0.5548603103834481
0.1416276667517167
0.5130728919047123
0.510099380134664
0.7290828994980868
0.08145249050504039
0.39402430401977906
0.3129963223860973
0.8869103539990368
0.11470850485817628
0.4786160847407186
0.517761485688157
0.3890769385077867
0.8255031234718524
0.3232808041548517
0.36038076324202317
0.8572501612496668
0.2419830773274682
0.3557525483495862
0.9145419870777753
0.4688021660456361
0.30467017584281114
0.6211993653855487
0.761021554889799
0.01979618713224462
0.10695547683610065
0.19680066265831198
0.33071868098630874
0.8381804957197281
0.21816819574952925
0.4665399523978278
0.40507361826001564
0.7023566816936173
0.7547088026074741
0.4999970099045694
0.3116499760533124
0.8141001452826148
0.3739692867608655
0.3865154014807438
0.6175675912310123
0.4261418160061219
0.7362170970398622
0.4748446613316808
0.7937429702827012
0.37634430427963683
0.5689929707591864
0.4833889533960688
0.8557471186941581
0.6761354803083417
0.9563091190024158
0.2379557042589069
0.25611419817099285
0.7681130355202237
0.7203818230702839
0.6553299505108237
0.37156357588062494
0.5308244651253465
0.921556948423158
0.13942009117382217
0.8428940490399655
0.6383299327024892
0.6129481658955886
0.7293830654578659
0.5138293886239507
0.8698141921383462
0.6730955883498511
0.5496449452964446
0.3837799506433398
0.32655250326869334
0.27302600455837717
0.6692832659929588
0.49251110684388
0.6186002501471418
0.4855669475644283
0.8789819376609083
0.36784783860881887
0.6173753288566965
0.9686287599310578
0.08883631383230685
0.36883118817612476
0.5538298664695235
0.5363723673728278
0.6098721267995306
0.38291000642299766
0.5779504612204908
0.22665506301419566
0.5210185037519474
0.7019246878377061
0.5633300266045298
0.08994618149428733
0.3997594299209162
0.23635121028689815
0.6704154859820288
0.687651729985164
0.3185194879747946
0.6209693711003441
0.06067896395114751
0.19941255925178175
0.5402593201866964
0.5268137616133943
0.6381482910040654
0.15866536280762378
0.7258670496993678
0.9012156901857571
0.04237521092430349
0.2274275753128707
0.5026393433980821
0.4604705776929843
0.9727519216401076
0.36386453690638937
0.2459697019340228
0.5668287466312094
0.6806470182057813
0.21774391803741844
0.6826963851683858
0.538729760005284
0.8602756447163386
0.20474121113974864
0.4744408859462758
0.5973404249977284
0.17558041466905525
0.581955542335023
0.6867442661445513
0.6518735364570466
0.8570957924053983
0.461349875465499
0.24287362561595283
0.676340461057541
0.1325952929853325
0.24748509537984942
0.8225593271880293
0.7361958057764391
0.6643095067694499
0.7691265353692021
0.7608104324991181
0.838987124485787
0.31698705726587645
0.5438652445816134
0.7174243958405344
0.20994228905990608
0.3852075252648758
0.6396519536359038
0.3182160338118868
0.6465146015961148
0.6607005193423048
0.5788429630200691
0.7403131456606971
0.7182366859249767
0.747463076655277
0.07726630027656745
0.18366331190228094
0.523518773122664
0.6034090230801608
0.9745952837686733
0.12543545936350478
0.22132827760566165
0.4765291952572325
0.4682071355483216
0.6921858303129664
0.5965911358746833
0.6407053279541768
0.27985125087566765
0.5178421162700674
0.6050454215375718
0.3944779159469467
0.4345344141104206
0.44103161604881286
0.7094052146636385
0.17814480289941856
0.2637305141577492
0.496881002021729
0.8111422900138352
0.2615764596555437
0.2932427001689858
0.45010452571399645
0.3829132697491779
0.9348926215163693
0.3864719509350336
0.25417058784530244
0.1144148478687064
0.3397384740716334
0.6439879102973768
0.21835571733464482
0.3824518546397718
0.9170189409379326
0.028313793579810995
0.13239882924377566
0.571076004877277
0.905426358855951
0.1548552986661958
0.6632749233108838
0.694355234743642
0.47366268389271654
0.7161971512078805
0.5707730412601362
0.4370211466423504
0.4049188271626123
0.9421903467443775
0.6271862295455073
0.9195173671636461
0.5482162219549053
0.8257093507729334
0.3984380175137956
0.9021495643192119
0.31845316820399633
0.18812346858882495
0.26332830382794836
0.4724100907046849
0.5115351491330031
0.6586244961905383
0.7984368588987907
0.4621656721793891
0.6006718141708287
0.6635098615508636
0.20291403386569284
0.8696190577523164
0.6501531749913648
0.7616703702497459
0.3796653695108185
0.5210731783064064
0.9523987472654509
0.030763016329863224
0.4790470207469308
0.42712560470699623
0.6950858855460194
0.5622779847379094
0.816004769221157
0.2717672799362866
0.5082777585384481
0.43506016352135746
0.5439976635134073
0.12130102801454345
0.5829046832198073
0.86178984014569
0.40577532844839914
0.54460062541858
0.8390447356032225
0.5276899704682726
0.6849075441988258
0.466965544781486
0.6111891203504336
0.4190372075830868
0.6930716593022266
0.03894674699398475
0.28908508189575655
0.3920700936440027
0.45952500887118786
0.8345177169081643
0.5805014588549321
0.8240424603498744
0.5248643451962272
0.8140240478174544
0.5978948573760982
0.6332457230624371
0.6974798350005664
0.5746212023644045
0.5186952681789584
0.27035249247972026
0.753556200390592
0.3389449755175905
0.44375305464860654
0.6692859529955255
0.3833821450787005
0.5879437995216056
0.8173494120597257
0.4808704100697305
0.9231557532556512
0.3240967144077818
0.6459903620670124
0.5761596701554145
0.3029293863733759
0.2717561989370794
0.7061901867438414
0.2726032166753568
0.519394265002717
0.4203611142968853
0.6452584893144311
0.3778777163360833
0.490055538269833
0.5684423656852304
0.11431412606259525
0.42635261425827686
0.49616858995933033
0.7860556431140948
0.4672345701087985
0.506932874684961
0.4623530118386872
0.7697426182080566
0.13956030497733002
0.26624810590279446
0.4313294333424489
0.6466505782941423
0.9555567803461571
0.24299561364174038
0.508852375531298
0.7615050844573572
0.5102060699495082
0.708240373191753
0.26219851326495247
0.6243689158531951
0.8423061206018077
0.3144642630435123
0.5018816749026891
0.596062075269528
0.5901249427223042
0.6380604371330525
0.44021106995915193
0.7845893834055718
0.08502993345298532
0.2777008638955611
0.6919596398444232
0.5649481884912224
0.4688328644519903
0.26340838358424085
0.3859752133528156
0.6372242945657901
0.26935564423895725
0.5087520023073909
0.49876903739959444
0.8444538964050192
0.23005400392683362
0.520825442992185
0.5432683987169569
0.4777497693463247
0.8028518617748868
0.24887484742232233
0.8248626743894353
0.4491725023948907
0.3680969378592659
0.8481199497276254
0.4500988548007473
0.5743159269312794
0.5200853786499796
0.5714495823094549
0.771672510989651
0.5534742184930652
0.5910884436018357
0.42762720885359745
0.11409807653493345
0.5443524499166721
0.4532439268109003
0.9302188294866867
0.3242677415541512
0.7442718981951115
0.30500587969516924
0.596357204073058
0.21177155100298073
0.2818516022968837
0.4718783884602814
0.6980696238544084
0.3170960917641952
0.5809880425028544
0.30654232865502107
0.3969845049001336
0.5798809738467382
0.743138792908387
0.8313936227374018
0.08847833688708885
0.5371287525582087
0.7075103516203929
0.7805429562108022
0.2214246346645044
0.44867090334683296
0.9289385774969285
0.012676795948597698
0.08930937715070542
0.3393667316804313
0.41969946807459174
0.5777675248181742
0.29439975339573415
0.08253644550359637
0.5522474975424548
0.6560217981414048
0.7289505024522182
0.8189382375001982
0.3523459746770141
0.8416555815402018
0.17410087020128048
0.1606665905129227
0.5185091092505694
0.590495180397923
0.7640472154346603
0.4834648464160844
0.7540883937720559
0.10291219952717229
0.2062613033779581
0.623909746158387
0.7469854236809127
0.38868765473248856
0.5615343140074855
0.7868880799161398
0.5182280698404216
0.5745968073311077
0.30271576105888565
0.6847456781165913
0.5261621350105801
0.6871453407805531
0.5630269713658331
0.6506798019502109
0.6027355104241099
0.41715440354534905
0.8813986967226642
0.6536541323203566
0.8699352743193356
0.27084179064979014
0.7436887050594854
0.21783605334841302
0.461309465663199
0.6849090065289367
0.42427698047807694
0.8081899121719084
0.30070922813513773
0.2953014471167814
0.4693639981754582
0.7038883852317575
0.4076473595688516
0.3442070911420419
0.27671852548258713
0.43792458807829093
0.9125287061771634
0.21152697713026503
0.3755305616286053
0.8245930600553717
0.30054903494865354
0.7713980638406697
0.299274808471171
0.34593334939019105
0.7509198993324614
0.015943145081935374
0.15630795806570727
0.4576398438892993
0.5902317119641797
0.9587751517114953
0.018576303109207618
0.26861517620009445
0.40659466484273554
0.4435258905779652
0.6442466238551853
0.3569505744936742
0.30165970217215277
0.7019034252369178
0.143635073619553
0.5139618907428787
0.8579327461366608
0.340488353369941
0.309166823601499
0.805759993422872
0.3846984394751572
0.4394934973794943
0.8889707832130405
0.1272792283584075
0.38246085482294934
0.8157635638745846
0.4903225217149859
0.32322399986196443
0.84445081922165
0.48200560745736254
0.3453753730756308
0.5575691079749115
0.42582210849620167
0.8439215543711706
0.4905197253824283
0.7099854140119777
0.3064383334463669
0.5550992150897277
0.18799041229780664
0.20029348867206498
0.2998580265862358
0.83345204771866
0.4319796291587191
0.75889964802167
0.4688607817988796
0.5703329139835042
0.4711624209580274
0.5342554482789942
0.18773325732620103
0.6735726614928379
0.7507351182677631
0.18547539135762975
0.5247337206777789
0.5114996606570014
0.2899954685101513
0.767379576795675
0.43808090162259433
0.16961884792821413
0.14676276472427882
0.6138912069782476
0.7135895098863516
0.03687893028205497
0.38338047178132073
0.3618420640378022
0.6178586714837435
0.40851528179655694
0.4256770245895324
0.7063363670698121
0.09866302869296285
0.3871220619845807
0.480043843239985
0.6226775618317751
0.0904625779417429
0.5789965636238462
0.7092669946245602
0.43152315702996735
0.2393899545211784
0.5188118785611262
0.650468902366182
0.5970916957013753
0.05379652278405337
0.3147199230354689
0.5322500131466501
0.40574155614745594
0.9215633197144986
0.373631762103526
0.48354094851885887
0.3592760203680804
0.8344187051492393
0.08635942222465484
0.6159890239133704
0.7771011779157686
0.3687769901402854
0.5697927423884888
0.13644132340981174
0.058894383401356325
0.3847867349550306
0.34992505708734717
0.6713706535797677
0.44362213177344795
0.4410153502026195
0.47032420099552513
0.7821611466229728
0.7948464197824596
0.42646515530240214
0.5759774093305176
0.5754790672937607
0.13336242227360723
0.7784661391674139
0.6453800458327857
0.6390404380775221
0.6914238552091195
0.44744960075669865
0.16684084433127844
0.5402352741354076
0.5660449215404343
0.5526986622083571
0.5539555218434412
0.5158097267891285
0.49797203940967427
0.6035429125003489
0.16271746863507902
0.5273240023981889
0.6312733233444621
0.747596114784689
0.530679420098694
0.8000858328168938
0.1926858438841508
0.7399130121243406
0.9769612116329056
0.20087380623872703
0.28004077397513183
0.686538453815542
0.6292971089532989
0.7738513964356839
0.24971544603068516
0.34943181300047843
0.8001746664238918
0.8375741421761398
0.4642506608933657
0.8647797910580215
0.38261715021471115
0.8835696403794906
0.33413611188379816
0.11102649313698046
0.40460545031837747
0.8700414501883201
0.47525202201912414
0.30188808801234046
0.6011705509051505
0.6615089432300056
0.9051046650506873
0.5838365968453332
0.8778092553862511
0.5840948709799603
0.8950644862004736
0.25109867949512177
0.420430500828336
0.45534157972304645
0.8281711566095205
0.4098601372838002
0.7415077809924232
0.5153217562164512
0.7942324468267741
0.07385141098262862
0.5599550884948155
0.6833963651595781
0.8152120888260206
0.9230362683385
0.6446737651552865
0.7340911835510374
0.09837570189580347
0.3428915421517775
0.8452646122964712
0.802360080232936
0.7448151935275291
0.7579038930366083
0.5246260321193678
0.6593904804754956
0.11165391429216576
0.2928614458339364
0.7469680087117017
0.5947672589484726
0.5963288283154966
0.4262116559740451
0.4903693326564718
0.6255697598212979
0.5165566450639104
0.3631969169687893
0.9016138176816255
0.23993758418543254
0.4599447052120475
0.4331375462820296
0.7243240715429489
0.8909954550044314
0.41909834227573084
0.16717922601379775
0.1422572629212548
0.58195267519022
0.712239015978499
0.7035541381210286
0.6267094087413068
0.4708602911799452
0.441580126040533
0.5477391877377511
0.308699931424943
0.2664800036352543
0.4028997775114622
0.7975637433723527
0.4406507556270132
0.06639240288408901
0.26070246660147817
0.4501393903827933
0.7588804061445067
0.4078712449919565
0.21128446981082
0.48838051206030964
0.5923195151716436
0.026738071907274792
0.09137867155478965
0.2579848142565744
0.44673997403188026
0.6766589953315699
0.24865146771043797
0.31471741391189656
0.7543092670915186
0.708304480764827
0.5548039088728609
0.7428049929014459
0.85768295806316
0.18449237041361316
0.1322168622479634
0.4750825150575121
0.6948881547814311
0.5460462191177013
0.7884379555092297
0.39552119343422754
0.23256125589037296
0.8349954369254965
0.15937401063492168
0.5857345421597921
0.6985609719102518
0.3936236357599493
0.5957866797061419
0.3743086536429821
0.19263604208168594
0.7257113530297042
0.5973604636498367
0.1752589906723115
0.5797294418306406
0.8564920578476758
0.4766782562742541
0.6615074250853629
0.425444136497913
0.0808145580021328
0.38387462924347027
0.7805048295873951
0.6298357085496554
0.19831870595537163
0.545147178389642
0.5408004889745791
0.6823282765241065
0.9376057873141492
0.04130334959257539
0.4103014078414342
0.28761488849560285
0.45175435606823905
0.7022361497025931
0.389242285139046
0.45010499960639216
0.617368118190502
0.6049499642606152
0.5284329089474319
0.9232096160982743
0.4749091444272728
0.26318506559607185
0.9100077136731703
0.29289718231891293
0.453223807425238
0.8098144765056763
0.44131215160753634
0.7798151302724652
0.10357866927519588
0.35454245203530377
0.436126261278605
0.6196611621181914
0.7073914827118605
0.3461927677845768
0.6745043510930475
0.842813630114827
0.1356157561968001
0.33619545816905094
0.17595223310986757
0.5763552259064071
0.7337874946463574
0.4072001024536321
0.6196568259375654
0.6215576060643491
0.5656690106766593
0.3712198038651067
0.4149906556278732
0.7132260214819968
0.7332806564468224
0.5813116903466526
0.8298469712472111
0.4887477023916665
0.5574072513116183
0.6972328333166611
0.36590569735014244
0.7224819975523789
0.40428249171799
0.5467205863141585
0.3451793186835379
0.4266755665484371
0.5937392030420918
0.14806511676211345
0.1751228804066391
0.2763536950197124
0.4416621022554305
0.8445028518229283
0.5020114281822287
0.8243119545312934
0.3771918018820778
0.7590207584491757
0.7243168377162275
0.35743547459638275
0.6080122168200006
0.5761122070597127
0.39236339282080474
0.37869154511543124
0.6580727546711349
0.4401743598227236
0.834946438743851
0.4981504318906803
0.7922575775313113
0.2233921186478337
0.7886808961759186
0.335803277179281
0.8190006395480364
0.29839942364783195
0.23498143740153796
0.47955810541150296
0.4560290737084023
0.6128478608082744
0.043643750713373106
0.4335857661091752
0.47771772082671793
0.7498437076685024
0.6376430934524298
0.38159536004297223
0.3333333750777789
0.8225431513767405
0.2739487679707767
0.4462894148563792
0.525298428068186
0.41723732731670155
0.6768176447586859
0.3431535815082342
0.8814609042553732
0.2500949764042989
0.4994555937188657
0.7728629544253587
0.4342028652312114
0.5963595083011617
0.9642431461383223
0.3531001591575198
0.5062803117569294
0.9100950189248473
0.43189328636880475
0.8137910316669019
0.2060133586022052
0.229281544099029
0.7201259383737542
0.4386577846608994
0.5765423355055503
0.5013362917963864
0.6926249416528052
0.9280952855904152
0.3088326960357668
0.7019706608696741
0.41856244110818314
0.6553977720182758
0.2642634470672129
0.22712618664119838
0.34900148272570797
0.45010584922362623
0.847151207303624
0.1648487365559278
0.2730996237016471
0.8024777353401447
0.36089033882500937
0.2314452410774126
0.43440237263356135
0.875795559171778
0.7995852376517766
0.5973872096260532
0.494149518923765
0.6989497287930686
0.2267218288537942
0.12205003897898187
0.7636960272850998
0.6157160510934125
0.3432468429107132
0.6788018449861479
0.8880801198036424
0.36583209214632456
0.4024785135629562
0.5541398145390436
0.564823779849637
0.809058139779465
0.30739214781326374
0.8270840328398357
0.3882019749826319
0.2587606625763962
0.37824871980029207
0.3986064639182357
0.9299757161383475
0.47773512551539044
0.5205613840100298
0.5739032007107328
0.2880887433473062
0.5030903579219653
0.6934341477035049
0.2689194399194827
0.2066087732317199
0.5440060876550474
0.7830139733668167
0.23406990591147908
0.48359970295857396
0.9390111789493798
0.44390931777551235
0.5503667547502784
0.39718069823265867
0.765095348548481
0.06904953022571479
0.36834372351956973
0.14668655760539834
0.5532682473448438
0.7230519191793671
0.33800292832829837
0.413171713239532
0.43053711443341786
0.4134478281799505
0.5600414405062656
0.22461574174454896
0.5643748994247937
0.8654230467296662
0.320491708928116
0.25412399384781215
0.864195959640909
0.35488840665821036
0.2780249781933606
0.671034768756044
0.12158233796677426
0.3931832209018464
0.2025030246143741
0.5509563477945885
0.7624777759798564
0.4469203329315146
0.06770750210233574
0.158146712153064
0.6148609538971719
