0.6354088746267836
0.3590563585682908
0.2716944733383982
0.0909441635387677
0.4180212206244625
0.6563372593667921
0.4888059255841211
0.5906221165501375
0.5669780968334397
0.5495713947813099
0.5667064875057397
0.7545706900261244
0.6070262715753554
0.47898670510982555
0.8874682219061161
0.41344989376044117
0.7083815841413317
0.2672472836266995
0.23371457584979205
0.6912318339449613
0.6705585723621492
0.5020054519328447
0.5590303267557412
0.5324378703668237
0.6075455054278073
0.018223176809393636
0.07855857558624584
0.3186422529582226
0.7606075096774689
0.9001032557782356
0.1279108212239031
0.4550748935649044
0.5274446364080487
0.43865480514116045
0.11631637172439457
0.8763333903382149
0.4513286302646846
0.6666257626650113
0.4497953291522049
0.5652590419929588
0.9701847420801037
0.5327826361163153
0.10912705133078146
0.5122785915145104
0.6076519196366662
0.6967330273385919
0.5803351090160598
0.1933682156257751
0.3760828019326332
0.6377633637627691
0.4034766263326309
0.882343149701978
0.3347096057021831
0.5623569850194424
0.22997886931888437
0.1289813214831984
0.8900011449354847
0.6411959486559877
0.6841733372535115
0.2333240895718412
0.6879030519922829
0.9020189198279229
0.3582675817716716
0.6949379515083443
0.28627336487300586
0.3021247455734743
0.4828949228095837
0.30032373634872
0.661500374380158
0.6308095710213956
0.6954641656869012
0.7255058595503951
0.6034624348560398
0.8388388391320662
0.29770608540396293
0.4601488727510502
0.4110261083100906
0.31490978264941494
0.4412655253118478
0.8365161781137237
0.4632295519074333
0.9610553569813185
0.17565511885201318
0.15042545457168344
0.16138443895093144
0.7510348191877652
0.4121748747940254
0.6009608231272581
0.13722596977438623
0.5424886905940891
0.5757625140299103
0.6739796756672187
0.6120521055648702
0.38002828708145386
0.45829146546048255
0.8117653484260716
0.44839697670011314
0.4751863235285817
0.8405930765501588
0.34453436232166323
0.34898958374391925
0.5073031508319304
0.6264338965614271
0.6144560176832422
0.8549186212548472
0.16301656926220148
0.42033619027433855
0.6469678694621422
0.14581685182669687
0.5841815273317631
0.42090798934357254
0.9320453161141102
0.27855567781894036
0.5511997997903251
0.15628563095552575
0.12441176974059083
0.34111694481988974
0.32316790684267444
0.7292855722915351
0.0205028664267992
0.1332349814098819
0.6090528989634422
0.43971571509621793
0.7494611235988708
0.6653086348644526
0.6992587863455769
0.5819490714519281
0.7410449597857601
0.39471536672827306
0.8992327238736413
0.16855737843658308
0.461712693497194
0.5560500816173585
0.17819962397074204
0.3158991973168837
0.8209883185133843
0.5080068312316607
0.3757724904920293
0.6343774194885196
0.9336457962545084
0.07743150420978183
0.13584359997979312
0.5713389928317185
0.6007980306300894
0.431023016893956
0.7346017495943669
0.6968439450372113
0.4394632024884755
0.45962402321150764
0.8982607707234592
0.12028766748209209
0.661163373482347
0.7134182837464456
0.4899132194670871
0.2224048589854929
0.4919840934536186
0.5789388544986378
0.6966132475000283
0.5664973003613669
0.5805514258790226
0.8484691870693913
0.1413092753682239
0.5159019378468467
0.6098497968908837
0.7123600219308779
0.6437217535767892
0.18446242045880165
0.21005125971235314
0.22076595769572743
0.4674448366426589
0.820349578146986
0.49250994316863295
0.5643174576149845
0.43585821019868515
0.6505876305712555
0.48837663198895065
0.5573668385964139
0.6887666141978119
0.7813206845907263
0.512530141328688
0.5326720733182471
0.4164608857289048
0.5105498583114401
0.7001339635126334
0.29805272721515613
0.38902027802464395
0.3199148479494085
0.8163332705364175
0.39197890540385105
0.3057991685007706
0.6047010681759756
0.5433660781137285
0.17980585947082509
0.25037685066415727
0.6026599164552973
0.35927523188238863
0.6839061405537363
0.39940345386450504
0.8127080189736771
0.6062127612632695
0.9132513854717965
0.34063877773378537
0.2097361109042798
0.7095453291902099
0.558271009664417
0.572477039973424
0.42417789506116765
0.6168238568260641
0.17455419471015374
0.4749363529801369
0.8938899122382035
0.2527661792439333
0.8236125382278676
0.5358420893927173
0.9613476027215526
0.494832332785533
0.7370449598120645
0.8734861150806315
0.22127658366357106
0.7540661513432195
0.8534500279402333
0.34628008310654146
0.49772252376940723
0.3056847436097011
0.6630205619374026
0.5513665559898354
0.3356794365037804
0.4639727099825679
0.3095555992777286
0.1601973096500092
0.5603347500399867
0.6071752497189081
0.9391836255350305
0.4122865604509669
0.869275961868526
0.7144002418915287
0.5226409237430829
0.09681151433664195
0.4509243828762101
0.08017621098112304
0.30506127847456804
0.5017364375351072
0.550363103824238
0.4054542933913331
0.8509256859899608
0.8025838099285446
0.7360723360628902
0.4893855301701926
0.5056233494162715
0.4883452076363731
0.4433695193187642
0.11764690216971918
0.6648929596737938
0.5039771753085165
0.4898548353407727
0.5490524824796406
0.41168687770761003
0.5118059604385842
0.049080788834396885
0.536360315361188
0.3318489006564983
0.46620334151115195
0.42753338853849643
0.7161327264638806
0.9189923339604948
0.49782000201613674
0.5784190513881937
0.5031544044687941
0.5773132103449947
0.9293631210108317
0.20042340401773207
0.38378303282230697
0.5550974940858981
0.33874732430677446
0.233881502208362
0.5668110447296484
0.7875664407204597
0.48090160582975006
0.5164777384619051
0.22189705510245405
0.9893336482190944
0.2100515409099511
0.48746671157018095
0.5293085128939657
0.2718049828084472
0.6840836454574128
0.18059742007371074
0.6611569848152326
0.48644531103968364
0.6784793866220371
0.9034063350698183
0.46264375462994056
0.7245780877997869
0.49129886544250306
0.22126178345263048
0.7787400601232005
0.2858901445325624
0.896191428215225
0.37531566609971834
0.5541809989895912
0.2125019378302079
0.6958158109981377
0.5719769523535949
0.6746154814279259
0.8858356962749347
0.3120872321898396
0.0497096232502483
0.4278032303097308
0.6713216453752126
0.5816170459633331
0.5414074798327665
0.4012103206083157
0.5849907466503088
0.4899770853715766
0.5068378695081267
0.22528364097250625
0.189660119968018
0.8304860424724246
0.2952693705433147
0.7115131727616701
0.7037618011820741
0.44743400277348544
0.3505094940303516
0.5712485677026005
0.31850798489713744
0.7990588266162106
0.5090008917605594
0.6664664013371431
0.7602703829471276
0.6032436580957835
0.49298643599454717
0.19925718586283575
0.2859124542222229
0.6062136619578766
0.7668339653911316
0.425569047240544
0.5162079305442728
0.4735910925130346
0.45906030206930815
0.5848803046170734
0.23475507973328133
0.7993815997381277
0.5163395859334716
0.41083374309787885
0.47361387973885083
0.5012898626776366
0.17283547961151136
0.660687292789659
0.7246382585242961
0.8659808135052066
0.8198584153638564
0.7838137333877797
0.9196621873861448
0.46633578739227866
0.6920032557361808
0.3391339393735393
0.42757538517065136
0.47069998650276973
0.440778907450843
0.44405121956128973
0.5737363799766988
0.48326346407053733
0.7648481990672056
0.5465636893979646
0.5694688744418621
0.16617543695716028
0.49446334062468067
0.6914649523559726
0.29233290753319324
0.5296060504368014
0.39057814598994706
0.30670977496446444
0.6714691253627314
0.26817718504134697
0.5884020847461331
0.6456107542055947
0.778306991353723
0.6382575487086214
0.5150095160436835
0.5454881711611987
0.5849280309842831
0.47030065408062355
0.7274447150048167
0.3693002360755025
0.39202020299556534
0.7583768416578229
0.7099727598732761
0.2667378232204469
0.45087392265510173
0.5540760296456919
0.16932979540086318
0.5410196998740562
0.7980319551788599
0.27922557837020096
0.6516171200946368
0.7633923734168193
0.39595683017846234
0.7588430037655682
0.9039032117103369
0.2940383748406615
0.6546834534106422
0.5309003775299928
0.47821843476898035
0.19046551310110227
0.36856245886320455
0.48832426124918815
0.12686904449773914
0.25689333084575416
0.8355168219160531
0.06371656407354985
0.21357943106605326
0.4613658223933001
0.4541498120089216
0.6028233558627273
0.5773146863067257
0.36707729920817345
0.4592558598737773
0.36833763456982466
0.2014186103342075
0.5084155775532984
0.6537656033657399
0.5688029126700587
0.5610107777062564
0.16342540517180984
0.047722922787352164
0.25811694801794355
0.45899214363577395
0.8535140474474943
0.15457687117001234
0.3396111918506225
0.09150285510311434
0.6170568319484422
0.650546479839259
0.28110727826262155
0.6128887236384275
0.7292630251390533
0.44388723236154703
0.28087949451053823
0.16509845430144193
0.3283788036166622
0.7659331675087694
0.17746635494170523
0.946933592668848
0.33546904945893274
0.37308927593552554
0.9042985117333121
0.3073872881655279
0.9781030905453367
0.5365519775067437
0.06953671323501405
0.385950383540562
0.3587982482377965
0.4215267019864862
0.5315370556166215
0.6369007446920054
0.2457625464939433
0.19662294764892224
0.5142617807266859
0.8713963182048408
0.2827805545676012
0.10055399814880793
0.6878900201636629
0.5926505808270244
0.33342696534839916
0.3241076544466531
0.7208276528049593
0.2989285840902922
0.6834443920170199
0.3597328702253332
0.34595566568230796
0.4468189982848355
0.46298805189015635
0.4360845875660761
0.17318336569983256
0.8307542496019984
0.729204053257881
0.3128959941924827
0.6331931746109871
0.24745530361248436
0.23361120970644106
0.43591155624144273
0.6603718305080839
0.698674487105055
0.7648039252870217
0.5975339980409573
0.38428333073816545
0.12571737101334418
0.48785649034404666
0.3480424767272908
0.4829790846526701
0.6464840015428872
0.4833507524820306
0.5618699991508658
0.45971524387813884
0.741950937715357
0.41913954019776245
0.15165635500871977
0.5600728016048984
0.5068096878999152
0.5119023161034914
0.45405898414536416
0.5178239453588347
0.40846587982602117
0.2838381587942459
0.5980402747988424
0.8933343421619011
0.47118826777191425
0.8000406272760692
0.07491742567704865
0.2461025211710887
0.9560391531032649
0.2866429308501299
0.3341696164560089
0.17747372638217182
0.7663133594839171
0.8613864380759411
0.274385851131734
0.32369545952342305
0.2412765356224069
0.4428069680568042
0.629857087151754
0.23041684601900675
0.783883801470296
0.6418624080286411
0.6731311888739677
0.28701047708576655
0.4251271939682918
0.7557807781062066
0.779578510498598
0.5528512236261136
0.8540957144988925
0.6648684926457498
0.5879424992886385
0.6518474204989411
0.5215042828558784
0.2869677827686248
0.8474773734647107
0.49490338441869464
0.6668392146115221
0.19606530373243986
0.25424332309220404
0.878457605192012
0.21487353306083515
0.549293029038424
0.39576947017247127
0.9095824798493966
0.3744195134344316
0.49093657193340784
0.415278733077287
0.6653224837114444
0.08892409195950852
0.3447023895326776
0.22182729921146987
0.4733626513453643
0.49484831753602
0.7977896041871588
0.22519653472402534
0.507065473451327
0.33601831667168836
0.5094767894350005
0.5167070293435638
0.4666780916295027
0.6520235821737334
0.6477912603015438
0.604607498869588
0.8524257979534064
0.3653175843050025
0.4056133569450531
0.4348500054106562
0.4909747923339145
0.8977901184055007
0.39356996005350203
0.5387051544362673
0.7445787193031148
0.622144050503658
0.49969109383295013
0.5761779199232129
0.5485631085262164
0.6806468964940198
0.5285200333806399
0.42808908359983905
0.40851672602623634
0.32256761931594025
0.3983782777495228
0.40731731670701016
0.5451188800721016
0.7874107376108179
0.6330523171356257
0.7670231232726643
0.9105435920811569
0.005539934730940539
0.08292790746542018
0.5936871904769576
0.5847917330193054
0.9056865815698627
0.2225211287374846
0.6175202014023772
0.8643155494612962
0.5032797846473093
0.44213637213877816
0.39549123696863947
0.5018595960585893
0.1860231609792531
0.43867576326322494
0.48751200219949664
0.43893041733114435
0.7649317883708171
0.7566867366928265
0.48025111223340833
0.6594451822981363
0.4554171246287546
0.5390498587327401
0.6099643088043525
0.599112705555914
0.2968091459556681
0.46554016133586323
0.5618159923708734
0.8060371213281878
0.8551778963494295
0.5445952072947683
0.6794951780904528
0.7123903126848858
0.5492890882775385
0.6278305696243467
0.722190578604101
0.21286863859466784
0.7050206392508362
0.6671675214630911
0.5631066893367739
0.42847595357675655
0.31204169275395655
0.9177760022385879
0.33142452822603596
0.4948440395135917
0.7225470425995189
0.2775691739300546
0.8084985908076918
0.3722085637469093
0.38009858485181613
0.7631163675372228
0.30115780247525054
0.40242806004
0.53197247589947
0.1403624451181814
0.45421809466713536
0.4889550109380081
0.3670830020207199
0.6893050422473017
0.6065136671101257
0.5797698262976847
0.3090304229798195
0.6235833643530885
0.6652330252700698
0.7029688899109288
0.08594568216111872
0.29395866277730914
0.7431785264808364
0.5200829255357124
0.3812290289430505
0.8685722392504187
0.3477903906462325
0.9742999465158284
0.09227570090361156
0.25565872152185004
0.7870249873938502
0.15618934365164666
0.26801520670095125
0.2988948045185096
0.6342216459539554
0.5105303838390371
0.49372316168034014
0.686887867495928
0.512994061170182
0.557938724760778
0.8613756780537449
0.3660070874069871
0.12874108905520518
0.2577543635636952
0.9666500064530383
0.558243002121622
0.6934204970430411
0.9789575622412362
0.10836960426363862
0.3389899209922358
0.8016462215561659
0.6170419227238114
0.8900278242550301
0.267540608914556
0.3291767916395194
0.5812219141958267
0.5959529852368344
0.6660878783150511
0.2280803187061575
0.6495704656690764
0.4045202062086673
0.638172513704308
0.6474704783615791
0.631820544642055
0.7912675546456763
0.18491856815372945
0.028362588154929372
0.36221231764823175
0.7934108188813261
0.9059320910989159
0.3186397810969241
0.5195531636404196
0.5146594331091171
0.44156405083222194
0.6014374594995977
0.19128961808272596
0.47509978888496573
0.6306089998011868
0.6981729961846148
0.6274974974234346
0.5245129734225806
0.6400332972198082
0.33986089073084785
0.3604018389721809
0.43367649911709644
0.432804945817665
0.6185904045556251
0.6974957892854676
0.5533445004453065
0.5738439177168353
0.5633028597134709
0.46530113662045514
0.4260749203290877
0.5768581108723914
0.7404278186391837
0.4870547133595555
0.551740612817899
0.37773110702353735
0.5088804742898052
0.45119448238797333
0.9121123317921813
0.6241302913224184
0.49817022036098685
0.7945542699701249
0.39486969945627837
0.8288245939388339
0.4073766943168656
0.314207988122245
0.8299129448948475
0.5351263002246268
0.8377461825673348
0.529713046471438
0.6801257068052171
0.21218588691636295
0.08463102799465608
0.5905211113307537
0.5006265617043044
0.48607464963157987
0.9716156779087455
0.4685506172725452
0.4901675132239875
0.15858863992112712
0.39956542433965125
0.9738616101397011
0.1754593452781652
0.31799536567785414
0.8860157243798423
0.21047310760421103
0.6292883596931717
0.8723314760027416
0.30959748192264713
0.7373439409447533
0.28113834096012197
0.6135731581404584
0.267245951133097
0.3275569614685682
0.18017624158278664
0.4418844490509851
0.21710621976833805
0.9222193039150813
0.48837526835680467
0.3055278535595768
0.5821495640987827
0.14551740401414287
0.39832650513768364
0.5450620670363723
0.4388409662166101
0.35701048447448824
0.3701902706619874
0.31775893304759445
0.8168874353647722
0.4929928507365518
0.49897486368914634
0.4790019405792602
0.4491876720335544
0.5467789019488705
0.5662170009094385
0.5489704951870652
0.30286840828402267
0.6503664160634843
0.2661790677679567
0.7201747883291059
0.458642452075803
0.41798221094899496
0.7019909760571977
0.5799291208405217
0.23232323086079587
0.7751157818940259
0.15078419912585608
0.3413095541600422
0.29154771851336053
0.7575799738441151
0.17640004895689163
0.3523942708053436
0.674555114174801
0.6564618988071257
0.35233732618840813
0.08540259730171179
0.491551617724999
0.5280623271771422
0.3662188995842719
0.6777855504835808
0.574816900877969
0.4826964104336375
0.40387053013384444
0.5794722698330239
0.6100040222408719
0.5134809592224383
0.2545203159359739
0.45031999379538284
0.3412659354542719
0.5105176916774412
0.4106575103986817
0.24779895410521127
0.6915438421955411
0.3751509171417113
0.38286258430033293
0.1966313377348068
0.8071395733397683
0.6023974609833253
0.619377674012425
0.44069859504967285
0.460342374164271
0.5598184766791912
0.27173279196929856
0.44326647172052625
0.5841080647164013
0.4627944398091253
0.536427038025314
0.5237918694361169
0.2041045628029864
0.367879024160624
0.6872041419033051
0.2317651190255192
0.42954616938250756
0.3650394308995539
0.4919613045169282
0.4099416848656757
0.4810482384582282
0.7928660353461741
0.8248390238636176
0.5356009516548543
0.37476204951188075
0.8859705305171824
0.5074607054949484
0.396926991018058
0.1768098431360158
0.42328515314880033
0.6975214332323112
0.4322503093816615
0.691310090036475
0.47756885917851555
0.7382476055196181
0.6794404603434588
0.5942906820377242
0.6456425617306888
0.20637777290553252
0.41665035809135514
0.5575534868038508
0.7194188155605756
0.5691019485200508
0.6530708003613972
0.37230689471436573
0.8442593787596221
0.5378479190629832
0.45794919314582366
0.3406026413384704
0.18374716786397433
0.44657366512452695
0.6473444025439132
0.8119173156082637
0.6308274155371536
0.9276231914821527
0.5395707169404644
0.30372981385063963
0.4938096217000525
0.08445023953164854
0.6686492963643242
0.46774563893505205
0.19090222850985034
0.3185592655947565
0.49288336087832313
0.25274375745386723
0.5613938006545596
0.4244196769180034
0.7206347350071317
0.47832929222576953
0.656308491589119
0.704428856657481
0.20634924309868918
0.823320834150636
0.09823821774246629
0.3921736187344433
0.7720166697848121
0.09304758019362568
0.2802212368312066
0.5325366401579856
0.39713221666231235
0.5995099048704867
0.4939108139243614
0.922396584680739
0.2959995752488293
0.7103632743726118
0.7879969070431454
0.7792863366525833
0.9009407166068109
0.3810925985385792
0.3290786266561707
0.44896667452508
0.4173038261533244
0.9684664492298904
0.3611673015668505
0.6573797396688499
0.7576622315985924
0.4550691420521646
0.45103637176943084
0.4204083272209248
0.2857337362363376
0.6682652594988832
0.6812235529251998
0.5913213905784371
0.09489602221439707
0.5311493014634179
0.43110392757541816
0.34102198351583446
0.5004273643565588
0.44046247531993155
0.6055336133428789
0.5648136952336407
0.6441164804082848
0.42861915607411205
0.4648738445796511
0.3619574411393234
0.526673439898165
0.2187188609559588
0.34727652421950056
0.8030144616409431
0.5871408788513273
0.8617204076422319
0.6216592350568643
0.8042805941439215
0.31051222601882955
0.5092023413699622
0.4301225295012149
0.6816345845047203
0.40321476344732443
0.8490614857879581
0.24331389904649642
0.5483863562194005
0.6830929490199296
0.8832495504583667
0.48093460515437
0.38704237242543704
0.46503413310585584
0.575838468385674
0.7741784091930083
0.818567238424474
0.5774604539168355
0.25427963703591666
0.559115917915448
0.18367688185286984
0.48780561391614474
0.7089995767818787
0.4957874386114711
0.7385935698264463
0.4863905080537154
0.08036696476503169
0.5727404280515234
0.5461556901183015
0.36184275320574294
0.547739961165906
0.4497639352468129
0.76548242540022
0.4615883373127338
0.6305410259290049
0.8838375394721637
0.629843095169738
0.4712504688620432
0.702580433865559
0.8444856139097325
0.5500456503607493
0.7993641965475078
0.3776116819965967
0.26082384179108375
0.45068618358461543
0.5061666610410233
0.5408903240139817
0.39252528807281145
0.6214546956069498
0.3128827438168865
0.49678891339563824
0.2142868682056429
0.5165451652701922
0.5483540417026481
0.695253557696394
0.8054791887645524
0.7650792268672074
0.8386748971847233
0.5281565215154123
0.3395298490782305
0.19714779373437535
0.3752382594757301
0.5609083986559806
0.08849783500478148
0.11248991940561262
0.19799578052835076
0.7223941271075179
0.9234944104365655
0.11811323902629935
0.3619316219768718
0.7225195659969634
0.3173523775398954
0.8877805455341632
0.6128279156224208
0.6526693010042175
0.7931674038825859
0.2452164878502847
0.5914838560536345
0.3429909046872582
0.09099130851051154
0.3663629637658927
0.8789237760270012
0.2890882300226656
0.632170253966172
0.21280096979086763
0.41553606654300823
0.2809486812406934
0.4168715054312481
0.5351975542014734
0.028917857593911755
0.046034926748494395
0.6325501190069489
0.5651641139533679
0.9754417956298304
0.5233928327125801
0.6055520824561353
0.49640679239978136
0.39108452233929003
0.24664938755388155
0.6716197506142485
0.5798385190433548
0.5063016565028455
0.8071171256901403
0.5758159513881056
0.8728667983626903
0.6624202248028068
0.8430399123784318
0.4505108060272527
0.3453108634014507
0.7584677417732031
0.11148883936988446
0.7089915862762322
0.6735073687164238
0.5250542490391574
0.6325719466331055
0.43664253794945324
0.8879831258836959
0.3213876044888784
0.45676702152408194
0.5888703919442604
0.6430624349329429
0.3980286082006912
0.49276059950961815
0.3297222751614929
0.7554328121409217
0.36335963178895436
0.8301064424368307
0.3869165462428926
0.05068027855501015
0.5564452968020651
0.7444313884685279
0.5189037037654148
0.6631715544256003
0.8301810797398218
0.17496796320060432
0.3313308572950056
0.856045570209899
0.6737949343895384
0.7012287548065093
0.565696313230774
0.3601431896072369
0.8335223943616064
0.5606478916560107
0.9011106178840098
0.41480340406381483
0.6252172437186347
0.5090400516859894
0.5218260771357109
0.48180689085650574
0.8268607789863661
0.28546318225130585
0.8271934123027536
0.028811039399455503
0.5999488568730986
0.44174513769562673
0.5621966232601971
0.5107177611367432
0.4353942080135406
0.8357312546698333
0.5694418152136806
0.18637353339766483
0.6565350763812896
0.8238431561704523
0.5423461992703185
0.7341038597275764
0.5037930347975967
0.5947201059377833
0.7608817221426616
0.30109879267263895
0.6861547592098745
0.47754635137689355
0.5067102478821662
0.49736982872324037
0.4081531070901008
0.8032669951023632
0.6093624180131564
0.36780500985878267
0.6709665366677058
0.19235731513276938
0.02414803388478578
0.5420207534869973
0.6314447789712117
0.8253004786155584
0.1395383386303568
0.7030660691845083
0.6274535895610169
0.2896358171212725
0.2618828644475459
0.3924726276440486
0.5641488952492223
0.9315886503838751
0.02292726296796594
0.18022004765303004
0.2631178816745211
0.40675774095065537
0.8576981167260955
0.537425360700737
0.5760869337059072
0.5965544471461368
0.3402191520041645
0.985064541951123
0.16876333873933846
0.4452521300908171
0.5857171136126449
0.6027307278314229
0.745999519425646
0.5566777223382673
0.8603974460618957
0.3398682480721864
0.5276466575788986
0.27502260941916634
0.9918026267213434
0.4586922514446084
0.40089435825515496
0.5081506747844902
0.7991139994672665
0.4285006454948972
0.2740240525291936
0.6751537407203048
0.6179691235240478
0.11489984880976584
0.19693486521645115
0.6504997531181733
0.683462278386586
0.5088953903259245
0.4947041068690502
0.8964074220042799
0.7403621084965488
0.9843584385377051
0.14909769732631373
0.16436279903135254
0.6845149887409743
0.6756876996321294
0.4383612939202445
0.36543974210718827
0.7072181953347165
0.5331146997639343
0.7130394358762934
0.22316167488545868
0.745850042468411
0.6532310073695686
0.46286054861806436
0.3255895172512243
0.34620848305170443
0.24546145048480622
0.5018210064581401
0.15969952610585408
0.039425622367490434
0.13068174746801198
0.5448185819022222
0.48715247963186853
0.11890673626784573
0.3724298016136134
0.8217067278673059
0.293666730333041
0.05125127147154718
0.510983993622608
0.6879656396114346
0.7131409227152483
0.7899787023035371
0.22420910892285573
0.2800966130364661
0.9341472594576128
0.5482570126879971
0.31902566773344604
0.8696982874143893
0.598481111153727
0.8130993384604628
0.30508459207972655
0.28944709719723816
0.6451547401258674
0.49653229102689633
0.7390686598609556
0.6868795709363535
0.6205794488841516
0.05822580923350534
0.40060210714248873
0.28766062525579017
0.4711413037310809
0.5910297072466902
0.45501554898510527
0.3114174757004544
0.38639015364102525
0.6404750093051216
0.4641645660297875
0.7992662504701205
0.37125941233046234
0.46335617605218815
0.9082340235134869
0.5432955031361952
0.4286310601628989
0.7006061374926736
0.5190997077527308
0.8239512056438427
0.02971513478103548
0.12004922273621442
0.5067200515600274
0.5802157831067397
0.07212500217297012
0.4502606450961727
0.882274103354171
0.08160501236879245
0.11454634607081407
0.34102492305752213
0.6336326740730023
0.9938431304375726
0.5159066139971696
0.17696942589946116
0.21394957237093826
0.5552016272175637
0.8032419814079106
0.6362264404321615
0.6037631536753498
0.3679090988615524
0.8396452398407594
0.4266928656001102
0.6758074851446004
0.47100137287166827
0.2873985687328301
0.8864917088190887
0.1755806655359091
0.604923472896308
0.5999805325781207
0.504791680810821
0.9292377684034253
0.2687524703706469
0.49581993620896414
0.490477905408934
0.48929950077530243
0.46657623890260014
0.5118233307478552
0.16451926251512905
0.2169302236087547
0.4878901376559687
0.6168771473031782
0.6589907993376956
0.7700412686754565
0.40650305341121973
0.7106195310224617
0.7837458063516896
0.2643190241729356
0.31952857684469516
0.6108650463658332
0.3567556284054898
0.6364127624589534
0.5563754653726334
0.9382165287486683
0.48154758543659626
0.6751001187909462
0.7780719371359986
0.3996219604136499
0.9344537871849754
0.11799982130334778
0.2129547966988165
0.43093792720996693
0.4165514381607209
0.6294154213901205
0.449612591219948
0.6504249619930096
0.8614889744783976
0.5432393753985356
0.8628964087596227
0.7822325759842642
0.559367908054587
0.3927367998021331
0.6721116691129903
0.609874574441383
0.5990487055976252
0.5349498452199031
0.8964604385614372
0.20292787416874453
0.2598696751171595
0.8937571877466386
0.11185393956389482
0.6118286345236954
0.8562643454636026
0.25490490873857763
0.3285507839472048
0.8500677599417166
0.3908454832921545
0.3653445504211509
0.6517530540750232
0.4136294895420829
0.7702723553032487
0.4675561449625352
0.6860674583075
0.5362863616379858
0.6767793331051891
0.7767022405315883
0.4863371906046315
0.5777892927527187
0.2799731469483491
0.6106436830306101
0.448632469284118
0.5292301511029234
0.6172238412467966
0.7747378157654989
0.48213759287435515
0.4310207749568894
0.6301935868425641
0.7280105757076387
0.6147349737974905
0.5977192334247017
0.9369437273210712
0.4744802357369331
0.6556141828035895
0.33109526631551206
0.5367373413223296
0.42558498453032767
0.6316645550696836
0.7575275073038178
0.6495535541220756
0.33383911985196424
0.8686608172570806
0.5351396850103518
0.48214491960607253
0.23336594556121676
0.60001670972665
0.27170961951956146
0.17322148164474271
0.8561687814012331
0.6683369366889406
0.8255947043886511
0.52108127313769
0.40055028756604716
0.39583778647044
0.5438969908621278
0.3303674291041031
0.5566353619213195
0.3146344513380767
0.45108275905064726
0.14735016309579174
0.5459601600276707
0.1998873977172229
0.6578265857084011
0.476078684952465
0.1265016707435788
0.7337049015727695
0.5778784589928323
0.2062753563287492
0.5755094691806416
0.12789867890405388
0.489275780943214
0.6887600434018815
0.34775116563125935
0.49835475389130135
0.7420870119256855
0.03826322335397625
0.10318702607561815
0.12708995590036967
0.7687457034071887
0.5963806314428454
0.21015240125323287
0.8177602368415506
0.7258911390728797
0.7178959260417646
0.4216062901275884
0.5477376495950704
0.552746595266891
0.9263719826286527
0.26626378994519356
0.24925840389275228
0.7667593424674141
0.10824759831893166
0.5559562113277938
0.6156216501263472
0.655503174000039
0.08969828948997738
0.5657665579200164
0.8330714792005147
0.6473330318669777
0.8060074621204829
0.7799934172840544
0.4819857455695744
0.4195881997520522
0.822113476268625
0.8631440756547355
0.5990345315201882
0.5770956524720932
0.424033607286476
0.3835558054827218
0.7921557283337523
0.09511743688908103
0.12145645663701862
0.46772739337549185
0.4921223488437554
0.6377154470044353
0.6959936626933462
0.5433263937833586
0.04298062883364176
0.19771273284041282
0.7264543594495485
0.5506720104650205
0.5629122302078109
0.4350372215895477
0.45220569117390164
0.24488863473669706
0.5365446115617301
0.03369534493734348
0.2732532161801372
0.5574115174752201
0.8511292829071082
0.7369981931108358
0.5072847295909851
0.42866201783762015
0.07979495858640362
0.5411789322539073
0.6722847477826552
0.9010083192082544
0.22738461922541228
0.6896129174214899
0.07488319901398123
0.25783550161292945
0.35185046214976384
0.5213387233896984
0.284269072599375
0.5917781328730637
0.6923046737578922
0.7662597300513518
0.6503201279966966
0.12328009400062317
0.6881327197241609
0.6148532235554038
0.5314131229385277
0.5761436979244359
0.15047909876928992
0.39163548259729497
0.43148175203933936
0.8005632189669996
0.19045309976294572
0.37994319195676846
0.587533791215028
0.31976016624061676
0.16185717908898895
0.22347848812764587
0.9077748131308405
0.07501481678164466
0.343171985038712
0.620610757202985
0.6667125227345949
0.39437150937532595
0.4753341122282436
0.08372552766055086
0.3488217381400484
0.34297957070871316
0.6036603217733483
0.554072519797301
0.526280447645686
0.38656867817007634
0.5974002145270938
0.4259276721408075
0.5714130379242605
0.20980769587830023
0.1620256937526311
0.33602773756267496
0.5744192168274541
0.48946915528812557
0.1670787123564162
0.4494759754389748
0.5540364545125753
0.492517813168307
0.5461155219746312
0.4922101554975845
0.45746327565739014
0.5247462540323816
0.5549546533429826
0.3367422609885763
0.8576715761729422
0.740137717962869
0.8256016204452512
0.2568248974297885
0.8102199700186075
0.5947779875093815
0.5276018480960308
0.2646665659219533
0.9418982138079737
0.308583347479693
0.40451067635501226
0.4400212669684165
0.7390721583227196
0.5284012406500707
0.6195729629735379
0.4070421808409877
0.8089358362448682
0.7013684598495172
0.47195928573181806
0.7403494592223469
0.6062522571661579
0.44109335836423735
0.7949344919644017
0.38672443986887395
0.579371799557582
0.2512068685366077
0.6327590734957547
0.525368341100257
0.35183785008931623
0.6997432142467988
0.2645365158430623
0.5401994748652044
0.519582612738175
0.6123595745362287
0.4199480200099571
0.6180827517088154
0.5943838549493885
0.6538362377204346
0.6920152308068157
0.49475059251437503
0.7294723364772683
0.6266232963574805
0.6554725666257865
0.8409224921662568
0.37262663522210604
0.5241324621808751
0.1692712282859743
0.10861928805788826
0.34719110754192267
0.40370582951616474
0.38459685245587516
0.9275162231960047
0.38316758149831354
0.34836573953665106
0.5541014565011061
0.4821056481068671
0.43900754220674465
0.4415259620673576
0.5358863077564744
0.9306897322962728
0.4569003398169545
0.21785162095512584
0.565352116551987
0.6660133962111955
0.8988745958124325
0.3310270686349596
0.9087641916886043
0.6010946371744994
0.6275241353068458
0.1856998131057102
0.1684869155837485
0.5308051072490725
0.20116347585787026
0.8996897221918907
0.284753231348883
0.4887423270797624
0.5119779932538749
0.2958743523376574
0.28601380946801447
0.310878367851395
0.5445031642460649
0.23959135435341505
0.48084268311931466
0.9884499561225827
0.4047386980277366
0.03973435744090613
0.387977976086459
0.8339969558572919
0.7413136603701448
0.6354995546198925
0.5284139410429655
0.10580616428794823
0.25405434249849307
0.49116014814424835
0.5731570575717422
0.6553174292576522
0.5001499086667515
0.9476953837775627
0.4749147381366766
0.5183860745869042
0.4654833840010044
0.5665415715713351
0.1274296909545355
0.6409310495958362
0.4664473878238299
0.43439505388734245
0.4352858126730391
0.44850109440817015
0.383772546640493
0.5464520189434523
0.5998251319884457
0.7747294393415236
0.511013219016996
0.42167053399527143
0.9475836390497603
0.645183294307943
0.5111949950852117
0.4259289992156061
0.464312828885923
0.4627888880557123
0.6456407031753681
0.736334238510877
0.7368554865292818
0.9695020206012999
0.4965459621928873
0.2271882956559511
0.5599897329539266
0.7383301892167105
0.40435324055090316
0.7255145581701549
0.5230040264941455
0.5441461249655354
0.14729505833530254
0.08465721784865614
0.40192970250792304
0.9057010029356662
0.30425948337100867
0.18514319733642037
0.6762251092098284
0.632617947661299
0.09804255261797085
0.32557403029231374
0.7008670971487784
0.7795388255881657
0.1874652792208289
0.2044412926616401
0.4854421240970911
0.6391100769649545
0.53535881571681
0.17358654966698417
0.457498885562626
0.7682097208271559
0.45730279541452534
0.39820425196928255
0.9307481140509584
0.35943616498738223
0.3214200114344859
0.316095150541363
0.7500253531265413
0.7409426837158
0.5403399963254096
0.4748526607039798
0.7780863877032372
0.7081796209189545
0.6880420088795836
0.8393858215343837
0.7552579906256731
0.4905798607832952
0.47332856175851523
0.6618482136317818
0.9301731610689635
0.4829080950114838
0.8095905924047995
0.5028774965629369
0.5836662082015622
0.5852965341747064
0.6455395378664464
0.6598952903074036
0.7541404829879864
0.4327862434657068
0.6720448175153106
0.39862346550645933
0.3834991520464498
0.8589594423191392
0.7718134361165305
0.8518903892701721
0.47604950347359576
0.31934722990672404
0.6650946990791207
0.7434802867778532
0.5514831231557688
0.7811083182356418
0.43231092144204786
0.13608738785183322
0.22372161500951243
0.38658782262975633
0.8123683222083821
0.4012731599419269
0.43906491023230865
0.4340923044005433
0.7167968497332691
0.2635405229720894
0.6588134103188452
0.5806912295513085
0.6528253829851762
0.21106277054204486
0.0442772558028916
0.29106788866058897
0.49456971377479697
0.7928320070870669
0.4609924669506623
0.6058105648642393
0.4745234737315476
0.6092764992777026
0.791898756965171
0.6822066232642043
0.877854319354213
0.4142043009968199
0.4518499053519745
0.31964413778374057
0.42605993002504045
0.40578579260986763
0.4597911272089555
0.608068435094
0.4135066205647795
0.6118406182651352
0.4571955618276906
0.12334988025384179
0.4799973736786805
0.5198912405890505
0.7572542169375523
0.3208670207453892
0.9491802114328655
0.4758174346104815
0.6304007759102357
0.18062392739358812
0.7135209166161637
0.8011664580554109
0.546071057523234
0.5078287525858516
0.5900688163865898
0.24746209203431435
0.6598621397029099
0.33797748694618784
0.4192588722929924
0.878152073767889
0.38441594531856577
0.25799087750186056
0.46549415974500513
0.7705460013116426
0.30370876229062277
0.6101730860807356
0.4346021005243187
0.12946963834170647
0.6768725056510319
0.5775065301159835
0.34829023847705926
0.7542897855575339
0.8048871699115137
0.3497801048221231
0.17422890876099895
0.2713656264038238
0.8908314220340268
0.699476239876852
0.4815601253583934
0.32538476424153207
0.5505305022634597
0.31204278128365925
0.6362597197070823
0.9743510223325658
0.0940946915449033
0.46845868778005345
0.2493739280435256
0.4528356831627097
0.48868055511851205
0.39363259291690356
0.5788669053094349
0.25623005851833425
0.27805976172988434
0.7743545797469731
0.5063898694572335
0.653554809682533
0.6504906745074138
0.7818583664696337
0.7355475274840109
0.9479512850132727
0.09555198831898792
0.23013391555058305
0.4304841136150285
0.630155056937926
0.48550881209594576
0.8047219729895898
0.21928129994374607
0.40107167741808697
0.6842206867793201
0.46920842393601553
0.432869306927739
0.6527136237873346
0.920026983374642
0.370648810375395
0.7601823415147813
0.3861738975019705
0.48377359569779077
0.19319996486255903
0.29270182930107563
0.5187757027640598
0.556968431612445
0.39922847773465775
0.4472809866801682
0.5012698295727822
0.775648537032109
0.4387168454169569
0.9428631604198696
0.2752817243988195
0.7090722314123421
0.736158369847314
0.5141746317978994
0.2775279648049349
0.3779149038511657
0.539693155422295
0.5948282953416052
0.6915547158991658
0.5533818452281787
0.447877370199187
0.40222352097590314
0.6181805319681486
0.9174839814500468
0.3829708760138746
0.7116893257759738
0.6731754217870525
0.13416138631675484
0.5930666676310147
0.7271507309682481
0.6058371912058924
0.737259634534595
0.34810195200324806
0.08254160932557458
0.6295533143838175
0.6456463391074148
0.4896229209060927
0.7321591495148139
0.7262162089274287
0.07734668856119654
0.22288645725098427
0.5591596689040336
0.5917549221512548
0.6587265664339339
0.38436411890518435
0.4058029616410596
0.5851489566754926
0.7117105706920903
0.6792150812364122
0.7840358542699537
0.5055314200863579
0.666090932451975
0.7422215527694341
0.13053614463598717
0.7832899905155399
0.6066161807334718
0.7821634704286091
0.40345934163273933
0.45359081092276965
0.674856484117091
0.18471093989014298
0.5637384752845278
0.5863971745472205
0.7289467522105542
0.4928013516463986
0.42223501544054487
0.5487290603345045
0.568145358628042
0.4033117350017323
0.7409465055554907
0.6621608053768481
0.5633351963032415
0.34936557528174644
0.5958427447091956
0.1152117304114097
0.2723068029325607
0.8847819122637506
0.49581508827598664
0.6192006937314184
0.1686958748401571
0.3819883703461902
0.5872774505191443
0.9151978693667044
0.6346406161784459
0.7924334101352662
0.4586176981062083
0.16652428949795914
0.19770846513190654
0.2536941836240988
0.6403090824926256
0.44203839679808665
0.07964784498620728
0.6373760695859316
0.9749223282831061
0.09875870642274126
0.7793116544748142
0.6776883758884166
0.1797377771017057
0.58262304684783
0.6083740778445554
0.4611508935797613
0.42301428954790693
0.8573462196903208
0.3369053772192187
0.5840754066377487
0.7632687635640647
0.2603019544138975
0.5853499075881454
0.6879834324159156
0.6588815613311849
0.9830367352451703
0.5404096266162357
0.28964429023922234
0.49351269992365027
0.7061012417562489
0.08510013227545615
0.30551125979565086
0.4932895638780965
0.5389752317249251
0.16321214581985533
0.16916014810068966
0.4711344078383978
0.6532011700045401
0.7541059550151274
0.8700239020472795
0.26165392469032894
0.7830976150384901
0.5451800042378084
0.810653132906719
0.4656521304485479
0.23721162668156093
0.9673503545478205
0.1893344915849935
0.1142812582619643
0.5639355105940933
0.5864956702808198
0.14028472187917648
0.7747956806859524
0.44970733018278813
0.36925012381756084
0.3644722546049224
0.9419136829703492
0.4702337578046303
0.2292396875462182
0.7076697356079941
0.7859898282002433
0.4514742665718169
0.1296472584915299
0.5007809970426007
0.5944511348917156
0.5745364392740913
0.3220814077634838
0.8015175339462575
0.28595594712983613
0.5803136558276982
0.6418972447512703
0.23001537752804824
0.2866279266896311
0.7084257493332125
0.04594516535272472
0.49241723565368933
0.6136998645013563
0.5912478842961612
0.7616324474127876
0.5770389789792191
0.22441562954988545
0.4425088964952218
0.6354271646311305
0.840791653768455
0.373471859011775
0.5464786954311038
0.5015892912498436
0.49079924060475943
0.6399091036499449
0.3686548067589343
0.6917922791162299
0.7253453817331967
0.8279312690489636
0.7102114767701746
0.8030829124324947
0.2524442904836996
0.2187922692244336
0.3104608679895204
0.77750635571457
0.24703402101903027
0.2553892863592575
0.4962494864314428
0.3109461377422902
0.760960805373528
0.6486578745525388
0.8780049478110528
0.1516806137007968
0.12514251506659235
0.5807992894223615
0.9245062076889023
0.3521583857150751
0.8265530465562518
0.3800936397457827
0.4299352978419396
0.7441880891166905
0.8061992480594908
0.5491622452430802
0.49696019181944123
0.8277963797115675
0.7400385243128549
0.8961174645293216
0.5220928734795836
0.3172031548823422
0.5884798368258538
0.24009295053586532
0.4297838310294755
0.7894871558871366
0.5527138406960811
0.2944093460397228
0.713772864352826
0.268001653605142
0.4851054456888023
0.3724612325011528
0.404761515153515
0.8176892609149211
0.22817245313598097
0.5284718178275442
0.6739667405717575
0.7011204301828844
0.13476217773231197
0.7151729968830589
0.5769531603993886
0.5333950293290808
0.27907988766581854
0.3990094532700941
0.4738214841026898
0.3042588225407494
0.6937253704747668
0.9153995869900966
0.3170536577095456
0.590996368833719
0.7259132971668626
0.6948933557573677
0.5111580832705533
0.19495474787560535
0.4268643323116128
0.6506327456068882
0.4647954098046103
0.5272331455504828
0.13359143611378957
0.5929840541938487
0.9341086578093123
0.4475448653122639
0.7207991935895881
0.279603105435974
0.18954935035172119
0.8643182994573615
0.5981601087028561
0.6806403295796788
0.3425501968032523
0.2105483019235354
0.7272399705797961
0.82207415764181
0.608087296091532
0.7328688001939927
0.7527214108172231
0.5719829106417483
0.4891455020728026
0.6107970400025327
0.551681569871909
0.25692057855511174
0.5976142119491732
0.4392594635749531
0.390528456432462
0.422796630591015
0.8975978913561897
0.22846848797220382
0.3204864741843453
0.8251113027011647
0.6967596178284831
0.6379405878124376
0.4413991898306018
0.631264290073678
0.6623131294696164
0.4594266555743217
0.05804485565746337
0.3393947221632541
0.35300569192670567
0.658541739896084
0.6250276816906869
0.8203571945030477
0.5557097010328619
0.9172225353088416
0.06975164959223698
0.45036340191741014
0.8425574742678105
0.7690444658387707
0.6382012111352791
0.41919772024126795
0.30237446668848633
0.35626973458679145
0.5426395353761444
0.3823191853716291
0.6705078619226862
0.755927406049183
0.21394203715397575
0.7856828931396329
0.5004289837260278
0.4976003561399672
0.14914505767354497
0.36632524516854365
0.6013537099172834
0.4835932057768053
0.894767995969299
0.3264932831574598
0.4143555848157663
0.23890261080472858
0.8461250525920528
0.43512729428409413
0.4484383600031062
0.3074037684220168
0.6186171879530584
0.8422740225041712
0.3863814078440627
0.7035760830053773
0.3920848348275672
0.619798613494212
0.9707009246526931
0.309376060976699
0.46012729198982866
0.24941516600897762
0.593007920382348
0.15170967735734198
0.5744012559828479
0.642667761063523
0.9283344185867338
0.215459926123195
0.7870342673403443
0.6714907063305361
0.6520983710693643
0.1151515561846902
0.08810388360438472
0.6284735850200854
0.29988508924500323
0.4717547479812408
0.620550861910224
0.8498349980562369
0.5248163129267268
0.3198608107853205
0.568100812397735
0.46494950364072346
0.03270548502111583
0.4432435012190179
0.6037884822737576
0.8740694713758335
0.8082226990031022
0.9361352132444634
0.5105154212074929
0.935962457806807
0.24582140858045104
0.2618270289101456
0.5161049256332979
0.7369659568623812
0.4883538608909204
0.5903106268329147
0.9302232455109092
0.5943319708440779
0.6691847078329785
0.7120586305187451
0.5248301359099949
0.08861155428562584
0.6096893901773957
0.8499148847034654
0.5457305485981565
0.8903654578708599
0.5541874420456658
0.7268922363635679
0.16963648962866154
0.43064596669264754
0.14978894550012195
0.3227566912958284
0.7498191557521003
0.477756460585746
0.05475957734530276
0.32313570100448574
0.8364265003055068
0.5142010706384674
0.5538541975598406
0.4517105963868312
0.2624119148647231
0.20209642192967667
0.514846056008812
0.4684371124460126
0.7455905470458377
0.40113407935492723
0.48084020293428115
0.2485018191294104
0.6002963794628824
0.3924122490493481
0.4629135280604724
0.48558089441902996
0.8629147317960556
0.767114445669869
0.7689603518027996
0.4975392398889623
0.08485018258739492
0.09241958069577773
0.22584056710368733
0.7636484500776186
0.29834724898786624
0.34136188065060574
0.7993051603779969
0.44298991833060475
0.8947390800247552
0.4442603000217348
0.39443378762885645
0.5399034042006624
0.5192213091285997
0.4404120626195826
0.5282462761305932
0.5332781660417487
0.5535116372467948
0.21606009308173785
0.34685159185412145
0.7380005049906149
0.5669051195223912
0.2878157798241947
0.2091785652043127
0.17267316328845406
0.6090341624617888
0.5318494093992512
0.30905253102619595
0.40522904313695035
0.24626166730792293
0.5461404015183384
0.2689762704730473
0.48316006887872665
0.7327218786429852
0.4807361242558274
0.5814910254332255
0.5151105082703101
0.531593051624009
0.4966226512835049
0.8759269414105422
0.6000678070957266
0.4594471065250163
0.4702509927041125
0.7325929389913122
0.8460158318385169
0.8501618957235997
0.1893444156712019
0.5127966674175714
0.4411212602229442
0.5484979786363574
0.5835187829524074
0.6701893977135089
0.5577224412429477
0.7126576723762357
0.6227285842488349
0.5561375318130161
0.5844635151279811
0.8473830477305149
0.38769634962658217
0.8212742398689347
0.6134104379593261
0.2220833166973225
0.8988444822530092
0.3725850052756956
0.8765262950175825
0.20260537616400548
0.06796888444164091
0.16525776254391106
0.4639742302418989
0.8887278994362668
0.16593573293581507
0.21095091743597505
0.2592083072554759
0.821740285072561
0.5194570318055012
0.5531287359258618
0.3418980057656372
0.7522775478853532
0.7355495374818799
0.35120309056510834
0.912719570371568
0.6334321296784042
0.5525395785762752
0.7499494064099088
0.3512627811281212
0.8997863280141125
0.20678326558690135
0.37342340367636234
0.31649546620048313
0.7225840543647172
0.7163665390231388
0.5022247806579078
0.14337632113439855
0.48978784686150756
0.79557476406315
0.6062884201227446
0.43155980877094485
0.1701182777345927
0.6054960220669039
0.9421348706045327
0.5554966612793869
0.6057580231073327
0.39354906219469843
0.7697359375383114
0.5695789117013628
0.5189357733458094
0.3542755224776387
0.8618194050027889
0.17950187306148863
0.07240276946781829
0.17196332486183485
0.7312624162590798
0.8950651230401703
0.30563466731290884
0.028171869017480998
0.42529189355503205
0.35599550499084787
0.5090904202069841
0.34660656673828716
0.23584586022577508
0.5443767381884898
0.4313006419812555
0.30498842826460026
0.7695721546866672
0.5262500049818716
0.4885342853556874
0.6630397486295011
0.7144719696808967
0.37599240184197524
0.1594004711070455
0.32986339522079805
0.47692250765956895
0.7071353304028796
0.5303807979020312
0.3040128451376918
0.6985998118611185
0.3539468444438969
0.5621254989325195
0.6318224756485006
0.4533131462026941
0.25253707941237574
0.8476675694688085
0.22474399964523145
0.30001041056164124
0.6306966886524266
0.319173903048645
0.6750704742226126
0.7702241182037216
0.28594875306777034
0.36198295533344743
0.6112903707540847
0.1473465642629419
0.22525041330699613
0.3114705231853198
0.9771944205610651
0.45057691167318764
0.15819825298543774
0.3892499272928691
0.3870611924136136
0.5049179670913297
0.5647194459927649
0.17411940389613811
0.6834307583491728
0.7571600271594526
0.9775787612240889
0.09537302052592389
0.13153583659406165
0.5922605618653866
0.6038399839283628
0.8477255110612845
0.5407153986649603
0.3745025496941875
0.6052285877324269
0.15662607573961057
0.5059193558290817
0.7100495140038767
0.809448488335871
0.47169873794750716
0.4754435169219291
0.33103970716452924
0.8864538707182259
0.11325846822205102
0.8154252333413268
0.9081812578638728
0.4540807816347908
0.4314303926968264
0.3134676335272484
0.6551666474955693
0.24698256750880798
0.21594571112223598
0.2652973482244807
0.5906785875202591
0.3076767089195866
0.8754183150739936
0.1760996579256542
0.5130169731494751
0.7141555910554399
0.7564071472511075
0.3527980976543742
0.41351742378080125
0.5129664605731872
0.13167043122681207
0.301277169259051
0.8946061667774321
0.5413821471975525
0.7203463061548597
0.7300014032484416
0.465306686676449
0.830611190012954
0.4519250695103081
0.6680703923594712
0.5278643356754725
0.21399251715495676
0.6765019991998693
0.5012996735738018
0.3792010429226749
0.32673465851956324
0.5993113565588296
0.25843884031909337
0.7394228059973116
0.9790735860776623
0.3487158019684035
0.36333184083541054
0.44131550732483826
0.5762498630187709
0.8844673353260109
0.5567597511706374
0.3280583888235226
0.8571835541811568
0.14571789381109668
0.7646909636038728
0.8617942050698042
0.637494919736553
0.7825468262322053
0.7160923433562063
0.8380663672174551
0.28731284195594653
0.5661074469215849
0.822145823623601
0.4683567128586727
0.48899735188843374
0.9365838192370269
0.22068414247840268
0.28482438152124784
0.6176574743182468
0.6196106723593944
0.7298484838317547
0.4538742050552218
0.3271107566937773
0.5251612660411118
0.35684936018046753
0.42951268405848053
0.5738257271577476
0.585308251895039
0.4978354367574092
0.5182340051588686
0.3692419180874348
0.4023477852437442
0.4298633178302622
0.6412956620258545
0.20389001591800163
0.5412932475914636
0.5844044787328476
0.6553407896787476
0.5099004801091288
0.13933824260759908
0.49016633219221395
0.6059695972273129
0.4824490021993011
0.6174329411279827
0.6223375590857126
0.37777572202269394
0.5793741932331771
0.33859706038037785
0.39959512903100425
0.7971784846082972
0.6588345823330451
0.4813042936993247
0.9480573254614251
0.2687648164674078
0.6476788995759541
0.4987126847232587
0.35533560618558224
0.8480549049348949
0.4005828622470716
0.8531256532279695
0.4868366274522056
0.38283419554351256
0.7534964431483555
0.5395216187122386
0.505450104030723
0.6293841902563455
0.15244132626004966
0.5975579751574311
0.4489678287647001
0.7553733118615938
0.06430816618007748
0.1203424392340248
0.21791491993285922
0.7400202043598216
0.7914866947309076
0.4650510902672722
0.4182748157167306
0.7330417020821696
0.5967577322613462
0.46297032105484126
0.45497420923902376
0.7505280681630834
0.2878611826180489
0.8586012513380492
0.7967627117382798
0.5572931813878294
0.5403031471872941
0.026306608691885645
0.5177973151900013
0.6934128572339301
0.5692613922984099
0.2050902625764468
0.6415819391193796
0.6813059340974605
0.89442516111377
0.28313330735452874
0.9359216629724343
0.5139883126570833
0.1900098405981376
0.6386069645748504
0.5593187122726787
0.7776994954137018
0.4822036056239262
0.4435567021485557
0.6508084442822283
0.2865105259938997
0.29636742444770925
0.5396246980830375
0.48443299053397915
0.8137899692985863
0.3639199834443488
0.3619992171463062
0.3991092732198994
0.7024971954118964
0.9818731017310937
0.0622182254934645
0.4495664766644638
0.8922982676793811
0.18493865260843717
0.11646362530632492
0.48096375377784223
0.6319370816332908
0.19079431977652705
0.5198246333394159
0.760898534266648
0.17385803401467614
0.18372931223557687
0.5074449173431581
0.8890300045419195
0.5679858922387141
0.3045999482984071
0.9020220810558501
0.44308712116058524
0.6127978015510694
0.7467435881918791
0.730176245447328
0.616943814471211
0.5414319675590065
0.6727091681035198
0.4882150215060581
0.6507967373282113
0.5837781436588516
0.7055855016807264
0.7402857137687275
0.717567127038021
0.5480225847540416
0.29093053379933154
0.5344279078986653
0.5343010759066353
0.6932595834389415
0.4886635485690499
0.7232730470186279
0.5469810478078595
0.7201885626201068
0.7160257673910578
0.5614744364444786
0.8327892829273764
0.39288785248361546
0.48417469011781855
0.6267064802207616
0.5564192368795965
0.3264243034522275
0.6577907260192711
0.3013895531704557
0.41906474528373655
0.7388261068925086
0.5280382274228745
0.7334649366315036
0.734494848615449
0.3309515753116553
0.3580226886891008
0.2759108036084061
0.7236998186387049
0.9199435649747985
0.3722654756577655
0.549969913363798
0.2822857723684161
0.7029555096887672
0.8592646245696054
0.519528909227229
0.9535390304653455
0.4937786663644427
0.5993004451510937
0.6496640717936282
0.5054287464994962
0.4574615417812421
0.5866947073725794
0.5057363980739378
0.536023642278705
0.4522530809196086
0.5949873265047017
0.7478171268610051
0.7975997455983577
0.10884120741189066
0.05972601265192454
0.5328519864472125
0.5376827291039095
0.8064915375632746
0.25252275363543486
0.21806586116532498
0.6097009754947952
0.3841284515493161
0.8296553868435527
0.38410606586524165
0.5974917582494202
0.7056138923291304
0.542286332298934
0.7168903499732916
0.6905012678701026
0.7963685778912676
0.7942019845231039
0.22782365626037399
0.7928958700961334
0.5436362889383578
0.5497908540080942
0.6207890312386415
0.5518612860692933
0.346742485094244
0.7640492980958311
0.6058488374842608
0.7395256445752494
0.1757355792560712
0.681208766736694
0.6739655474171933
0.557751359255114
0.4786772738080984
0.33027319038660874
0.515330490907751
0.851866750362923
0.7417957012385406
0.9394791007230954
0.451916541431893
0.5151355643813652
0.2501140775317855
0.8216719739404416
0.8620239648098347
0.378224220554988
0.6799223101383505
0.8175106054963412
0.5032834769673332
0.4825936881049092
0.9686168340682486
0.19183209497400988
0.227124080338012
0.5058353904316648
0.3139905450677298
0.7326937516227849
0.5148366195881878
0.4506233467093101
0.26116214646024716
0.8888068755127363
0.3398972395140017
0.18568635195684305
0.3266289895513059
0.6329100731608486
0.8722664480702567
0.12826484459444368
0.2308634524554824
0.6241996617894403
0.7948690754990302
0.889454915026139
0.1012813462455765
0.6144673806741938
0.8813210774878204
0.33067990090791954
0.4268063203215869
0.34473011323125513
0.7463025683939667
0.43190184135430787
0.2520464834730362
0.7131969993257175
0.47919754818629123
0.08473101435831273
0.2228942110740658
0.9018394496249553
0.6697423729848808
0.7256169070715943
0.6557065263316739
0.6176159647333394
0.6536191510514537
0.9386115149681012
0.4077878621280098
0.63293553775772
0.7443553853106405
0.23156545581229016
0.10572819445602527
0.4352901042958903
0.8718936872795264
0.29373957956975005
0.7277067975308558
0.4040346344165549
0.23062059441538518
0.18387389590626874
0.7860220803722667
0.5800445099434673
0.49462733289375826
0.5542664814713678
0.27859014369664126
0.8030209074386301
0.2301905339930035
0.2494037165284096
0.3883045816106964
0.5829765717162755
0.37343932050160317
0.40438474632043403
0.33833822355970045
0.5994186225845113
0.2321960602040482
0.5591945049633398
0.6522420838201691
0.76207032391851
0.21288925926123345
0.5027748637079268
0.4628277132295045
0.7919617306122673
0.4852772216543447
0.4585827623699217
0.6913629486587007
0.6443577235819171
0.832005357817206
0.5510690086997937
0.7571376713329958
0.4799844619730822
0.4979486316452726
0.8915327274783611
0.40005222728044415
0.17968649676057952
0.668260467752785
0.4188412394965849
0.6973038516245731
0.468897565275633
0.5960569651279868
0.6593839830631463
0.10425458577949537
0.6528894088257036
0.8778507082450695
0.6557913842929766
0.7542577122869223
0.3206046929122714
0.25084023482139745
0.5147942961074741
0.5264189194338424
0.6165598017352345
0.9624554816492974
0.42413431039938365
0.45709630215536756
0.6584818115332862
0.5290126445689244
0.22494616245459623
0.5513999008127378
0.5403161834056616
0.37411798994404244
0.40437943473360516
0.7992024138000402
0.5916910395271711
0.5464734558230047
0.6876262358493546
0.5618628752968997
0.5552914904673321
0.48178800665133886
0.5877578488190367
0.49864597738524463
0.804598008116126
0.5133999295467315
0.7952911790600012
0.6345923201643728
0.48693287126920937
0.526368989364851
0.5587185424476413
0.6621317390688789
0.48787957217752637
0.07833660336975735
0.4980514744617671
0.7753132970333974
0.13569410432894713
0.5601257433497511
0.5757421128117437
0.7469969317830714
0.3328845720498445
0.7635334525034978
0.7257155778699278
0.377394568213124
0.6819124985954718
0.7740744949966829
0.9695526394671743
0.27593221858527317
0.42363667060264815
0.2610495950782564
0.39754956412704257
0.689567422992264
0.383381220878245
0.39435310326336787
0.5428347945958605
0.7972216855771443
0.3548786125433301
0.8122311523760621
0.4408652258102652
0.18429186707157463
0.5226329257798552
0.32272029077855224
0.4022368634903652
0.726156631529753
0.708110912577127
0.1623205900949929
0.334827882544268
0.5082788293489566
0.5307443599032603
0.3832811972177783
0.2973278766487679
0.5531787855318184
0.8604367707610501
0.5529085153580033
0.3269149668752207
0.688518208001792
0.31671642363900454
0.842210674572057
0.5534566719974683
0.4277291708944941
0.8119942438881214
0.36176873308364943
0.40175468398121755
0.4693022208352051
0.8591381321934319
0.5250721105702147
0.6007823952422789
0.44961290054302716
0.513785794256138
0.5954664957523567
0.44712608471746573
0.5379563342205602
0.502960814057652
0.4334788970658219
0.612716789209689
0.40970688982754916
0.5717445759462146
0.7292978771614724
0.28582116254184065
0.3829763492779713
0.5647555466987676
0.320203300383998
0.4875488418528805
0.5019408462237183
0.3291910624940255
0.6282306227713618
0.8323986890966848
0.6950945045074473
0.1881713532291996
0.5384871217034441
0.5063802310159897
0.5508392195208209
0.4693111583490374
0.4457398239548904
0.3009714941189523
0.5083341294567171
0.6814588272520024
0.1561339447308391
0.8471227326614972
0.48200697800745046
0.6979081288746183
0.7490918205905148
0.8797114093202862
0.23825118800411801
0.8924047845549627
0.504526532652545
0.19269247922313934
0.5119422068520768
0.501801660831177
0.8225746152034176
0.5158036513777433
0.5768836279837647
0.40195832433866674
0.297865427535774
0.5011350188020566
0.35471486838929495
0.3526949893237824
0.7800296383365741
0.7459358012029494
0.9903131896001102
0.18415801579049476
0.3257186734413115
0.20869867577844636
0.7575578295466298
0.5286134511765099
0.7254552398594789
0.7971714222432851
0.8483997580028018
0.5894534766284166
0.8982368655377009
0.18972637909486018
0.11829348744740703
0.3331015674779101
0.833470520906097
0.3351251638645018
0.43526197478074347
0.670132875652298
0.6646422352156295
0.03725504181463843
0.48854304265569404
0.6062205257120432
0.7403939906305653
0.5922540352613187
0.6863909957020269
0.7703086746633977
0.6608159590714885
0.09223331379573263
0.5851288184062337
0.9457558168109448
0.5714463872678055
0.39021128650855164
0.2756641179288273
0.7292837785713833
0.2434467356282125
0.6590106983069229
0.4978580433767985
0.1842700979835372
0.10267171031895855
0.41991986343376586
0.6933492939110658
0.6622871705242414
0.4835878810066461
0.5840322001128284
0.546621287923743
0.6997165817898277
0.32364714838817665
0.43891960888467096
0.5047589784945495
0.7896505200195516
0.6854164827669305
0.5481762295009525
0.2924040622789695
0.5540127822016705
0.23267657343082487
0.3448902553002242
0.6709565599030426
0.46302601563055734
0.5161071769476128
0.6304309360231201
0.7204223383019581
0.9198159055367308
0.2617221795555023
0.8277023136273994
0.1559883228658289
0.35485856889596795
0.17354187760632742
0.4700588204853713
0.6535999899893709
0.7986982259479141
0.7344161029691698
0.48838077484206655
0.585418499715178
0.5508942127206686
