0.8162768102789724
0.14488251963147664
0.4205918784164894
0.8809300005640597
0.2881621005201005
0.5046602608614896
0.6617565794640525
0.30653430753049593
0.4862400149115411
0.5172165767730156
0.8627493938036783
0.4384757044519568
0.49999064341283017
0.49106902760780624
0.5646691731847248
0.36062176247180977
0.9189744549736939
0.24610137424542883
0.5159075774487784
0.6982697654791157
0.26937270184936457
0.9190069524634898
0.37838269528649027
0.5517002860405609
0.5388747153564353
0.49844839709986366
0.4552359429058517
0.701610128075585
0.5685517548008762
0.297524284608059
0.40262827180290195
0.5281406107493201
0.510268608160023
0.5279374892485205
0.6403382281506642
0.1380587463935944
0.3844938080085227
0.6646752321130166
0.5697771195452983
0.20849238758689456
0.3808170496485821
0.3778590697254357
0.8602601348760217
0.07374910535463641
0.29156039417773616
0.650891667589689
0.7690468371395821
0.44211724106334727
0.05404674038801975
0.5495859891130317
0.7097422268065403
0.5448612521068862
0.37301500681251437
0.8694429868761431
0.27851819464666777
0.5470464763743864
0.3381497424774786
0.4558493423759262
0.6662142307376494
0.4492595725743199
0.6087287190308324
0.6474378225307047
0.6035617020375132
0.5405901487247285
0.36382537486846833
0.3671476283460011
0.9889061870820919
0.2288336629240018
0.45365293816462826
0.6836754590203142
0.5998195680613128
0.2699315009977569
0.2891768283947791
0.38787361538831705
0.66384670319601
0.5048475011899225
0.5946422437268053
0.4906412699188373
0.7334421491468779
0.45503296716135094
0.7745437812354885
0.5415879890959587
0.8872274853428168
0.4904138407071018
0.713566848954425
0.17259476899700327
0.59534337694439
0.8813042257656254
0.09368879513017953
0.3672638832844996
0.753218021144169
0.5045626250815063
0.9209561814596141
0.5814391762309483
0.8994224748235105
0.30679401416348834
0.559643314651948
0.7378759883424033
0.7310348783605887
0.44801752217064417
0.6379605862660264
0.22291104785259044
0.05151342684381287
0.49964926186462594
0.6743292108978505
0.7852293571025961
0.412267306688633
0.15597347901397854
0.39007588220100387
0.7406549513302672
0.8305166110674298
0.4822053578149752
0.5635204174500803
0.45650988502149703
0.5892196020178686
0.32754691459666196
0.8960481680039545
0.37588232322958187
0.3188541331465008
0.5434820068646042
0.5099808781079576
0.8691098888006886
0.4426719609196859
0.5826938652583624
0.8085297326135259
0.6138993305178202
0.5044194959647005
0.5444059723681101
0.8089836467783185
0.24209207221978213
0.5151144619468777
0.6859168730588485
0.7396770395554929
0.4552595626660064
0.42460870565153086
0.7088993461522749
0.34991368410084783
0.5616312828031512
0.5927104947899514
0.3862173433546249
0.8338728216764535
0.5931541019346489
0.6739564414268866
0.035689331134372615
0.27444610793400326
0.5350261970209371
0.878425167391379
0.301755073256515
0.4583829445609446
0.3385285913522612
0.6571676266532647
0.10704474087355238
0.61906209138744
0.9306795082234627
0.484808526379295
0.6212240117719904
0.7698296399906671
0.3261514512495973
0.50286638156835
0.3757502491113875
0.8630669020790634
0.26161728408071944
0.46969079822073767
0.2990992868824718
0.6689357782520189
0.5541100718720365
0.21834202704879624
0.6660258847176712
0.6860628682445173
0.6944817703143514
0.10411939979413586
0.47840418018031455
0.49134941221031125
0.7238303443967442
0.43473387316025613
0.950449429611655
0.5328271972597476
0.4596967322732288
0.4381992256220602
0.5866362995641199
0.6794931487353708
0.2433290678900536
0.9047943066913905
0.08194902584434517
0.6459713801432663
0.7447305936034565
0.1197336135907758
0.650666624526766
0.9585690968395453
0.35696568923159877
0.2241621810555145
0.513531885504888
0.3925166630476246
0.6862742435658346
0.426613945018673
0.26431396440237365
0.3426648228804665
0.7070252176571588
0.7297747490760984
0.704912569384429
0.7531082497922141
0.6471746073774414
0.3175279130608687
0.6464588242853349
0.16611940412748866
0.3548430977359787
0.26647494824781603
0.5839094319957825
0.70535306383634
0.4251193068159736
0.6937740019507093
0.22843356447029056
0.5861398980582074
0.6556042931449444
0.6050917935286774
0.8832268942270021
0.42472233956112576
0.3119150629789542
0.21815112256474345
0.6472096751518476
0.14546219709081237
0.3155156529450318
0.6794620697734999
0.4457854843536191
0.49128109925526564
0.8893753637828796
0.5647500392801104
0.9072275300471604
0.05900399181537655
0.3802050178135886
0.5028974398478463
0.5556344258374203
0.17900341209704115
0.654434713625714
0.8594486638911589
0.4900335350458131
0.45377060216860343
0.47809863694118054
0.7108472172670581
0.08440569074860725
0.47278386286934815
0.7459958840526694
0.49679832170498267
0.6950847760530392
0.8688569693670647
0.45594982842516596
0.8928398337774683
0.32219904341196753
0.3275365993884886
0.5308667820569952
0.7130626607018626
0.7114390895237666
0.22960733385093327
0.6670096103513451
0.3385001979766836
0.5930403930152985
0.5831854094400978
0.6712160309146551
0.5645645477430715
0.7479870974691891
0.3308253579924332
0.6905725397217655
0.012395281171485634
0.20296392545836103
0.3118250316089171
0.45967655932337514
0.9794075670076037
0.30080005198722076
0.07521780263834969
0.14800060375454976
0.7428907300988059
0.7049354902369472
0.5387004917359155
0.7976600689718545
0.4708868704888831
0.9718841007035437
0.11488529152445888
0.2046611890316066
0.8131083402811157
0.5346166353158652
0.5107685543227707
0.5761755092591131
0.2700256740343688
0.2230920394043413
0.43242868426619113
0.6331238842626926
0.5533545832148068
0.7234244814328461
0.5963205229805568
0.414528702142799
0.6568820378425928
0.6227300996491644
0.9217975786367771
0.6023515233251169
0.7136720809847832
0.11095140915979579
0.44148208265762146
0.5493954533523333
0.4714973973972166
0.808004114764902
0.505567816604742
0.6019611140157144
0.6920100370393754
0.7534079887222919
0.441585892198584
0.49165534955147766
0.4509232746512189
0.7250486013855357
0.414437786530112
0.543513624808084
0.538041406477247
0.6693708203853257
0.08512794057374487
0.6856747397056816
0.7837274144253472
0.24687595202241486
0.5743953317007632
0.5607393676042522
0.6859773601108794
0.6445761259869268
0.3247336864147953
0.29082621887263654
0.8376924849985847
0.4538623440340409
0.18350547446096105
0.3460978215290045
0.503302916408762
0.5923183084454613
0.6329722837384304
0.3463377278381226
0.7441486978566899
0.1891705135533932
0.3250516085030968
0.6896532306393047
0.5348254054630076
0.6342186512093708
0.16411465185489058
0.29074258302630673
0.5636579902751833
0.8442457931776215
0.6041951238467219
0.8981707847421532
0.3698346415749256
0.9279480604527468
0.39415119566492596
0.23053198134084846
0.8939787762173188
0.520297631467284
0.4858955283302788
0.49498546794630705
0.8440063534242458
0.690588411939861
0.6843444638711453
0.7073038264246604
0.7935283622400349
0.015990072969925814
0.16807044412524277
0.4342024486984523
0.7312341595460585
0.1969575430784466
0.4076608554547956
0.9643579015812
0.44080268172677134
0.47960692125694526
0.7177685181735356
0.538645724159697
0.38746086989527817
0.8281135877213428
0.41317691875097373
0.6640321925020792
0.639285601851098
0.2645178208443527
0.41366232533559877
0.5297701927661075
0.48546045022101364
0.8776555396896795
0.6713249468820617
0.8567949888971385
0.44982542471505677
0.23940937623788214
0.6874779054626472
0.16289931078893896
0.8790989347100912
0.5747170167595816
0.8873700711704731
0.5126224046896188
0.4577961922464012
0.7433718159810161
0.31918726074894876
0.23632996139431534
0.8142181609067456
0.4136912590093253
0.7461268613071972
0.7396294963038936
0.7538725695098091
0.48086585279294697
0.6621241243419209
0.08776211610210574
0.6173171002504833
0.7463929392902239
0.33722033952991387
0.6130796344890309
0.8914311517240474
0.29744275857638136
0.7870131874818036
0.6242659605708016
0.5991942168257026
0.6247187421530425
0.4514584757900021
0.9035819331759289
0.34959644034422155
0.7124293218580637
0.8564211616125093
0.37927193294764117
0.7129700417309808
0.8976948561882263
0.1723750913028302
0.4484292245794762
0.47161995986133765
0.568878041120668
0.6086956122005971
0.4728003374963506
0.4991784204445263
0.8778738064154205
0.11661709711012441
0.1282090488360797
0.42203170614157626
0.8094420826581554
0.2500766240183996
0.6394117348660465
0.7943836884841121
0.38136630889401557
0.9565655953262842
0.44113461822935063
0.3705147311451943
0.547299218554667
0.33833582478710905
0.40412482974718755
0.8938633035233932
0.34510129223515407
0.5658644723163677
0.6151086745846973
0.36628666559623463
0.3229001617307842
0.13432353676564987
0.5997828405956993
0.853041145160677
0.2536243249567086
0.20656969945956047
0.6189272184469637
0.6700713491125367
0.14431361300647985
0.6581406124407998
0.9593476510517676
0.40182952509356173
0.5967621317525974
0.798592577466319
0.6150822708719274
0.9519913433623954
0.24914793996874823
0.4950718442758814
0.827292336662474
0.44747359631153205
0.6492304791867687
0.8438246848162296
0.41873164843742916
0.7306973336176674
0.43446627347934746
0.27267317620926734
0.7111798005540173
0.5346252687140397
0.7195311530331073
0.4151651908433881
0.5086569325638364
0.52256616144417
0.48721740509829037
0.9682705938501404
0.1900288450403813
0.38826709958252664
0.5055573238328648
0.6522656612991211
0.8716227728767689
0.26334589797185687
0.5537307236150208
0.20179782597659138
0.35935691651074353
0.6601023948144698
0.7092344916123583
0.6674330007136955
0.5053876691096211
0.6794316734680537
0.7550443265648161
0.32626375208073405
0.4319789007393635
0.7454566852172684
0.8218925753427339
0.39484391579833844
0.45044667811849565
0.9082092810235701
0.23740409502016607
0.10676165106049254
0.49682252961205586
0.5079800252541519
0.7677406102936908
0.6770385574757263
0.8313979642279343
0.757050584149806
0.403609410826169
0.5858506384098157
0.14582038661234997
0.4307539511659851
0.7421182671139845
0.4751801473049391
0.8494196877816895
0.7739369176102752
0.5585740691063588
0.6664720069976522
0.9078787465341929
0.35841964526769854
0.14262877148665543
0.2480861986794647
0.5688198343217018
0.326823877084059
0.9047448145312091
0.442228272167617
0.13531276629698427
0.4741676132485228
0.7965591364939827
0.2910846598792347
0.13412791924679535
0.599412268092613
0.9040285794699505
0.454559853706162
0.3894888527810323
0.45276242205157585
0.5481424118506389
0.6014810322256654
0.5257821494307765
0.7390363087140099
0.4109015051218148
0.28568483949650586
0.2278800063882718
0.7043961426983741
0.5712857288819227
0.2803930622813979
0.43775195098834974
0.4672456620690349
0.4654184689920141
0.9463438773242806
0.12623658836067905
0.5757253534695567
0.7303977557856571
0.1384726720395651
0.3718766475334283
0.5917139088024997
0.229093847205334
0.9212510912919636
0.47913449589952656
0.6797576710557637
0.8492872181068354
0.6062621441943262
0.5810046328018376
0.5101214415953544
0.8298852003818411
0.265165894640784
0.12381118672230046
0.12025086034280302
0.7182926181539029
0.8604067049417465
0.15532019258372387
0.20377147631089734
0.5144017251236348
0.6223148976550541
0.05587554475341319
0.2755767664933535
0.4586927278641749
0.7872585560308021
0.36855294088118273
0.6806324124014225
0.5664276698698413
0.518485822665089
0.5574866280752888
0.9905003541085075
0.1801852922018596
0.24564820120119327
0.2719787273032919
0.621797955997045
0.29817357668120187
0.9106545598043898
0.38863366234730673
0.32322970583081984
0.7678672670938737
0.5516926783367451
0.5989351703691893
0.6456588542046278
0.40829364567025356
0.991889177624033
0.34423426861362344
0.21261089494545415
0.18439185571097724
0.40848293207265135
0.5537870091371588
0.3596174897248121
0.5802015235457201
0.1884042045137249
0.8946528488551393
0.526264655924842
0.7574139987448436
0.17637966179245465
0.3558745403370929
0.16563899942594404
0.6549541090359545
0.7485983659164994
0.2557148501313344
0.5947335126276114
0.5394766325445968
0.2704151860953481
0.6095396572667262
0.4706212658201462
0.7921767448004661
0.08100374967363554
0.5445931109670492
0.48129530906178053
0.8427787900677649
0.728211789087629
0.6504980993720131
0.49667479440646684
0.5457437391647645
0.5335991727720164
0.5729931758547167
0.16435828715499834
0.6396446020203004
0.9699597223631675
0.05926111656461455
0.4003011655181556
0.3391714390481897
0.7842836112096623
0.21351801625454947
0.6287980981081597
0.7459057095949772
0.11788323418889307
0.19836347883441402
0.48132886847768325
0.48748181123366374
0.6130225126410299
0.8267613830759926
0.30554133298619257
0.627012971496518
0.634597505069074
0.5270303092326469
0.6419666032488128
0.15980345407100544
0.3818481158230918
0.6589844964950822
0.325178671297702
0.03942763256257185
0.3031659185909542
0.37869320347189694
0.839909424208904
0.4176029298186189
0.7072847676551104
0.2828106014157015
0.09935880987200728
0.5739987801333915
0.6057001327896606
0.6094478277285404
0.6248482930000406
0.37230166181129054
0.7502593470326755
0.7683384217171929
0.06585128710078061
0.5018491142955618
0.6728025201614842
0.5707397899001743
0.5639197381093443
0.6124469636555149
0.35992761071397283
0.5121868443414037
0.6112631390349581
0.9019019210913615
0.4631095355434086
0.23064349805214318
0.5741941394220127
0.5670735683708117
0.8405223844387824
0.47049005305524094
0.6254271494574777
0.8861469206894489
0.6587755342455381
0.6467242367522095
0.2940556250477588
0.18256762154768078
0.3780963528245371
0.8077433225372024
0.4632531509571407
0.7065746482518904
0.2611626416070722
0.946715170977614
0.4541848404385068
0.3570412146285753
0.5995185340746791
0.8310840456442264
0.6979524012171243
0.7086591497119148
0.7382521858239277
0.8705772477000612
0.4847909138401185
0.5686673063344303
0.5092288183054303
0.5876507101762993
0.8850241221371781
0.25497510612917035
0.08395748360524988
0.35583520524222384
0.5406100121147459
0.7686372081415128
0.09119967796873746
0.6102860585617407
0.8858442825364856
0.5634890026786893
0.9187624449086496
0.46494916616926146
0.6146165816407317
0.39582858649745467
0.2882231865730439
0.8152943399185615
0.5109166636799158
0.9089639318152606
0.5459686292331635
0.7515486578597919
0.6424888181493731
0.8073836770083949
0.36430830925267194
0.31333670333191344
0.5340913383161373
0.22543639417328354
0.7235037432293869
0.7637365477799274
0.5049108265296921
0.805355866277401
0.7622330084953142
0.5827077530585909
0.6769072827527379
0.67039715248202
0.05583317295345146
0.0483650284206076
0.36536803946623797
0.8418072009879962
0.4713910746490094
0.8481863307465414
0.19328739672300096
0.05669701651736796
0.1509407304776563
0.6700990392713038
0.9451812671703781
0.08925366806684029
0.0506534130381388
0.34964102345928927
0.7466657611582568
0.630434334941935
0.4109280533776129
0.6943057438978231
0.7263217215999984
0.4761988315318074
0.6208137298520869
0.2743655143264637
0.4979651301611502
0.5643491879904351
0.13503972256084135
0.18095790258209624
0.740093020796255
0.5111451631451132
0.8317808156591042
0.4915225241130605
0.7161525339740635
0.3513050210467737
0.32894208645230927
0.822740165235402
0.49352611447639694
0.647924826741833
0.6278687770650695
0.8887334760489263
0.1447425870931838
0.3183533459951158
0.11262553959793485
0.4634897885947994
0.705752236217497
0.44317135907166094
0.7866549502568015
0.472218685793886
0.7255711167399703
0.28433800735100123
0.4340580477208
0.8981448082550658
0.30202739792593714
0.528371232671141
0.5194490096209274
0.8030049881100065
0.3527837988291351
0.9836549067622685
0.17545446517694752
0.3653565280908034
0.2859640951601522
0.33347783568366907
0.6907252368562808
0.4432613245275495
0.42849177840609515
0.46188999381849916
0.5022112049109844
0.6681616681482236
0.6119078600480884
0.6402827903111955
0.6092137762458412
0.5860650272728788
0.12284638941928391
0.5812184556376698
0.49683831563698483
0.5661216826458451
0.6393295239576581
0.44715077155663957
0.398917573954525
0.5979463532056976
0.29358160972335084
0.9477244426818214
0.030800999016192595
0.05709547185872162
0.42678894752747415
0.6439490158536505
0.6833272635299286
0.2071888675328659
0.5245934381889494
0.6019426023469343
0.40471745872805315
0.2852368638382746
0.19621733506749828
0.7866212004752623
0.6916726847154384
0.6332448335536152
0.2202548846124839
0.43204563552149955
0.28981375586499514
0.5000103716215926
0.7980969885916527
0.34366235845637694
0.07091338630537201
0.4955918575018682
0.3298807618909788
0.6566910405844385
0.43914164433670294
0.6270949891256582
0.9407632326874816
0.24427501147007136
0.3337127442273849
0.6746123782020724
0.33016365984313617
0.2739956525742517
0.8905279058676663
0.2675974274151759
0.6216851273842593
0.4640630001352476
0.4308887090675153
0.7557795784248665
0.30643002535895086
0.4127816077286106
0.6680116688164284
0.5684494452545256
0.4497736429124307
0.7287443616429115
0.46564250844591126
0.3263188811501874
0.6869542341268042
0.896837293006234
0.370623294778934
0.7220442374973781
0.3128318669187323
0.5339949332861014
0.35088881211183764
0.6783941575333569
0.3402141683899939
0.4276595656367811
0.4325497734554911
0.7859626579600016
0.6204935443700766
0.463900269159906
0.9684111424451467
0.14223055201321883
0.15116868273155237
0.6700155521084259
0.8084241616867168
0.1582255438576885
0.4769011267763186
0.21420310111548538
0.5915842100288015
0.2782219807927824
0.7473305634413063
0.15201443189269773
0.184048870346247
0.2128639064727879
0.3068822143513228
0.8014520140822053
0.11345289753070904
0.2014710911942978
0.29102268573088136
0.5297550539698658
0.762001074761981
0.4180143234103668
0.5111882091847929
0.24659877898697952
0.6947698815716536
0.5619945869889713
0.6046235866538673
0.051247193397082946
0.33720876856260656
0.5370696659999518
0.7803612851661255
0.7953933366104409
0.5727786539583837
0.7402766129968127
0.13193713714917643
0.25515134083848773
0.4113102345329256
0.42620455661802603
0.7627861890836758
0.471995633823008
0.5397417731339897
0.7417225936051608
0.4488342883102672
0.8052704989737436
0.5113221455693979
0.7339949479991784
0.19367864456075562
0.5788348274726929
0.9336534226515358
0.4428930588328159
0.4261718478604215
0.6826356786391815
0.7599525175923282
0.3255327600685518
0.42197430426553
0.5076749827974167
0.44156004511919844
0.9825323202149121
0.12628488686765274
0.35847554727241104
0.46048858048528857
0.5818058977425963
0.7545484055676522
0.9346058720531962
0.4232111727199506
0.7474056673045641
0.659554431792428
0.5135153998484083
0.5530510171418058
0.19936796160828177
0.48167420480309164
0.47865353162465285
0.43632877563555184
0.7018985247655568
0.31244754216496295
0.5340124499911374
0.7428700662563805
0.2790520675330619
0.6537324060895556
0.873442205460896
0.1463571900566013
0.5698208304080182
0.6145746694498886
0.5081993757938115
0.8766536665312332
0.40985068064409225
0.3997669044675154
0.813812145247842
0.7585686722958133
0.6869812861156653
0.784973075156497
0.3783881537927429
0.7000750645646201
0.6432895686057362
0.7020885799925762
0.7364197468778305
0.886845583802341
0.4049775611303461
0.42835981430247405
0.5872909925138887
0.8636287223913512
0.45329272267273335
0.6088674057755539
0.4704810161671199
0.6622109608661966
0.649333068639019
0.44249485644680076
0.3695423889908316
0.6308584020387109
0.6036311180899396
0.2076673268782669
0.5777132390362991
0.511190661282692
0.5107503808163067
0.8000924565419392
0.5397468656083686
0.7428932041883125
0.3552168129427776
0.11028456260382988
0.2930954179237497
0.5893479382671107
0.6197592392198306
0.7957227410845419
0.59832692608171
0.5576240003778645
0.7958201135933217
0.9377489324674292
0.18970316608940155
0.5109157354928567
0.3615648156433807
0.8800200277808238
0.3306509814008629
0.5079461061006528
0.6274191663756253
0.764236781543643
0.3438265395008275
0.5753748964782022
0.10222312960661903
0.7439901973779005
0.7622579614585578
0.21483683705747664
0.1412795149082095
0.34048840637977495
0.9124394085710048
0.5020290212420642
0.3271546613282085
0.6199248361309477
0.17848947582709732
0.6576728418404407
0.4602879352007989
0.6241549506723062
0.4518148684903743
0.2985751084854986
0.6175701799965119
0.9102847894723012
0.18501030218347392
0.32291007665695587
0.2714785323188833
0.4538165274529816
0.7702598908526425
0.15076833793897151
0.22108750902476662
0.47196947515345156
0.4138739945202009
0.7779520984817825
0.631466040815287
0.7525045887209638
0.08616092077629324
0.3771369959320994
0.48242136197322716
0.56102523690792
0.7344585240117232
0.785422697829858
0.3335011120800323
0.5183435666867144
0.5723719284994075
0.5644868467568784
0.6554395841879738
0.05310225274611886
0.4887553099070685
0.5008298479446793
0.8434933766037938
0.39960874378384426
0.9440752630887734
0.2594486924725923
0.3445651475593727
0.8085328769235576
0.17674131408018015
0.4275147985290051
0.4628820196287956
0.7749801101550123
0.423249434343992
0.5179188925314906
0.5700229868101436
0.03284545097184096
0.18117722319812452
0.4063219495286447
0.44762790600832836
0.5463907408141602
0.3691197377922158
0.8308647074343171
0.14753897543110867
0.10090830679138861
0.5895461043799317
0.7875856930699929
0.13811785248937855
0.11077837104589205
0.6706987556008135
0.5504789086700169
0.15025384006125644
0.7231102819050241
0.5833580502665797
0.36945401631974406
0.22768824474595137
0.4615275561145117
0.6628343050594991
0.5728129277239848
0.5473681952192038
0.6667097940494355
0.5551690001373877
0.6361044360019358
0.9257063441180571
0.2152881522457761
0.7002106810186314
0.7219285814655635
0.5052056102527547
0.8649886425828365
0.7001097661412096
0.6048915376798202
0.21084016457073035
0.3956295040261951
0.20914756971175463
0.8505500276286408
0.32365071992392735
0.8172168679658888
0.5607474495983915
0.9440363528164932
0.2638707286782137
0.763490477283898
0.6233665589787768
0.274661945782084
0.8440415761675504
0.3020959024396108
0.626532685508411
0.7302696868544248
0.168512862637652
0.3612918386120273
0.4861325386118907
0.6578765415523415
0.3441948232524118
0.6140856840052565
0.039417019686652455
0.1969844304762134
0.6296168530943489
0.6803737013689122
0.11815986737071574
0.4372791777906033
0.5994981102756496
0.4280787316477126
0.6222041442163437
0.7376648497808891
0.2922730190886202
0.3461011367569614
0.17935928148319172
0.5796062344619902
0.5555895695074785
0.5374681698288588
0.5443025705318649
0.892626360988735
0.4588393000893677
0.9307073554315908
0.46933108156052417
0.23041685148328753
0.9163901768950828
0.2501993963968232
0.5613075607244391
0.47180958878010104
0.34969355711621897
0.7133837999426832
0.34247457548898885
0.47091377770530163
0.5996977047995088
0.5364681049704079
0.2711604251120055
0.6518321150486457
0.2533319544451836
0.6372599243341474
0.6234656740552621
0.7073059135269146
0.5046192104783569
0.41697912785568325
0.6165715735326739
0.4319620668868524
0.5836442319286366
0.49582864134195725
0.4351161265787641
0.6517075670002154
0.49604718902046885
0.8346335557713598
0.3364347141830901
0.729478324586608
0.5783254802408733
0.7436942125147168
0.6678697217354349
0.7252357536931635
0.49118880942524606
0.2443620019952284
0.5489877631794366
0.31924738268905106
0.5967220609514041
0.7094349201616708
0.13083592757630472
0.09212784894880903
0.35296229796286394
0.36973511665175707
0.7831792201210749
0.16619390136135012
0.5709030796349945
0.5274050541386544
0.548341576350196
0.4093638973093215
0.7106299552389977
0.29936569568793714
0.2144357729681692
0.607613092546394
0.5228881365365672
0.4871236241415563
0.6011680204793282
0.7558848982653815
0.05397907502905632
0.6160140478246346
0.5029150409918802
0.5824875149459365
0.8261280279434147
0.2832849036209083
0.35684129996490543
0.8112678669609958
0.5262243227104371
0.7254985241638494
0.14613465520474106
0.7575557489272033
0.6720675974806402
0.8196272182548592
0.7057884881164984
0.6756912146690377
0.1743353690962628
0.769067331972245
0.783434207893918
0.5153908813012911
0.5808621349946621
0.5516497778132329
0.5226997173607629
0.36330571617630475
0.5826482209847548
0.5064157581566919
0.6812513837812223
0.6774885302896756
0.9778082041803409
0.21287665994662391
0.355691031175821
0.7495702035445153
0.7192759157932471
0.6477440488284777
0.4532918378149978
0.6150390812305815
0.5990644197240551
0.5505332086126087
0.6552405823371238
0.29875166199338976
0.7648628003306662
0.5201127216371342
0.7560114921540856
0.27766560544685176
0.5068107409811883
0.5868998730524281
0.5820161276548446
0.3581533209762836
0.11555131644437418
0.45392984112727397
0.5941913663575732
0.5253354604597064
0.5641633425796436
0.5420332449954388
0.8702369287883175
0.6813277020234816
0.8197107354062214
0.3709985946505986
0.3318696698979039
0.9522053122803493
0.44864010617833006
0.2445019173060558
0.8666453858859562
0.7198523516064317
0.6933128946433389
0.6732040719872144
0.9639232816223609
0.3766566205019012
0.446807539767758
0.7161745673124229
0.46151403312524397
0.8852555865688716
0.3213585694876138
0.4486437932982742
0.30286257449789444
0.36116386862461514
0.5918890435365097
0.3280324124745069
0.05246545362558651
0.47001641125335725
0.6139869929807609
0.6362161951122095
0.570433287645387
0.24003725928829525
0.25154635749170917
0.4194828836907258
0.4633192432034941
0.5394721002912741
0.10424452554010825
0.5782190314569815
0.9426929294415765
0.03648037093800293
0.3687619933867903
0.5186592992544545
0.9185077874713511
0.2716968293943788
0.2576850393561403
0.7737663425447365
0.6394092241937098
0.39747363829450194
0.3959107807708814
0.8753346886624623
0.4295598109600191
0.6687623866006317
0.9620454502097394
0.47339296864320546
0.3065213011811837
0.7393074628092875
0.14620236448402346
0.3967317420451039
0.5194204031703007
0.823411656471758
0.2698292754968928
0.6847628218500383
0.35715002831652104
0.4702629381807136
0.6746314738287524
0.8191316400199065
0.33278465945876834
0.6798905080533213
0.1360363790937364
0.34641289245940843
0.9392934933547871
0.36548609483746475
0.8058489681135326
0.23995756751931313
0.4282033462032015
0.7898707618494236
0.40934080876582996
0.9707150741459798
0.3250354980864732
0.6272453216200562
0.6123438658199685
0.329146996158205
0.7781764181241968
0.3162987983024432
0.5529991549643296
0.9489967698088755
0.5262816526737963
0.3302711608153636
0.6980251945769014
0.4470248854547939
0.5199758920449598
0.4819769111990322
0.7713352543771768
0.6303303716352828
0.7749915907510228
0.7278345227274663
0.6551542535904358
0.5096909027838289
0.8272411676846172
0.03475102130124928
0.4191866232116889
0.22528478457959072
0.6753255548215851
0.7768593833763062
0.2819993704535493
0.6428296920343839
0.6551175160274363
0.5361884589430543
0.41100071970461566
0.9014042596088884
0.3655609930849703
0.884276705920938
0.331513255439347
0.3214324279009845
0.8315961529450772
0.3023178856661954
0.7197319477314494
0.7309635557882121
0.22454460421726588
0.3904032244976901
0.2976856465316559
0.7411179544276703
0.45164845217565464
0.8498852177857245
0.13929284150985016
0.12449789340918593
0.5443665285757318
0.9265607622651397
0.379901469666278
0.05115272730159836
0.1913670785709524
0.7658276616771026
0.4646097687533613
0.725027614224784
0.5090961265319689
0.6601258896659825
0.47094830358208656
0.3657545809092001
0.7652758888585273
0.7320487386100288
0.5367850735192744
0.7241404141816352
0.2945657649676584
0.5808541860222071
0.6254324989937019
0.6849440100782904
0.9228518316286163
0.32793233208678685
0.3254599923296055
0.5269057209764736
0.5543663061095093
0.3206711304366418
0.6844745984318562
0.1785209704312045
0.12987964071203084
0.45336639933515255
0.6680040326924852
0.3298189467180276
0.6128325596084403
0.24135946335733405
0.26345327809252944
0.6310701832239135
0.902413703864738
0.03685831054706391
0.46895052567853474
0.3284685185210855
0.5900913511633177
0.21834578835855933
0.7179310893489901
0.9816246724403026
0.363363859612269
0.3085333960663968
0.687252864496567
0.05216142733544527
0.4295220511727034
0.9099393778566571
0.5059448221448598
0.7103267839094707
0.21365373637093887
0.7046740312647848
0.8883920379639882
0.41319330744580707
0.7789239631847303
0.19713537952556653
0.8730337503921675
0.4057091045540392
0.8711526907766277
0.318850607026263
0.2786766628297334
0.5718423364723717
0.8332777950229862
0.49473506278017854
0.7293118321190477
0.29927924961216634
0.5068566086161487
0.5601977850783052
0.7734884011629493
0.6986994767723377
0.46335567005813083
0.703897220039676
0.6346191416878899
0.3303478880496882
0.30471982087314015
0.3310555711311747
0.5494757924047666
0.4743905051606613
0.7043639719389678
0.4928351582265734
0.889259524376941
0.011528272033140446
0.046150965398777735
0.27881646772916313
0.810122093091548
0.8158998611849466
0.42740103544836566
0.5602066001705803
0.6453571249630072
0.5709596715921686
0.8017101048492921
0.5201401836641073
0.606693055595298
0.4387018777558067
0.4486022587083235
0.8857102004303682
0.032822740000946815
0.3227590762497664
0.2499894562586857
0.4389945082452128
0.6052442396199281
0.616015092352474
0.7061635080941181
0.5388339633818532
0.5135937399861424
0.7804892796166458
0.7812938753126091
0.4737755776705181
0.787661797724915
0.7620744739376532
0.7208726473414474
0.8645988426428213
0.5075593611472617
0.6631973141723565
0.2698774131893293
0.8731459458535784
0.12016852439950301
0.14753479590363816
0.6918969898385434
0.5898347432930858
0.5605573087927158
0.5676807739633309
0.3049702526225573
0.8851875216322828
0.03378037673744097
0.38346486470009594
0.46463400966804036
0.39971773527450893
0.6968860920731801
0.21394145973242787
0.7207073202581034
0.6818966424308402
0.44641687798309954
0.38291646545866453
0.618129159195681
0.06432026730271498
0.1106574687435323
0.2899450973922853
0.6270460630879261
0.7247788230813572
0.39191092047036113
0.4634060068970745
0.5449823773201589
0.7790768948082527
0.8052808791357311
0.5316741233092221
0.8534174746081176
0.7094172580022435
0.6891983099071712
0.4042378003785914
0.5276016282935945
0.3676763469152404
0.8530356607005332
0.20630060603938172
0.11559536734101841
0.297303520059527
0.6214104499816083
0.8350670504499822
0.11426588634685009
0.41288466805489343
0.5324699322235438
0.8148187845916186
0.8704050395915292
0.687209071732569
0.972610650329638
0.15413853455883447
0.38281311664710604
0.5931478612279403
0.5635337627586146
0.42036557402345653
0.7086987072473494
0.14839700011631846
0.446066405213992
0.3355614647682316
0.5027965589082248
0.6129678664982124
0.4268015380483114
0.8339729135111578
0.26397113830364105
0.3125227929195923
0.9141879511118642
0.16502597770525426
0.37762834238704307
0.4056669837419276
0.5875669811173
0.8585223163490239
0.43098603725185824
0.38619751381771295
0.15130070808644724
0.793268908273465
0.7917625278918821
0.7022310063809991
0.9512959833314059
0.35356779666155086
0.3898449184196996
0.2530969900816984
0.731367251770513
0.6164512893056269
0.29507912849943285
0.9782023687133523
0.40640844758944494
0.20553354944997682
0.11615231338936434
0.4744477891767466
0.8026948414886173
0.2083646551658831
0.7434589570984808
0.4038326446420396
0.676712395899794
0.3552229614600305
0.7299498756723846
0.43264043449149076
0.35622291690419716
0.8360709589294338
0.5788793301744919
0.6360858276691392
0.6857506209707925
0.7011312046314652
0.5500925941857824
0.5912468985092391
0.22007717855806525
0.5347793837325499
0.5599607956162841
0.48093101223276397
0.5217252975131785
0.8679651849625735
0.5365056314277261
0.5961234457367997
0.25556759951748964
0.8301022508578706
0.12446813635526999
0.3005068889476225
0.6912564402146548
0.32892389668408356
0.9603489741595055
0.42151407761086473
0.44284461856916746
0.5034201892296069
0.8949189643831669
0.639068568135702
0.6647789439525325
0.2947150361609408
0.4483225690163323
0.5151211221359085
0.6550193898039584
0.22377762406863128
0.7254842705282176
0.4796280725727505
0.8074351044302337
0.7682912065314746
0.5714845917300121
0.6373970338276073
0.2768041967865256
0.5914799236778477
0.41761689319908907
0.5935050624075037
0.6412157701168897
0.8114652123536323
0.42075731914243414
0.16831853330648314
0.44211408252326645
0.5835662638445327
0.5724519391791754
0.851504516644148
0.2814525800506038
0.5114013037917465
0.7028514486578679
0.5144280991375181
0.7662594404328196
0.24318217772033207
0.4797740353616921
0.7346341847927516
0.5229624834782892
0.7138883872338893
0.3823471339244552
0.5086361385424063
0.746001807881518
0.5494989911229481
0.6944313693154707
0.38319213264267477
0.7950325273285226
0.21424650984904486
0.9218217512843871
0.6619956953162638
0.7358039507206233
0.26937335354994585
0.45321397095327753
0.822896699285764
0.33790920972999766
0.23381751398117975
0.7839595844681796
0.5329134708782335
0.28301661865425254
0.4740670177637241
0.3547843721175901
0.5861096318746976
0.1086243565491232
0.2169674407707598
0.39865170043662634
0.8203109673944946
0.2171537085085462
0.4146113926055421
0.7053666892531586
0.3445092231057062
0.6344684636715074
0.3920468250595911
0.4946882835219042
0.6620210255440275
0.33486907240590125
0.3985375820251166
0.7628968768944793
0.2496319588699965
0.2871513861225309
0.5932645994256224
0.5012193976137538
0.5601527470356945
0.19347747811182037
0.4005127710307974
0.37023823399645206
0.8178826553792358
0.4270676463164462
0.4344870833104658
0.39146326610275217
0.8452430193069471
0.1907324114202065
0.3066594547407034
0.7326209882651087
0.7546988792500471
0.9646352200860018
0.2913937614485495
0.447937891022109
0.5468629888325423
0.4850368349145679
0.9066467595744117
0.15930901884614387
0.47114475016255025
0.5705611480985411
0.406222451397858
0.26016170516794873
0.5246581890623587
0.6164067629684267
0.8512839813831183
0.16306328246201662
0.5284257760909086
0.6099408378662415
0.23677340250602408
0.3384165381694526
0.5686212354401179
0.7200277084657263
0.4698761145420207
0.3550312831019799
0.579633797961617
0.517565668125811
0.8011833217633917
0.3113292198332137
0.101114785929659
0.32467733546741717
0.71339239576114
0.8919050557276823
0.3482850508382202
0.05800511109074198
0.39115640081039377
0.5454185123765092
0.4386508508352252
0.6725740860337968
0.5128615876872655
0.8714181071943714
0.31334378166274013
0.4559277193657104
0.2954917536782781
0.34444596742980454
0.6047482946822818
0.11427929549959737
0.1824896630081112
0.41702261541121666
0.6149246062635493
0.4176065448862638
0.6456730566697517
0.6610507933693062
0.21046633477877055
0.5977594552515909
0.535769211571606
0.6376273900822957
0.8303265804465132
0.1855131702438398
0.4645396977243375
0.1298065887565602
0.36313461786991663
0.8404982660719211
0.3643496453262112
0.08479983656180168
0.587275330447357
0.811324719719595
0.21780327732202556
0.901761950694472
0.28709749206142243
0.8433687074356553
0.48851858268530624
0.6712952473986139
0.5185928970343524
0.6858896827928118
0.2833218896571418
0.694726136540297
0.3166981672995253
0.15115261368002583
0.16010137206064567
0.6242641631645676
0.6097360796732604
0.031514224253461065
0.2740449689165081
0.5615298834883391
0.8396501675190977
0.3909405191317006
0.6803802715753325
0.026783643148342473
0.11182257219465341
0.2430418594057966
0.5148681534751104
0.8786046587517502
0.3257542360607479
0.5207324318744483
0.45147932229355553
0.6422860259788965
0.1978762506453408
0.3749554381575804
0.7713760290487686
0.44047380964969923
0.2743249595067402
0.4526896512024337
0.5986867711171977
0.6015474194249503
0.6638056606812489
0.635114356991953
0.37498700707558763
0.6157960057773546
0.7225384890229678
0.2723400704177378
0.26110668796353803
0.7150879437706694
0.2497891229381498
0.29779727129476347
0.9671998466495435
0.10830555360014527
0.4400480901503763
0.2644307346892477
0.7419195119327805
0.15062716537826326
0.46521843069765445
0.1925002522480487
0.8481196572853948
0.2512784041929147
0.9692128347753248
0.15091445615074095
0.11793928620144602
0.47273987308642196
0.804409063041646
0.298383241142952
0.47992806789646725
0.5999300280332622
0.2759091563484328
0.44075771051399104
0.7518694831926539
0.47307597363141407
0.31343964634193433
0.8816615384014517
0.3396972202278272
0.7488687455184869
0.5468755117175016
0.7811083772181563
0.26772281728712455
0.17899684940379718
0.8410673125607084
0.7107317831804022
0.7600394916361826
0.3436440660894521
0.8777367309202382
0.3771558610118254
0.2847436662098968
0.5638763824708855
0.28091542529473523
0.10285739527648499
0.2823911729875829
0.480888786208272
0.5099158145200301
0.6226880813704025
0.6345121102708955
0.49231360950635566
0.423514283650589
0.85756259318824
0.2699634878618697
0.5814486932605931
0.475478113426839
0.3865081551874447
0.5339893630701571
0.4096438464093622
0.8386955312557579
0.30252208410989767
0.476142704579568
0.46310499526205817
0.837463888941027
0.25454312836827653
0.7301889059328515
0.38484778966831684
0.8799706179156155
0.23709984828493083
0.3104714749152381
0.3189241433152408
0.5285592493045028
0.5330963746766574
0.20173176272214455
0.5022586907813107
0.8137121281974086
0.1653551427142606
0.2617951477547087
0.2439320440993782
0.8176581702638757
0.06505113717735896
0.6608416633950782
0.8014460573811323
0.1495825616009153
0.4211655921112045
0.6916671758835002
0.5075663838639163
0.735247552166344
0.6804652750697884
0.4131253693342624
0.679407673855904
0.29274403589187986
0.4899531402012362
0.5670209329175395
0.8082224730485901
0.4976635488687894
0.6869290053055506
0.9002004299925492
0.39612645869444885
0.25487263205578736
0.6495646234356791
0.6497320389385637
0.4190089481818101
0.5528470796484884
0.5674323310468109
0.2873355676141107
0.4614223539945976
0.9046206449029253
0.19242434617409288
0.3018311069617778
0.2745539660830744
0.49907645480088014
0.6654645797920635
0.3786778885402101
0.42311581730468295
0.27158076869550973
0.550815949348689
0.9463921415615533
0.08616481554439359
0.3171655409323842
0.5743695842935395
0.17697205253415005
0.443398790478423
0.9270266640673239
0.42080159440887155
0.5615944272292931
0.42462643504822606
0.6601849505368159
0.475344442515121
0.7886958974005203
0.27138443349472624
0.8872457535451606
0.4380215634974489
0.41520313373433904
0.8167826436336272
0.3508230716658901
0.6202800769399488
0.5762990528211626
0.07131884394574955
0.6474413060298225
0.6437549590699031
0.18764049511127873
0.2549373073495267
0.534422799475201
0.28914623922604493
0.7443663262615693
0.5502587413367007
0.613432093847353
0.6806591077735875
0.6511074829047129
0.24372701115779133
0.8963385505996231
0.6722230436891155
0.9829697058157695
0.42552722093946954
0.49973613604368067
0.8855015221639052
0.423749761256053
0.8209622243354058
0.32259705057804516
0.2470493273611164
0.44569567065793897
0.858141273100446
0.11441072049111053
0.18968097610533163
0.5391976650874244
0.5860918890108676
0.9179190758809899
0.024574528624439977
0.30076293463948145
0.6924466842589625
0.7228066707036997
0.25332298234012074
0.11822905717216542
0.6169485231578462
0.6702651327164844
0.4202405230677355
0.08629597177378276
0.20897161554602758
0.5303836456763724
0.5119295744496671
0.9202187664160977
0.1288093673307953
0.30532821849895986
0.8346286895753365
0.19553997623508942
0.45481689437250683
0.26921693817913833
0.7447605260978479
0.662648394926738
0.6200231095642279
0.6639024606873345
0.4729512887178646
0.7588355261678281
0.8190781038973325
0.8344808888035118
0.7887326230795484
0.7129752533328058
0.519743878772268
0.8173785646888931
0.6736098469012085
0.6733533296125811
0.5414756519303747
0.11113280612298684
0.1715371373989832
0.701934988916568
0.5617822815729773
0.6313067787663822
0.5796487036212696
0.5305747665488768
0.4336480463423952
0.8757333181305508
0.27563466353875765
0.982075952127307
0.06965228458286218
0.18789785500091882
0.443951446067274
0.7414110125494466
0.15256095621097127
0.4700458000040432
0.42038409545210476
0.9836252629378363
0.3083581597990888
0.19993541187914626
0.530867577291185
0.5615505600767069
0.2959704810289064
0.4052080341459657
0.315485487104336
0.3813793125309614
0.7110081486634773
0.1301988101413334
0.4454838619119062
0.6170243721599041
0.08401798963153859
0.15855364749722145
0.5326274637685924
0.6372545726567183
0.23758551908877643
0.5942169247679303
0.663371920098929
0.1693947918089886
0.051745012046029076
0.263747216251673
0.5086645833638247
0.8193691532417986
0.08603848828412605
0.3704507697492786
0.5901592457270907
0.5349263897528992
0.5771902270220614
0.7213741811078298
0.5483943725628486
0.5953493018310267
0.5191259618410196
0.7368084581072201
0.11974621735686519
0.5337942939931035
0.3365131494742413
0.7212189500874941
0.34184987034865577
0.28036649656913465
0.7886925056301602
0.5478064300754876
0.7273150272301412
0.533304623391698
0.8321089294690355
0.5337574207654666
0.547871001921584
0.7025758592944567
0.7190232379483947
0.644007701385903
0.29687233437935995
0.29338987245498144
0.5021532794989243
0.342242456031456
0.5860529793642442
0.09285628801553389
0.1915295699231655
0.5103089418183251
0.542910652064966
0.6887328314343235
0.5852398358451341
0.5983503889706655
0.23079914492892123
0.5422225577423028
0.7099411133843472
0.34473505181734054
0.4189189727624658
0.8129908665968248
0.38291512892740376
0.31221010261650634
0.28174293486862295
0.5744314184181472
0.8123034490215717
0.27868038685054225
0.7628542829637596
0.7582127787919865
0.6859047308624298
0.612527262323955
0.34519303499434334
0.31374558864988245
0.2569155317090655
0.5139929101886507
0.5537021873284427
0.5081157078346107
0.6590531092549158
0.4591193482338396
0.4587658460035897
0.571901880323141
0.4231586232115745
0.7920917574936364
0.5219209866947889
0.5950836612655893
0.7283901184039532
0.7028264275465278
0.38225090938790285
0.6738563295900277
0.022070471485932386
0.3087679022652654
0.587459637086921
0.849377039143657
0.6679047614345283
0.5670275241648823
0.03939828408534923
0.3996488504730657
0.12462460264601749
0.5086841879507045
0.5478303417235774
0.1710700039108328
0.30826233690269206
0.4147401606604888
0.8723690326553633
0.2068676967757983
0.23849628683173613
0.48789925306700954
0.3915035449246431
0.5447035577582259
0.3285659320727963
0.5753357121663676
0.4958068531905146
0.6161464573606446
0.6160612442632566
0.9491198774111836
0.06251505209250807
0.2907218618938174
0.4951060507901925
0.8742764696536454
0.6140396009856074
0.7514968896898195
0.07216531289724358
0.09546177695109576
0.33469491100316445
0.5110791752875173
0.8853041322516804
0.322886323523743
0.3400568157495977
0.24144748051033046
0.536346149743706
0.5071636928934192
0.7315913754766363
0.0705000861558818
0.5374827483317013
0.6592835412343676
0.6564661247403176
0.7464849147243319
0.34782148671144597
0.21135242712958963
0.3462530148546313
0.8779530277174931
0.5611532811094698
0.4949782606504889
0.5892478895912336
0.886995245855339
0.3036969814719759
0.5152280582304013
0.6142127623168476
0.2561821992865897
0.7999001006238907
0.772854300205605
0.8887571806057755
0.11683990072364814
0.47111766092165064
0.6541997225540905
0.32807845708404915
0.601925788306725
0.944286439089087
0.638398684343578
0.6779628656403682
0.5005429301898394
0.6178079665912388
0.5888731866631118
0.7564500032512532
0.20577654149511326
0.6849729591520046
0.5515497483447713
0.23672378346034983
0.1629663918453484
0.4647394801791364
0.7855032895164529
0.47665960048171857
0.3323106328508705
0.6004608360549208
0.1796494837322577
0.39601457177718313
0.6930407887733232
0.6573762614056683
0.1094997727051158
0.21019898820374022
0.48133834672182507
0.40309454222748864
0.4890660760927683
0.42188492154648594
0.6437014345011203
0.1428565016033214
0.31492271636306657
0.7149119755752902
0.8373350411285777
0.23549371129385716
0.14139828092695428
0.5024554736216356
0.7627763391962408
0.41517320798482976
0.9409391916518335
0.29491424336600963
0.681562006565714
0.17871413067742703
0.606276313006163
0.7564507336512871
0.5401392645867957
0.6044555260381878
0.4622317602993883
0.60049388627887
0.5580070032955777
0.27839932118694793
0.4105915792653466
0.6074713475073704
0.16162618692163894
0.09910017713733799
0.45557081409536804
0.5273432336285725
0.4055533708289256
0.4843067540551495
0.8384757172146333
0.6710183873301987
0.6773437370491922
0.5485796318195211
0.5495963028448736
0.5441283984481102
0.5225171616399862
0.5776659258650887
0.6076748402987097
0.7601445135191424
0.17365082624022155
0.7846022880155736
0.8471668666702526
0.7785377895498194
0.7765758452362161
0.42072787124929284
0.4623235137593601
0.5302519270211067
0.5313171161112732
0.7541868929480577
0.46513449098705745
0.832226934195959
0.6938637723607903
0.6250594201194841
0.26205559645040716
0.8615364910225931
0.37435458476755595
0.4877619120181576
0.6650730193362189
0.6659680235896239
0.5646547772711464
0.7984982299018153
0.15812520128681803
0.33937769022090364
0.19726950713234032
0.4689730274702129
0.8991852787338042
0.240543630758713
0.21817378391818665
0.5402026624722565
0.7679565543956182
0.5690492652502319
0.8826047825874741
0.3491596420280463
0.39063588282167966
0.7012411315558499
0.12778626036052299
0.5026250927566901
0.4430249431123202
0.621570265178816
0.1358415289706543
0.4200810671423484
0.2836066316796322
0.826608747838199
0.5347107647889606
0.7053081888542448
0.5575655677445043
0.5598616025165422
0.8821832685674859
0.3557183968495078
0.20242553255350393
0.4623464342651039
0.7695100924404421
0.2737186466728033
0.7469372704543416
0.24164431070601747
0.37757898134142376
0.509947215580273
0.7140786850568858
0.5596579907321283
0.4958937272346124
0.2585262734106483
0.6483800449274263
0.43329868114457254
0.6460164810809228
0.5175299119541305
0.8917543799190931
0.422736551129978
0.4696865639676093
0.41264092548603304
0.5968443895328037
0.39279677675204455
0.7589118282220098
0.35980103059054347
0.9579749792732132
0.0669058723093741
0.5644060277783896
0.9313903726519432
0.43195285185734755
0.914350067386473
0.17130768663033288
0.27463965456721606
0.87958282545075
0.39822940218677283
0.971028745576636
0.2500504839899433
0.7660103853498388
0.5472015701706453
0.349263510813274
0.4859920000317617
0.5567311789044849
0.12241539379603164
0.47198667696756325
0.3296785438375892
0.6002780351934267
0.09409228654705165
0.09001466982917602
0.34042562556684164
0.6175897801556869
0.561648084476724
0.5321771272777794
0.606336983045966
0.19328333044085222
0.7925611476096027
0.5574021429742092
0.6590539737454615
0.8542205008399663
0.4537701260851759
0.174352006335092
0.28657395668001695
0.5490995778250609
0.7289299695977287
0.5914791305282541
0.7449997674391251
0.3104083406106424
0.7371888353018092
0.7182377055109539
0.30003690023928764
0.38204667500708095
0.7808139872710183
0.5490297158144701
0.7051660693414346
0.5768592148389495
0.6631132489381795
0.3847837929350458
0.41451826174490886
0.531135119787071
0.4373977658043988
0.7402276703609452
0.5126052323166504
0.5634186824789151
0.8600645130216444
0.6407256766647642
0.6645547472325406
0.34239819590326515
0.3842097677413899
0.5562359977696435
0.619268985959937
0.3928934937603713
0.7982839109418649
0.40664884590457945
0.43040278778146646
0.7636433176478825
0.4624855094234538
0.6829938948516246
0.4986299537626484
0.8273950101142957
0.40364616893268607
0.6426586082809462
0.5440201495081077
0.5112689635581317
0.8786867371759914
0.42076822812467557
0.6105550193059023
0.9201200063182844
0.4665105663319875
0.4411176263562977
0.7420461065329181
0.5192693483824701
0.3085452383456289
0.976587619360809
0.0737396037420017
0.42029954883328957
0.20531963194888503
0.3444713174933241
0.5550755738117609
0.12435638956076966
0.4333390361866712
0.6038130012535663
0.19507655234681293
0.5711018104864076
0.7539374520027861
0.6658380250084903
0.4749534858886077
0.8096935257808054
0.1476471297390125
0.3045265645508647
0.8245364881094691
0.5352662758321345
0.3731280883682614
0.7462917280312881
0.09684394860737307
0.29453210617953546
0.3975452113935629
0.6664589740093629
0.724230330788251
0.3996583292503543
0.462670832638862
0.4300481071690952
0.9181326173738713
0.22859834259311956
0.5185476583403941
0.507743301590037
0.7186456341074814
0.6924883762587655
0.2561188647917829
0.3773930565104805
0.750660510073416
0.21496916000874092
0.11570564159825002
0.30380834742049273
0.7696349446814839
0.5233649724298649
0.7859981371653696
0.8803124780604722
0.2927695959704729
0.44760773799653425
0.5817306017409961
0.4772343058760433
0.3666792940568686
0.6029790262520043
0.06525577145780763
0.42069262534934243
0.2266476797418841
0.4213932186287517
0.946545682277
0.03759570970997889
0.40726491905041284
0.4898253892056093
0.5203174330340151
0.6277937784231706
0.6742520625251761
0.2889644846177086
0.42895511878358183
0.4717649881586323
0.6382000589533348
0.5293951541443227
0.33236749162791324
0.7718047533348448
0.20581611496427746
0.23866336615920009
0.8344016053898297
0.5788046191303621
0.768396331913547
0.7868278065764147
0.522408520014273
0.36645162019508376
0.48610021709518564
0.7630746611081815
0.2539559486872273
0.5790184749931002
0.320378183833681
0.9007071313331723
0.32687233560083945
0.7153291579494268
0.9830410785074496
0.0437566104561476
0.2511225279525707
0.3142180542831957
0.45650426359463114
0.8712885046927208
0.06260280793815864
0.4808404212985253
0.36474444086815827
0.6565791885885234
0.5137414823596473
0.5974982676119245
0.5753235501648299
0.6009681985606395
0.6492152157665294
0.6049318992884936
0.7190906344794443
0.49333774882471015
0.4803190606177671
0.9709894097200515
0.24919812819895415
0.7308656493071586
0.9485968103517487
0.5399590764328435
0.6796651162045539
0.8885900901225992
0.10198313014906427
0.48691112666212477
0.6204843264954973
0.5656263269823094
0.7653155921329386
0.61731050178975
0.7620592040385441
0.8009709654437744
0.38601210399123986
0.9434034352003127
0.03219289888641143
0.5061024964033747
0.5434474626368146
0.7038031337625381
0.530488914096462
0.3384220635015052
0.6493480661156448
0.2223924321543607
0.6536449359104898
0.6642428557661312
0.37797320561680475
0.34176704773366234
0.5715456252190031
0.7337586223127546
0.5348545159149072
0.903495596950139
0.28124492303070125
0.44932326084021434
0.5719562493218177
0.027437971330487317
0.19029089927630113
0.6800607576255995
0.9496165081111206
0.37477178042107284
0.08051766341013225
0.4632829438605729
0.6914325779488849
0.6836243866377464
0.5903184654285268
0.09924108423238966
0.34623519482153015
0.5342550290668587
0.6353014575642799
0.5547831640811981
0.41737604129864053
0.20605466372303707
0.5241329018710021
0.6863733075165737
0.8233083366466465
0.514618132912589
0.5725021252032025
0.06515262725016017
0.21594131796539529
0.5516630049780238
0.6820183607547159
0.6360703673629408
0.6183773635529854
0.5587408762263006
0.3826247532427656
0.44142639060386357
0.34493252376276046
0.6683533004897417
0.6466429189651285
0.2615512537942632
0.15132056015602352
0.5650550736357673
0.8814992729182901
0.12058419609037374
0.20999050104352007
0.5193110646223736
0.5579124451000175
0.7545759261032638
0.5205640482021654
0.6378530438632048
0.557229647518749
0.7037663205443437
0.8998521787390414
0.3566108517504347
0.454375585669548
0.5713915517823749
0.5832863297592169
0.6352158859660549
0.7813367826463222
0.4803352367054147
0.6673968229618341
0.3427242427591753
0.7274304213739823
0.2739206744395929
0.3553269053747431
0.7411497441220225
0.35328008724948595
0.3107665804595492
0.6202256640324191
0.8750501745642978
0.34578350383497436
0.3950974108227374
0.5408216646195131
0.9194931859600208
0.6401210926354655
0.7858331084641355
0.03738473991976226
0.2534522083004247
0.41420620057083857
0.5960076334461646
0.21770817587671673
0.5508772248580962
0.49073939627924484
0.48897584253367804
0.964349349925337
0.43135640361431055
0.3067236412437304
0.8778454123233235
0.08114851824937844
0.08215695386821195
0.44012878080700113
0.828953900043742
0.4428305294724974
0.5143117130438897
0.8587103670532312
0.6213518568396547
0.778857171274498
0.3340373121848601
0.7554209777555541
0.5715301842081641
0.8982168599428789
0.1315489386677687
0.08001410039021092
0.4273454570886981
0.36740668699977197
0.8026578981878811
0.35860706938491793
0.22358192925063367
0.4381474985666422
0.4820185916112163
0.6952551275595812
0.3760324374267989
0.7925909857732991
0.34722304775577056
0.8082524307584118
0.4960627317822111
0.5572922204992949
0.6052275469636507
0.5782768204622256
0.327159029650833
0.3943236713066612
0.7245795483515303
0.1863612629312073
0.32168865784058004
0.7260630221890588
0.2882950397243202
0.4438847404452097
0.4595956972886651
0.5265599418488168
0.5452029348113683
0.41754405637753766
0.5338264728199847
0.4474249869118083
0.37702507064657054
0.6678568497235786
0.4522029945700271
0.4999227446384197
0.6023694969507455
0.14697746383617546
0.347717886907533
0.3265891383283129
0.5389526129600567
0.6533359036067972
0.6731392413029629
0.2106382407137632
0.8700122426366035
0.23526977248315695
0.7750644593936853
0.6299077565792973
0.519524522292491
0.6852777228867375
0.9946146361024484
0.1809442397937796
0.23744361754406834
0.37333916796955047
0.6579151834383676
0.7700095807264979
0.22923019632442135
0.2999109220682145
0.7994432864670418
0.7569229170667771
0.6362554712623378
0.599793744499753
0.4938845759574715
0.8269473376148025
0.2709671548130563
0.750255449867977
0.25955635620238016
0.5969449573334857
0.6614421870950931
0.10336178745484703
0.1444003781568089
0.34941167395069006
0.9285162881037696
0.22202268290738425
0.6792292635327546
0.4287532159554311
0.9291207832795714
0.014353355248771193
0.436191736274887
0.49564818030401186
0.8695820595695787
0.5698643558713143
0.7663467504755169
0.7117192353179779
0.9531842967033917
0.3727356991328882
0.3523043050298191
0.7589295888240004
0.5426510090175005
0.32718831475613364
0.8525335744421225
0.29866343419078223
0.4657982594188728
0.4936411709675559
0.8747582842052696
0.6330313077864883
0.5521276366718305
0.4426849675287054
0.2546546801278007
0.24836406082160772
0.9448426628429332
0.05703771948985585
0.3414132059064237
0.5111967998805407
0.8429059876576344
0.34604421705948657
0.9712696680727608
0.3561746004876555
0.47655440151022443
0.43602447537395334
0.7408621025539013
0.43516686300539714
0.463939492023775
0.5026048676700572
0.4246380600492982
0.8952210963143904
0.2643044229392569
0.4603038008169116
0.6837621805213662
0.6680779662239285
0.1180132378581348
0.22112740028059055
0.16307559583745193
0.49230862739081654
0.9215619849431842
0.5545371745590835
0.40949684172189604
0.5257073069991507
0.2897017625424466
0.7308387285950573
0.3530868846868328
0.6321168901541075
0.2778673962875133
0.4499444391379992
0.3885346769640942
0.5453125729036161
0.8997891115123597
0.4830729109961794
0.6372806873140384
0.577166908249314
0.8204156235158573
0.3594469243845617
0.7898290643562391
0.25068950804317847
0.6268020062248184
0.26419744281312996
0.7309679249100149
0.5798305805578715
0.31888987585431827
0.28196652292175123
0.12395089660456012
0.7148872807379879
0.615545478179025
0.5586371161197403
0.6108634627477584
0.3627518102460091
0.49840702677878734
0.6242626621380069
0.4647910093658224
0.8355131605282446
0.5480481375799897
0.5083617937758114
0.8970024617011749
0.31035544979502705
0.5559761064407627
0.17846184186990288
0.31375413622776865
0.5583401515733037
0.9115158645187884
0.4019942429039005
0.5681192393659055
0.7085985151475185
0.15319214649052057
0.5103177565613787
0.6274804506952536
0.23544835505604206
0.4089563124136333
0.44772885025053816
0.8334253809534435
0.6483740690950672
0.5651057484508119
0.6422376200310562
0.6752352009040538
0.3659495067530159
0.26792023622355055
0.5599661598510173
0.18209111728945848
0.5828798573362942
0.7772661458120322
0.8165680111519475
0.3590695089980962
0.9350809613941824
0.23792066421986036
0.05899758077963281
0.1945436177395299
0.5439439605277655
0.41596393162099093
0.5197906089581251
0.31188990504202063
0.5617029506614837
0.26113580443796724
0.4503206172065976
0.6291721716624692
0.8210725182382509
0.31309744240209514
0.8489645980181251
0.519842502161658
0.4268217405111727
0.5671151729649211
0.3168649650506934
0.5661969948663264
0.5956906803480334
0.636849065842323
0.9432576133369706
0.24243302914017317
0.32977196331149283
0.27403096476517896
0.7711006751935261
0.6682326822586324
0.4484640578461879
0.5336856831520176
0.14406088751991425
0.7060234457442818
0.8418016526700559
0.1328966439404332
0.46403487811090827
0.7560235900829724
0.12274394938597868
0.5830016860588477
0.7473728161740233
0.5511980030785096
0.5269512159859643
0.5325086607528803
0.7093055070048571
0.6740649776230204
0.47099523826538847
0.43714216089397007
0.6670003146148435
0.10702281868183562
0.06949551489567893
0.39853345442159244
0.6852456411039747
0.7937385257983735
0.10783081510500761
0.1451589631687512
0.11882121398592635
0.5397477641564574
0.7542850666521068
0.5081465448028496
0.4171829009610344
0.6986297853689172
0.2114365429027306
0.40116218569884543
0.762362577669613
0.42940683448845474
0.4476766085995998
0.5111231939761777
0.6982808414819067
0.8010073064930094
0.6169454950605433
0.39664147356957286
0.5079284833547606
0.5937281100232443
0.8725118058488376
0.19276342758590126
0.3330396481830268
0.697179694208843
0.3159958551183996
0.4469221406109784
0.3154057550347991
0.37191135981339757
0.9415673997349354
0.475873853867335
0.5028372714251046
0.5390300581676558
0.6254097000240103
0.06349375633054019
0.3042920384891027
0.50565381437525
0.5259598584547533
0.43059407845762543
0.6688853410893778
0.778784101221565
0.5003797323848623
0.8711160355963754
0.4557555464319424
0.6852636405347475
0.3551825705750207
0.9622442689053392
0.2614482932598353
0.5637412842395632
0.7416443707760986
0.13993243504493968
0.6356028294455884
0.8121805877211464
0.4284969180203445
0.2242603187129462
0.14844946253666425
0.5581601329376971
0.5607413269339225
0.2726300340823538
0.3910127734045302
0.1303244334959553
0.5555853918173448
0.603771893526207
0.13414447174829558
0.5382301506192781
0.8968255339009804
0.10397310049847884
0.13598351146038523
0.1433910452935653
0.2935091989264835
0.7622797339968703
0.3383112628902656
0.2391427580315483
0.15870224757884932
0.5674996673091215
0.4991559819194716
0.714252818250384
0.3583157427780461
0.5960494868501655
0.2653844511824034
