0.10394307877145302
0.6085502842367269
0.877650073450819
0.600233111053536
0.9674109077891654
0.48484127395182225
0.12357291447994656
0.1932807275621446
0.7332097574827028
0.290402981953517
0.41927296568913486
0.7416044489829373
0.5836215763932912
0.5635316809699313
0.6865846005092473
0.2172128338812278
0.60808247260198
0.35459586524779063
0.3790907842353293
0.8607938607993201
0.4980009695971463
0.8584287498681344
0.17460777838319957
0.6155057515595053
0.2901168960472186
0.8935212398734672
0.3389294578137625
0.46956252143833754
0.43040700251938413
0.4033385199208749
0.36376460867481125
0.34052799089728375
0.8533617726907317
0.265918785245969
0.7426238445249258
0.45465741908257334
0.7070353326755547
0.7208291905006954
0.33317638853496634
0.6936077200308899
0.5979847870251824
0.22438774212375906
0.9297654215612308
0.2702527528089201
0.4139312662815816
0.3188241765797824
0.6209321433075693
0.5966525577128576
0.7751688533941958
0.6610668430315432
0.5418124462803662
0.3764600031687348
0.8544400741631073
0.6765793834952805
0.7365905714226815
0.6274901273986371
0.4609231653373015
0.3943376554116388
0.2715417580034479
0.5666762715487403
0.5247756056590691
0.06890151331537887
0.5346782617867791
0.5136122921705462
0.7224168269885336
0.0938572463530884
0.6461896601354081
0.7785137050318288
0.4218250848555631
0.6245640578813861
0.8269606703659848
0.6731311289713489
0.5823308408471587
0.2550884122910787
0.5929871610316505
0.139263243879695
0.17102291928606264
0.2507417190658802
0.8115246097335742
0.25529274854686507
0.36280697829821207
0.3249312008537298
0.5792612241839408
0.5915860249078964
0.7288821034119419
0.24189154033705346
0.13888296010055717
0.14711759175259137
0.5330050740113141
0.802626742186227
0.18739282013633513
0.36198122502733143
0.7536085242379069
0.11950294178079071
0.3267016320617277
0.902178726324859
0.5762164165269057
0.7026825193414928
0.7427786538112856
0.14431793824514655
0.5678631304374723
0.5687876851225268
0.6391161150461151
0.368345933437956
0.10088584968183517
0.5767614442178022
0.9139154392659798
0.38887486989177417
0.772836338422969
0.39340055140608143
0.5916397243780849
0.3150653745426686
0.5357065550376189
0.5860976253272774
0.32550623185557037
0.5485300504187347
0.3796249739604105
0.7885913664436801
0.9197457134827084
0.29288750926105267
0.47058842649207244
0.6905190432694015
0.5265747128316076
0.32385071728931064
0.4837104032665262
0.4444183351608234
0.8605218461390357
0.23333468950139952
0.8925326592038063
0.49854039006931655
0.21281975051651375
0.3398898469095255
0.5288126553790858
0.6696453192317011
0.7516927302477494
0.38453350458929303
0.6627684291611633
0.441742727767731
0.19327752817978014
0.5184158269166687
0.8149351665691473
0.34994934819362034
0.5130922688972316
0.3253947346017864
0.26474716126788345
0.5334891747130924
0.13663528388982152
0.1467014995444731
0.28810467561761505
0.7560772993235234
0.3844788468779384
0.6731189027976201
0.5364234066090985
0.3261938963678109
0.6285341652585039
0.5219384334818431
0.9290169021166643
0.5205902092323962
0.9239983879176139
0.3006547195667013
0.6961962552568961
0.9549920032007624
0.06752451226978648
0.4373315783219621
0.39207365144397865
0.6648707688897909
0.7102065227828709
0.11763202404582096
0.34136077672483045
0.5403751705145831
0.6929749883034702
0.2367486602154109
0.7295480698342995
0.6275688963436102
0.8161484062314627
0.5385329529663647
0.4203956535397769
0.5529682573161229
0.5983361574210899
0.2877927845591056
0.44185823566587745
0.4846973055369236
0.43296664146381547
0.40749667594115974
0.6223123540168063
0.32491268896220304
0.5463415792983128
0.6066499309896124
0.04790183793746916
0.6537178716186824
0.44816140741406346
0.5371867003691196
0.7317604402294372
0.36667383969580997
0.5635384666704701
0.5076377115031347
0.7854499380829708
0.9531605145467278
0.31300922286887245
0.15201257435343646
0.22049500081050036
0.7052837066507647
0.441302556346347
0.6532817580314964
0.441326021349381
0.7025334152455118
0.4367302341431545
0.7986620774988711
0.45535879807511337
0.8675866578483982
0.47325234441280867
0.20263966318969498
0.660461754264424
0.41500712370049125
0.43972055547670286
0.6345453463412603
0.40720013393524074
0.47891060212189973
0.12801365338773574
0.7741945828104803
0.4606838359437853
0.5345810985659125
0.5518649030852426
0.29968189278034896
0.7302630891843878
0.19116016961275717
0.5396858628794383
0.41498234404749323
0.3750433726714122
0.4547842658333907
0.07469359840826068
0.2471065884945977
0.6818700001545394
0.8157631712014354
0.8233808768461753
0.43417456890668743
0.5125400912599868
0.22484669139872604
0.9257279148009833
0.41291775351835475
0.4842884661561482
0.6916306725620722
0.48360679053866285
0.614262334385092
0.545676687975403
0.2450156877036031
0.5702688480780247
0.5892746585914994
0.4670294925626564
0.03180835347539855
0.2737218439285133
0.6511251889522052
0.9666706083019844
0.16843486474013813
0.5143488440309835
0.5880759162277703
0.41088870139635136
0.5820785478304067
0.21881285798109182
0.4722834178369927
0.7609263676165765
0.7350568330507168
0.1973606936208919
0.06812763679033476
0.1632574093101632
0.3804616123965506
0.4522566795423193
0.19590600747574455
0.2429620094698803
0.3492750602302331
0.7862512384247502
0.7277497412217782
0.4658959913904953
0.7527027384952892
0.5019526906728813
0.4765552337713641
0.3075963084332509
0.6241354211094178
0.9431246243580959
0.23809492123178888
0.24905740359063513
0.3375792274261628
0.7764031006715724
0.25400731881132377
0.626279740344787
0.1405982734256301
0.5206604124728016
0.35705907347253885
0.29468556492475917
0.6469714409771242
0.21084295411543513
0.4550408913961767
0.7874651088515282
0.3960966275240491
0.7383016664323026
0.2569382872827614
0.11722020727016395
0.6514338419471996
0.8266159836161169
0.25950378229329396
0.34170774993377806
0.4643004562546815
0.42345738147705464
0.463221069248746
0.1517470133431446
0.8206152977668157
0.33103267062489916
0.7107110533023469
0.04159689170159868
0.617203575711969
0.7735175404677338
0.4766763437643829
0.2655987752462383
0.13936739167129356
0.2968889722576007
0.7322423453866597
0.01879306768397161
0.14372599972727798
0.325139136899593
0.4146491502299645
0.48496327663818567
0.35753410001891095
0.30173321418957744
0.37548662483540984
0.821217583511076
0.5616652113943588
0.6250580909946194
0.46574987559556735
0.7001403618114452
0.44104407207399665
0.40030357322515614
0.6087218792701126
0.38522399633184634
0.5134192135264686
0.45241376429673
0.3366115582880502
0.44077566422343784
0.6733100665842616
0.7464418175423708
0.419882696360219
0.1012020326165812
0.5176011048958366
0.5864541425286862
0.2945598391893941
0.4860350126600549
0.881948654950941
0.19447956708688052
0.33558961349884625
0.7103957554817711
0.553854321025206
0.5423555317298057
0.551256629920496
0.6336232383909084
0.4591891172823185
0.7801971155700911
0.4761924884962679
0.2210543446318309
0.7272453035110682
0.37554178980087294
0.16648964314695697
0.6472728002599585
0.9246394162432967
0.3331319307490727
0.7098511715993516
0.8264086764631222
0.4158222875345031
0.5664876079266657
0.2499795646578985
0.2993101227334345
0.8465780547554523
0.3796249113994117
0.4017099864753162
0.5212072725249632
0.7305293088258346
0.0915211407012889
0.2409968904488149
0.493410842590813
0.4799244780315287
0.5960232389359338
0.9587405745480198
0.48885677969061686
0.495201755649609
0.47839114861585635
0.5139238370048478
0.459382096879002
0.9398158236588434
0.30224447217081885
0.386710040580337
0.817264087884148
0.45090146119332497
0.8367164699200162
0.5667860589091596
0.4816216704523938
0.6365371440813437
0.4170265560865512
0.8336068596367741
0.3532851001405014
0.5840937241893476
0.27112651569546387
0.09762555458108624
0.6151622762858484
0.7356847239454403
0.6097124050265516
0.35318814537445015
0.5565514451808544
0.3010304698944681
0.4680507445688727
0.49908948278131965
0.3033460821792707
0.5871854870925776
0.3687935227531152
0.6006807656661536
0.5256079034915098
0.785005870231879
0.8434463069325357
0.2498306680960768
0.436006506220044
0.36366359217104116
0.6045573833474789
0.5285683510514795
0.37269754048298553
0.5125656596248865
0.5338651523282889
0.5426255780625748
0.4489498883951078
0.3259331238400779
0.4739675743836847
0.571420684666896
0.37093345821416146
0.4568606759673537
0.1517509159174919
0.0916845455638899
0.10436571079919961
0.5501675680783189
0.7529587574366123
0.5715437309676226
0.22763422792809468
0.7586116397000888
0.5126140907919616
0.7980824522068897
0.46050656068078233
0.47366490124597027
0.7118384767937354
0.8044808766957714
0.3618513788024611
0.6725018051684151
0.32200357589396245
0.5281571614105331
0.5834016721619929
0.5911929136159415
0.615488688198264
0.6957056037306562
0.6398889034903521
0.5267215808509523
0.8511944666380133
0.38065625054926705
0.857618266605157
0.48435062615795577
0.7277383804357522
0.5520812519798299
0.44298539847809976
0.6526712993396825
0.7811091026526692
0.6084799351937306
0.8624735362283802
0.13540103181725494
0.5516009452190915
0.528078233864501
0.0705207438451003
0.29635510196695364
0.6072330855289765
0.13029832793569052
0.05351595663577278
0.3839627672759648
0.33544430038470574
0.5477152234954643
0.5424024426729801
0.29224446847644775
0.13756155157589506
0.7345986938852267
0.4653182733342383
0.5341265371941271
0.4834043090110501
0.24540488027507035
0.6708177095416097
0.9607943902769008
0.21975006403138192
0.13600161806188843
0.878529481457841
0.37164512822459994
0.8456315273532201
0.768992856290446
0.7873482360204545
0.23287265803144416
0.22328886642624218
0.9638893921577615
0.09364545997216146
0.33906055802024593
0.8596298776810227
0.8092041373188618
0.8777578759577793
0.43994850862583734
0.8601783240710275
0.8585107642319534
0.7428690772907538
0.7197956787152676
0.6988744061891901
0.05153465269563128
0.4034691166494839
0.6011973159794349
0.5321763119783802
0.6811720211848409
0.5834555898036364
0.8725510914559003
0.4831955289429254
0.7695443054057416
0.36298042909007383
0.49342844635229327
0.7010150824986978
0.8305258047593058
0.6914361502029045
0.6856383620649737
0.19890582786255845
0.7614949047006531
0.501681574724549
0.4384581911753416
0.6557027190883848
0.6136925872947369
0.5023567359508769
0.26020282903296094
0.910567410351862
0.20701540421984246
0.0539516723648548
0.4459257234367222
0.3795894107490717
0.966843728447906
0.39142440300567977
0.33588456276746825
0.8294656767726456
0.622646326777714
0.6053396376881727
0.21661108493347395
0.6579522510215801
0.5121128338112819
0.6706874274766954
0.6947125244321474
0.5907564746049365
0.29986211034647997
0.7533869160635887
0.5515646026043214
0.4679313827811509
0.5780099026625074
0.796030451483401
0.5337343824620098
0.3013131374415626
0.44127367367127834
0.6028646878407979
0.9510311804404059
0.17408486171511164
0.4563633568972004
0.9256075606351448
0.661093893073508
0.732704615208017
0.4787043714947946
0.6934987585320525
0.4601549225735911
0.31669903793988036
0.8340880458136025
0.4519293367752327
0.5962777316269683
0.411957793251122
0.6696221110305465
0.8315506083058206
0.5233079911036431
0.29713933912086815
0.7307506286480703
0.477641131308483
0.5501799463909658
0.6424868790986968
0.6609051989704391
0.16906970204420205
0.24043387118424514
0.6321328296214563
0.8108492243654941
0.48750330234004274
0.3758744291792673
0.7567806043146418
0.4097069137378175
0.09786524194918136
0.3826987547701913
0.8577696994621179
0.39951016296789515
0.5775835854327833
0.5626083633552016
0.054126687088666754
0.27461897929649326
0.7728289723049271
0.7445041696056262
0.7055846208226604
0.9439422030622148
0.5755924508120172
0.6707494067229346
0.39019224689977966
0.5237455897374892
0.9484131185815712
0.03846833904620535
0.2085836714692152
0.4692647271808861
0.7700538741324132
0.5927404927877259
0.366878965099798
0.43038461572193976
0.773605872577069
0.34466641151931054
0.5353801003674259
0.43853024466705515
0.32143640452764105
0.9662834926281232
0.4999981659295798
0.40269345060117884
0.1116316112171363
0.4722753737866964
0.6146905410650396
0.5229548751324219
0.6590602608240607
0.4958416640822224
0.42989014309051615
0.2875147003874962
0.4527285850070681
0.5952192196373131
0.6575111718337464
0.8599383895213532
0.30113972061895056
0.6574304716256809
0.7721557430691397
0.4496549315091735
0.6136405877506893
0.6190802904282569
0.5873991105507141
0.387290935596239
0.587487994265915
0.4522836924082966
0.49223203436851243
0.4916945278771441
0.2185792192956984
0.4258908362359828
0.6640199194646856
0.4234583211721949
0.8569679408325945
0.6146350713059942
0.5277719057651882
0.16898885369014982
0.5120584761779934
0.2901219810261892
0.2599190942566586
0.6924950862708628
0.3628940021622006
0.36987374148894375
0.3073234694816355
0.5600554700994622
0.43170346410355676
0.9157056536328534
0.2200675390424914
0.4457182700490444
0.7771480629842927
0.3040101831397085
0.3477313799679187
0.8650951203378201
0.7080798174236966
0.7706872985192199
0.12274571371926377
0.5237896479759744
0.32879556279015276
0.8843516727631602
0.39416688402158806
0.9089905856960825
0.618310461567984
0.9745990136298408
0.5131630963315386
0.36952755389936914
0.7359764773813549
0.4902231226794351
0.06894548830538766
0.6594117621330147
0.6926511651043925
0.2405420187565128
0.6761381190271374
0.3927694689572164
0.24160634823988208
0.37278249826147747
0.5262725625786551
0.3792645184115252
0.8547820293829028
0.8263752346910818
0.8111607817821715
0.8671538515387834
0.6307281377687262
0.6787051037101618
0.402921303547299
0.3705638872413645
0.1445665011299639
0.7430994931371705
0.902071455098217
0.6672801693167242
0.9303931364950737
0.6748235024247993
0.4293347823240277
0.6246237867170031
0.5193322640167347
0.2771551214382426
0.8605765411286218
0.525761763269771
0.4214638298326049
0.2128432397130193
0.6824171912028787
0.6237701319704726
0.5179598782011627
0.07278725439738043
0.26993335669205776
0.16927550037554476
0.4885055071173339
0.7411461667633634
0.6713951356865192
0.4930810961261698
0.2515460610835402
0.5132144066017454
0.35920554886079525
0.4101426139255797
0.5228523991522227
0.5015071832880038
0.6687983230085
0.6721598459953075
0.3270098808390034
0.7808984342258465
0.8754364056422416
0.2913193991356689
0.541770173949242
0.6550695039510772
0.5147702718927666
0.272302466001038
0.5603848159129344
0.46310229360059485
0.7157917728420378
0.3086494782114605
0.36899522493314607
0.6700412899650356
0.4089076000047692
0.7778631101336426
0.14958865095661222
0.4540683354481237
0.6182646224148878
0.3170421712194869
0.7849921363116101
0.2945349454176075
0.07142618752378918
0.6302797743358881
0.7971466913573455
0.4335065944297906
0.2712297516553416
0.8191060017250285
0.3932868931692209
0.5707019542079389
0.8897854572319344
0.29891186978783035
0.4979237429124189
0.2084368558531289
0.46308362692881117
0.3982828610056608
0.3834571256493799
0.63029988328475
0.7089068356605844
0.573202403181176
0.11862623229776803
0.6572980432565066
0.7704191294090601
0.25847438238870774
0.18754345894356314
0.5702873828120405
0.29491310225311873
0.353221595621675
0.9854646613367342
0.5210046367509085
0.4191936194656277
0.6658658205787753
0.7114466123348808
0.3302399484891533
0.7628981648331488
0.43690963413985445
0.6797732373055025
0.3613446504101207
0.46706987833756963
0.5304566904611583
0.907974894527225
0.5340353067309345
0.48922074473255706
0.5079020704437983
0.5048688065561859
0.8408326515718443
0.13378388378349867
0.46142814804157084
0.8159572555283142
0.4963848690087496
0.5367745066569007
0.5205347938037325
0.5917282790694978
0.36610897233832007
0.48109605107083553
0.4114199281027112
0.7448792678784106
0.3523284784339843
0.6502387067497742
0.480827594450264
0.675137958822747
0.3226813763259567
0.48951302171680583
0.5528410979829635
0.2495124225323714
0.6478431817545174
0.28787062745353575
0.4587874151251008
0.20410560313482973
0.4001039124031474
0.4988893313891118
0.4885885191066508
0.33906922814221474
0.6611776573607914
0.6664270236587064
0.5543498968107871
0.532944888406684
0.5102454705914016
0.4395013998486599
0.589693219251781
0.6370778771868687
0.3946523784259284
0.7411159785945156
0.4745822064223821
0.5011874758433458
0.1167888666362558
0.7728154216186791
0.6402206032277529
0.01610223063266322
0.5442217341861633
0.2166656848636613
0.7160934797423466
0.35737916481397647
0.6485452576749937
0.4477823867873615
0.6632849983994501
0.34185222019084355
0.8655153784391507
0.32626524589591205
0.4513423412783163
0.21408948157448937
0.8200292086223318
0.6154937879439357
0.5284312179140815
0.3825783882887037
0.3582851424496013
0.6117748344145073
0.9390391897417666
0.4683764752581792
0.6305110270074066
0.644831677780484
0.9718821899765111
0.09041380391355285
0.3043832756773167
0.83021105778902
0.4827796323517898
0.7834009775745598
0.6334996919242611
0.46735711421014736
0.9075314289970186
0.49510420475798317
0.6805680998924173
0.8563943665641254
0.5466423248871075
0.6904695567700077
0.5229595147558129
0.12156419760128531
0.7401702548301419
0.7256041133418618
0.36340057641115664
0.27219643054486375
0.8043027866739023
0.7131520115821258
0.12103765208872314
0.14029586639784764
0.8539882753470072
0.6555568321853267
0.7894514765837519
0.2837664898877296
0.15742031615814397
0.3167852420861189
0.6764199763055015
0.5736031602413291
0.6612519515216129
0.7861767139952112
0.31798107872034065
0.4605685129413589
0.7027938877598887
0.5553720722032383
0.3403238844626561
0.3717481413690122
0.560293756335956
0.5859118028861647
0.9382766267924616
0.19225864606161133
0.3194178650838721
0.35054522027152624
0.4590021867143156
0.14369558380783334
0.5837994740833596
0.4148335147531974
0.4425188238314701
0.7135055715849599
0.8567586987606237
0.07797604571035696
0.6072228538304525
0.6460521505566358
0.40061524889450345
0.4588915219661176
0.7053359510767596
0.2574005900144729
0.19621344345965477
0.4793217799900971
0.38060240509766236
0.8390598027514085
0.06670259357407134
0.177052339644039
0.3605448325457557
0.558105779534271
0.41521537423666005
0.8670277340864772
0.6844854159343026
0.8766667487775653
0.2681872524651793
0.28004711389209547
0.5314241834915424
0.24883219268121481
0.3283667159947377
0.5006896286257506
0.3718911509908709
0.5664477637537406
0.8987863411602532
0.7878211476482644
0.5467686483866677
0.3617097492411122
0.34901419835877723
0.5227874564930997
0.09911444558621178
0.4023192692779475
0.6523138147569869
0.9595078748079799
0.09427860603315198
0.5969027192954318
0.5286189129297092
0.6692011473098066
0.048238547405972165
0.34939816543774915
0.3175208187264705
0.42621383228999954
0.6887714063178929
0.5069233534452138
0.4277560783227544
0.6020638353342642
0.555663612717164
0.8416874429237352
0.398299435874435
0.40089804869950024
0.550323171188414
0.5616520174620584
0.7784419180920648
0.41343907731296164
0.8263641922810814
0.5820769623734143
0.4899799907782125
0.4638342204071553
0.09103428954982312
0.3844349022494013
0.3709657438824438
0.5424850615450167
0.36200817912121636
0.6557264672271672
0.36397329666168415
0.46828245099041155
0.16679684611334578
0.7276347572069171
0.7437415633664874
0.2976547407608479
0.529883731997781
0.7091182459333124
0.37204551257348484
0.4453082839536199
0.4943755139663671
0.45770667122590214
0.8608702217928352
0.32703661664975714
0.4239401768682527
0.6003397620306865
0.49698068100901466
0.4390977503148037
0.45357840359252477
0.7842801439591804
0.29824064724546495
0.17339810911528653
0.20443186680661068
0.7956836673845382
0.3515470650628233
0.5376255301417177
0.6681185215658325
0.9202034273160631
0.46756577415899203
0.7298474203469805
0.44823450403726106
0.20162875268060193
0.5688919208488996
0.9058975721976832
0.4070988909805402
0.7323410531825812
0.19693240998506228
0.15032501979086882
0.6608825601367674
0.41687396969883617
0.5320155023015675
0.5877975939969866
0.610879436948692
0.5456999118044852
0.4129075709240999
0.6603044126201835
0.6328544581816371
0.11366371889159241
0.6207136061970009
0.7394257551302429
0.1773114598055921
0.3645990951672985
0.9124850645969691
0.764598708061913
0.773829980558278
0.22863397119886256
0.5134435733630194
0.8058799107362083
0.09848486395629863
0.36737101274774486
0.39237325189550387
0.5184088028141546
0.45973562241029364
0.6069745011310086
0.3145870412947889
0.36654057672457335
0.8298237252611267
0.49490776642118317
0.38454683333878403
0.2850888502090285
0.4924559781488689
0.22417173030452925
0.7204503215231113
0.8089048674508155
0.0629595730475517
0.24548938234236803
0.5999416026769147
0.8849003341605998
0.5951335245524714
0.7368912885908148
0.40993556488533694
0.6905005441158051
0.2609429653342722
0.9182922013947631
0.4495261765107549
0.7673960113374565
0.557999883292171
0.5882970201681518
0.704244165444684
0.4914334153590083
0.11961364657423579
0.12541898720813588
0.6625743116821982
0.7978301483075487
0.26046702624611723
0.2667010666274624
0.2640952606344452
0.5128552478461288
0.7719068864171512
0.5455844261663905
0.6819287173385216
0.26671968247081024
0.5368535763512794
0.6206809150881143
0.1548482143480945
0.5219454863057987
0.9128144324997192
0.18280696459491103
0.13204700384150897
0.6423668054406497
0.820902251414909
0.5002152717317414
0.9707702478639794
0.42703400382740414
0.46071292132762953
0.9051860451588062
0.4267766273609682
0.13366275865642682
0.30002446663493043
0.5527740727669579
0.8714596317520981
0.19791487457132928
0.47553987054489333
0.9743987853375905
0.5420269367018608
0.10963329183058804
0.5907983865733637
0.7832077949186883
0.3684982117749185
0.7758382984623619
0.7751872668030677
0.4557843203656369
0.5327805005954144
0.28024330718437335
0.48812737267842565
0.6604708577003764
0.4436064049558176
0.4429512290712042
0.6413197723916866
0.449199041591342
0.44377952176809937
0.7869617876134549
0.6377564647438545
0.8647028088478937
0.30756413699406016
0.7710787145301758
0.4269739138725629
0.42347704950693715
0.43731983237144006
0.3954704075261578
0.46312635793135914
0.07463975916898787
0.5451589520283193
0.33800529017143144
0.8329780184052965
0.23219070503725978
0.19910917873723546
0.1893110497079747
0.7644939605185097
0.5935170180866518
0.6204913468300599
0.7121297595236507
0.2935983108730031
0.37472416518066615
0.7718386944005609
0.5896246131608831
0.5763061092876036
0.5812481428949837
0.5651791207637508
0.403754458769472
0.9100350208693198
0.290871699377884
0.5614478631589395
0.4979788044931186
0.6455721199241411
0.2225834283290781
0.6209272494105674
0.25968344490651224
0.3682371155854334
0.6337247460941071
0.4262912625275932
0.5820643302084689
0.8869237059422177
0.42858804899404235
0.48223632961734075
0.38443253388908044
0.5181136727103414
0.4750895818418952
0.9373139693153143
0.4908006354494033
0.33223295553597293
0.3853198890387819
0.49916215377731377
0.476913384601437
0.5016068369149038
0.3814904155633684
0.8411791746551012
0.3108460751442027
0.07998160906224239
0.3221719840980961
0.7353638678350346
0.7889326572299162
0.43168987869708214
0.3756906843530421
0.6674252473973932
0.15045369966275393
0.16538900620901106
0.5075358197418528
0.4985799220426922
0.5516435867284801
0.357553406634506
0.6147737589406439
0.7054272620783497
0.3989631979953021
0.8494383734913749
0.4284147116548799
0.7584206794437529
0.6731197157788892
0.09499739009151903
0.028822845449983772
0.31565884705424685
0.40060256390662347
0.5535431952501606
0.5544172643592229
0.05936414832055025
0.1762357980255785
0.8886928474361303
0.34541031992963867
0.8755680704334767
0.1563390530194501
0.5080424231847455
0.11239752485875099
0.4770576877951418
0.862720131388942
0.38036603020905685
0.9034604032069624
0.4594741839279549
0.5647366586117668
0.4504503609813093
0.02446921336392223
0.4082751016150692
0.740031284773143
0.5258467818099978
0.22635941545394947
0.05054208423318862
0.2562803732634578
0.7892369496701643
0.8274899211529534
0.6873454248630977
0.8864823539835522
0.11460241397260076
0.43170901798559547
0.5791671573291843
0.19565352657164461
0.14887234993810178
0.4848215578096171
0.40175175144100356
0.8019483569240458
0.059599544837332485
0.06954621158654065
0.20363829309909692
0.5834505014246367
0.14530088093861573
0.5121178076777063
0.7401159806928381
0.9606946129723113
0.18573108047271977
0.4761128403870318
0.6863257381880455
0.4444026823731153
0.5558065209440387
0.8424189052136497
0.6968378828480184
0.46911061869077253
0.5922697706997607
0.47886517091725084
0.3918565610483057
0.8801741072225899
0.2635260069675596
0.7069097673944911
0.4586974425048604
0.5145247667228624
0.4203501664947109
0.436062093311277
0.7490968300872675
0.47204321919744247
0.3750935169682796
0.9433025749209207
0.5413210392746161
0.5765268722980601
0.6928484801547181
0.869567558497006
0.6202501592360968
0.7149915339056637
0.09030838404282468
0.29113483805933804
0.19202608313381678
0.4008412107665813
0.47417254756615707
0.5545682026371728
0.1470078957144586
0.5263830814390024
0.40062205681519925
0.3327050688060152
0.8529229936103879
0.8409027994561398
0.6083991677601537
0.39567457055076505
0.9720312719656499
0.06268116227205957
0.5273639303432192
0.31899065738375315
0.8774397156522111
0.4315289817840299
0.5011416234843878
0.739085359114303
0.7303206928045964
0.4229215817559484
0.06706132472992882
0.15215604783403838
0.6707239172870242
0.7096361341597508
0.04601424686616795
0.13487430589355476
0.5749076838539988
0.8351535510079474
0.525748691846946
0.5950106702356492
0.2896275312515863
0.4069502125434067
0.6283817292365796
0.14140232883902915
0.41774162189365194
0.8619670626824221
0.4180136261892235
0.5590669489934463
0.6287804948273954
0.2554403317690266
0.383345792122865
0.7424022573878508
0.8029605541988832
0.3405213888532109
0.2944604938262753
0.3062708259943554
0.6893783590816454
0.5270742456103765
0.42486342864667037
0.7736736243144902
0.3965363034143033
0.6366830649856396
0.34954179333175417
0.05577028621234002
0.20486573969256228
0.6196219038007172
0.4946579935667161
0.46751073438675284
0.48622058781438793
0.35157188920413457
0.745034893024012
0.4632149807285644
0.5006605341112481
0.4807915843198253
0.5530101667717677
0.5470444540285857
0.4548054616467256
0.5836567139630382
0.5101058776979661
0.4361912732943712
0.3352374448561384
0.6933174164673126
0.2725000680912638
0.4885787238256399
0.5108211673466011
0.22805475080667184
0.621731699945661
0.6652666371434475
0.7299573898482724
0.516772545683465
0.1754105219473224
0.2582062497666402
0.8546961765482489
0.10749570722521783
0.5126593667918583
0.7449541233980431
0.7321591323587244
0.9781447904687892
0.44685535580450286
0.3621657695185809
0.3938402967965405
0.7194951241017754
0.7828910065691443
0.2136943365385327
0.3595926686625204
0.6674377599657265
0.33322726187954493
0.7491076907524405
0.5012267952473612
0.49282645282256005
0.7319199572130406
0.756555343945823
0.24382202229045988
0.2499948733339778
0.7847405859060139
0.04011415209612575
0.6876028775028409
0.4383579360442757
0.6707516514161516
0.6495770740121174
0.4096153795768165
0.4735311966517898
0.11450642676790951
0.6148521558318899
0.7076944638432272
0.31651110619778694
0.06360704568983833
0.4220462432310928
0.8341113540820372
0.21027992328040634
0.7124210670709349
0.8048095840686691
0.18769327470873384
0.08901613504898295
0.6796470547747211
0.5389848897985117
0.7080541949647517
0.5455723863935935
0.40774867654743585
0.12508264994186094
0.5928893959530461
0.3453116482699916
0.40792577052580126
0.5043938493125979
0.880542893132678
0.6464804393345052
0.48057912463829827
0.49337036629546127
0.7979786534994208
0.526874049383014
0.4237392795992268
0.2607190623431612
0.545395249608607
0.4239123129451919
0.6177353387604684
0.9848233997024356
0.21074650672352352
0.11411058641480688
0.13381163529493956
0.7075864761034607
0.49977149460383363
0.6389289126452378
0.46790991529440035
0.4214767715474931
0.728259609211154
0.5708272637139308
0.8715688231232963
0.34003167496630177
0.4702673727234249
0.6157889448846083
0.5735029539858107
0.7012835494115426
0.47452418911703986
0.778331150253905
0.3370377486645132
0.35845736253200977
0.2689820932425957
0.6895808521486526
0.5251497245353264
0.3426361748656924
0.867427068270872
0.5578779303318513
0.8347511293518441
0.3401239683097641
0.8203451243331965
0.6274759231706887
0.7800181402767605
0.36413312272477383
0.5201856975010447
0.3023020870060129
0.7314019214989692
0.6094411607964294
0.7804317418850693
0.5171320536703289
0.665204102237937
0.3807364294534129
0.7928120536582768
0.8065745492739909
0.3050846961385015
0.6140485866856575
0.19122961494972585
0.5854075527943366
0.4850491152358318
0.7142492944964423
0.27214734967784676
0.9079249358820874
0.43531458282271374
0.2096140117407369
0.5831808477141611
0.6246092023795984
0.520912927842954
0.5474617161510503
0.44312016602616133
0.4564284670764507
0.8943785246520252
0.27004441424942166
0.20723529880325361
0.4224716120362506
0.6705664685389475
0.47935096703565605
0.5713794140542781
0.596004957585634
0.5371784411969741
0.10212495869460028
0.6895800242431065
0.6499256365853129
0.42810417935546213
0.10941374683636149
0.17660426527955936
0.42533449888627245
0.4556703531106485
0.8072292532395422
0.10612709894452348
0.47646050924409067
0.14848852847503033
0.567248242962287
0.7105665616864173
0.692566951571473
0.7532599539010744
0.9098571264341742
0.17613168373296273
0.5923660451634213
0.5019888295108483
0.7418003925291858
0.6487763646956946
0.444999485329625
0.5180872207115117
0.5763939966685017
0.38429641829776856
0.6663971799148344
0.3722040648043059
0.4417986386243105
0.5576488696243317
0.47662916236261094
0.8812537557154605
0.6781133811183526
0.3638452080212462
0.4660702818053306
0.6150947982598508
0.7235206893704306
0.6342784386599374
0.1464134955790249
0.7522296498116012
0.692523141014006
0.4715142222729165
0.8863838363818368
0.2092793635308446
0.1764264753374627
0.36838334728961425
0.33862892323414673
0.572252247226498
0.4688834780162344
0.3699570619174922
0.9428700262337963
0.3259712539074707
0.3210706816261505
0.8239549814285121
0.12239512025157831
0.7564098004613931
0.4956632511448656
0.43386907245054396
0.6563258563820344
0.718167180260604
0.47201671096014264
0.3810109120537437
0.7587939616607995
0.7681154002509454
0.7986370523201679
0.5856524631797109
0.8413394785324227
0.18289594856176805
0.5055300249395182
0.8245417200590517
0.36887541105743915
0.17438445145313697
0.25853686506703033
0.3496853547679676
0.4594557300447815
0.07349810984992323
0.12914062534409448
0.6726769041976317
0.8854430078738136
0.4090111060475237
0.6624401811773617
0.6603537963576591
0.5822942087309417
0.5067096842108321
0.4818646329462449
0.172331516596446
0.4052008124345404
0.6734194978283106
0.4026981356157704
0.4911647483787724
0.5546497256326174
0.9259300807520441
0.48714361839149095
0.8788722774475797
0.6208529575812406
0.9175972972427082
0.31659600204414295
0.16941982705197384
0.4762169920881869
0.5608614346810815
0.5645300293571418
0.1255028225156106
0.6888510288669151
0.5033215419438635
0.043638896551461276
0.2684373360490542
0.47894302739382866
0.6221454415380853
0.6625201213615659
0.7533221521761746
0.29890386096762456
0.5366613964074869
0.14763937816837577
0.5357897230866253
0.7795144449376683
0.9058012694181944
0.23172337191940223
0.23042350487968194
0.7294852313819333
0.4420466437989905
0.34462787602111955
0.8218155723007288
0.3936458559822024
0.9602930823507343
0.3506528780898245
0.36230766380354684
0.9500260581967267
0.5140640479286689
0.5832530026923362
0.46335177835431085
0.6815372534914168
0.4234956954616367
0.8216540843062017
0.23259620435486214
0.32498090233155985
0.1837183629584171
0.4612113280331618
0.8602310689733512
0.46040366547350503
0.47129512058522455
0.4966171232256408
0.2901533063221622
0.6409615105575965
0.29059256704778447
0.7600902839245817
0.7255068637569173
0.23852425252315146
0.7914910059034945
0.37317705758423325
0.3579447915917239
0.33728291967259805
0.7960524610941269
0.6131935164882321
0.3979189460238941
0.8607896374066801
0.28014421506782905
0.5156985726266988
0.36971692664613237
0.4035639922894839
0.2456446233151896
0.5605347849300959
0.8047173605314226
0.8438713407774929
0.4325382655065355
0.7262475810208285
0.6822085482961555
0.2229355952654702
0.8079229055429626
0.6966953751238116
0.33407813794384783
0.7037370687439486
0.7402760780797112
0.16267538212955174
0.4269881934902379
0.7145371936426599
0.4183379515591918
0.16676153008074487
0.5453953998387453
0.9178338619116349
0.3858765474382786
0.5529159090900397
0.4155360896909765
0.5645508893239867
0.21142086011351097
0.7560848364977552
0.5672392085276593
0.7529121925182669
0.8339963315965442
0.329858577814888
0.7322231838672189
0.2794664037103466
0.93250612613218
0.5560452506418584
0.8379080793749512
0.07338826044473558
0.23167388462668026
0.8267524870535099
0.0800636404725493
0.29535450868285296
0.36220326072935627
0.8370443039504951
0.6139368878707951
0.8123733596314344
0.6248348395033497
0.14318333355044383
0.6070823842935578
0.6374314835497968
0.8599576999314973
0.2996788506573299
0.5752959739775358
0.14490640167056723
0.7364140232489942
0.3986629836378079
0.5768499370671546
0.8939112813819874
0.6213471000225378
0.367049969263188
0.7799365124311677
0.8552620946161462
0.47369268603075115
0.6161659678581812
0.1051040317722731
0.2810728462292059
0.863013768046392
0.07345256485029097
0.5964151272768367
0.35907426153535815
0.4783947930993544
0.4629596384289578
0.497332176432715
0.6668611485003826
0.4290977091510255
0.49743239877138123
0.5628079302841669
0.42748918038499356
0.6118039999664248
0.38436439519346344
0.09467648638681406
0.276816315225138
0.4884887725849899
0.5677459403641224
0.5299727041999532
0.7092328390412492
0.44944639426416366
0.5986482450937081
0.6719751193622204
0.605632465907007
0.49655829184953354
0.6909183727745298
0.21001228300221858
0.7123902683033758
0.6703771935394645
0.6129828440869689
0.34911677592664025
0.6657045811416011
0.5975168128414576
0.7402282442161674
0.39618174332967687
0.9389721202369999
0.21502008165821548
0.43603627188362626
0.7633731717461065
0.48754055081901626
0.5879718398000426
0.16426086775625356
0.5459832142898285
0.49276734726399574
0.8307900986014428
0.8411191071530624
0.4353309153617721
0.6558297026893155
0.8222943301099974
0.33543416176105817
0.33133652515228657
0.691805480706213
0.9663752471967824
0.318287528176979
0.38362184577981084
0.6398841788183807
0.554453292443066
0.587537639687329
0.5536520728412622
0.5944932100056585
0.47274203040668206
0.7057950017880359
0.4332808600352289
0.6960842615118005
0.33140186995326726
0.8054668076198594
0.7099487485501439
0.737302314327567
0.34903016520732744
0.47636866367212194
0.5270758712639387
0.7977466398099309
0.8508246027505026
0.39994770344453573
0.5614648359929785
0.6664763198835829
0.04304878901764049
0.08729668918446466
0.6071889081433768
0.955857250252802
0.5031132327554112
0.5534365488397855
0.2797477337474056
0.4423449922872
0.4482576008742238
0.29214060785055956
0.4943162854765065
0.8257717047923618
0.4453916373557535
0.6524138934850128
0.6531748855892066
0.7750694267699263
0.7572783455016432
0.3636312285231536
0.6076931739206011
0.42882145108724107
0.5010104739787863
0.24940074868752743
0.704903568386031
0.37570782472558156
0.3472898179996512
0.16878230240444042
0.4495765643792167
0.8233361780436197
0.31705131778637224
0.43697112839472796
0.4319895899549271
0.6530599559721754
0.6011815080384669
0.7798720395958308
0.10701272566174293
0.22269388605490115
0.35284624280501536
0.8759035123564666
0.5876979185877527
0.4705798367695164
0.2627253289566739
0.6208430441035846
0.6147445064801313
0.43685791137528024
0.637095122494566
0.9329590925847873
0.09828019854264206
0.06503716015970874
0.6045533971836103
0.585584227858628
0.42876365990831167
0.8124027455864795
0.31110239334901885
0.20438491496119282
0.3776581217977285
0.7994656789135008
0.5130440068658544
0.6623777738306803
0.6242369885434658
0.4989067509989394
0.669516807483888
0.4995153758199719
0.38400154773576445
0.8490768906337465
0.14596799041862016
0.5844907612771589
0.5299949181516889
0.68223210203645
0.7712041494605137
0.4545045981251421
0.6163395574208423
0.18081997976922667
0.4389710765116984
0.7120328689236296
0.720680090512189
0.4853944738925283
0.30296040212975256
0.7310168883965209
0.30998854684368643
0.8770156399334156
0.47597894966929416
0.59228076717739
0.5456164487105375
0.3925238043381193
0.7655477518299896
0.5006289594963796
0.4519752026358975
0.4991995052200793
0.5242209718497925
0.2768945187875652
0.4661511652028121
0.5291554175091978
0.6231415798587728
0.8528978319096869
0.7710803856493571
0.6967053177708937
0.4520340243430316
0.23156967239438858
0.13462572320241872
0.5991328382842975
0.5544418126220283
0.5425844491305263
0.5088265320577776
0.8771711046282945
0.45090169926387724
0.28908448485728916
0.4193993435853822
0.5109107484514319
0.1714059487770341
0.45974437497770204
0.522218615503625
0.4390741437640284
0.863688499322169
0.36260999679478434
0.823952661088913
0.6473479342740973
0.6542449402996791
0.4699630515765171
0.3025478979420487
0.6011114790965197
0.5833091532532584
0.5974824172871116
0.420388017755927
0.5212816317848872
0.4746236135088622
0.126223068266293
0.17082468074445067
0.5014291835371838
0.8668214555967103
0.37029888703869857
0.9166497149706725
0.44216548584312565
0.6316298589388609
0.8179043294590934
0.3449794483965344
0.9039843099738916
0.152871824951003
0.640725681433028
0.6709649572270315
0.2783182824835043
0.4787862096891296
0.6033207360015104
0.3389072002693039
0.6170514814699825
0.8713507893483433
0.3846170470905642
0.37648810286226336
0.8955115806262528
0.36571271008776657
0.5576779801540718
0.5160670835823118
0.3613530937306433
0.8427748407491611
0.37256215834729806
0.6779473998620918
0.11247809141061527
0.4190709512242346
0.4512302302367798
0.22131151209768185
0.17452446894332338
0.4401630844005384
0.5875982197734284
0.460911945750349
0.6681412260319308
0.4476935261640607
0.5834348895973359
0.39779646134506524
0.4729658143971455
0.62901608723204
0.42485364073559273
0.3614318013947779
0.5529923047264137
0.3736744194128719
0.34423071237001024
0.46181947242307475
0.5311819935105252
0.5582267455972837
0.6935087790756633
0.6900797091304163
0.8835468956554383
0.3539642925993513
0.19646258588847024
0.7902713591025812
0.2437209206034909
0.7183465366305789
0.4868897354394261
0.08328185757070786
0.5073182368893752
0.21585017756698655
0.5790843867222057
0.8268090281690723
0.19870994478565895
0.6653615168872105
0.6677004050207844
0.229977108524634
0.6405865639341388
0.6624175280464024
0.5745961157375556
0.4352286314151109
0.6029340318356804
0.8507635246237064
0.2596572383179469
0.48868486261496213
0.5148863988769837
0.2769527911162975
0.7226289443337606
0.4706411632979401
0.25897903877464035
0.4167014455392198
0.7895513314471767
0.04327118420591153
0.5609631064062952
0.721551075755317
0.4547689734670586
0.3751978965359116
0.7771598698689011
0.3061124349672064
0.5760779636022211
0.5238585669126485
0.3320962366466235
0.5969824093228694
0.6713745774686607
0.6757115199052015
0.4812703641995998
0.6569974747011054
0.4941704453754996
0.7838581161520446
0.44165831489406737
0.6712581470693841
0.4057064565678645
0.6384819903991604
0.5251682333009589
0.683553953171315
0.42683502619887
0.24069106201333004
0.5062128097634533
0.19302673176995946
0.33401799852082176
0.8381603552866875
0.9196867478022914
0.47918386426113313
0.4626438003997469
0.7166749798830201
0.7646430484310867
0.3005594923883082
0.25888267864025594
0.44934590204080765
0.37433880953227905
0.5134774791084362
0.05109312347604635
0.5076000213274878
0.6108553669431934
0.8063143878615726
0.7129501626146045
0.578257559467059
0.7026435054644055
0.2323840217292438
0.6724927311522568
0.5385293377705456
0.5849733653605557
0.44001298327828653
0.8345629553772198
0.2586701257763452
0.6832073797134424
0.41424148314863324
0.6935516563985983
0.6609971931455025
0.5760522967492495
0.42448379301610695
0.7086889669826826
0.16108034232472862
0.19782246193507547
0.3949762167596487
0.6339212130440951
0.6208139738510015
0.9416809816127992
0.3046267333207753
0.6917048783912187
0.3537212883032933
0.9871266838564883
0.3912790853215502
0.47845210762195484
0.5675603251849528
0.8195775037503591
0.7643135347080786
0.36827613532613274
0.4955607457467679
0.5355132120319965
0.875363049472589
0.369174619776715
0.6817785049109653
0.7695191836660064
0.18312070430030208
0.5620213740968578
0.7563817983906703
0.08337661947985257
0.4669342174427967
0.38672424103364467
0.5446148529615744
0.3817426943224538
0.6223150091782454
0.3323094588097839
0.9541748774877523
0.060292581184591146
0.35780822102542986
0.436074325532809
0.48478267932886293
0.46063101147800517
0.4433508122115761
0.7183012854774998
0.5101251606222057
0.21361386154163559
0.784822055305525
0.20139347233778032
0.21063248494456843
0.4799418312455387
0.33860014246440334
0.5777202440615654
0.9301219030370085
0.37837181968871136
0.7227065473687888
0.37800204869302473
0.7553087368198437
0.47690564117361317
0.38842303537432804
0.40597583830594774
0.5112683002297458
0.9849260877970137
0.06222621424562334
0.3380554309586401
0.5412288874758201
0.4746962802670178
0.4678803369720432
0.61262052013487
0.4454907392176235
0.7809867841975442
0.3613576721033164
0.4794503481444784
0.5037178053660748
0.36791398800171543
0.45931488239356927
0.10365745229857215
0.3525447862217254
0.333549353150084
0.7346891444330741
0.3887719744677894
0.4650017533619636
0.6802274502136463
0.8953770033316033
0.3793457176011381
0.7012191468497949
0.22010525366356248
0.3368322703854486
0.1208438020578613
0.5125068634017969
0.8578196724976432
0.07410891042333353
0.5866527149686195
0.4319407625201305
0.7162503710309904
0.21718318968885678
0.5505677712249668
0.8311934782305195
0.05731545211029912
0.4186944334767805
0.3964810586609514
0.735301861922208
0.24475997271981004
0.6437933068900235
0.2938401026544599
0.5212173010183809
0.8273577102960472
0.3233363630270434
0.7493459314825728
0.5255619266277881
0.6122784419034673
0.47620602949103585
0.47433295426981
0.3797216288732441
0.8798004144528754
0.4082269526813746
0.653915421180175
0.7024594043029622
0.45222952967553953
0.5981748527143078
0.5799037732343614
0.6802899955349012
0.3289991753131637
0.9521545300308989
0.5618967425330996
0.24303802120498172
0.37167005596941927
0.9067945133396808
0.2729725372303155
0.34666507048942524
0.6691807153018642
0.5148259024950195
0.22416863304013185
0.8937624273401374
0.5810633403927487
0.6559984968110568
0.9311300562419791
0.38728332781344194
0.6182014294914241
0.279237039209931
0.4542820398907853
0.38878377817164456
0.10000321542299695
0.20151780740471517
0.6512285584765691
0.29559896513752504
0.8430883452388662
0.2180457743265007
0.23323119275546317
0.38777953856678926
0.4511816241831258
0.37523346068450375
0.06746618994440931
0.7167903220527956
0.7424732289647125
0.5871230771476698
0.7809985406298654
0.9100823071142626
0.33212519358856696
0.6885988483296469
0.41040921007398096
0.5309042271901616
0.5069208478887288
0.18953574316878707
0.37161907814856243
0.7803600419644179
0.28128232368669404
0.6418495879506718
0.8198659085075188
0.3327370081011816
0.7749052448393943
0.580875097876618
0.09428903122409993
0.12094572376010161
0.8053991197998391
0.8589972055669137
0.6107811662160431
0.9835547811019626
0.2826311336939323
0.4271702822720199
0.4862528970875974
0.5151951615344925
0.1321741733480897
0.36239201043849684
0.48280161643403813
0.8671294351078691
0.5005834805868195
0.5615403796765239
0.7829267592702915
0.8665536557594906
0.5833065818072695
0.2658076346050323
0.4910426118288924
0.5522569338861445
0.23816300959493988
0.25302430528352865
0.6972244891280622
0.47067181908043604
0.29702913619518534
0.5225929842769805
0.38806872206616927
0.3989729742722872
0.963473412672259
0.5075915354126521
0.6456955927148458
0.7893018957508204
0.3221406323307512
0.11634363334576812
0.4850595193382838
0.6965124317375437
0.7336052774663715
0.7814139377173652
0.2536733312464797
0.40412366310934716
0.7221965081581322
0.34094653228344896
0.7333052690824207
0.5211905124572421
0.8555069432072024
0.42221891290686875
0.6184955154057349
0.6117239572589578
0.28092790885616653
0.45087530734867887
0.6908632745625711
0.5688351373565927
0.3189629358929263
0.24885600898103497
0.8227218486122514
0.7316064260768365
0.4996667371513569
0.8021285838868181
0.8556773093024831
0.3281286934417642
0.3608410628239149
0.6503674929244785
0.286428186495549
0.4807436431188154
0.46939794846136496
0.6893495322328247
0.6845502477650136
0.6109616807431001
0.4242715906296957
0.7196581645698459
0.4207596228053879
0.7709589744041504
0.6143007251526384
0.602482411258932
0.6389432149253452
0.6780154911594602
0.4314903817830926
0.9173862950378855
0.4949296958436453
0.6083918830445579
0.3620396952739879
0.743127204061135
0.5191497892884362
0.37363202459954714
0.8540987857965434
0.08376632415179011
0.49695683532760704
0.7211742036386586
0.42583592360432654
0.4090233842302332
0.2509771321100124
0.8984160586403741
0.1327088291231989
0.061960122078253535
0.2205797794541614
0.567711084503639
0.3239094165942772
0.5359887957723247
0.045491249803507224
0.4689809074506105
0.4176895487469276
0.25463978103342766
0.8103544487279511
0.41696104840700526
0.30507217697142286
0.5023634735294311
0.7500831992526822
0.8311383925005357
0.7562137366097548
0.5493756183242282
0.758986590651965
0.794215747794458
0.42978982643721814
0.5862015579193786
0.4356250172917864
0.27133688440182296
0.9695481307085406
0.24840138356955405
0.5960191444704018
0.6349472315501189
0.15971939939921703
0.3321997139100621
0.3938012805651918
0.3700586773412048
0.8888751601680833
0.48654429102496244
0.1906222495372136
0.5435356472569968
0.9402291323997222
0.3631635062252763
0.24662942302224322
0.29225701247116975
0.5106896426940793
0.12431811029140419
0.4802608640319583
0.7158567276459553
0.4495461308266782
0.43497384364992614
0.3587758878775613
0.5855398995972148
0.714800382205689
0.6065584499251777
0.896270008772383
0.41308082300197224
0.379492340234718
0.6882394021044692
0.12541608616188216
0.46355117542595314
0.5758211411192453
0.24245780127924976
0.6180718111461885
0.3523002267826758
0.581697629385567
0.6407525625201369
0.49992080230302854
0.3866445263463204
0.5540343115991248
0.20042074203412147
0.7527371707115121
0.5037191748609239
0.30171370978760526
0.9077443456635643
0.14207548799498468
0.41813466703596136
0.8735929988962166
0.46626295394750394
0.3747902361475457
0.5453996588186106
0.27783761044437866
0.6975955900869841
0.040977852938360815
0.5235691712215553
0.5563115923810199
0.7581243608925032
0.6706125504627134
0.22753427275110644
0.8679234927881168
0.34088110505075364
0.5793551436267531
0.16239646681341802
0.6855081838508814
0.5208533341272158
0.10924788224030194
0.5092075406061697
0.1754767219875733
0.6638646847967073
0.7813475331146362
0.3413992926951865
0.4720994774588368
0.8855519518910211
0.6219229361488887
0.4893846048246513
0.7041105009628325
0.88255468308801
0.5293404703914457
0.7682130266274738
0.48745357890816
0.48782213086341736
0.4833444794560743
0.672305829534813
0.7950924307709109
0.4455367924981875
0.4156796598426277
0.38463381003829233
0.357034591673301
0.9252403491994992
0.23385976396991826
0.14271767414069292
0.2558806649474942
0.811203174469747
0.143751299396543
0.1592966572828115
0.7957752493393686
0.4891841574746105
0.8193013674578136
0.4075763584743948
0.18115230366488916
0.5901441218077752
0.743464191652863
0.41152669003715425
0.4310157398164098
0.875094954869881
0.27084841511178936
0.3109072273972633
0.3805638781200516
0.5427187059063188
0.7444654550173725
0.49451552267057897
0.4902699416978513
0.47105241083411636
0.7146432474069502
0.7943604095974106
0.4956104286077424
0.2397287250302318
0.26836076189031843
0.6885099459589028
0.42505144120020866
0.6671717733050753
0.3100716388193514
0.914039602760798
0.3164354375550473
0.8995632273043175
0.2267914925724037
0.6121072523950882
0.436270981524304
0.7813370501261455
0.5717421260038121
0.37125156120186575
0.893196036883126
0.6010893985688976
0.48128619240446524
0.39466334376278644
0.47072513060851856
0.33234592138258356
0.8958760292147006
0.19171795758862836
0.6258076990964012
0.45780207414028434
0.46853298625013606
0.20702954633312232
0.39759229148588937
0.8306193607683678
0.6083337897559551
0.6717453790749401
0.5421523391041007
0.5453337085339384
0.48763781696434616
0.2619593320267983
0.38249481627633686
0.6423246091748605
0.38880961007663656
0.34879609491778807
0.18173680734475622
0.6167740755578989
0.57581408323332
0.6150329353616634
0.5682810873786563
0.5739258294993755
0.7142865378934233
0.6935389058737034
0.5181786535658797
0.872712801092492
0.4398385431294154
0.7006318003962899
0.49893838757835174
0.4471024024147478
0.7282722097916218
0.5357645782093805
0.3149803263316599
0.6135230812022615
0.16604470411629169
0.1981572087713506
0.7153577336694092
0.7276179646568799
0.8097563728300177
0.2401060580548461
0.5231961115634394
0.49100249276483116
0.5388221105504117
0.4520742991288591
0.5788506543167027
0.34412367787304854
0.6195958089789568
0.4887239793942805
0.4626232514073218
0.387026553232546
0.5297912403833452
0.6141335419044008
0.914462785525679
0.020338058139282262
0.5396375392193049
0.2265775050838561
0.8018186457649088
0.5806307082116385
0.46597075556736667
0.6840855649456283
0.21675409271307608
0.6052773093130862
0.510081681941525
0.4701947707034924
0.2623174645528983
0.5823888223745974
0.2351499840346985
0.37864687013558634
0.8011333302775259
0.26296264967824634
0.7412925321003234
0.40504068818541283
0.5952340768399296
0.18929505104139888
0.10790437545856983
0.40831584941024723
0.6098567252267247
0.6237169618040529
0.8712261938188532
0.2521261690431642
0.5131845270069548
0.38002558331575664
0.8183916549834075
0.6866814077936396
0.5952678620859909
0.3228358242780774
0.8524636446383818
0.662342314966315
0.43715811444136365
0.4498909440404991
0.5703802480593099
0.35112035148629805
0.3504533587795896
0.8493201774821915
0.6272745741531756
0.8537752791234137
0.0676347691561223
0.4147741814162
0.3271745077054819
0.36178070306441495
0.8616146045695632
0.4085350319423125
0.7743624925021068
0.7359574348020397
0.558470899920158
0.7739415532407634
0.9791098945775867
0.5621446084023148
0.44947491318357696
0.7416880707935218
0.41755442286458
0.659751521539425
0.29427498557300613
0.7898448487536535
0.5473359237861857
0.6833671203866553
0.5626639126726377
0.5690781847538272
0.6393682616152514
0.7727607039109451
0.8072587890435003
0.2973588383056918
0.8622062995823434
0.2972626682051859
0.3522474347607297
0.8649011303686651
0.2305896705395063
0.7967092848822284
0.5214672267058265
0.1905547222202822
0.7513778425850539
0.8441399859105998
0.5593023804673533
0.8591912888363773
0.6669835757400092
0.450699832159504
0.5247128089595103
0.375739016855321
0.16413265464389615
0.5768475296432715
0.3825543607401343
0.6756997320578477
0.7418556836757566
0.8877492645847713
0.2860441534826377
0.9753446910952546
0.5786208287457127
0.6970723362405371
0.43715415286829024
0.4027511755707963
0.8405375423005388
0.708325194367144
0.8271242276138031
0.5991535622791722
0.8193266775288607
0.5818268866723344
0.4809612624957967
0.18819460245514952
0.032806830761094904
0.5388644752982978
0.8523536255633997
0.6398309209020365
0.794991427816496
0.3832034785372549
0.6618909064193951
0.9150106210995549
0.08967155691997085
0.5064622307927841
0.5840308106283586
0.6529242069028454
0.6185204167005627
0.6690830864947859
0.6597976978170543
0.6000160913606238
0.697098276488168
0.5979998082898913
0.6639766730493681
0.8585259346885451
0.3261096514352457
0.47664624005321077
0.5698530462775181
0.8834635692434513
0.5652768901937996
0.09316021367665554
0.7533080434360493
0.9351995587473992
0.4781823801167775
0.5883287819701869
0.6975577468268707
0.6563792782592539
0.08169653140454089
0.19171144161836604
0.11639953370765728
0.5352970491623517
0.7381398045905074
0.35861456945335
0.605179262810868
0.39358833571424634
0.37584071355667237
0.8856005600442172
0.15000669963198537
0.12976755003006385
0.5436465253881528
0.7285601178804177
0.7528654894602137
0.43573680974537027
0.2185764894560871
0.6245779729715311
0.3773709415996685
0.6011054051632021
0.6570374066496443
0.5515313640115449
0.13463324837538354
0.4418947644239952
0.5408901856180295
0.1087733192022768
0.4989488616666717
0.5478941464092577
0.14505559334823204
0.7662991151230231
0.6411188259993024
0.42499011234040407
0.36155177113921033
0.6400130061459892
0.2804803015870843
0.6246576337116242
0.4925069865269665
0.41874995529979686
0.8266166581207843
0.7739168609527969
0.4095897308492116
0.6960093198232039
0.6082241314151673
0.5916102426549101
0.6714186887310916
0.8658680330372267
0.46567896973654627
0.5111463957702267
0.10838667041657409
0.09090528818863251
0.2920018416604684
0.6994024403816063
0.3528877569734199
0.20026752732381564
0.49150481343579105
0.38862452421234817
0.5710488056788454
0.3898662999342461
0.17550225931818753
0.5032110045109318
0.6518438282844742
0.08748494128996315
0.5155996638962242
0.5116770613862999
0.7512322045284325
0.33096028148789036
0.6799448038294811
0.12724806498975363
0.6752579315404911
0.8855450699747157
0.3978255796216664
0.4657826923664091
0.7297132191844087
0.6819999077378247
0.5781906904199143
0.5009127605793077
0.37937110696449705
0.5530495518355177
0.8593042056753096
0.3339559433149476
0.7385731822901436
0.6259761219242727
0.7637862904138235
0.43732149944052706
0.5474130943923118
0.8667926457218491
0.5226005518283762
0.44941711517076854
0.6090991289621452
0.1297115397229145
0.6353290514589933
0.47120566203286574
0.34402959321483406
0.45596289239682486
0.21119397995208147
0.20418436606104035
0.7276538763609792
0.46613109807027175
0.15038802754268837
0.4247143949161876
0.15941014277702
0.3369508795435935
0.4518251418757305
0.4842226412378402
0.5159080875211561
0.5275179027360973
0.5196688909141496
0.7001305222724808
0.4490179105008449
0.5363687089767157
0.6202703084395974
0.32913881003363576
0.6519377397344102
0.3860122208721829
0.7797318354002261
0.8462731994660034
0.22473884144875397
0.7440957949148276
0.5980642364929046
0.2857523190629204
0.8215446845626264
0.2830463685641962
0.3207412598319912
0.6515212727651892
0.330238411175647
0.39922740145707636
0.7150774210698734
0.1745315886801144
0.36497031407669345
0.36035436571950097
0.8165559362282843
0.1676840089213475
0.6861832628359451
0.896353314000788
0.5074502892179671
0.23439712446882022
0.07917317910340803
0.6990274608386104
0.9465828868156501
0.16873245020868113
0.30460187608765954
0.8616886435296505
0.31667507591126226
0.4628134661721948
0.5405977695048387
0.6091258439186502
0.8634018893593035
0.3548681867303411
0.05031263869303724
0.3515583260349442
0.33549532259915227
0.5114172116226416
0.49143232552665594
0.18104639220024035
0.5119030235146678
0.28636035747925837
0.49811198607567897
0.5917259680319815
0.4192464453142572
0.5591392512429526
0.2275111723341054
0.13767474224409376
0.6356377545692546
0.5574612550671514
0.49180955332821397
0.8815401279753862
0.5561723589013678
0.8632928479453167
0.24434763678450772
0.5132977295233694
0.6590012747426788
0.698860248383064
0.5311374422411524
0.4012984920618935
0.3554127231439246
0.48559940352075714
0.7156802997115927
0.5796845074438286
0.5391252337903037
0.5702346701402367
0.43480903169850027
0.2696806739646495
0.9651184934595769
0.18654371661968916
0.31191688293709263
0.5114037923614018
0.8387866932393946
0.7227615534529119
0.857372518371242
0.7150187300137724
0.6014957855872282
0.5249169366193555
0.5672044224335347
0.5929771770097685
0.3518762452866074
0.4525363117311128
0.6231168801587231
0.6442949928815483
0.8667647120706163
0.1992675162518548
0.3152345575936178
0.6053374921269563
0.05811835605931648
0.38369265600052843
0.4912713479325318
0.4414390573418636
0.6313198703966821
0.6168888344238705
0.6238145701866253
0.4795353202272647
0.26691369864256054
0.5981390954148224
0.43072113257029315
0.738422321840448
0.14622080951596372
0.30303515116295215
0.5955790470301637
0.3750487351254223
0.4857635556122709
0.6182704267557411
0.49352459960492345
0.39484498222604564
0.4574099231609634
0.9243248548819427
0.2714394926145448
0.8131171877105523
0.3921977425993761
0.21102793653715285
0.75613663740267
0.6200052387902892
0.4495043486151775
0.37702723461340576
0.4235225016817945
0.506742526846673
0.3302637220389409
0.048125020417777435
0.15487617240588547
0.7979876545828914
0.2145406152337259
0.4691715043270845
0.5495430421291467
0.13236514978354283
0.683958143064085
0.7569245342442499
0.2343501044953774
0.5641468925154325
0.46204119331092086
0.38444863256353257
0.8311646844023208
0.4774691502131851
0.729652256390563
0.7924047421128384
0.11632173258150838
0.3830899940336604
0.4783421297856466
0.9307288699011269
0.06184811656306645
0.46511355020109346
0.4297759914873384
0.5028024113474486
0.5011974390095495
0.5092909171637063
0.5271403130630806
0.8380359565046855
0.5463844666906925
0.4509564717209793
0.9573154033535616
0.06550933102429418
0.5616600594295219
0.4861649871859359
0.5163315208510069
0.8603632641785978
0.43861216270812814
0.3071877052467809
0.5415840995819989
0.29452922024630573
0.8581948228908722
0.48527749942572923
0.8108820603331747
0.7899623890526846
0.3740528026372193
0.36520531170879095
0.7221094736227125
0.2790674477089132
0.6402321798371572
0.039956815115028035
0.2527200231963384
0.22554534967920858
0.5684242557847587
0.6381208202517687
0.536948266099529
0.10775325838664561
0.1395414741574332
0.8075700660261277
0.8283868604910847
0.6322168251330188
0.641389317821017
0.05145864104530398
0.5854916519320368
0.36727504072195694
0.9057931795751214
0.6333575259288456
0.9231423986602318
0.5571274876431658
0.5173704906888771
0.7479159428985576
0.16997280859553535
0.5044007149179508
0.21149748459232154
0.6774508373217722
0.4767339546901281
0.49418942525965015
0.7601627045330516
0.6828973400802165
0.5065033295431979
0.7869936313198016
0.5446641767045248
0.5793710051854157
0.5968460835144476
0.6730276900729812
0.34559301353776617
0.8288138014290385
