0.15687793564812036
0.34950794046144557
0.40535843144694916
0.6297465524394776
0.6533995483121882
0.3786639272435688
0.468830990976391
0.8025616424359301
0.35520281556403666
0.5765085560345791
0.2400671652755247
0.7498312893805097
0.3276065921463688
0.7191303808669273
0.4901461698722503
0.6101498228758518
0.49987411633351236
0.9223478033517285
0.5142356931778054
0.5579509580426072
0.6777634924160256
0.5859935547318257
0.7119505613182184
0.3423954221558573
0.36718862412974085
0.9340012621910619
0.3434384565867983
0.9009798379452992
0.22921911572564047
0.84316037424775
0.4645690416227774
0.7629404768446398
0.5124342788069947
0.5426370793332154
0.7247080924380498
0.9183490359099407
0.6404408135188866
0.8914661684279088
0.556782011353361
0.9003652580632681
0.6872769392647331
0.8131221234174919
0.04120131996284219
0.33863848817819475
0.3709550883733399
0.7030547612908096
0.40576583733260957
0.4277107375485131
0.8396734724706134
0.6837310932871564
0.9812623140522907
0.219983965050544
0.17916263697879228
0.5248415352580837
0.9381259211483945
0.11238402178201064
0.5872997533645548
0.7048501043393081
0.48561990427277146
0.5410411656217345
0.5302875414179471
0.4687893082299209
0.8656872393817541
0.2683119569753833
0.2989569315722797
0.7170335151867164
0.5518101654006633
0.8760078810619081
0.1223178001813546
0.5313070811784695
0.8036899757760623
0.5372086559495781
0.696968221864014
0.8578778336633863
0.2335721126403443
0.9262343538558406
0.24815678483234108
0.6831939707316681
0.13233989181078573
0.5299021320403842
0.8295845764338233
0.2547414173920524
0.832247717179577
0.10603116232045465
0.4912578708323032
0.9173262466472776
0.3572338024180807
0.06239251892048056
0.44352020004544807
0.707739193968239
0.7379249921382371
0.7276144167124031
0.3238457469699032
0.5517533685228991
0.030607930693916936
0.29626622892045773
0.28381635036296726
0.8545056866888536
0.09868638370886268
0.4182909949905258
0.11619794584563663
0.36903129951329516
0.6519324142905996
0.04672140134543409
0.403182832554122
0.20709568512888482
0.5611926310067092
0.5475913804795146
0.3830138569049303
0.9475893612621584
0.3641792565385887
0.3374574158261838
0.6255309462232266
0.9736936452844218
0.02649023881695641
0.28243584409034617
0.14349001234267358
0.6090850358926749
0.5026658384953099
0.6150343561365705
0.7772734716454393
0.5025932374805379
0.855491338371094
0.33076456887836575
0.3791163753496118
0.783867709213456
0.16578925961516805
0.22160085294656529
0.3079539447794658
0.6469954117780097
0.25111772270149224
0.23005517352991897
0.9476002532375376
0.2824803449086722
0.4071487969357071
0.6319800249950035
0.40019910361186684
0.622122692126411
0.7020406053198995
0.2126327988657493
0.6155250888685612
0.5259728004181281
0.566027110184625
0.8005298766587934
0.7127244178547272
0.6118820171473811
0.906942833659846
0.12511956447659628
0.40497390873529115
0.518462933314442
0.7268569085954725
0.6754623204369223
0.35309276472195616
0.3101316429598479
0.951663349127849
0.31441409627855293
0.8640731872585048
0.48166959125608944
0.5993859381473726
0.5047214584251503
0.6360092415994011
0.3513721532094319
0.8801286434048743
0.24869033639797872
0.41876801705358363
0.9347064993319223
0.44039082834794663
0.44213166540147397
0.6517159740738717
0.13640473943246428
0.6222960719836083
0.7859390628750647
0.4593375197126387
0.3595896284819279
0.6461650391974887
0.3052137175548103
0.822074120417816
0.5139996501443325
0.7063198796991969
0.35063045341491983
0.3937969028319941
0.1688740276185356
0.47240188280954587
0.7910200014813236
0.5091477925004332
0.8639334403424278
0.408099104004647
0.2613787448834928
0.5113511769613616
0.7075920133853049
0.6598012183633228
0.5068217464903393
0.6623308115074117
0.434174249422979
0.06652522425823443
0.5260770968551147
0.56003934425095
0.531986726468848
0.6870492040970948
0.7093954499235282
0.4677655706995536
0.6987907248681194
0.3608034346554373
0.3574401471889843
0.5952012608497447
0.3008697669617427
0.3664190057870995
0.20030672834043056
0.5479320753682726
0.8405996400883129
0.0282851944835536
0.062472178614867674
0.3974360921390563
0.49865755000540685
0.800872157361938
0.6173714608848838
0.8980159328219874
0.2881492758894843
0.6995940677050714
0.12385594859687038
0.37126108386291273
0.2438333323212941
0.7672212652176857
0.8051126944254311
0.3989059357394007
0.816475269276854
0.1819218350404834
0.34188980612596803
0.5446433878859015
0.7237630230551183
0.7464503098486513
0.5278494133116836
0.7165903559458481
0.7065436447999806
0.8374796228047927
0.6427572135712545
0.9007945665545458
0.1741301604969862
0.5888222822798437
0.8002275448967817
0.1560148508687333
0.33432150981235176
0.41977981036360357
0.5781912185592349
0.3454714997747258
0.5654726748214245
0.6072755896110101
0.31487104621515927
0.7240694153792717
0.4451829588383261
0.5683476631373814
0.3356195747177477
0.7814551494015082
0.8830238358256075
0.6917542803757715
0.5133424656019361
0.3165313083826674
0.692914569996375
0.5322672388605507
0.6201134237619732
0.5735596901235036
0.6275757343315854
0.667533602268898
0.5759739056016498
0.4539071126249425
0.8937398869370117
0.47417408887264995
0.2047580770705051
0.507432775791365
0.3671951221478791
0.7736987817616711
0.016940243742985563
0.2411271499177995
0.5715443375826472
0.7641477728739283
0.22951800914526188
0.711041836678437
0.17561471511484433
0.4068979177101278
0.8375436821589903
0.4076036425350169
0.5615205541729478
0.10459636417824346
0.6004521113569141
0.5540088980269047
0.3191455600976419
0.9729309998673058
0.368812244879445
0.6809196162846818
0.610580452758134
0.3545206972147142
0.28063764851558715
0.596632100161045
0.7314356678770648
0.45929686226121735
0.5666721294127561
0.27654171218476103
0.6561959768635852
0.5946969621670903
0.7657092890600138
0.32554801666889255
0.7281500999489543
0.1793813948918604
0.44540528222815756
0.9390611453203734
0.5299413263685826
0.41212765232921866
0.98241240854919
0.466413635221995
0.3729552439006242
0.9436098377130053
0.5573534752883105
0.7912778512295182
0.5046412195152067
0.20915571962569032
0.9182923891284247
0.39528908759562587
0.5231469357733616
0.4130179137995082
0.8337139440872516
0.2310286759211176
0.6783144070519477
0.2795790522015708
0.7672821367906355
0.60568911770296
0.8188935544227045
0.4206311905439142
0.8239825246136656
0.5244300761512373
0.3252327907378044
0.9885465037541032
0.3177891500487163
0.2798819698403721
0.4370071169171449
0.6452216028407702
0.0449699504894118
0.32846196782509657
0.6273496218223575
0.5871738877687015
0.19398650557008332
0.34474545957142305
0.2618642825804418
0.801711389650812
0.2458942501162112
0.699788508323605
0.4739519798988969
0.9326005312365574
0.34522077243091376
0.8723979041013714
0.7351695454072902
0.6193173426169265
0.43212421021727354
0.17301414603467377
0.277943034506933
0.9371650533204685
0.509148380005136
0.6793348385992802
0.6150086583778529
0.6829978103688782
0.06851244354610612
0.5030992673862171
0.4262017776989889
0.6518975446939554
0.1409139812151766
0.21530164000857727
0.5703515410867581
0.7578987434165623
0.2918352279607148
0.7098486197521539
0.42328168677678835
0.9034462318954362
0.46503740386794207
0.1640935277114144
0.5501498032206662
0.7442610811239745
0.46991910979823237
0.7971653338553271
0.2677688819932803
0.7430081926040762
0.23967237216593332
0.896959306624489
0.3035202579486378
0.8122589635108148
0.6096794277628669
0.7430427259950043
0.596000642115023
0.638240983927995
0.37870357845522246
0.5974896443965484
0.7245630245491254
0.32693326378992005
0.6512135468741018
0.7914474040613177
0.14946457220864726
0.7422625253795289
0.4750246291263135
0.42097075044220994
0.7559912056477385
0.6603309023767148
0.621076955046653
0.7027330205864036
0.8380655708784961
0.3572946368654949
0.6593824905851209
0.4687528786625422
0.6522095634550319
0.6302971058242025
0.6950569564168545
0.09916551114338253
0.03591368632149329
0.3101698528817986
0.38576634255368714
0.5012682657454027
0.5148076182075663
0.7916684223823267
0.41108681645973966
0.5599030306176825
0.25415216069730057
0.7604046733176301
0.7370981091467935
0.61699638637174
0.8447496921231185
0.3866960219566391
0.38191424231118337
0.7027776025201653
0.6305568951274976
0.3890783750914584
0.8229132697433094
0.33296674718075303
0.9741664378816464
0.21620717947556634
0.17546040227963003
0.3978679480723803
0.656648904311025
0.5957243437198025
0.7031252073998735
0.6701015457752042
0.7502504273433779
0.9540601003674551
0.4416112683016689
0.2511464844971897
0.42989160276510835
0.7218798401605602
0.5269132031546053
0.34754644105401866
0.9517995118345921
0.029433196445990132
0.28671375775716085
0.5816745301501083
0.7275448573030247
0.16549040980632693
0.5924812945786112
0.6232106450029256
0.6547291857038907
0.8479596265720956
0.4597632639683502
0.7442169917748174
0.41680376507682726
0.1700431898526592
0.7708831215179186
0.7355736176936323
0.6159077720666442
0.8705329787151879
0.6791354980128308
0.7806693405600693
0.6470876980545244
0.5405783178723926
0.30060021263878944
0.4168761790028967
0.6339400284512151
0.43586081127561904
0.7823400026281704
0.46789114739652377
0.21263291527423078
0.6234808175781971
0.8494859636557985
0.051407331237238646
0.39073957854344304
0.44013309026900704
0.6124716898297929
0.6587238269680065
0.7712488362069311
0.44629477411501456
0.667054471073921
0.6033088513186247
0.12915868867966018
0.44378600567325255
0.5391354353293969
0.35429670971020977
0.5655344712589341
0.6504824536666858
0.6214833961524827
0.2593190476690681
0.6780332471562227
0.7567811410349702
0.8141276398202286
0.8102467084939782
0.6493657996305153
0.8804257416834611
0.3742702035217902
0.8587597243188274
0.5445117137897276
0.9108721238079522
0.014652909188408713
0.3398725739843816
0.21646727691706127
0.7934609614791084
0.9614993362267499
0.17249911447876445
0.6214744507524023
0.745098640344935
0.7340145626413956
0.6336128227872473
0.5782260991870527
0.5866533616016198
0.4674075281093709
0.7096544016948759
0.26212250723097386
0.5161307848604757
0.8309061193104552
0.28528979556742645
0.7784233338142686
0.4285197057152794
0.6807504823621677
0.6059684024110756
0.8931304295947049
0.5816506519380459
0.9564267392431995
0.30539939352120415
0.43523763477763694
0.5903553724651927
0.8110574931434658
0.5376253389995038
0.626793062971591
0.453557352384767
0.7868264850005361
0.3880109878283422
0.35359075710583393
0.5445561920949797
0.1185474899316564
0.615065064200013
0.5672359675423377
0.10640394113571966
0.1406075323982615
0.36627175754213004
0.7987205114944493
0.401565296996583
0.5530222493234277
0.6337519874123931
0.36095651446735444
0.45226113259546785
0.5563729669949058
0.42439149725303443
0.14824253541848234
0.5591232289174516
0.5711633479538064
0.13075227668162423
0.39595114092864003
0.4043372994176821
0.7678240925265595
0.38028726293813925
0.06238491322324072
0.2756167104183339
0.5971291191306851
0.8793786574282424
0.3190844362245193
0.43182203682371134
0.7171243715891478
0.3972481952076057
0.4083999533999477
0.6321606988864974
0.6934277672630857
0.9595097997771063
0.20194230587180712
0.6241614920018252
0.5996369894249942
0.7081332535029377
0.8051168651748657
0.6855483679291542
0.5728102651176517
0.578286227614812
0.4499485460180908
0.40784285536843673
0.2396502760830131
0.5907818225001096
0.6221415598120631
0.39655431540242725
0.7311697654796425
0.3841523418130682
0.9630742929641107
0.5018206189802938
0.24809820640621993
0.678996293299688
0.09574325974251045
0.3911270327147076
0.7534818511982031
0.9029705136481225
0.37991785322643445
0.573447366021267
0.5415959892289403
0.46508243384192616
0.4384919991429419
0.411317062111783
0.4912248529270322
0.37297028833719864
0.9675746973738095
0.3020707278462634
0.3089383418823865
0.5425517657338697
0.12752595297286415
0.39334954478177525
0.8653989338770034
0.761155309681778
0.5889512902368497
0.28538415805514167
0.8462080296958814
0.40737077904382535
0.2767191082263468
0.2978742463585833
0.6534225903430272
0.6404239180145028
0.5927421553657347
0.09629178083768587
0.07171163996935398
0.482229920727574
0.32192836123795343
0.9121168425654436
0.24727914057642705
0.297510350183789
0.3541991428770185
0.713814616532989
0.41983666318077706
0.42590973375307656
0.6423558114546802
0.5598931325036954
0.7850070737025178
0.5676156096555913
0.7061555939282208
0.45874529872153774
0.2681514830537399
0.7392114574744326
0.20835953932059012
0.8151765648786458
0.7870890352751944
0.720551481150122
0.4966132486147678
0.7013318335483616
0.38174353656595533
0.7599221881048309
0.3538987022947919
0.6670191487910303
0.4157380086014593
0.5003463211404807
0.6637578309110848
0.6510375476144581
0.2808164531054042
0.2696431734729556
0.34191021445096026
0.636095345836536
0.3487428768049667
0.7940111407298649
0.23108609452488826
0.2183379687128549
0.3656278336343846
0.6776666333272197
0.8801356266289271
0.3206066069876552
0.893329870478833
0.5580177793902197
0.6588783845668811
0.39882665391714595
0.8427092620718707
0.8407351711324584
0.8497798476192988
0.3877661791908252
0.69887458144806
0.3325214543642962
0.49530168076612135
0.8903704632568583
0.4067843853543282
0.3802617762972393
0.7597088001870662
0.21865865287636752
0.8417990079265557
0.5365739798865305
0.7675811077874998
0.24925415808599088
0.751822147794455
0.0810680471129686
0.36434665910709996
0.7549909409616344
0.5858004050718782
0.47150333180862813
0.6691989585374073
0.12469197488102836
0.08482507077384273
0.5606073536988335
0.6821794596620856
0.3751020961875739
0.4053033614204905
0.7632528668458476
0.4280299208680176
0.777198365383236
0.12079620805602331
0.5953607698641583
0.7535535822647978
0.2494065990178811
0.3977621077638449
0.4830383638567818
0.8092423919070543
0.4528144665131244
0.3149529040429595
0.36606001050335446
0.3473013382959971
0.8254022593371636
0.269470016590713
0.5643471554395347
0.6368942731937942
0.3752140597909624
0.41374304559235225
0.8997429372989361
0.129729443062707
0.26771669192882275
0.719641073998315
0.4453021662730448
0.4346886710501798
0.7884366978952007
0.36619169446619315
0.5525854107957372
0.6166937168938214
0.7491869519792028
0.2590046506171452
0.5322603857400264
0.3172305598499207
0.692113608866462
0.09058676439598796
0.3380699831665539
0.3352270416690284
0.55446918528392
0.5398264885681023
0.9866831383762729
0.3615204865015769
0.3816140593342121
0.5334165249318422
0.5458434827141071
0.38256935337901143
0.9090460479082909
0.5450945681283608
0.8774732320467417
0.367379109406161
0.5864971993888557
0.06089738436467999
0.4589593026811714
0.20485023101146768
0.7368190207515337
0.35488714072965244
0.49829728432705195
0.4578844062470643
0.6860697289708183
0.46339440522222175
0.6831775248958838
0.3286061505785547
0.8669505970984237
0.3450572689663027
0.2406049547488429
0.6435475919800151
0.6124490887364665
0.7924042041318611
0.7940869887328068
0.46234848909134035
0.8798899086784346
0.622103616790461
0.8327320185218625
0.2903480740826436
0.8335225596573504
0.5035178719517088
0.43979504622510507
0.7187383864401946
0.2527557465182742
0.48306486940397153
0.45798348667380373
0.46470239262508983
0.6152273338951182
0.644728840863361
0.2675062206056018
0.4332514208982864
0.4821448008539002
0.8836624668888617
0.16213913612500014
0.6615690043081904
0.7919016710797565
0.5944979905043078
0.6357328616634437
0.5370284535523304
0.35716633702181044
0.3707793663452216
0.6613311862318516
0.4312693109232574
0.26998437767016803
0.6210158405367836
0.45149397163446564
0.6563427876477672
0.25882411373705444
0.5488777170910544
0.6378025702968666
0.8404814068103176
0.5810432743528662
0.518595838442542
0.34787374146535655
0.8551705242380937
0.6845184457043112
0.919988304574566
0.09701182236585765
0.2573291353191553
0.49663855881362706
0.9419322061763189
0.1769743922961499
0.5215182079209423
0.631298992304344
0.5130155447827854
0.7811165367074662
0.8007951841499152
0.22863360836297214
0.4205224687913502
0.6275946705857056
0.33627549095540343
0.24125419130169004
0.540837335159622
0.7032727788001761
0.49520432540427944
0.8073552681359389
0.7478240561925011
0.6495327586423854
0.24562691007839943
0.7158505092298462
0.7722855118297081
0.6174136422799842
0.6775415317041025
0.7100750104714115
0.4227001911254905
0.5613109012986772
0.6930842393791179
0.45786433884161115
0.7918212514176985
0.2537942853514602
0.05348206188016381
0.3377207398243578
0.7144314962135321
0.585739162551214
0.5316010088721816
0.40048857195125365
0.32288772329663057
0.8088623961964679
0.1585536304028857
0.044245727158837816
0.17377784041209704
0.7468160657470184
0.8922043802813611
0.631818591270044
0.641951761556423
0.30213132454497615
0.2426955556344517
0.6144548312675289
0.47086435138297805
0.6140458461284971
0.5526222639199333
0.4443660250445911
0.35664120225762225
0.9432930496968064
0.5449837879211019
0.8420989618877661
0.7145760074473961
0.5462691076737618
0.5186295465051901
0.42432547742201554
0.5860935533931299
0.8765572557044137
0.7652180688534866
0.9810766302367098
0.2648033252248777
0.49498912240460025
0.5894133952588624
0.3905998196335975
0.43862780680034147
0.645051541833352
0.4475720573495354
0.8852598307246065
0.2996682515532852
0.3371613991985339
0.2492374386753277
0.41181718112278026
0.604757824143955
0.07212296221260539
0.3697535246020853
0.9594733773061942
0.3094409299455059
0.31684859735351056
0.6307484999303026
0.6591887028500866
0.5675421082892831
0.7059530573056526
0.5707558401918299
0.16982639287419887
0.07885244228113689
0.271375213685457
0.5593923242494507
0.37416015469273683
0.34812084351800193
0.5572331961950303
0.5913086579274041
0.9688822480531256
0.17077956129212848
0.3253504201226522
0.9160901539274025
0.4097038320876691
0.6528647871058139
0.5792005261698321
0.24211072591218802
0.1610988301341894
0.7127324148121306
0.7774906268663069
0.5454193073210879
0.600421810983025
0.6339040925075394
0.388738901398553
0.24714458137622658
0.5031510699993268
0.41246382251146885
0.8718488154456906
0.3973218357759064
0.7110430771863621
0.16342054791999255
0.8009649859695405
0.9193269270909935
0.26441992857732455
0.7307497747872658
0.6482413514119724
0.6354637021778712
0.3606192218519814
0.38732760827596624
0.7565980564915982
0.27421065165079733
0.43215158636184
0.47302085109883024
0.7024287631479486
0.6154535364109683
0.1698165143382161
0.11765525265593874
0.5476755746071671
0.8030073914255611
0.15532414400902064
0.3961053883498564
0.5606275934057061
0.9090750770400677
0.24274636058429352
0.5746295396177454
0.4745264026975985
0.9454918620782261
0.29188459956567225
0.5577305961766339
0.6384941329706435
0.6755217775460806
0.43612365746080706
0.656699660627257
0.7917190653733122
0.6402500418836622
0.6414512237587857
0.40533496362701205
0.11497898688721206
0.4928438892193291
0.4116149246292357
0.9756091449073789
0.03557962224795917
0.08264885073301814
0.3677234418811013
0.7282446648032763
0.5025047672173959
0.7914338789751194
0.08776313815035777
0.5202727403924133
0.5338293724608376
0.2298750849570003
0.7836027358589954
0.38947055702442285
0.6447838638898292
0.1917715972526118
0.5186257357750655
0.5986133646647401
0.2465889940806336
0.6969721189791107
0.5285896354901723
0.7190721646804936
0.6633691818948206
0.15899738040540035
0.39387298846436264
0.6559197336104279
0.2596525054072122
0.5825762566989687
0.5573268966546969
0.6112836168721242
0.27495057980263865
0.6258084036543762
0.44871138692075074
0.7751804716878923
0.3918523904436086
0.39096496859964175
0.644372335119711
0.5928721823034857
0.6991212262915748
0.8611741061576201
0.6442768367684553
0.8691364000654993
0.5264122685304575
0.9144078457492533
0.3436021259733836
0.5019900176115896
0.7724286002835254
0.5362930897789677
0.6679983468161392
0.1531791531410652
0.6353049496128103
0.566023158161515
0.6393539058973635
0.7229022904036306
0.04154677085766235
0.47065567085570714
0.38310356256700756
0.5706481821185688
0.594080933393717
0.3908026544704
0.7160513139636333
0.2541252154010594
0.283514168181631
0.8196353710932145
0.23240251938166645
0.7543881379348263
0.5974862253510997
0.4722379095388678
0.6150101630630411
0.7892692960575742
0.16914936655000612
0.31884313882351395
0.384977937110624
0.9498864683902317
0.44410264736305544
0.45019087815796593
0.40348856270796196
0.6716539335330709
0.8903434528533662
0.38915519333458687
0.42383295066178134
0.6660952091121195
0.9103214201748226
0.20819581834965112
0.13306401356264932
0.47966632740695253
0.4853381823071479
0.40100265919866
0.771475197430215
0.6322475584261513
0.6783845947473036
0.21877165427537082
0.4244637260090829
0.888387937008021
0.2560717577007833
0.8116789469295711
0.5016086676138186
0.43614462750440647
0.7503862958541714
0.3696794317034955
0.2726398959265147
0.3298382549431593
0.6861107491866784
0.027153778901290386
0.47944765175207865
0.380630421351672
0.7545409917900865
0.8154977895512974
0.410155694849079
0.4751674481753164
0.7671471036222832
0.5160901305668156
0.1985250965834502
0.8070199303987213
0.47215511959364964
0.663676318176978
0.6023842179595439
0.48332649024457136
0.3904483057202117
0.5201348665238351
0.7448485673404825
0.5729499402324869
0.16259183420029505
0.3716344755506299
0.7021315680288064
0.5909376910453416
0.4588695522632916
0.505356549164263
0.5243507802300875
0.6614224193784276
0.3105989548340123
0.521181873522435
0.5837597893685988
0.6394460722258185
0.5491725441922765
0.06369916475609995
0.4713393586665022
0.8391214202718071
0.8758523452771956
0.7573019861395311
0.6589869808189122
0.3133008682449226
0.9801076546340898
0.2465988864251764
0.24736685796671218
0.4588668140248059
0.6243158695186779
0.23126961420800402
0.1651101864257869
0.4224219262042157
0.7157120348952122
0.6307555123524613
0.706851069483773
0.43607032544888724
0.4728412499403876
0.5202016863488668
0.7879620355570267
0.2708353087905173
0.824321500878298
0.4135777749744244
0.9727635545109926
0.3618268474823926
0.5012908835165012
0.4442092972873285
0.5420379862820361
0.4128589182785008
0.54158653585702
0.7958690636349293
0.30328113317345784
0.20908157567029081
0.11124686937394394
0.6788024485614987
0.6701867096691682
0.06523729785287677
0.059535102419635035
0.5303495019656694
0.48163985031431816
0.5204795545109537
0.9458634685740019
0.43674106498391335
0.16928014057126997
0.8137160563454775
0.5957508145754482
0.6767391821392177
0.19426057065710728
0.3378439425163508
0.666812053943807
0.38480695983079005
0.8528421360916003
0.1796827503104036
0.37151859131164483
0.6542629114137788
0.9433024124832627
0.3759577314229419
0.12882130839018838
0.5947142815768667
0.9059534609723796
0.3529041356764284
0.8049552721767667
0.7745176847721236
0.5238941277429089
0.7081784968050477
0.2157868371791356
0.6718109814382937
0.8734356301033417
0.28901154359633785
0.41676063574306027
0.19371689459877167
0.5101719870083381
0.9076291213365705
0.34179403377732365
0.8581553976883183
0.14249205411813987
0.05003603980334781
0.5068407369538053
0.45781098839554946
0.6544385503034471
0.08651045467693179
0.28885548501193625
0.635609048487695
0.6811255553376618
0.5857123831399768
0.2462811601844576
0.2747755318272483
0.5516419020756241
0.7764636739567994
0.574622493265178
0.43711087511506497
0.8654775703039885
0.5131876701437381
0.8937533854805386
0.4430436514949072
0.6564178717210688
0.02306690491241567
0.13068098594710265
0.48408516665351375
0.7639574270094376
0.2169036172379336
0.7586144962539669
0.8250954863659719
0.3516338399498306
0.6106767314988755
0.19606580056279382
0.3300692090916124
0.8870292231952785
0.1867450470382846
0.6186075530689473
0.9218071595395747
0.46731242136401063
0.503119808614493
0.2668147443375613
0.8284863995803935
0.3419949875526471
0.4236416058532251
0.5536409638453743
0.6451859133153615
0.12006600145554541
0.26792419891727254
0.3431752378896272
0.8270766149144837
0.45828100984209047
0.44253206587738847
0.6059087343878228
0.08372074625662666
0.4819662004839003
0.5302678022849627
0.40388367305484907
0.8072247517975846
0.11604611317867893
0.458026009558561
0.9379633032134073
0.17024073847541807
0.7864129917264546
0.7741852239801598
0.4377579090224619
0.882864537249443
0.2804759315174203
0.4829526113388316
0.5649450041779142
0.6682294424830011
0.40931706828018144
0.3845112360135755
0.6863229001947369
0.3981113186600291
0.36703765534763566
0.4593627343045802
0.923567667646314
0.30175103137986525
0.6848929871922378
0.8348640038177935
0.22933649319100577
0.4226905875016887
0.12170164713839818
0.6045876450137675
0.9870516660464241
0.29048901024257673
0.2336076184777461
0.16285694135017545
0.7196655818415523
0.6936705993654952
0.4724149262835472
0.26263407277621137
0.793610744155911
0.4240886266830873
0.4535565721328124
0.722174403585194
0.5705787407907126
0.7844263329286785
0.14539797790118889
0.6289719631550421
0.7722327462038991
0.4982561920303905
0.38994149203275463
0.7255432439199361
0.42540959982300547
0.22750457278359087
0.44834718299394594
0.7208400486131539
0.8015698507055175
0.6116327199236469
0.9520191244245133
0.19498681386647523
0.6884035349674658
0.9191660315849044
0.20005430338145822
0.6214697978181891
0.7953035140625748
0.47577374047558857
0.7902441570051719
0.3211446254165947
0.6321113744611448
0.8405143253315961
0.4349447137824547
0.6023551781958033
0.5822558721485092
0.9232899957383782
0.15917461136061448
0.22697391993743918
0.5107839301258436
0.4470266973851501
0.6740995710944999
0.28684308745614673
0.20714180917715136
0.5480647003534289
0.7601357770214542
0.7522575580082134
0.5075347529923859
0.9113364587656121
0.28918452613290413
0.6930786067601302
0.8467497652340072
0.4908013560834553
0.6554667417997058
0.18008810104977388
0.5785846703332509
0.840555045320491
0.48063003801149107
0.8834673575918426
0.45048906042248277
0.608944623352731
0.36734525536121954
0.6838362369908533
0.9446586444051559
0.1279185739955166
0.39990485747853816
0.47021673177756573
0.5447015654981866
0.5885691531925389
0.3135296434203806
0.3080638107696381
0.40599088140947015
0.516757502581284
0.5243413018816679
0.596101604875846
0.45574708037716305
0.7781879886912566
0.08746872770861149
0.08683899678384219
0.26141610183801145
0.6770269381146459
0.4577958438321738
0.532950116387646
0.6738719309054821
0.3797822570030792
0.5743619102652456
0.29955499573595273
0.9506900914531777
0.108233147293444
0.1279291192766805
0.2727609942510012
0.744853171513785
0.7772977822314484
0.5008349945855056
0.9033398711573941
0.3353192215442266
0.3593843306122255
0.7899846150052506
0.4569600427882149
0.28626469327507226
0.6883604690302607
0.8953394501584385
0.5505810927171044
0.7118067067570164
0.4633470825545412
0.4939670514537163
0.25998976587914496
0.8634828425807386
0.333695805528012
0.4577300153957687
0.9507033235889162
0.35692447375693487
0.342999011451688
0.9193741209125711
0.46726927940091545
0.7460871281287054
0.39767752732991885
0.7274953132165931
0.7073741372665034
0.5044325019342248
0.8276387088339812
0.470228109298342
0.7860056101429636
0.49093135662288284
0.6184056823925393
0.16086010516373916
0.5061099780619467
0.8807562757683287
0.7056906780423091
0.6953418849024096
0.23411160808787868
0.4038103714940346
0.7772713235421256
0.49965389614590217
0.6599580825190376
0.7035518322242029
0.4177401810349074
0.4973273063122004
0.5702256751213007
0.853580433997901
0.13207106302362484
0.27863512398585305
0.28128843715808305
0.4156281846552709
0.6636997638409696
0.3938109043516808
0.6620875261301373
0.6883751505952338
0.902210889931623
0.20233657786227985
0.40811238228163116
0.494274465687563
0.6259120280997743
0.9973123664939146
0.051193215818097215
0.291662358981433
0.5200268256523563
0.5574510259757688
0.5697778598955768
0.5358007649823526
0.3487888531378386
0.7301042992667461
0.3209408973968319
0.3252955583816381
0.40583675398659846
0.9445834854224979
0.3027044816218305
0.15970771675364961
0.36508813776268056
0.2939510148427413
0.597004380307378
0.2226220785251174
0.25065278370302174
0.354017907483995
0.741046864310257
0.5683442022863587
0.38757869914303905
0.26659239761352954
0.6717614081696517
0.2031422409912002
0.771530993544125
0.47342565890964744
0.4115169192693888
0.7635071518476598
0.38014138923990015
0.39502084317048247
0.2935195719347593
0.6894610225562711
0.5131689606734826
0.31643566766073505
0.8869567705177066
0.6733310522516409
0.799630046677246
0.4820763304717055
0.4866791217912059
0.7414795310785255
0.24881672309640485
0.5568296520646291
0.5672970686054615
0.2522432361859228
0.6618492850610078
0.7084196269044393
0.32554992357756457
0.4012404765393561
0.6223531167910046
0.29261641303514585
0.7089496733310952
0.26475392147711657
0.6108310127001413
0.569303165454593
0.11414470815241817
0.5003996239680104
0.9852339127738396
0.40187089809529586
0.3201393615589101
0.3040665948792296
0.44968867694033515
0.8045019925969646
0.4598857943107436
0.568963706545112
0.5166705093608562
0.6784805523300059
0.5394416804687236
0.7777197530658247
0.25674417130600585
0.6472771030030835
0.5805810468825647
0.34926739575207455
0.38176361188230623
0.8265700392859595
0.07003649664029156
0.3695437076159509
0.37934019722436507
0.8931465786103885
0.5468431904650211
0.8155620236175132
0.5240149452142117
0.7786593449637124
0.36830370685237035
0.25541539071377506
0.328555567676234
0.5108943727543446
0.42650404497488476
0.8001921203830528
0.3328071440683185
0.5823174252687033
0.7189609401281734
0.39679671621036244
0.08807594064001927
0.5333210062897751
0.7919153436234232
0.8656550984568854
0.43836049454436443
0.7873792866930417
0.17486588792194363
0.3550640324812624
0.5791210813247103
0.717938652768223
0.4735984012647413
0.8364230117630487
0.26729114810163407
0.5223830290613721
0.7448832407871506
0.6061365793385447
0.5841750513627277
0.7928977353859199
0.37417545305661093
0.30733523967551535
0.3151105882320526
0.5398402949753399
0.6716798235138953
0.36652423507397286
0.3898912508200954
0.20374051801456028
0.7068168287333907
0.7456334165045331
0.41680555341492853
0.3922447480101243
0.8006162580151397
0.03234823349322896
0.09885927378179896
0.5243727799121589
0.3475517354739065
0.8140631426918302
0.12842222786472784
0.19232086649969402
0.4971785866680144
0.9886911883661873
0.17463563834305684
0.18769828055403556
0.7234802959285656
0.641847449454853
0.3562586606592396
0.185312694903505
0.43614507241045974
0.7071180280576385
0.5173072456096097
0.9144406718934357
0.3784778781631767
0.8531819841236895
0.4998413241397429
0.6127085427268549
0.3261231056138713
0.5936607133809242
0.49463474972134286
0.6845689562373583
0.3704346944367507
0.4398337510533093
0.8293253160632865
0.48736658551329337
0.6635986592381037
0.15770512809842044
0.7060157296804332
0.4685933802377655
0.5745205578067714
0.8492858892057162
0.704279047923678
0.7446536021532381
0.36038595144031815
0.6566308137793654
0.7618747675185267
0.3849424905674232
0.37475227064739003
0.15561154587584955
0.3382431334964659
0.7889145792641168
0.30919915258948266
0.26571844473279216
0.34175953288939354
0.33051803130662066
0.7394760186838918
0.13134223469154596
0.3485968286074941
0.7235452844490408
0.307952032740088
0.4240480254397741
0.5507522093324706
0.34946358872602573
0.6022706953195875
0.18068739702815995
0.48391289469156007
0.6708017150580325
0.16393705566584155
0.368913905620909
0.6065116384620142
0.9078561016452918
0.3688496825280433
0.5726767781062891
0.713666113318591
0.2896924381703457
0.692431386361672
0.5934045371040605
0.5164429883375963
0.8928278696613093
0.505037361188449
0.5503188772242649
0.5207982814519858
0.13241948867093448
0.7480193427960546
0.4850989580882623
0.5201607634960899
0.6780563589356513
0.38708111861744765
0.260354439651506
0.6874236400909146
0.6950799845867209
0.40651456173967304
0.3066410388673272
0.4767033008434209
0.6190773736782247
0.7555924803918533
0.3320725833525004
0.5745199461655013
0.680593583043711
0.21884238864376324
0.4691635744295686
0.6231907423157816
0.709060109171104
0.38084478704381186
0.7421604132326431
0.46301135241384916
0.7406929889254636
0.7638399478817604
0.8922697988599437
0.5592103230841189
0.8641753428228729
0.6555588199340497
0.7434928801139244
0.2030645520330676
0.7251402313159608
0.7426804415539561
0.5669295686658438
0.7081861735387938
0.14861679682881612
0.34965630819631577
0.7573246111517127
0.5092813273375308
0.5758107913159584
0.8149201391628993
0.7308892868071274
0.6874788316868468
0.4122606018708871
0.7891826237502492
0.10254705357927253
0.6975690741097751
0.8804555827072096
0.302207570237987
0.3012283357569501
0.2440731364349939
0.8321916478839403
0.3214826065077679
0.8325911272032676
0.6117012091229623
0.7315140051549363
0.5435569793631978
0.7908043230319071
0.765479094594297
0.3181272823867424
0.7018095948090092
0.908269439995667
0.6286921061270174
0.8663651499952383
0.05977508094992362
0.10997239075631454
0.35887321030085867
0.8760317518829662
0.3141924149501399
0.9504026802045371
0.15417458640775117
0.29896122790254415
0.3851760676682414
0.7193901496528573
0.1796135282210612
0.7852932416390259
0.7879073669163121
0.1837729066645634
0.47024713513603084
0.7121748079747166
0.9255899132862904
0.1489257637967071
0.23197855440107681
0.5846744319420993
0.7933076208482461
0.4601024531643261
0.8570704431000753
0.2895626128804972
0.5839699584676514
0.22253261382924672
0.06473489248567739
0.33485434048044027
0.6786320470375572
0.5951918196145732
0.05718423517046932
0.36076754910294523
0.7789111398364572
0.6546076398169665
0.6647656505465842
0.3777197250331342
0.6203164986778912
0.4323613351276365
0.8929388815208092
0.5413676213285802
0.9522180096376004
0.41868412615168843
0.08760346426942127
0.46021501551081817
0.6240428892988202
0.5810628940353367
0.7001532459711663
0.5632359800078867
0.58638112482932
0.30422452676519174
0.6708873107108696
0.12076914500050402
0.2695969910838319
0.8576237965269528
0.39957545151669427
0.24955884245475668
0.4803735370962819
0.6891232824577818
0.6754937633142156
0.09251190786700236
0.5193404486975041
0.7612994319732117
0.7418459964505384
0.4499800385331252
0.8469838291057514
0.3802054871545719
0.7380442529038908
0.7916569865818085
0.11462703809242704
0.10666741643930214
0.3875183649087958
0.7629686853815173
0.2205664931138151
0.377967271534011
0.5899291954831615
0.2060046740911923
0.045595198536489585
0.09923004650531579
0.4186038855925523
0.8170455916521113
0.193931068829855
0.47034556164964314
0.7972564650916496
0.530975898386505
0.7727892968534325
0.6885253017099988
0.5341092986768068
0.4651577237951091
0.7545997517937917
0.22498572097507746
0.6551795227656403
0.46793605489689805
0.7401471473698723
0.08920697679076858
0.2899354162343549
0.9424359205888271
0.12174848793240635
0.20084385028978616
0.6423474509131787
0.5892690179694886
0.2929711613258291
0.7447725025907255
0.7450221913951358
0.5553686618430719
0.4480187918799614
0.48345468010723797
0.6217853718552037
0.7905103128081161
0.6461550909012547
0.9201723359348312
0.43178907620678775
0.26953731560769134
0.6668992624413712
0.5123511638754409
0.6346909424683234
0.5811005085541903
0.9366120115082325
0.22498215097723595
0.22153837958244232
0.29056035507801037
0.9464101754940213
0.3076407760212567
0.7749746635911066
0.3893153545598125
0.7325650565895119
0.2867614650181149
0.08638278397615565
0.40178057685585994
0.513183156524179
0.7494549968637241
0.7104807496147205
0.9712332475251859
0.42708155464496955
0.512729274807957
0.5808708459535521
0.5372409465029819
0.9639258545816678
0.056922258678914796
0.4804941285074811
0.36773299407273186
0.9066425535760452
0.4101631235044326
0.5305223823428611
0.7554639930356826
0.4612767500063885
0.5148268821547213
0.5189731470828043
0.880804858753664
0.46874735044405014
0.4816395349641859
0.8414732223742436
0.08041566508175776
0.39453829530959494
0.5838191359366134
0.7063011372321758
0.26884062690395755
0.5563760255115764
0.8715818055002036
0.5180550344220336
0.9592076232381763
0.48215505803496894
0.5611258301511295
0.721238517522353
0.28809434069652334
0.43254375738030537
0.30063022528674044
0.36697944855089093
0.7247113199751598
0.19171223693196562
0.18814581717467832
0.2927009316217287
0.5332707796836911
0.49021220134800475
0.5155403211990052
0.8740802274594255
0.07575081185140746
0.4169666879582374
0.10611347506872423
0.5039585769940407
0.8855485221546133
0.20265725115763988
0.29903730373608933
0.13454119991032906
0.4647485442438618
0.698332139296627
0.4947451898630616
0.9521206594450323
0.35953782206002566
0.0971391671267246
0.3221254859111897
0.3572523658660832
0.7714743349245456
0.19182128960640651
0.21357189305201227
0.3687926747830135
0.621382598044069
0.6115006619925004
0.6241090200480159
0.93410072447137
0.4704721330863988
0.623181320084905
0.5518262356941062
0.7666306003155126
0.16466278346564922
0.2818186398187739
0.3791129014655092
0.34083614747455054
0.7281201004462323
0.4289468169352914
0.33969598503860615
0.2858352108298804
0.4944772150285396
0.6153396135474575
0.3688557836227573
0.3220495576698866
0.7877952105866544
0.15343555145326412
0.2701281265794712
0.7616173007840348
0.40983072926675634
0.6198991570008334
0.6518363511211178
0.453539665918385
0.5682392120327588
0.5025213203579061
0.8689264024935022
0.5021590325042029
0.6364989162167662
0.3200710036203511
0.96935266473214
0.14089039672349965
0.6552183651359119
0.6656315681786384
0.2879166702929822
0.7420434565955634
0.9005303349759401
0.5626688352063471
0.6402364549937944
0.36188301897045966
0.8127774118577251
0.08005354972613786
0.08674158390036076
0.11268069799889913
0.43198627742317297
0.5540719810136445
0.3151616939608829
0.871895232461073
0.5816789809476085
0.5897084440895196
0.35270019379748285
0.05306791561205426
0.2083669677038608
0.5931013319777232
0.6857329611581757
0.11778274966951552
0.0587409701934978
0.1870608332782259
0.48819329891563573
0.4694833503499729
0.7337057290045572
0.05875792322986141
0.2244846136270789
0.5572702659944402
0.5419972212789789
0.6606112234143132
0.6530024011445177
0.5855118984275778
0.2977572693608594
0.8128069532501954
0.5447402688018551
0.7328963751574671
0.42486195355938167
0.8166305317787498
0.1890759356406872
0.5703543277986649
0.7755704761647119
0.42319005215147143
0.5168949792012982
0.8959251514493818
0.3290253376962211
0.43195188378364824
0.5137671574654191
0.964543836396629
0.4172714583116459
0.27181095998795557
0.5834136130935829
0.5304856553095526
0.8017320759945428
0.5456717953125588
0.8315657692024112
0.7263441142804149
0.9189837025695411
0.4101603927625719
0.8047275310292734
0.6168619715939939
0.9072334641525777
0.04225911755804167
0.21475009444584625
0.2588300417801867
0.6510728296175592
0.7463003593376344
0.7482883258549713
0.5361122749512508
0.271956259304603
0.45501682138767163
0.7372577660038734
0.6845047535589637
0.7043066218341086
0.7030278932025864
0.6449382485630334
0.3088149757835771
0.4098957324853209
0.6914596634399837
0.7803474700852023
0.291021462936886
0.6788698109611163
0.40706884936405763
0.5556618942496486
0.4527835259756981
0.9639453582699227
0.30357696847646976
0.09563874986090323
0.336046764945585
0.5316886453468943
0.629028462665205
0.4125394011469751
0.3747153737831672
0.6297128524255872
0.6925086747610367
0.7754227223834994
0.4805524961903384
0.5562446611555041
0.7285949699096106
0.2558115453695107
0.657800975062202
0.5850590255024984
0.2599350323220212
0.2868252266143791
0.5298500079355455
0.5616893340586705
0.2356755999496735
0.025779894212321443
0.2988845957107277
0.29334593562417843
0.5591732961130177
0.040575804994940796
0.45389501043922065
0.42022041204898264
0.5981328025699352
0.5499654487022079
0.45812596883364143
0.8081060236905172
0.27804079667731385
0.44935054489097653
0.8176625247711506
0.37124811247402967
0.074303773670232
0.3816394819477289
0.6438243216398365
0.7079563424833673
0.29834224611503746
0.20755346206759626
0.30494023956034544
0.5708400517138057
0.6816409309709408
0.7033739000930518
0.7326770462858381
0.4398996222432942
0.43458090802676697
0.5121913353823165
0.6312758283923314
0.8336716518529065
0.39804262610258434
0.4735375425155553
0.4415197230978097
0.5854143463337039
0.3956732083003596
0.3307897816725007
0.5493353464776279
0.01552719533723544
0.08250025599689159
0.48645755812558467
0.3937155204039992
0.6472010868204761
0.4604639743850125
0.6084493287669595
0.6168051865150751
0.37623658371342245
0.26948192124347403
0.3195826233331014
0.57322775246385
0.16481274854693495
0.4127867893244579
0.48299227091573327
0.7159361344840167
0.48766008585309495
0.6414158908886245
0.42748476746696834
0.6187911477019502
0.6809812908252865
0.23228350472065218
0.5306309093302055
0.676879953380302
0.5903234887355092
0.3162190299353421
0.42926190925506347
0.11728388987421597
0.4315515176188869
0.8635541648578307
0.2233412616689133
0.2718776856075774
0.48967484377915854
0.6061029830849375
0.8215371276591785
0.688937198376649
0.5654717860392646
0.15135105720400432
0.30174861270970055
0.25358875276935655
0.670893553504891
0.7581817451686023
0.3692755214728189
0.09743564951805736
0.5184847688511025
0.41002422455505294
0.7160308840392782
0.0895699405809755
0.2937418946838482
0.7732658725902686
0.24885226296949767
0.36088716545641975
0.7975618659236066
0.34444979533913445
0.7604949967961494
0.7138290371232848
0.506254981723421
0.5935259564443417
0.5234827545603115
0.5490730255371093
0.11306581026910063
0.2302295837944756
0.6350679476935801
0.8019546460014795
0.3161285556799335
0.6991058712534889
0.6316515019196633
0.8999285578072578
0.24699083850523978
0.32309543654674683
0.3872535003574791
0.7214348951420162
0.5654065753897318
0.18646420444240092
0.44706687714625504
0.4887003460558843
0.8854246819828573
0.5402123275072654
0.7327104269876068
0.20103656017294375
0.6851023096141594
0.73537990508561
0.2863218661685151
0.693889573140303
0.7474874739423798
0.42242900730263805
0.9206324011786604
0.47869142982466945
0.6060373460315315
0.31478290377513307
0.9435038478939966
0.07040827859736454
0.46568989268746486
0.5810557829422682
0.84643849864726
0.25097470917020465
0.26231179311269054
0.6214786978087773
0.13683850278445728
0.10484783967017264
0.7068221049878372
0.554110438611718
0.05983097226354012
0.26195562069663364
0.6027600185722088
0.46425413015300204
0.45158381536349324
0.9224035016264579
0.27726768548836955
0.7811657916281465
0.4005164379789762
0.22801208321338415
0.37166452684369283
0.8078896693738009
0.4294568685948825
0.6911124477786067
0.46200938818793036
0.47140885534175525
0.8700104613178439
0.7724658476250978
0.7406023431421168
0.30002030856389567
0.6411874915881474
0.45489697423704173
0.2186264300163115
0.6515655104738132
0.8307694987619226
0.11033585157946893
0.4472478429448366
0.526441287221599
0.2035099545707036
0.734662348882098
0.7270237124803769
0.6337278941053517
0.6146511890547213
0.5264760326649348
0.6220440155819056
0.9509099402183177
0.22412468021910942
0.7495545486567542
0.49529760398132217
0.8513655807817416
0.3397376049145368
0.5019585716574089
0.4672605346711184
0.873000137481907
0.3375135954411439
0.6539900114858757
0.8162983787222959
0.3209478302044049
0.7627036505758702
0.5498243718877605
0.951079725330578
0.126542447850799
0.0710694648344135
0.16811047789871625
0.434520875454452
0.8437724323552378
0.3954999498172675
0.04107804653795081
0.3330091887997258
0.7798782085429194
0.9136640876992881
0.48087227310126013
0.5466069572458673
0.6700292081428787
0.4519443959864987
0.7364891983308763
0.13243316993243373
0.28018281897732267
0.5478869318558306
0.7299304096331801
0.28904397178082697
0.7737479486509731
0.3042427030345903
0.38323151267155925
0.3922110638460451
0.5266559514256416
0.7542840856499657
0.4226276255407107
0.33696476645401224
0.5559747263498962
0.47221216860455195
0.900706824546474
0.5409121325986832
0.5566756109735247
0.24050309481748092
0.11179870196710737
0.22641573555999586
0.41624360316663933
0.7790190057731488
0.19189457395397774
0.17011184838479454
0.39614490470678443
0.6063822495260118
0.52711627744412
0.7343182624824393
0.26704341823815175
0.3120195508168969
0.6394905112447407
0.6501423015499038
0.3219070494761712
0.44028509848084596
0.3577417178328418
0.7865590724221916
0.5538859707637442
0.5452162948650789
0.28189614168501786
0.8206703097887864
0.6056765517363449
0.9671862669163465
0.27531415959971084
0.22017211590972513
0.2838603417542047
0.5204459818162135
0.8559464385813469
0.3898841175167267
0.05093876720485965
0.46555463599188796
0.6636857815975873
0.5973938493064552
0.3720297104935092
0.5106170200290187
0.6325367932890664
0.3066724956067929
0.6752165502018922
0.7313142453469389
0.5501831828909197
0.5721295462006357
0.4256770354601608
0.7778211918146041
0.33306834346032876
0.8790109016215215
0.19658085609729148
0.06588669790630597
0.5884060622671643
0.7366540320368977
0.32521801289223484
0.9599820197974777
0.3481798610150944
0.09838906739387047
0.6053536841359364
0.5051881432870795
0.4061760459508995
0.8011353995750334
0.12779166807989617
0.5455243093880221
0.6498814813311113
0.6760827355356944
0.2672000016885945
0.9294445007509095
0.14232357835805576
0.261386947169964
0.539516351843137
0.8765587325370238
0.128986647431213
0.4049156456090022
0.8792656801069385
0.4953038056539041
0.5388365806519594
0.49572109440972645
0.5305113524818588
0.504721629725794
0.5007673363269993
0.6971984269649054
0.6203052691751039
0.8747449217265351
0.25357733132677396
0.9331715445279256
0.2972043254975211
0.49325866706323507
0.8828527398021961
0.3964216537460584
0.5996846775533972
0.377699305572213
0.2859744852121276
0.8792185529674492
0.28195488947031
0.5695744626189911
0.647264236576677
0.7791700966075328
0.12831452266252094
0.5788101380769499
0.494817393138224
0.831510246241782
0.6576666743814277
0.539970622184859
0.5398730925828655
0.43792310411563007
0.4384074300622271
0.5447111399729867
0.42941963946029094
0.658425690151786
0.8017142399214775
0.0389605814530917
0.15302127365594342
0.28668693427648223
0.738027118857973
0.4854168837622807
0.6036978658089753
0.2792023436213637
0.4221628274441531
0.9500091756648692
0.21016970214334285
0.5113006621630327
0.5944447685316272
0.787328085205106
0.19881743213679043
0.9275463567557114
0.5738189043176928
0.8454815635979073
0.15828527668716086
0.27547916279497575
0.47819248954437216
0.5694611644747274
0.8726519557641306
0.18485345407881104
0.6544219373451649
0.38931765584296874
0.9647878035222726
0.033399585675432865
0.1843891235666475
0.3796229956165494
0.602904787499909
0.33750464945324365
0.7917610297314499
0.4815034064222562
0.5374623396500608
0.590580490513462
0.6101347848948178
0.7503271860412151
0.7384970214407439
0.6782674992755513
0.528165571181164
0.26852020243605357
0.5376252113674105
0.6725817537967546
0.6448261292625469
0.7210366613134436
0.23754328217508497
0.17577562222934456
0.4814011764665987
0.5914949952532697
0.2206928319077723
0.19670303168714326
0.3079469713626795
0.8241244274920019
0.5636519220003933
0.8345093262428194
0.3371486696146635
0.43644346496750874
0.5570289920132999
0.20541712518845445
0.7272516629657341
0.6351847688606272
0.4687201766672858
0.3369590477007142
0.6039966538781153
0.10117366787388511
0.23747464043905603
0.22844378401469945
0.6456369251051624
0.6559547580686954
0.4707178100150004
0.3180231152589269
0.7497255947617503
0.46275295053083265
0.8541537866465644
0.15603649974913797
0.4494100639871744
0.8686436776422437
0.26087363280015524
0.7179741178262777
0.30294508441464396
0.4814780443974782
0.21391182598896627
0.5778876117136875
0.4476161165267416
0.4844861741193757
0.5056274256903724
0.7678842876962749
0.41668828604974917
0.5546543773798034
0.5619490521204185
0.27022632823035225
0.12772993849709133
0.5894876867457718
0.5498259992565973
0.5199041012239984
0.6112310335600172
0.2288798427434813
0.35915639632418467
0.6284540897868001
0.42823324863220424
0.22874266047166641
0.43597039545908817
0.5699843643309406
0.5619004546546316
0.18831324956811146
0.6705260632462897
0.6257002494348755
0.22727723520311502
0.06523496689007013
0.4614939998422868
0.4149957716215688
0.5342958312603572
0.5450064691697369
0.5604935478776993
0.19982846259498319
0.12862412081336147
0.4593473207914923
0.4527352605575037
0.8101596563065406
0.43306711506434215
0.6097175610510129
0.5716490249386732
0.23335383814936017
0.9526572256616195
0.4979620686425341
0.715781868382227
0.8025447467837503
0.46375402138502103
0.9217450201027917
0.15725307814755332
0.49131760892659143
0.7174459827520294
0.5920724942569204
0.6732791418932992
0.21891133687681097
0.2748158603520233
0.5550117367683826
0.8676360849179376
0.6785064348373641
0.972714077282158
0.18537931907513236
0.3845066477144546
0.8850053484432189
0.36553792396483176
0.9508641512015071
0.3745702954844673
0.07457600379803157
0.6791882425357016
0.8718115498026211
0.15779103291242524
0.30570232178294443
0.8181587628826612
0.4962401854639927
0.54265797413043
0.5561244569055437
0.6126371595997033
0.7159141253273282
0.5383583073324374
0.33270279014353865
0.6611915042785487
0.29444120496700643
0.11455664563258364
0.13073118024480712
0.4608506983266458
0.6182786855533386
0.18936371112131659
0.2191609425358543
0.33498695132452083
0.5271002900675682
0.6349473894877281
0.8130584690942773
0.3355928499195677
0.789575478382972
0.5472207264008071
0.6297663101444051
0.8473790136636188
0.2939685353357956
0.8094989464200811
0.40540439743941176
0.7388818496253811
0.5244072924991505
0.8632121125660255
0.2382107070584909
0.3519861769019098
0.6392229061473433
0.3746415155549214
0.7868228869999426
0.2866715373616595
0.894549054411875
0.18028210577891832
0.57753379725034
0.7569468144681746
0.12537975474351526
0.3153828159589086
0.7872009126672492
0.43107731486985035
0.7077182450682582
0.08887557448561524
0.15950937198881948
0.43796723879376775
0.6303017973529269
0.5429983730965239
0.9406705979691872
0.3651788724352302
0.5254606971329282
0.26359277715811563
0.569243059190941
0.19223117304982962
0.4887037160096334
0.24150180583365582
0.6509071253639047
0.593319851454836
0.5203549023113796
0.6162994760101117
0.8111849060647032
0.2569752384842847
0.8470375432347768
0.41461652322348896
0.6326287635604018
0.16104645054146677
0.5205554731766572
0.7512090126344275
0.524530080233732
0.6351801015115722
0.15720487079081624
0.5283196514161516
0.6430492714846021
0.7093488084305146
0.5438328084765427
0.9518189299981616
0.4415871241999314
0.6035082851413276
0.7588542761057319
0.2577450088413942
0.5323933134575867
0.8338878482425263
0.610922789795621
0.5578419988188448
0.3927583313475613
0.25913112477054545
0.5504144202521336
0.30715851491090473
0.6983245870894748
0.5471536458137383
0.7481924286349488
0.38884480168230434
0.7809136727630841
0.8637654057153779
0.21264162342944265
0.38270758557685003
0.8134062482827062
0.5123630982802346
0.45399525577616495
0.6256442098234348
0.03157574452613724
0.4384156421935508
0.2305034837958651
0.620452319608055
0.9018962028905377
0.18265078984333402
0.41203381497376423
0.2377255294191025
0.4914923315567122
0.8885161888143076
0.11143381289010358
0.3218412759840852
0.8559072185056913
0.2576227529532943
0.47277953844447096
0.649286833359852
0.5367238320128974
0.5904385423111314
0.8876965172635531
0.48611435038256373
0.6955370397291282
0.6119256796488053
0.3030985522033982
0.16438622017658486
0.12613074758389536
0.5410204852381773
0.8136646546144246
0.4013892841298579
0.08244140535220482
0.6176444577091516
0.5725188868850395
0.6423824663020257
0.671282594301932
0.47941959754196095
0.8008128825301355
0.545714814462716
0.542813062516111
0.41613479847328827
0.8378609892295666
0.43905252561596725
0.7086985446773553
0.43804318507361756
0.5843636296255575
0.26766688218022916
0.180251116475862
0.6322818523766486
0.47914414960526275
0.7239509965692568
0.6826100353362936
0.7684058816589256
0.6454929495500386
0.8532074434169956
0.5096400045786037
0.5925822986026898
0.19850451095276944
0.35511387718346166
0.7433287493669649
0.9566863588729552
0.3949627440557698
0.5838733327854558
0.7262358284098774
0.3862181189875218
0.6843122559412488
0.8562719109712036
0.40349619025105277
0.12143768280306942
0.3097163786287887
0.7061345899517011
0.36420297773826416
0.6238769119997658
0.3810474534995772
0.4672545724617937
0.6751930047008736
0.20408234903954475
0.6310051480340431
0.5827385628573124
0.8174069555205228
0.3283847555695483
0.7109090029724869
0.4281957789383181
0.5740499394929045
0.3263982657419501
0.6275225001819018
0.8593615030993795
0.4138437084667056
0.47276216103230134
0.6454021736489219
0.5385250544349534
0.7123727613358792
0.32720987894649173
0.5217084287741756
0.8307872597469217
0.5135782366890335
0.920099288232693
0.4095833573555964
0.09828317131584484
0.39750563237002534
0.44121435725282154
0.5460369636955611
0.23795119213524682
0.3393702533259295
0.33794926317424656
0.9522884302869055
0.3214248006467213
0.2783096808674804
0.2562091254558313
0.5029693467690908
0.5683065540039125
0.159073244365683
0.23549561035352862
0.6824669522666673
0.6732679160137109
0.5588560435826804
0.43317414568031976
0.8256265101258808
0.4531409274065573
0.3720805639320758
0.6160952792843097
0.4729821869488342
0.37277695097823826
0.7902924506092677
0.08029456259351862
0.23948364613119033
0.5076512539692819
0.6178284589579575
0.5752725523414504
0.6702373122567984
0.9078902995592235
0.29558916664168494
0.11993998896244051
0.4035811216336863
0.6383557962210537
0.22477968549153934
0.47512243857150355
0.7117502629984271
0.3189912755956117
0.9543920175215255
0.2800426989939319
0.17837231047927443
0.3227695640595577
0.4284426855118666
0.8986397428419521
0.2049039731501611
0.4590016816522773
0.6923378207057813
0.2518315443785206
0.37000997490711657
0.2954016533525995
0.607968931979034
0.20635693735482102
0.7492483004703767
0.7814146556838178
0.5941515922300399
0.6967036322162814
0.3873738881878463
0.44546800120816965
0.6670091572915957
0.6182402018592258
0.4117910542610968
0.7912203508807395
0.0183646546968948
0.3511832234511468
0.44974124985115493
0.9430716112752993
0.2818847487226776
0.8238746557113197
0.5604263697990415
0.6730401492093546
0.49378982454837095
0.6403591343830068
0.4057672167476061
0.5065393850432061
0.7392728293800986
0.7128100728890744
0.6483286013948466
0.2900370175295332
0.47416495439967293
0.578090518251682
0.8208515386079596
0.20222597012717825
0.3106003039150417
0.7565786406062283
0.3557142968318761
0.1582643156042165
0.3493715952738785
0.6598751413902362
0.8052841860101533
0.36675421038892553
0.6922766371930191
0.5049335653590382
0.8698231021312363
0.1577107483883044
0.5295652205929454
0.4979662303058093
0.8100154217320078
0.1971067068874348
0.21650883370910282
0.36110530515617145
0.7357248773130759
0.5946276445767845
0.9124935631402415
0.5949471348603748
0.8875487453446007
0.045496134344719
0.4419839468695455
0.2771420027368068
0.752127222524757
0.30189953045519125
0.7437181844840545
0.41782795943767886
0.5474389396494402
0.41874556631876053
0.803289384687599
0.4953825889905528
0.48792191193698786
0.6859451106873173
0.45049692634292354
0.681668040583552
0.7628520525757893
0.4505864028221508
0.4005431103009379
0.40823971922110264
0.7413556569482113
0.3041297050224134
0.2279590365685092
0.5484197262119375
0.3614609284235791
0.9408182582359743
0.15767254455669893
0.24118204470621196
0.17434133438565635
0.35896471635826915
0.9264072872521698
0.3343045314850116
0.5346636281923246
0.6407036281362056
0.5806679520020761
0.3447154278630713
0.17507964234010354
0.2456215265104118
0.5934584108634883
0.4884836047367201
0.5370581350716345
0.7476237241699577
0.47716444364269744
0.6512358812435255
0.9141005416443584
0.029791113423021428
0.34692604789399756
0.4249286421402783
0.5552360496309752
0.6481921161589046
0.1725700073273278
0.3542618442137764
0.7980235171060436
0.060695263596688476
0.44183672117786227
0.8576368987581514
0.5994287704072115
0.5713909146686228
0.40655971817752945
0.547847540478654
0.4848704363901623
0.6705396385509628
0.149013830594329
0.6885027593001732
0.9564051906662978
0.4023901325595752
0.48172276352864246
0.725267796419018
0.6450054988923332
0.8699919873786397
0.16281258863549727
0.5644212667287705
0.7943195393558857
0.4558192040984337
0.8356091600680866
0.40521588042179857
0.8395200915614407
0.6841770833216501
0.575813791613796
0.29026695536149505
0.9624472087759277
0.3483718449972325
0.5422698539609969
0.8025429941353757
0.17710107001589698
0.6630166110611875
0.48317280848714533
0.4121223181356648
0.6217087641902443
0.22048043619484411
0.15482278637393868
0.4328456109377887
0.9641647784306971
0.2184281797046409
0.672336847159638
0.5189131272161984
0.48917670267159874
0.8332301490628657
0.17970447238549092
0.48199498078743663
0.7398786188656685
0.3370452181103851
0.6082690257810612
0.5012505731216179
0.6398199216141547
0.6664711965161836
0.44880069724761584
0.6292280464647932
0.5797209622208
0.09045299255523184
0.46216778374945566
0.7746875719269994
0.3562802999367167
0.22430470539654326
0.7589191603394428
0.43463755668911586
0.7136749017749977
0.4892315956975656
0.9555975807630843
0.5542183090892503
0.458502063248213
0.5132827449830988
0.5594588347132331
0.46231663666425915
0.5497074093104037
0.8987744641729205
0.4862967150726919
0.3536430172469446
0.6829072983994658
0.536880283628448
0.33508060370112497
0.6753168540859723
0.2648753158399451
0.5720468277698612
0.7139110217727385
0.28633785535638073
0.7139776357584393
0.1686241564787705
0.07659856214736255
0.565641137269284
0.6005938405969249
0.8996256017539503
0.720364110335435
0.736185061840451
0.11051796274181588
0.5144350990306642
0.7398752262490962
0.044502038106543185
0.3247280019505072
0.38620976121100875
0.8146070907948564
0.23359638126911406
0.4702470672913778
0.650788758284409
0.3845602757985577
0.9952341368186837
0.03045727469425913
0.11277736337196843
0.28001032970013473
0.4956213784784926
0.8027981919282412
0.31307920498284453
0.8801204216140668
0.3433044683994261
0.6253197536637712
0.46183915535386705
0.5237263011617219
0.9302665619313641
0.3026719437095785
0.8313404583925819
0.49054085772382916
0.7010649546547056
0.10479101809072783
0.17810313932174912
0.8052810745520071
0.7670753732570521
0.41245987940587975
0.8494239376433035
0.3612696500742809
0.6282479785757049
