0.7744784951212565
0.2411745819868349
0.2618169120881979
0.33712246701447607
0.370918749482571
0.9362227698329331
0.5019806056380558
0.4971151464196034
0.9519929233452351
0.5106872270703763
0.7854398050539699
0.6693908602882609
0.5535238056634106
0.3275725677316965
0.5278097047250982
0.7687941656727102
0.10428557654674314
0.027586199848672496
0.32894435613673667
0.6832814220035064
0.5431604314601851
0.10706192957885056
0.4208965552591157
0.6266427425738025
0.14002162098253199
0.6101045910972542
0.6991279180804209
0.4460050939126619
0.309532792010652
0.4317777173051741
0.7716524835296925
0.33319714897557373
0.9299293512216845
0.28851369423305034
0.20292701464525964
0.398748252328037
0.4598324346326782
0.8402621816213647
0.12350872721690823
0.2144345079220389
0.4173073209060826
0.861575126315014
0.4492982625563047
0.7212076523942652
0.314297888184337
0.7179247628908927
0.5752026635790372
0.7725651530628013
0.11844615582020224
0.11905581460849703
0.5366683713478337
0.6711794549747749
0.4670206336270575
0.9377195201101637
0.2880940221975933
0.2940062271703497
0.5732753176413725
0.6306955680354241
0.45310757177774985
0.781636442778047
0.35782408077141037
0.247997427659459
0.2946905736944684
0.3980976589031009
0.7876288393152471
0.07564336262616596
0.3107641012660363
0.37603102879222583
0.33683262685502424
0.7630939407507601
0.258739294803229
0.555018880604904
0.7510307735026225
0.3322372423562073
0.5993416664034753
0.8681030141213665
0.528816255248665
0.7322410264064597
0.050784434313709895
0.16167734173618054
0.7486546000324603
0.471130081517495
0.34199052628864474
0.8079567083407373
0.42053396627056205
0.2606660830150704
0.1858207077281144
0.8641475908059966
0.5357053607822583
0.7590500991757669
0.6589285637861519
0.5565192681009711
0.13152904582298933
0.3318324724287947
0.6070293627559277
0.40136890678779763
0.1329580099084559
0.43200318900352996
0.6317691472259384
0.2767089294114871
0.7167916162556307
0.4086224963515412
0.13369247929542696
0.4399165129762408
0.530975075468364
0.707118844445828
0.6424580341410518
0.6186075515643523
0.8144893505754706
0.3681626891733402
0.40574133612728225
0.5188306215316698
0.7629597212767125
0.784159401134059
0.4959272126915709
0.6542415957043461
0.30637422018513616
0.46449592687362207
0.5319545276681944
0.7408367650715821
0.4133504982641078
0.5523958424127736
0.41624656808423083
0.5622073620623905
0.7685247898598258
0.6518848906116534
0.7117440494382365
0.7343384997641329
0.8816254194906088
0.42604433904632827
0.7130326847112349
0.16087591497947906
0.16511608181212986
0.28958385408034515
0.2932751999744777
0.5883878307917881
0.189847848554043
0.33177321401797993
0.22233004537826329
0.6808794673678951
0.8999580888753695
0.46418404655544787
0.7829950405321695
0.3435919534910006
0.4719508183937702
0.7182994001523373
0.45108234083220367
0.21407754646114724
0.1907274503634369
0.6557394817742728
0.8264128619371833
0.5799465998870559
0.6475753555290924
0.29594842500336455
0.28425121719003166
0.6274902117932313
0.6504717478863409
0.5455420910552691
0.45488248089248895
0.7796302112634791
0.3497309767375241
0.8960297856609175
0.18018624402507114
0.32767806095218893
0.32916414456608334
0.770645392753478
0.9110584214759564
0.2676195056341364
0.5855582067191628
0.43457032774095233
0.7671431841652709
0.20529929662384347
0.27669627230274163
0.6127021915499963
0.1322625389326561
0.5425822272932979
0.6578366701684766
0.7999828800065049
0.17263916514419556
0.8342064720780382
0.8102994197704609
0.6175486148701046
0.4496898482717222
0.6065247161907003
0.5072519630221553
0.6867122442802291
0.8859028892622953
0.381009739058243
0.5706570492339879
0.30811826472264425
0.35869411858623224
0.3763350067732879
0.8126335974061676
0.10894016471884031
0.14903567963790182
0.2625255883126296
0.8973301149537766
0.41393251609180376
0.7321874106351731
0.3300208644788182
0.9220565337022251
0.4142066194827956
0.11503056631087616
0.2188463094403778
0.412781774739045
0.694945012299438
0.23388242340036883
0.12455877757549025
0.3448889854785316
0.9193710033688025
0.48685730623705675
0.33471554043672064
0.7991879775869469
0.4618013307112921
0.6695605265370119
0.8167053091877595
0.6413189947920304
0.4572587400838459
0.6964161762831438
0.22222212137746375
0.2810136856507788
0.8674037670916726
0.5200059932955539
0.6569139485015153
0.8921721357053725
0.5093693414129965
0.4143518067946965
0.905636812101088
0.25287646068995184
0.20252351003553207
0.32770927253548165
0.6324911062993341
0.5524040920241848
0.3899637889101888
0.07525436385866283
0.46285588355970164
0.6372705523658115
0.3695618072771138
0.9890995092670777
0.43341768004416903
0.32672741723953036
0.534842594859254
0.6550920598320608
0.27145546043353724
0.3174440280887656
0.46899365324738673
0.6727833291387788
0.538681488769228
0.5220033029754094
0.6612770094435282
0.4939401354175387
0.6909989266077263
0.4778920944725023
0.6394409124430088
0.2521184903320784
0.2737385568869892
0.7909537654384327
0.3029929632021977
0.6639409933519631
0.5146927619122912
0.7064850311270233
0.28049116234458793
0.5007078850390845
0.9692396258847145
0.10690190269726715
0.2843228392759942
0.6881417156155887
0.13803396250160244
0.09853001026870427
0.46030242501898044
0.5393992830077646
0.27314438947793274
0.24939952548462485
0.9706994083694382
0.4625980512273433
0.7565253001136909
0.7607438920724642
0.3415359970035645
0.6746140816583465
0.4372227494482025
0.8984409436217439
0.16560367988378571
0.5289590299839124
0.9881244368523465
0.04886783336143309
0.22493814716066407
0.20652124767529437
0.5026012538824063
0.7398495085020236
0.030844740303611378
0.13558181507216063
0.33125862919381144
0.5505148873432479
0.8376024930359645
0.22746601892294627
0.3937670114848708
0.6052924591978727
0.48470779890144305
0.46172119059797834
0.5632741234897303
0.059813650797557925
0.4058143097535801
0.6319000155793908
0.6916890991939948
0.57040782819308
0.6084608868426786
0.42473771547527017
0.30665401419157823
0.5236773103780916
0.5129959275786604
0.5162846293390135
0.6308120650572356
0.7952088731491015
0.568306039912825
0.494405440096942
0.3793489533999684
0.6592063915244948
0.014949839996886788
0.19440515708514175
0.36644988973684245
0.4224191943659875
0.5894376136033106
0.2694590349479902
0.18037862434363452
0.6909689258788112
0.6432988681858567
0.1182723804029209
0.42116236373382193
0.44071367881168105
0.5276245082279284
0.7531913208503456
0.12432717738293941
0.4475655589703775
0.5451311348643324
0.16753730939528774
0.43278502097580307
0.27428868894841385
0.6172205795675112
0.32403420608969236
0.20850252440290806
0.3994302831551817
0.7208833031551067
0.6083531289811758
0.5159782515536706
0.7452247401584127
0.7990852253863822
0.4388238650533546
0.28435661167139203
0.8939230233411974
0.5844513148348421
0.7888265874652851
0.5123639317132488
0.3698591047114344
0.6504128759188391
0.062229443162942606
0.1683328369074272
0.49971610155871715
0.4270138916202421
0.6083181412424816
0.8026873866193354
0.907724266389165
0.22370123881561954
0.7369115061576385
0.46388834946523794
0.8667131014309748
0.4121612098247904
0.6370561580407144
0.465095379990503
0.6848697038285902
0.40583484166965955
0.42599822191774894
0.8027912257609482
0.2987829877751352
0.43897446464372597
0.47771586767825286
0.761422572639949
0.46543776364347933
0.7677545870763218
0.15046140786342446
0.15904219601713426
0.5356760319006296
0.8236491764812046
0.12746561618191019
0.504876333536985
0.701342095066002
0.7867277117220829
0.5718544494079182
0.9202995269391068
0.19484349271454524
0.7670063730754213
0.7997729437479817
0.5170916155688748
0.3763774753334641
0.7820363517919984
0.40995774303229804
0.9953277479337611
0.45021032043841047
0.18406184208533652
0.14926723141886442
0.6086719731549539
0.747159457797192
0.490196273038376
0.5356172459173888
0.554380677980764
0.09152091366385395
0.4681348475519176
0.4446982124481345
0.44799585318611257
0.5912106974276078
0.6254461616008516
0.7459042825636442
0.26587478336031767
0.4441041718766596
0.2639297349337657
0.4742567865495934
0.3955599230306471
0.6078294764164422
0.25200855446984016
0.7690926705742303
0.539993199583074
0.5911315515309761
0.4772667146119452
0.5292825920228561
0.664010913407772
0.8318054470717018
0.18167616861090966
0.1824498480421316
0.5049943574838056
0.3936249705462993
0.9091718799574302
0.49197746041714213
0.6867050880253172
0.7472727477320813
0.2632465261774486
0.2968626219542645
0.29027115559537653
0.785640852866407
0.5023945614398291
0.4073725483111882
0.8111888236444661
0.7472827836283794
0.8144892739246703
0.7045410442293227
0.8313029717974918
0.13071125698726666
0.18219702984306335
0.5101355186420421
0.6755320331189409
0.5062324597572078
0.5985929975517239
0.957622722856953
0.25371364064182267
0.30680866954165653
0.4402376830009226
0.5150832876765438
0.5250107814511226
0.5783228107793887
0.42489146778682574
0.3089817690166802
0.7089812544629346
0.5548790244705072
0.13128430109987288
0.37849855443637986
0.4141793243593234
0.6713784431688127
0.2777139568404523
0.46294923556027
0.5472814619239486
0.6158951156949983
0.70565411409556
0.465518697757177
0.6618446847577706
0.41269360439229485
0.4388200730329147
0.9009878407809344
0.36835026506955604
0.3081084862944155
0.3384838974600065
0.4486124020219089
0.5502409562272588
0.5345470334216758
0.6249078620528861
0.037899243353251906
0.5222072716178985
0.6733010158986358
0.7154792274242082
0.7083810882901598
0.8540402082966152
0.011630606503892714
0.33266320148764333
0.1666241098642668
0.7117246136303526
0.839027272415646
0.43542588904672774
0.6709592167240599
0.28666239643164365
0.3897864347916745
0.3651127748794691
0.827644847825352
0.5647813852264917
0.6519410929161841
0.39655409605477787
0.40808326190229016
0.3346736245200727
0.5782412150301504
0.15284555635709018
0.2497856567653787
0.5499436532685406
0.4510258376428883
0.6107007323055111
0.9124406298238603
0.12641512118733444
0.33373338720449697
0.30495230732000994
0.5700281860823578
0.250170269085194
0.5217604034042688
0.935868991698392
0.43650115594092154
0.4617043982676343
0.7369265788100867
0.5715991814401993
0.661626106607687
0.27645507972354133
0.31373540472718325
0.47071058842868596
0.7205859615354574
0.635897620394039
0.4867951059583305
0.8336694554597357
0.7123150732928725
0.660837973104067
0.6325242447524452
0.14965475472848522
0.2482957263630109
0.5746815189856401
0.5430754062804752
0.9402349459033759
0.2916119058750011
0.8027204203944881
0.5984579529755275
0.7010338700533503
0.7408386251340235
0.27056858510780923
0.3498719623471624
0.9314554238828854
0.3471334072751363
0.40184163917435844
0.5600501693387361
0.3232031867110799
0.623403917796107
0.8422205283285096
0.5868551426022108
0.7991661987901053
0.3209536680371502
0.368050497006724
0.6599353258823037
0.29629277925139347
0.4400320271617813
0.6230918877108946
0.8007136535169888
0.3799158105230568
0.2284153295828623
0.3214404986426238
0.6689056790559079
0.6559263447967913
0.251509352815474
0.6232045962187401
0.5528032648516901
0.45971027905556344
0.5835311665948728
0.555761613770959
0.5425878670489281
0.557253614579202
0.7807511640455911
0.4839472436285502
0.3830968117953025
0.7337063629229394
0.3824884999116642
0.908605920340398
0.2646917500064055
0.9369199954909899
0.19031996370447662
0.5854084061535372
0.6496735415357634
0.3228215029646955
0.4590613327752683
0.6612621126092727
0.5205068103614138
0.6019514390466086
0.46155138412565233
0.329981157469252
0.9312371426030095
0.0886669981609462
0.6634495649113317
0.7328292408491989
0.05332326101478411
0.4445116448869583
0.3505364702832095
0.49064998778909885
0.5426776094435175
0.33995673225020273
0.797737872372943
0.19703844878143165
0.30444813792042735
0.9142257791025272
0.10453782467927758
0.25535651772766993
0.537165385732587
0.6240680492875792
0.9171305075884517
0.08058021026668827
0.37903932271148333
0.8139032765349679
0.2665205470454081
0.15561370786154213
0.38976922612079395
0.9082284208333662
0.7039250892060192
0.8038691266004264
0.4223651101589563
0.34651160813236404
0.4741476166376415
0.9125525947493249
0.3454378637204838
0.6326022430377409
0.5539920361381314
0.14300621540539082
0.2769909050998224
0.6131162144509831
0.8898832258013425
0.4146811766592763
0.19396564970079375
0.14172289609427063
0.5008435089095922
0.8800570942127297
0.24104233564487298
0.43837658490563364
0.3130003647289358
0.48624841232469684
0.5199491160423217
0.7239110599128652
0.3445223428005856
0.6358045475208609
0.6197168096043304
0.751443650079465
0.5621694233330037
0.7782971189297752
0.2055283965054972
0.621423777430079
0.7058729424463026
0.1730053574310188
0.2867253278377891
0.48866602979360896
0.6900127787498753
0.5026954922764004
0.6147632065859834
0.7364450745314488
0.05758692218814071
0.1870953264567638
0.20431686545248884
0.796403281176532
0.3811749189778386
0.8112831460648262
0.7553230551090647
0.8268077505861111
0.6024088665335852
0.7149746838808666
0.34595338169264767
0.6393894485258024
0.8370150654662273
0.015645300207361903
0.4008962927534053
0.2863312716150586
0.6064559129141334
0.9508462126980023
0.2837629376573043
0.19869010156427633
0.7485979808244858
0.5915655834221254
0.7249260472216144
0.26496877958415277
0.49182185350524876
0.6135661421269114
0.15803874953865918
0.43278663286716756
0.19177473401338738
0.7817337233370064
0.6909736469031543
0.7075202267260863
0.36631677855162387
0.5176430606775394
0.5721699055474735
0.5909854631449726
0.7979989218612306
0.7051742458910131
0.704590882990834
0.048839790296759
0.2780292623180443
0.5739466860122486
0.9810679420991684
0.34133690985447346
0.3327986913612033
0.1662798848983074
0.6483588133989056
0.5555909567880981
0.28570935630643746
0.6092771546046296
0.22285893417973973
0.28093655293898456
0.9216916615620746
0.6243461564219603
0.9630375763681498
0.014609374816613837
0.2773925825122552
0.28458356077313035
0.8690059619533352
0.6162955655243109
0.6363527807197725
0.3852284842777913
0.2076913025636993
0.5575033106143717
0.476706201981014
0.64243406771254
0.21368973884629555
0.5601185244049126
0.6018716030031762
0.689633812253413
0.4848720928280699
0.8764602035042098
0.11862389751395373
0.23338652876505464
0.23546064621862473
0.6767723210855239
0.6187165536804985
0.4139430760035301
0.251043728880512
0.3923447908781852
0.7006309748779065
0.378178584478441
0.6174190316678936
0.4950146105016634
0.5193997874348535
0.5609073762386
0.14332355083422604
0.1063709220853356
0.558490418769866
0.9936815990192744
0.24557383029777358
0.05990850931826843
0.46831592317150833
0.6431888374699044
0.8469474992834091
0.13425326702363075
0.4478055256994594
0.9151193897614933
0.582940376042544
0.7314424652889117
0.18771946074981016
0.1666282434107783
0.7277416797684639
0.6784707779473762
0.6323404317593515
0.43730113206954313
0.32835522717816606
0.6128794400595607
0.6023761028847285
0.09087409210594971
0.24332148177457802
0.6804272067179092
0.4569620770510956
0.8897602698993747
0.38637924946534974
0.7208815128376681
0.4922732570030934
0.6575745004435678
0.36922929626479173
0.1276073049708425
0.3009127298833534
0.7642866150093881
0.6184448566016905
0.6668018809690681
0.05644890939881897
0.18692457083877703
0.8355633213234199
0.5321506653443288
0.8968030418154151
0.3918789098663857
0.5446389554896703
0.17244950056539995
0.2336181612448058
0.6321396821319923
0.7213233346939507
0.17333224389077084
0.3979836392057684
0.8450854034750332
0.168592688698252
0.2840814973002419
0.4528740896963847
0.9661424098782185
0.3449800094635207
0.5087064316917317
0.5206692705394993
0.46829876834011686
0.5994197459585054
0.23736318419740562
0.6024746569975571
0.46279526124655224
0.8828211757166624
0.2667512107953371
0.16275947543332003
0.33573499041223975
0.6823553410477188
0.8214171211444146
0.13773092721556285
0.34533994747235547
0.5510142425286759
0.15457145989503338
0.5101735158889835
0.7578343056053457
0.4383541027497542
0.8846129630886627
0.08788001151634697
0.4144970969141909
0.668338222614345
0.6606432392796068
0.42552649876018656
0.5915176965242713
0.8185520157111649
0.43080300718704806
0.0914603569733544
0.6145712023681111
0.9592359007180282
0.2119702184732397
0.4108106833898798
0.7240637841213278
0.8163838748556568
0.21287680213759058
0.3204490050618575
0.3939700465859496
0.7775160857828921
0.5842665939519665
0.5755416329185492
0.47137734462926156
0.49643310929593387
0.6945020324376231
0.5626925788430194
0.910328826633799
0.3485402218786915
0.6758574925772534
0.7727766916242707
0.2015204671526707
0.3833281292698392
0.488602052275657
0.7493486279767032
0.27563397946126084
0.7114035472516909
0.3185744060863225
0.8524164259659115
0.36757016511006124
0.496215760823167
0.35083274341679277
0.8358322117781096
0.25317671892462995
0.5719382174805003
0.8596322432319203
0.7276346883742515
0.5554167674371021
0.7575206488015136
0.8544373631135119
0.4350681363857829
0.4462710211022908
0.773353153269022
0.2323398953327086
0.9246545874048326
0.6314548360294636
0.8633324601437875
0.5493867578108139
0.5844987544875226
0.8221119663958891
0.4282034423148316
0.7071185731421941
0.7497098163546794
0.22497127837961609
0.5155351147098597
0.7262437229263038
0.22205688073286542
0.6781641099561964
0.599029328170908
0.8631453702551753
0.5705005213094053
0.818780812114362
0.13837765020740775
0.21466790927753526
0.12672560059605914
0.6830108744504582
0.6818487538935083
0.4546365300404725
0.395552071026591
0.5024495223891099
0.4758226037326101
0.5553282153625536
0.24821489043466544
0.21171626994565348
0.6011933817866052
0.41317790663214293
0.7294494839104864
0.5392982932304992
0.6388049772094739
0.9884216638334389
0.06418347842949315
0.38361156795580464
0.5189586420688317
0.717127959871591
0.8243667580214609
0.5612825270866305
0.8752681094213668
0.7785553629933641
0.8647427037859341
0.454702372963109
0.6275968245788509
0.5693394403710733
0.635752994943921
0.5159704003257486
0.9777179534858016
0.3008503539937156
0.3467644516297107
0.38984352743342365
0.6648630078225757
0.5344622060646359
0.5060480451843332
0.794131684543732
0.07349243078977333
0.4578493389904485
0.6871298554658186
0.764708661859658
0.16365703545714722
0.12382446721956858
0.4458230258468878
0.7836978762618894
0.6563910086440283
0.8767946377461282
0.6183633134685041
0.6889454986679826
0.2960913973607714
0.5059192444642637
0.7573445519843438
0.41523027697248144
0.1660280345367905
0.1766216219207861
0.6480808660557793
0.747737333862168
0.8105657250850019
0.44642652789560544
0.8417436892304594
0.6195752736066101
0.5411414767740643
0.22236621771311532
0.4664371136762503
0.6789043387365086
0.6205302958094279
0.5480583776735622
0.6259697503236928
0.2017446008656569
0.31039337848165416
0.8400193576457815
0.15048057865889033
0.5990927441064936
0.7288107920423734
0.4389123077628174
0.6446244671683268
0.4934500088241561
0.717797150747888
0.44139135808309016
0.7102012923522664
0.60864509499174
0.6138475509658405
0.6682633601357246
0.35070036092893486
0.5885624582562451
0.6687148676967916
0.4397471551994626
0.5559192508523829
0.7839727298592695
0.3120055518243125
0.6905138495701404
0.626042675002899
0.6624858301654055
0.13511270364935438
0.3292589382561425
0.3204664321613686
0.7978134267983452
0.7778991846304949
0.922257745569901
0.27498916281510466
0.7121027539401585
0.9112103774179485
0.14709468834345338
0.8692038273709021
0.408711055402225
0.6184714613973485
0.5643191899367621
0.9920065405591243
0.28416588137236987
0.4380547816162966
0.4248800148241527
0.6652078348910112
0.2583199454530312
0.5331117595069537
0.717432732174801
0.13996663613728635
0.4602798531539454
0.691189328767692
0.9654806152483797
0.08451554655677129
0.3696681784800337
0.2668848371040141
0.5710901601364473
0.5697839196689254
0.2714260184023202
0.5397508746502798
0.1549225966532574
0.3079103103822243
0.9540253161018217
0.1808562940901858
0.4691032594224139
0.27811900555869934
0.5808642218719093
0.8425132435405582
0.10888801037335
0.349026526608627
0.8962133136700274
0.2276684790691791
0.4247414925416955
0.4995471661166293
0.6587979440278487
0.5868578710532275
0.5700126954448277
0.47364901648448354
0.6674669954863754
0.6745875606751799
0.1969832643391783
0.3215199804361676
0.18850991093006528
0.6589861852433019
0.5385996587365864
0.3414003269119723
0.49099010600440807
0.5465084319290835
0.2972899867041477
0.3858079248866231
0.4600364960956406
0.6077398067439213
0.4714014617455431
0.7443454100357907
0.32861096713850113
0.7683714590635917
0.21011039185694028
0.38345949182062405
0.2728338116970158
0.37546268421336176
0.7579816977550348
0.1637912356503633
0.17661434200938897
0.5254644374571915
0.5032559635870889
0.7768682116270998
0.4667969057607063
0.7003561331994981
0.24094223752985316
0.6555271743067824
0.2670205089125629
0.6275592513541065
0.2414025536030282
0.21810611674282926
0.21644491013879702
0.7878099757067436
0.6222113964249029
0.6192592654664278
0.1454234892114293
0.4603158686380604
0.10398718754994556
0.4265094212823224
0.55019760540933
0.12380103437080739
0.150129153544811
0.14987771757426482
0.7317007083450402
0.5281270316353059
0.19164876627119443
0.5387425134614658
0.5643238919725013
0.5511081784381284
0.2744221091233982
0.7465590663511833
0.3926414117190985
0.485738504781012
0.904321025689347
0.20602152731877857
0.1872175835493362
0.5437102813930479
0.5327075937276056
0.22148660545063945
0.5142401649771942
0.6310505003808635
0.17790256493177375
0.2633249319343065
0.43389835628992923
0.9665561891087523
0.5585756978668415
0.6832701404163548
0.6314512707022258
0.5324624163927947
0.7500344559491939
0.3350045805997961
0.1803855485392326
0.18947925679806185
0.7194927999982448
0.5805941238101567
0.3053656647932424
0.4617038989643913
0.43747220333373926
0.6319884950135766
0.06871994889562712
0.4149714430697442
0.8102137772616601
0.5200947063027594
0.3608647661876583
0.7617388788405555
0.3962275582702668
0.7570919224124442
0.7945614972199234
0.3662103444699679
0.4099028878716663
0.6744733964265456
0.7094128974129879
0.8704321958286708
0.11161495698883561
0.5017999178474475
0.625691498005531
0.5497329439725643
0.33388356033256966
0.044928963904214754
0.2750373413842033
0.36322305466129556
0.6810528318163844
0.12113130874422018
0.5337815785605274
0.548463169933145
0.5906264936918142
0.2046079181941082
0.4328537623166002
0.56784995042012
0.5011368324872484
0.7046922648470177
0.09155850034380453
0.4964755463623868
0.5386165158046505
0.7476055569117193
0.4114996304193812
0.7577108423695273
0.38015131919980644
0.12901134229045483
0.27078232900368254
0.8923190039214289
0.2764104313855091
0.293226123476913
0.7843301298693359
0.42081552265939526
0.8382274994817196
0.3543378796503358
0.3107475601089332
0.25074589626707905
0.7911719112126716
0.36204595869504036
0.5572870513466494
0.6950732849684141
0.31008148667894364
0.822192889769001
0.5189751644522063
0.47136486205919687
0.771066646593807
0.5503816308835368
0.639446398036734
0.4182342620133277
0.1709342492557312
0.6354259486501288
0.739631762976208
0.5683312418744557
0.6402598255606614
0.5338495068933393
0.8597107015895118
0.21438920933047212
0.23444609961898996
0.09977092483067522
0.4366071702717881
0.6142872451391148
0.10160293812293512
0.38093589372221126
0.5635339557106775
0.9614960909559975
0.17660256008009612
0.45263365285133195
0.8423479028338082
0.11494208627224636
0.40056351579302807
0.8354740826314249
0.19365369038560776
0.5996599976043114
0.4952022038397645
0.7597345098474293
0.29739513399431794
0.6874554347673696
0.341941126863988
0.8829683974059952
0.037980955932391806
0.20565463696024344
0.274512574788745
0.7079697953138417
0.6928024945901692
0.4389779651582173
0.5880900882380098
0.14877642983760297
0.443222089116585
0.6035878227237418
0.24190307774353842
0.18630088903381123
0.5399181124942685
0.8560914534982023
0.1417205825701029
0.4513382852480147
0.4297252359961709
0.5398541319810041
0.49764382417759606
0.2782734924957856
0.9367832976925463
0.22813315270986242
0.20915421581451993
0.4865921392528732
0.4712434488059567
0.7615680587715596
0.23720248936930968
0.554568023116202
0.4812884658682536
0.37761192598875026
0.8427852175793094
0.2932409377554083
0.2841997190084781
0.5941109014973396
0.6804228521358932
0.8770682629096782
0.32914029604577344
0.20623542273105183
0.15973703859466049
0.6273019334953522
0.9004555010645466
0.42064787770289597
0.1401487403177151
0.4712839413632449
0.7341834840359844
0.22450578376280658
0.3783117912258414
0.3569355640267537
0.35646955407907677
0.7983872844081705
0.3747232881887027
0.13421198115551375
0.36096801709421966
0.5201362809326275
0.8020791222572377
0.37806384139650895
0.4990665802952713
0.8495901524427768
0.3930230485514712
0.6968300830367709
0.5797116943156019
0.5494783217201559
0.42719021122228307
0.8631960140577568
0.35597020137507035
0.1237165160879927
0.44927252727229744
0.5089335492775852
0.6700882297946805
0.31537171894417515
0.7677382326327145
0.6416556452690799
0.7754329008295394
0.589488187724771
0.6903924891887726
0.37326631859229237
0.28475045113209874
0.40292118368985486
0.7204395178854982
0.0316142075346124
0.5077714824137042
0.3491053164652303
0.6949840493463124
0.20287971947374123
0.6299644417816863
0.6356559634319783
0.5613493105626014
0.6414735230741666
0.7158400891797494
0.7819361607829657
0.71420109757761
0.5193154213383461
0.4045558474984906
0.5523406321498057
0.3585539194046571
0.6717940093857756
0.27730055317625907
0.41074940062187104
0.47767663203708766
0.44537512237773436
0.7848080345351206
0.5724327043852552
0.6845004713526333
0.22646884151008054
0.34290924193650973
0.267536170578616
0.5669657890403353
0.4240545519360466
0.4885390581035792
0.9894690937711255
0.08997608852466107
0.49710417711274524
0.3428141072628516
0.9452042530567313
0.34479387032008363
0.5017055844943484
0.8190735111062772
0.19754987078160938
0.21280867954091462
0.23437757522626013
0.5156236953164024
0.9798860437746715
0.28969686668870215
0.3156028802369437
0.5144788398513768
0.9304628164817563
0.5790656056881953
0.7707992320664382
0.44249402093437057
0.34728855963169875
0.932972867567419
0.24825327127813507
0.5293311836586909
0.49323579854297556
0.854553322566808
0.42528469418279596
0.20511006746925486
0.5768502264032711
0.8582619962490403
0.06534984798405831
0.37952511662339466
0.7381487335979644
0.838041016469927
0.3546784046571042
0.548178849254753
0.500170821995251
0.5623758035143731
0.6233943719302202
0.33802329629324324
0.6828704621485584
0.8448696978160632
0.44366389034531795
0.748327127432944
0.33783508251947414
0.584154014448946
0.5692973187565374
0.6415859433770332
0.5005894787022928
0.28765004416995715
0.7111407781586304
0.36347321983396014
0.15280705412479215
0.5196517459432268
0.5211904593848133
0.6615756581153177
0.589106419024064
0.8005683310123097
0.12945471999876473
0.537555550953448
0.7974253807614919
0.2761276764792009
0.663764112476346
0.9515879758357058
0.5671972417100009
0.5146388447609032
0.6124762953435843
0.4290672722413994
0.70630390739712
0.3651987741756323
0.5430892978350791
0.6542013811928646
0.6806403098637974
0.5794401232317591
0.6326242442950216
0.48162220394757355
0.5362932518571695
0.5380767084127953
0.5966695718321963
0.2432130899298336
0.8406192690481922
0.2959577068390817
0.9894949535287743
0.11963704305045492
0.24130100297121618
0.7117798308725128
0.6285538455883053
0.224905537513423
0.6368812644457144
0.39936484944424167
0.5736039062869626
0.5401970902155057
0.7887078496003327
0.12242795376326666
0.48055660768875963
0.8177272197550183
0.4617802377154674
0.5208914243055175
0.9384119163039497
0.4115550328589826
0.7087249557191295
0.7306924053871632
0.11482222426721533
0.4293358596997612
0.600924546032961
0.24486402283535816
0.612317471432536
0.7610285973356519
0.010313637224352726
0.4453812127698036
0.24017992326882662
0.3516689980376644
0.8316366498406139
0.5311692540745382
0.5141188929082463
0.8257114244103476
0.28996482455664285
0.03467281639764787
0.3638036559280564
0.3563174408376364
0.9897468713554308
0.033146665011593426
0.24041000813839697
0.3350086519955745
0.5328370095730632
0.3056906845672831
0.539138602289417
0.24855692236429558
0.7191509795492155
0.48384591360758994
0.4461380016597458
0.6930855388919243
0.42255383979781247
0.7919423974770659
0.2358452897769999
0.6980732885563351
0.38574193348013064
0.35924754391949576
0.8408594629932054
0.3814676585877308
0.9159900200691671
0.42953883207383653
0.6161531155395193
0.0739011737296077
0.07773487189543177
0.22957051726068878
0.34382715896996635
0.8436806333351291
0.377050290053968
0.47072031779780066
0.4699472335817078
0.7809615956321456
0.4419813486638726
0.25549384376111206
0.34251275208345766
0.9480454318061781
0.23632904185252174
0.24793217714618326
0.6325438591269527
0.3824183524539996
0.6630732262264548
0.5618565085061378
0.05711756055373101
0.2362031864236282
0.5497058188322966
0.613874518914199
0.7045831847457886
0.4875954775707295
0.9621225946137405
0.16903736505847694
0.5876666229154188
0.6133381561849405
0.2798678720380985
0.6319230462326664
0.32000981812437745
0.6249624231917896
0.8400410941270715
0.4443825415752891
0.15781873916426417
0.164691489902462
0.4925693670562289
0.5541211754345978
0.6414969704890398
0.6357946783119778
0.8155922394395331
0.6992390272126885
0.8160510040642812
0.016818684140860303
0.46576154163772127
0.4075184028024824
0.7915262230406055
0.2612513246649488
0.3454532313098844
0.544665869908491
0.31439389141426954
0.546367894258267
0.627770663236158
0.12313731753306824
0.46628896703748096
0.5311950826619499
0.5105005119480982
0.48707394002290305
0.844629356377004
0.6795483920385696
0.6083670960264574
0.17234850741346022
0.2522530234936883
0.45980830765060887
0.7435876033217947
0.8528922907105697
0.4243273348320748
0.9211951376050029
0.11737788809595733
0.3226320771166454
0.4971356052048411
0.5786334073737889
0.25525994696479737
0.368258345151807
0.6611492384749738
0.6266250142932035
0.9679942553729692
0.3225173045088498
0.5734557075295235
0.7638931445922283
0.1500299379675763
0.7274053245717016
0.6109911914924789
0.34665293454342366
0.6747158360892688
0.04999643326855123
0.1310595509022765
0.4766151014958834
0.7192049279426612
0.28489273992605263
0.49310426458227485
0.49147011187979817
0.9156691220880903
0.12616410065080114
0.296076772076791
0.16764676408960671
0.5954803044837382
0.5473772390063005
0.20031484612221234
0.656936462558553
0.5389550128579602
0.07652041159535669
0.29113042748811
0.7864972464247609
0.09684168527979756
0.1899785558069309
0.44779537471934877
0.736792908656038
0.5424491172424978
0.7733269302823373
0.6002424810249112
0.40366386123593423
0.5526003980043235
0.4332007849342572
0.6152101687133267
0.3070004055661597
0.43553493904749085
0.20172429342796744
0.5732211191228137
0.9001378245700287
0.42817222805445293
0.7863615124269476
0.41815607601904503
0.15186756348938055
0.6520670732383982
0.643759073177706
0.2298888502910512
0.050846666697674035
0.42461493710687753
0.7178761042471001
0.8859617886980302
0.3504505788502019
0.08295598458732527
0.5806407697774527
0.9036051693422891
0.3354728831186952
0.11906996164834832
0.7380587836043555
0.7376275893819739
0.1018527824786502
0.25670028731856265
0.6555379366066791
0.7632197952176201
0.41452799505662835
0.6115388129769589
0.18855397778432872
0.8692533329923986
0.2993745613886296
0.6645739930972387
0.3585488276757247
0.28520738454701344
0.7106635711848741
0.6221840082594078
0.4243971313794265
0.41374312183158113
0.494114960511801
0.49043296672472264
0.6939913575929539
0.2788223366300788
0.403287453732249
0.3006257940583343
0.825117508235227
0.33224093100646257
0.5509776218100491
0.7709814474394271
0.2839570744738797
0.6192343101238889
0.23640479549134621
0.17564949032508181
0.8144532753701001
0.770267662640005
0.936903101153479
0.2016278734799925
0.7238278024033109
0.6312440630385127
0.7380542609690433
0.27210579000319013
0.5583842573121376
0.9231629036535682
0.387257529244486
0.2622200200693355
0.3257915196642437
0.7099665462714312
0.46322794011153845
0.5055156429639251
0.3522353031600748
0.6349914922058654
0.48256284311279296
0.8285751469826801
0.7805834097182794
0.7957054412176139
0.3051692766181674
0.6758437272428327
0.35278453401422577
0.9690715452995449
0.5006870889874773
0.37991181167281923
0.665278689861052
0.3003056536030332
0.5882971561108485
0.6814562644296203
0.42359659490135904
0.21770297920750925
0.36760679371560007
0.6828999112640675
0.8882162410946316
0.26113776352241574
0.27427107996921135
0.15984118137434603
0.46731821716909067
0.6811816509988812
0.8159918999707202
0.6678563252881
0.7611158329179439
0.8147557416097944
0.20477317519170835
0.6352670912698996
0.5492571380836577
0.4880034129975772
0.686895786223432
0.5885027937902372
0.7191083277300391
0.48922618341817103
0.6275169807199555
0.18822750311453595
0.6363068713873564
0.8041992191274863
0.4609287892015205
0.7214812954999061
0.9436526307456412
0.1320301885103883
0.0345631516046441
0.4781530960109013
0.5120913497543412
0.7388365661971047
0.3389699151863792
0.5555962084183421
0.9699624281113566
0.3074586355534374
0.1963971681524727
0.845615954507235
0.8520233175980079
0.5317157759236002
0.4367405303740868
0.8577356783085074
0.37864721285931646
0.7766279745693907
0.5009680810454964
0.662896393288772
0.8294789800766018
0.4323553229599648
0.6689190014534703
0.5456276533641544
0.48881859669811123
0.27906237842138965
0.6588402947436954
0.11521164941279263
0.266848707503619
0.3515015243275949
0.6225567019958543
0.41325354380434076
0.7730028584566675
0.5008332661463892
0.531650301106433
0.8306170103275092
0.36459690970982805
0.26019952560173876
0.47615594603850375
0.7864129728427076
0.16720381990391453
0.7412706964334257
0.4986086417015606
0.9468014894546335
0.23642496528991871
0.28712036973153404
0.6121125622127513
0.2929032801825684
0.2846215694277329
0.6226271041569986
0.06282574191048045
0.4850138058749656
0.40802918293206414
0.7157620374591036
0.13139072878654764
0.16627607024465976
0.24194337185986176
0.6480412449211874
0.28997423444597525
0.7799411919173016
0.4008753331859742
0.4644255562192431
0.7679172334064491
0.16378048440775939
0.7480032669094252
0.7190943443449356
0.5563450601355412
0.5164840521758212
0.7488602312789795
0.4674640508173948
0.6805800396107419
0.6258430783747051
0.10642996266053231
0.42067065963497935
0.6877645943758878
0.2174695888399798
0.5566192991691398
0.9289878371313838
0.12525965113324694
0.4619658746912028
0.47911232475499893
0.5950141262994757
0.616351386137711
0.5687128580642006
0.49227512792305184
0.6159901898878033
0.38553631150689516
0.6819122157566584
0.1908255447895182
0.5267315102697957
0.3577247888820447
0.7287683116855823
0.32270577121447735
0.26464825963984606
0.8230937404651972
0.6899261567436891
0.5661854004341516
0.48420041724633184
0.31286469083775104
0.6436020735675839
0.30888006283187514
0.11536558302326674
0.5968179579169168
0.6425298147807151
0.150846274220121
0.28066231812609704
0.41930740307701697
0.6452482733027839
0.5973638176310532
0.5470673653264712
0.17571488773424693
0.3050455945152007
0.9346272212550812
0.13720228668423812
0.15683379726161145
0.43764741347440717
0.4014213436811786
0.8450313642031864
0.46016377227259136
0.5019856619187548
0.5511227025521985
0.8943301910896455
0.44346304738095227
0.10931567746310025
0.39022402405579854
0.5483015315330089
0.3451441689867296
0.2757662566009207
0.3024252718903544
0.8231695578424543
0.7656290258596454
0.5412072933881679
0.788268263235431
0.08624920116917376
0.422113991589677
0.579186841010754
0.15774357117240234
0.4330275977802023
0.8406952970501419
0.34613492071456403
0.6710977210752916
0.3524405205860345
0.2067651321172556
0.5288075705041234
0.4184061234386981
0.7954905302692614
0.2792247989939403
0.29315943426998686
0.45065019158328945
0.6454752886512928
0.3546056218881115
0.5599377090848667
0.5252180076633942
0.8629685737810833
0.252649080722505
0.4721306023145367
0.31796812143049213
0.9048210892621398
0.4281077278074603
0.6241384208673606
0.757832572130059
0.43761198483731345
0.16721840375710728
0.2983427586246513
0.5427913341576712
0.546132127439322
0.2851663481697018
0.4792972956646945
0.48674245136938743
0.8485828160996671
0.26446997793055427
0.3244916016962043
0.9459072305806787
0.0697351847192864
0.3714433732460788
0.11703083720094937
0.4146678341684418
0.8771742630385017
0.19119770965086835
0.3937775051300429
0.45535335065340043
0.39298425113578545
0.794236601722476
0.5209400460725098
0.6984500024256404
0.739805718208056
0.07448817763000222
0.2943507703984465
0.2081669642735165
0.6434061054159694
0.6446549700676855
0.9261874978852693
0.10658798185125731
0.4253166803456815
0.9332243207283708
0.13931384048959108
0.17762516639700243
0.3039466535873583
0.6832292320529267
0.8435965664248883
0.3831565211163232
0.8723610482538993
0.30336427840448316
0.07463413079762168
0.11286615139765813
0.3126854605317926
0.9512544140715565
0.28005987637957025
0.3747152372850643
0.4941408053537253
0.5262830796369607
0.5875778378457102
0.06193062640253968
0.39578535467379783
0.8609176594776137
0.10080878417239612
0.6972720430893
0.5868882908270728
0.14948674606065665
0.11235767803086004
0.7592813327350802
0.9419999726488748
0.5095982957574743
0.785059662294793
0.46884539035059664
0.8155949390828319
0.21488832117468856
0.3044722425350116
0.6684562138403859
0.504168890377868
0.48313930715372516
0.8988087667233613
0.689038983698721
0.7397748540312065
0.4115584135793335
0.2752224977435906
0.3926948007079338
0.5511167671722492
0.8477864654237932
0.3758691274132775
0.3140926551934141
0.9096501177888969
0.15852919488499206
0.18441247932289676
0.3551417697426814
0.6112058552198434
0.42963914516269536
0.9405072577419342
0.42794694967589936
0.2573390247539961
0.7299910514453449
0.1381373180994634
0.2219588363305563
0.8637971491431473
0.3214169616572584
0.776173455339918
0.5403660401382305
0.34494888351134795
0.6677430331597259
0.4999309023831224
0.5091694771786759
0.7673509933085529
0.5625794013464499
0.6944080877228608
0.2613609438363212
0.20206060909402862
0.7092446876180712
0.6708219883822268
0.9727781887073921
0.14922439491701972
0.464821322236624
0.9027463143414738
0.24748712851356938
0.11412420145548449
0.42909793794891965
0.5364064534259747
0.43891359320805184
0.7346144790898439
0.9513296208813362
0.21053697007005748
0.37793147783642456
0.8102552409491266
0.29991397978373857
0.8070303686446247
0.22265223615473745
0.7681345732189837
0.5425988286702336
0.5358041786349899
0.45606466723186145
0.685133948525124
0.4850945623010432
0.7111483372564016
0.3652096804680464
0.9168722200728794
0.10743417584819967
0.08461543680050444
0.4391142910143093
0.7752031979898846
0.354341418346688
0.7817564698742387
0.2895289374112098
0.12082963045453553
0.5265587385077574
0.5023919672903665
0.6662985950267446
0.5337359636103135
0.6337611015207284
0.8836605707281295
0.18322924339359176
0.6208889669115348
0.6831273866664707
0.5774257675245148
0.9015309006894408
0.30351156088852976
0.2942292952487427
0.4505121356084122
0.8010243827634804
0.029512840749697688
0.3740127256127056
0.357643908569763
0.46975454675323186
0.5991411718599396
0.6773717906931067
0.8727316380014671
0.4088187353637049
0.9549480506736454
0.43527160773143175
0.18165191023373634
0.18887272209246053
0.7607884329040882
0.7728966882436172
0.09357716403027999
0.2906232022177667
0.7778454872868164
0.6121882735732772
0.9030358050626501
0.1548777826330765
0.3766995384689219
0.8182166602330503
0.3036071934313111
0.31613328232871607
0.41526566279219274
0.7192068934364473
0.4906825628297818
0.4509696506003375
0.7665853210096867
0.5565064912457613
0.6497602581212574
0.68861827654849
0.9355458835536989
0.4711361304896671
0.707924594981068
0.8722792309390113
0.07526519477693569
0.07365719177417562
0.3920221375994567
0.7433914142708937
0.2556067489216124
0.6400421394617761
0.4733442497991845
0.5224244466895419
0.2026888659132995
0.6011633295150878
0.6796479122109857
0.9276646041337795
0.18107597353848076
0.8210614131945964
0.521695782027017
0.6333186433269345
0.38787133845703387
0.39577070697695443
0.5303979714587365
0.7311903707543109
0.7434888198727384
0.08888418972765465
0.0801807178068552
0.2541315769794291
0.9409081356751826
0.32245017591567554
0.5508331008076021
0.5494308892112351
0.7540991434916282
0.6430700783774697
0.5486028875684574
0.595531714223737
0.398689243328624
0.8424988037831895
0.2901178181123204
0.3814224319200177
0.6698327826550312
0.38183264888916574
0.6793869622235861
0.8957108666954053
0.45023473472523684
0.09936021345962692
0.2555014779476491
0.8763323523668999
0.33978671319766657
0.42083236468386365
0.5962410766581621
0.5494737672684263
0.32805418215160503
0.8927500987962701
0.15445943538326454
0.7377616577651587
0.595060740086846
0.5169931124973083
0.2685923267591913
0.743170284142931
0.1016802604187924
0.5650843386699914
0.5359148487813855
0.26521543850693996
0.5450332722526089
0.5647383833997583
0.30756115095797987
0.7770390835148786
0.5303372773703118
0.7181839566102584
0.7418407057854748
0.5503707948174372
0.2889029177159292
0.9359733030903119
0.44390437158418183
0.47487519654974397
0.2855015841408236
0.7235651611369691
0.47790733874472396
0.6610546854544654
0.5053701483063596
0.7559942619550191
0.7409187326615758
0.4564404355602084
0.788649562640208
0.7575740355256634
0.7333973249448511
0.6675730303626518
0.7992589848686245
0.7567368850601165
0.26492317485421774
0.837802055419224
0.3721853296601278
0.5477873331339327
0.780283813455425
0.38227187148912506
0.6633903360762798
0.6516864535903634
0.44361148753736185
0.20634100193360655
0.5335560815881544
0.840168370366396
0.5720460586862334
0.5972828606578509
0.774558868305021
0.8438654206468712
0.5337333888848583
0.8266105874332254
0.29094084011546945
0.6279379418931285
0.8975054585271343
0.2997389731079141
0.62888157149338
0.35164231119164185
0.5561160241532855
0.0673157948503598
0.42145906098417935
0.5927676620508945
0.4553878529685958
0.42534054881632744
0.4870619318718941
0.4088339802799565
0.7754664665306649
0.13775290387735306
0.16206911621478837
0.3391405686478727
0.726788487087427
0.15125114473285065
0.4362056715093213
0.5334071618473192
0.44623206870216664
0.6703674298704089
0.965324719382425
0.10745174521934525
0.3181455792978135
0.4278015869443751
0.6696451624131214
0.4292089943750467
0.9111953275714422
0.4633636772858601
0.5671625578878182
0.6534373199701823
0.8666939875537835
0.34574156636248415
0.9143944001622297
0.452593240951773
0.6193873439210114
0.5784176999836064
0.5077412008861455
0.5922742762478705
0.6405546789798455
0.7985629451869818
0.495277317809908
0.19174895387981045
0.9361672626761068
0.5759252657054618
0.8505789560297334
0.4978937409349303
0.6355004163975456
0.6527354543922373
0.45655844087230046
0.890640220202565
0.3336603651658408
0.6166656520405936
0.18625874725519978
0.14373947915507979
0.6611417019605063
0.8306689967673279
0.26947703476420864
0.557479287961269
0.6295872230742732
0.1073110990291776
0.6024166026853914
0.7296375789051718
0.4800877709990089
0.5698544087724648
0.8492708289324067
0.6318390688434559
0.8123790737570216
0.17879859220335131
0.401132731658672
0.6540617794663192
0.3197804706999898
0.5435186518045632
0.44063313134416665
0.7978067489144636
0.2145050573338442
0.46989567139464605
0.7103450752339074
0.3234236074323724
0.7284201936766694
0.20586352587527612
0.20677485395828343
0.7002421652786212
0.9773122794470468
0.4528385291815221
0.4707793974274871
0.6890266085865602
0.7050479693132032
0.2192698320382304
0.5583613481615116
0.8584589821408026
0.26370943876695835
0.2804172681264267
0.8698305596285052
0.5316477897917653
0.7570691462795891
0.9451400024732847
0.25956799360501864
0.6239171824354296
0.6326612213364983
0.8259070512155351
0.8269773886550487
0.42564722439679986
0.8070711607759994
0.49888883191353767
0.638856200928627
0.4771660992713121
0.3984645192006826
0.9662530089227471
0.0631063165505889
0.1850445470722532
0.8542467414874976
0.5464747552672868
0.48512028259893875
0.4490916460656029
0.4947380714746191
0.8672975374623335
0.4214020524689947
0.593236098017866
0.3151199603380057
0.6542318029771745
0.10793265314017028
0.49564400047011453
0.6429058583078001
0.6801881679245694
0.24386754799355592
0.3634060332114121
0.5693566215802752
0.5180374470811262
0.8221559406658198
0.47952586333135094
0.5041503744237192
0.3660934622652787
0.616481599731078
0.3682921736105733
0.6469912072657908
0.8826069243257219
0.40544926311378426
0.1766355619477175
0.20176616764375277
0.5678593381032957
0.7593294643361896
0.20230902592508393
0.40031172971349965
0.9647800458107219
0.09428857959994207
0.7079541173397235
0.926900673963486
0.28965711400826755
0.1466901688230499
0.10846055811725203
0.3529843871853531
0.9192970682414894
0.3781350980708269
0.20813640379792495
0.44512640034472756
0.6326371296079139
0.8378845361234242
0.22838615945065588
0.5557085130253915
0.9589259862216364
0.3611131563088549
0.7920685774125422
0.5367703093152107
0.5357055046953636
0.5831228910590034
0.27734139577010564
0.7323543957560256
0.46242841950717384
0.47437512818714483
0.8908670076288099
0.46827408247588087
0.5121342166073664
0.9412757585675042
0.10949921612254068
0.3711502450439414
0.7526005090898973
0.811783347204404
0.45355203439439135
0.5273769931735506
0.920836274690775
0.060098494166551525
0.335785721464892
0.7439761833389925
0.7193123564815489
0.8569307430992046
0.6974419590356249
0.8802369041055064
0.06923170600750651
0.2833514316969472
0.42059578274401316
0.7867257141354397
0.41932312601708194
0.7240295144853137
0.03583589646711862
0.14404709139742916
0.36320046755380486
0.8978644279523587
0.42406508466124554
0.3438722248344469
0.9184223513573274
0.15037080988287335
0.33123947616876553
0.34824732188495566
0.5726722312575805
0.7347095476003065
0.8324310264665049
0.3085347715715651
0.47830729297464347
0.3759408497761162
0.9191618566457188
0.4804176286289904
0.3230844314505075
0.6118278096469565
0.2996751543916573
0.2877750000003172
0.7543579637385693
0.4658739331159439
0.6068839593559625
0.925431009575078
0.457846745075415
0.49236911772866226
0.5716938638306917
0.8784294918505509
0.406673066150398
0.918675034031402
0.39380323154679275
0.3896944199007356
0.8420844448294623
0.1244261350295107
0.29540680974937417
0.5206479192059599
0.5412316122181308
0.749192898379621
0.3371171296211842
0.49608373819461293
0.6427950056724893
0.8733238701237959
0.11322368601780944
0.38439274486459085
0.9192684564396767
0.17451266755053496
0.32012809248966345
0.2201513762441069
0.6245384697079397
0.5348528305773931
0.8611754541319159
0.33668062752174477
0.5159568604457977
0.5024105136186083
0.7983070072482437
0.22716090361156893
0.3954826370812667
0.8540401485613589
0.4495321326576792
0.13107623172115468
0.35927790994723063
0.6739172824496378
0.7257173380450809
0.4049265145607573
0.3649034595866192
0.6921956340408457
0.4578190374122405
0.43397587230059587
0.7699274188703147
0.847883817935044
0.4446177064402705
0.6792562656817941
0.08416951624324212
0.44727442120187233
0.7190342952323759
0.5313860606487928
0.9476689641868978
0.45373791444854616
0.35645819112036436
0.6352844413272312
0.5727958236846711
0.8148436937773769
0.7038078732767289
0.5459124417671148
0.6566255220729683
0.4072412381287404
0.1848446378589761
0.5659165599794014
0.8524455332331451
0.161703030684286
0.09128142339127575
0.44979074622897797
0.8812080300740117
0.3570850178724345
0.24582984446381645
0.33810085500572795
0.6648999298628745
0.6657506289727287
0.16269566292408041
0.3176778136124132
0.662652713734009
0.6199091291522724
0.6705751240803068
0.9138134747845232
0.09946765514619578
0.37282602643357726
0.507737803021774
0.8247329172791935
0.06640357594853447
0.36859794957058895
0.4369511595617055
0.577464525986522
0.9791775780963214
0.10640830164862308
0.08028683418388853
0.22202128734178797
0.7023368400397794
0.664352976780132
0.34852046363274924
0.5565165889916468
0.7162109464007397
0.7601165775838695
0.3601813923333203
0.4462987695144942
0.394993796699588
0.8768613498182416
0.11620330284638956
0.6313017668492116
0.9477811208114684
0.40562596019714764
0.42634908709631447
0.5935110377635692
0.5013774768923718
0.39262500509234727
0.4864085851820982
0.3438582855994293
0.7465102280220706
0.2853326692105804
0.24895913484476756
0.5027774562339379
0.7829553264079658
0.8366256876242507
0.40493521234930063
0.6918621866388737
0.5517321342117768
0.6350497407580468
0.5076924478110404
0.7344515302358594
0.3413566263602755
0.6465394963193343
0.15457365204970103
0.46271447745635613
0.7924415839101612
0.620928662284745
0.43391935155910977
0.9313300868274323
0.1159490239236696
0.15048821083611288
0.1971672272286459
0.5856095474143447
0.8684909129596041
0.2037233931072521
0.6154660200676505
0.432912705076655
0.45418852781009
0.7055645406822899
0.8015607474032904
0.3603747859700348
0.6486417652168551
0.6008163313148085
0.15508539010910602
0.4314573433687603
0.6926766707055427
0.41628406769865106
0.20273464126944749
0.4542128851401053
0.88996473191081
0.3139497969031841
0.22532836913420584
0.51819216762731
0.325941171074999
0.8226823468194491
0.43614476948345793
0.4315324776454425
0.27779694389221915
0.7180114826073238
0.9139312929285235
0.3387935409548764
0.6966980388242532
0.23030430119890688
0.3666791839829119
0.14333378519561615
0.7749167266706509
0.650067524169704
0.24450391448367625
0.5201221513369209
0.5035269318467859
0.571277321486352
0.9388565062546435
0.27265267585165087
0.5729931409353255
0.3374435552000589
0.958583795668065
0.4792686674544317
0.6862016162973115
0.6907895078459543
0.2675595331446866
0.15495880568478684
0.3194312441922171
0.8761880220813371
0.6460262594909449
0.8829123040543627
0.32016806679430365
0.29687894427879097
0.14735611941411142
0.6481021575665851
0.825829450190595
0.22034528459019462
0.74297639762791
0.33271671494085564
0.7269868489103739
0.6267715966292338
0.5945656511237057
0.03383954453590463
0.16144067361143277
0.4855431717284209
0.6735051770335779
0.8661498824532908
0.12744976234768807
0.05596541626591408
0.40179305763119744
0.6697265076604982
0.487181637024806
0.7595757463098519
0.24666237845718747
0.14483884147077453
0.2586425010630421
0.5546137135180726
0.45979862772672675
0.773198038145056
0.2587167407342971
0.44146385678877653
0.43350985249242485
0.8606923435686984
0.2653444208094853
0.9691550756263856
0.08756999909998446
0.295109091411946
0.578843889107241
0.34245576380531506
0.30455155284109514
0.5558961300596541
0.6787204434767679
0.7151627896163886
0.7570164580620754
0.047537151070227324
0.3153585930578697
0.3248336776079336
0.8228962458021967
0.45077790135560813
0.7614134597712074
0.7220580840451798
0.44114352183278027
0.6907701996551701
0.41514493026212473
0.7971669675690494
0.6718688397226972
0.20784295388277918
0.58565588260783
0.4369348572602768
0.6140122445602506
0.23822031431285243
0.7217003036188551
0.4546504656795043
0.4478379387362916
0.7733827933412056
0.4415420553057422
0.8668867842609971
0.36471968361149243
0.5819496986148149
0.7747102539030071
0.5318040062830957
0.6557461501400501
0.7971372737301372
0.45160069021264165
0.7989639676411726
0.46545346822992906
0.4384448669526592
0.639547717871702
0.869780739838212
0.41407771338209765
0.9772295837285978
0.36350546564898395
0.4224120216896386
0.7340262994671668
0.6224256158560092
0.8576857382852958
0.31383840663235385
0.3909499209224524
0.2554574673601039
0.41871028527178233
0.5874391826054397
0.5616569397003157
0.7632254030657452
0.3363334387650041
0.6911286098513343
0.6748927894641853
0.288337965655639
0.666776704673333
0.6327881601739931
0.6785678150103702
0.434997160794938
0.16693384698804414
0.6440706518074332
0.8477417924319779
0.2864748717413334
0.6000824652346834
0.8664413948217162
0.17679182775354646
0.26832640079359577
0.3380940626792546
0.7757912213377344
0.682191429295349
0.7636778666584773
0.2599428736849712
0.18297868439565967
0.2448905199156438
0.5456573732270382
0.8325287132468582
0.554125481824481
0.8808041614441495
0.3611744108390588
0.49111650962093706
0.771591672486032
0.39970665007791917
0.9459533522945653
0.42675079770635393
0.2206027719170381
0.5474327708270825
0.4620167522486036
0.864254650185898
0.5440331123671832
0.6420017529958889
0.8186108014447162
0.5720166588994158
0.6847490495328954
0.6301096703572816
0.4552408132453984
0.734368106301388
0.7853930973307707
0.7738891029385697
0.42489189517187465
0.7048582594837917
0.7021839388934646
0.2666113158145183
0.5890293252253714
0.19847540010815157
0.6195328597926343
0.8862447336088912
0.17720181081098582
0.16768413149329273
0.6297319655580829
0.8773883517738346
0.38213777219932865
0.5927116077975151
0.3170821782749292
0.7306789770102778
0.15993525570468387
0.5197978845830509
0.7361575981337506
0.6749766577060666
0.6298267413192782
0.160241640122193
0.3726870138317322
0.825956373123287
0.3223308221886339
0.6752499539929628
0.26928290847870845
0.1303272393420097
0.2215166934284527
0.6907788422071752
0.4271655312634094
0.640526800602312
0.37405828371509725
0.3592494059768889
0.67776830274201
0.5224882050993885
0.7564573494619231
0.3117330248527075
0.7625215508438364
0.6264284400390319
0.6481715586074573
0.7676386312066512
0.23571244097642083
0.21183908332714108
0.6254470319188656
0.5157597343138128
0.6581954839160149
0.6890459601177847
0.23333961418970822
0.4869053774736483
0.791666344792093
0.6811198389132992
0.6636941449253857
0.3904792374158153
0.4906271589365515
0.7045958645564162
0.41525554786178326
0.41394020396685466
0.5576702627038046
0.48267446703013356
0.7238854342142259
0.7069146530313573
0.3344545824981443
0.8032102067502831
0.5126700595398561
0.5251403494261875
0.6735545873380487
0.9324791603237401
0.4852745471761018
0.5512891306166177
0.5470933895732443
0.8214599679525203
0.7969150250399656
0.7766391030851418
0.7052609229551173
0.3239132978205699
0.9182512060433963
0.1534970025362019
0.3049794601984547
0.436991586174148
0.8850889714417631
0.2647243586340173
0.7777493477810761
0.4184656652110864
0.7077937459894794
0.46428576479465833
0.7933018396403407
0.7496337647181642
0.8195548643004206
0.15662384193108675
0.46015209767019316
0.8145155647390958
0.25082295510938857
0.5506234852331976
0.39469012643622853
0.6315003773317017
0.7199223411991552
0.3997604854975458
0.5642784895545963
0.4083192901047057
0.6346060465394384
0.29935774886198574
0.25599038377125916
0.17171188313077024
0.3544140847176165
0.7667443094536508
0.08999124570594579
0.3129397134270345
0.6664628936702465
0.7451966158084011
0.2747279511359242
0.3921026833708935
0.4778219470547015
0.8336939529817322
0.5218418424775266
0.7363778374034237
0.5609838699620643
0.9264772565523249
0.18813280114419315
0.7628027450102329
0.5116984106639744
0.6514198242411651
0.03924120626194853
0.33940373333949336
0.5354063106974349
0.8613022668757788
0.3007891437037579
0.47658839377468376
0.4554877926063925
0.8290805822142545
0.47743695989329704
0.6235583238469943
0.2075350758448596
0.4165891085768487
0.6281234720755353
0.502212691676476
0.42245000913716285
0.5308852284564753
0.3275124876189546
0.6637536508219978
0.3741730880895411
0.6529820602660613
0.32607538742960507
0.844083677233576
0.4448129517586472
0.3926420126020711
0.7759595344298816
0.1272077320810554
0.24427271183855764
0.7286591736330097
0.3078643874536381
0.9819404216487413
0.014478596197639257
0.3076473617238582
0.20434031825380786
0.636199070050196
0.40375699530630454
0.7139359167116825
0.4127000406867762
0.33741118911866425
0.4841960196260284
0.720595864097797
0.7369358757401847
0.5660280531475179
0.5023946936519013
0.4871594903550517
0.6675885700565285
0.9697314241117031
0.18215268342272484
0.4703515884980493
0.35082391722665646
0.7283787082794012
0.9011980375191236
0.437882683582732
0.43240383954131245
0.30182636426873216
0.4469319339761958
0.8090502214735493
0.3886687614574893
0.7349087347150047
0.385476015122003
0.9110533125701581
0.24314410355204646
0.8932649004470035
0.49577495587718
0.6147676700440093
0.23250442619090525
0.8299809303536365
0.370704486357249
0.6416199769513515
0.5046674034684105
0.8048731201462125
0.5296958546246754
0.8226904831095376
0.4362221045365342
0.5478548248241255
0.4048418982570051
0.4760568423989482
0.6649181748053847
0.6480677813276077
0.34530876634381164
0.4554978392221105
0.9210112029565447
0.2545643698509172
0.05922906181158395
0.21593987813606638
0.6809555799444449
0.7358476985928439
0.46449179487459435
0.892070399334726
0.5070962625049474
0.7445068271860042
0.7640799168018202
0.4367555438056133
0.47596954829756705
0.839593328244992
0.21901104781289324
0.7522342429450566
0.1911361871727157
0.5847388146974022
0.38472739071947626
0.9889055221836691
0.3316816253260524
0.5761484237942502
0.5706312858542371
0.5491038810781739
0.6056114842894045
0.4389014836191365
0.8900067264243421
0.5508011627103362
0.616532029650856
0.2977461540814095
0.875667128904319
0.02221268767221813
0.4142450211122769
0.2894565740247381
0.4836455706782297
0.61215641655418
0.7972383917543338
0.8478927007908768
0.806050440262749
0.7604677085152978
0.6142993462215461
0.27564900994276087
0.6383802939556971
0.4241672825957521
0.49165563898156867
0.5305931033683963
0.8459577205013176
0.1474398274829568
0.388620035124407
0.6571611060129634
0.5748610188516509
0.7587596143942765
0.5695058003327852
0.8861430010918777
0.5021916333915376
0.5126193243434333
0.7174133734046083
0.3547058040156191
0.265363459026951
0.6085159836540874
0.547107241566296
0.29866143363555864
0.7343579780500478
0.5287845361047987
0.38486466696205524
0.6325922705334492
0.24693768860250923
0.1440840607712292
0.43815776864924694
0.5734772479087369
0.6206417409170936
0.2530059199733616
0.3630139786803753
0.5267752932519042
0.6257812300604919
0.8897841894020813
0.29052027178248435
0.28343234394202627
0.8695442728265589
0.2091031817550258
0.42274542314423447
0.6285222610898263
0.20756031187627744
0.23883036225331072
0.25493407824552955
0.5767364856355717
0.4813973517145902
0.812115744999546
0.6180053997561317
0.4492249957608287
0.6117048740987593
0.36060279485195673
0.3212320773595756
0.4379741167466191
